2
3
4
5
6
7
8
9
10
11
12
13
14
15
16
17
18
19
20
21
22
23
24
25
26
27
28
29
30
31
32
33
34
35
36
37
38
39
40
41
42
43
44
45
46
47
48
49
50
51
52
53
54
55
56
57
58
59
60
61
62
63
64
65
66
67
68
69
70
71
72
73
74
75
76
77
78
79
80
81
82
83
84
85
86
87
88
89
90
91
92
93
94
95
96
97
98
99
100
101
102
103
104
105
106
107
108
109
110
114
115
117
118
119
120
121
122
123
117
118
119
120
121
122
123
126
127
128
129
130
131
132
133
134
135
136
137
138
139
140
141
142
143
144
145
146
147
148
149
150
151
152
153
154
155
156
157
158
159
160
161
162
163
164
165
166
167
168
169
170
171
172
173
174
175
177
178
179
180
181
182
183
184
185
186
187
188
189
190
191
192
193
194
195
196
197
198
199
200
201
202
203
204
205
206
207
208
209
210
211
212
213
214
215
216
217
218
219
220
221
222
223
224
225
226
227
228
229
230
231
232
233
234
235
236
237
238
239
240
241
242
243
217
245
246
247
248
249
250
251
252
253
254
255
256
257
258
259
260
261
262
263
264
265
266
267
268
269
270
271
272
273
274
275
276
277
278
279
280
281
282
283
284
285
286
287
288
289
290
291
292
293
294
295
296
297
298
299
300
301
302
303
304
305
306
307
308
309
310
311
312
313
314
315
316
317
318
319
320
321
322
323
324
325
326
327
328
329
330
331
332
333
334
335
336
337
338
339
340
341
342
343
344
345
346
347
348
349
350
351
352
353
354
355
356
357
358
359
360
361
362
363
364
365
366
367
368
369
370
371
372
373
374
375
376
377
378
379
380
381
382
383
384
385
386
387
388
389
390
391
392
393
394
395
396
397
398
399
400
401
402
403
404
405
406
407
408
409
410
411
412
413
414
415
416
417
418
419
420
421
422
423
424
425
426
427
428
429
430
431
432
433
434
435
436
437
438
439
440
441
442
443
444
445
446
447
448
449
450
451
452
453
454
455
456
457
458
459
460
461
462
463
464
465
466
467
468
469
470
471
472
473
474
475
476
477
478
479
480
481
483
484
485
486
487
488
489
490
491
492
493
494
495
496
497
498
499
500
501
502
503
498
499
500
501
502
503
486
485
509
510
511
512
513
514
515
516
517
518
519
520
521
522
523
524
525
526
527
528
529
530
531
532
533
534
535
536
537
538
539
540
541
542
543
544
545
546
547
548
549
550
551
552
538
524
556
557
558
559
560
561
562
563
564
565
566
567
568
569
570
571
572
573
574
575
576
577
578
579
580
581
582
583
584
585
586
587
588
589
590
591
592
593
594
595
596
597
598
599
600
601
602
603
604
605
606
607
608
609
610
611
612
613
614
615
616
617
618
619
620
621
613
614
623
624
625
626
627
628
629
630
631
632
633
634
635
636
637
638
639
640
642
643
644
645
646
647
648
649
650
651
652
653
654
655
656
657
658
659
660
661
662
663
664
665
666
667
668
669
670
671
672
673
674
675
676
677
678
679
680
681
682
683
684
685
686
687
688
689
690
691
692
693
694
695
696
697
698
699
700
701
702
703
704
705
706
707
708
709
710
711
712
713
714
715
716
717
718
719
720
721
722
723
724
725
726
730
731
732
733
734
735
732
738
739
740
741
742
743
744
745
746
747
748
749
750
751
752
753
754
755
756
757
758
759
760
761
762
763
764
765
766
767
768
769
770
771
772
773
774
775
776
777
778
779
780
781
782
783
784
785
786
787
788
789
790
791
792
793
794
795
796
797
798
799
800
801
802
803
804
805
806
807
808
809
810
811
812
813
814
815
816
817
818
819
820
821
822
823
824
825
826
827
828
829
830
831
832
833
834
835
836
837
838
839
840
841
842
843
844
845
846
847
848
849
850
851
852
853
854
855
856
857
858
859
860
861
862
863
864
865
866
867
868
869
870
871
872
873
874
875
876
877
878
879
880
881
882
883
884
885
886
887
888
889
890
891
892
893
894
895
896
897
898
899
900
901
902
903
904
905
906
907
908
909
910
911
912
913
914
915
916
917
919
920
921
922
923
924
925
926
927
928
929
930
931
932
933
934
935
936
937
938
939
940
941
942
943
944
945
946
947
948
949
951
952
953
954
955
956
957
958
959
960
961
962
963
964
965
966
967
968
969
970
971
972
973
974
975
976
977
978
979
980
981
982
983
984
985
986
987
988
989
990
991
992
993
994
995
996
997
998
999
1000
1001
1002
1003
1004
1005
1006
1007
1008
1009
1010
1011
1012
1013
1014
1015
1016
1017
1018
1019
1020
1021
1022
1023
1024
1025
1026
1027
1028
990
1004
996
1033
1034
1035
1036
1037
1038
1039
1040
1041
1042
1043
1044
1045
1046
1047
1048
1049
1038
1039
1040
1041
1042
1043
1044
1046
1049
731
302
326
311
732
29
1038
4
111
27
585
572
587
579
581
583
571
573
575
577
1047
1048
559
559
925
817
297
982
642
271
306
874
139
131
132
542
705
59
525
527
537
531
524
542
705
83
67
109
81
86
999
59
525
538
530
532
527
535
531
534
529
528
536
523
533
537
522
2
141
744
739
321
458
857
567
247
624
799
19
138
141
142
129
130
127
148
280
1020
1017
735
29
4
959
569
256
644
682
149
853
814
795
810
773
809
800
804
807
777
817
786
806
801
799
803
775
779
805
796
816
785
187
229
228
333
297
348
354
769
767
782
796
307
325
804
644
11
594
19
782
372
821
858
769
247
624
649
920
923
924
23
319
774
1022
595
708
597
592
592
8
566
857
926
922
920
923
921
924
316
149
282
273
644
642
789
923
309
29
731
299
21
323
644
18
288
779
312
27
778
287
327
287
961
958
959
951
292
696
644
17
308
961
22
920
284
136
126
154
644
645
568
247
325
813
562
156
639
139
740
739
13
315
134
284
857
926
920
923
924
839
766
819
818
817
11
4
321
256
301
644
644
818
857
926
920
923
924
923
924
302
560
314
995
563
925
6
662
120
119
118
923
4
12
335
11
4
647
139
741
742
740
739
25
495
81
96
83
86
50
2
22
809
800
808
798
778
805
810
804
807
806
803
801
797
568
644
510
731
20
230
484
961
958
959
15
958
995
318
316
285
6
333
619
621
664
603
609
601
605
300
667
1023
705
672
380
769
770
235
229
965
957
328
141
744
739
662
605
644
332
800
799
330
639
326
835
837
836
834
788
789
768
794
790
203
569
4
797
495
799
578
561
559
370
821
414
376
378
396
374
926
925
187
188
198
923
197
765
312
25
565
250
246
772
281
42
4
278
370
378
400
854
769
785
770
327
650
645
1006
644
293
126
645
5
311
1003
59
29
1049
5
4
1040
1041
217
9
1046
1044
1042
978
111
113
802
919
10
8
992
593
812
644
14
4
766
799
4
317
294
696
644
961
960
958
959
171
157
169
159
163
167
161
165
148
276
4
9
825
855
852
269
765
790
4
687
644
639
7
644
773
920
923
924
20
1009
123
989
983
994
247
624
322
278
274
486
485
498
82
531
144
126
370
379
376
378
401
400
377
371
399
398
269
151
152
644
4
331
661
120
119
118
1001
705
1046
644
1049
1044
645
1042
1040
654
1041
217
978
729
727
728
509
121
1049
982
995
1041
1046
984
987
980
986
990
983
1042
981
1029
206
324
17
920
923
924
979
987
986
644
289
12
644
304
319
126
766
798
190
2
177
247
624
303
280
295
953
960
956
958
959
954
653
16
709
702
698
1039
120
1044
1038
1045
1040
642
1037
642
275
644
141
744
739
642
644
817
140
739
960
951
800
499
500
646
252
841
1000
1002
661
705
724
998
620
999
606
600
601
604
607
614
605
612
603
609
602
610
608
642
784
958
573
572
997
577
581
510
559
14
696
644
277
155
300
923
313
792
648
644
248
132
133
265
263
260
247
624
796
23
644
4
644
646
776
129
130
127
134
28
212
564
247
624
246
251
255
259
781
564
4
507
644
466
857
814
766
795
800
777
817
786
769
799
801
779
816
796
785
772
275
328
305
13
305
310
370
938
860
378
456
400
358
854
862
769
795
799
787
785
811
293
959
288
340
644
958
959
644
291
644
560
735
644
654
211
812
26
923
924
644
279
337
644
313
878
634
338
991
283
648
155
651
290
561
491
153
988
1029
946
923
924
651
819
489
488
490
495
661
664
662
642
308
141
744
739
131
132
560
562
564
566
569
136
140
802
919
189
177
642
875
801
819
306
209
299
295
271
562
274
1017
559
7
924
296
338
945
736
11
4
696
644
16
2
543
150
4
339
247
632
624
436
478
380
821
378
412
410
408
438
880
460
822
795
773
782
780
787
781
770
788
789
778
774
771
772
792
815
791
814
766
802
777
769
783
775
779
796
776
794
785
790
793
269
919
4
29
731
279
649
272
296
5
961
283
303
294
788
798
262
261
263
260
330
574
578
586
572
584
597
582
570
596
580
576
1047
1048
592
559
592
566
827
406
440
392
826
424
398
462
828
386
388
390
476
829
384
773
782
809
800
780
808
770
788
789
805
816
772
792
811
791
766
810
802
804
807
777
786
812
769
806
775
799
801
803
796
794
790
785
335
561
4
804
732
644
1038
654
727
298
37
184
525
522
526
988
960
652
21
318
150
304
874
474
769
766
912
909
910
247
131
127
133
815
9
153
24
331
307
291
189
177
642
833
790
314
272
336
309
136
137
26
578
733
585
572
997
575
583
510
559
960
18
315
821
376
857
926
187
922
920
921
923
924
2
1008
122
985
1038
994
1029
1013
290
281
650
334
594
766
797
654
731
310
1014
981
1016
559
4
644
11
324
833
794
370
372
821
860
378
858
859
400
941
358
854
769
158
162
164
166
160
138
168
172
170
739
148
151
266
262
261
263
317
813
152
28
4
4
337
292
298
301
340
991
382
769
772
156
336
154
15
4
339
634
247
635
624
563
286
833
788
4
233
653
654
731
491
334
332
323
262
261
801
277
769
269
329
644
748
741
742
740
746
739
743
126
285
286
329
644
647
273
992
860
941
785
276
499
500
507
9
5
4
320
241
282
846
926
785
619
705
621
664
603
609
613
601
607
605
787
190
2
177
10
320
572
1021
764
559
592
559
593
818
24
795
644
775
794
644
246
251
255
259
567
4
979
984
986
644
348
269
484
644
252
289
322
652
565
833
789
245
245
240
731
559
765
642
180
179
642
249
249
731
226
126
207
239
978
642
180
179
978
217
559
642
217
182
181
187
2
341
2
919
731
2
642
214
642
642
245
245
269
122
1038
994
1037
123
994
1046
995
987
986
1037
121
982
148
821
926
1046
1049
1044
1042
1040
1041
217
978
111
177
1037
1046
1049
1044
1042
1040
1041
217
978
729
727
177
1037
732
29
1038
111
1037
132
132
732
1038
654
727
1037
1049
990
1041
1037
980
1042
981
1037
486
485
498
