1
2
2
2
2
2
2
2
2
2
2
2
2
2
2
2
2
2
2
2
2
2
23
23
23
23
2
28
28
28
28
28
28
28
28
2
37
37
37
37
41
41
41
41
41
41
41
41
2
50
50
50
50
50
50
2
57
57
57
57
57
57
57
57
57
57
57
57
57
57
57
57
57
57
57
57
57
57
57
57
57
57
57
2
85
85
85
85
85
85
85
85
85
85
85
85
85
85
85
85
85
85
85
85
85
85
85
85
85
85
85
2
113
113
113
113
113
113
113
113
113
113
113
113
113
113
113
113
2
130
130
130
130
130
130
130
130
130
130
130
130
130
130
130
146
147
148
148
148
148
148
148
148
148
148
148
148
148
148
148
148
148
148
148
148
148
148
148
148
148
148
148
148
148
148
148
148
148
148
148
148
148
148
148
148
148
148
148
148
148
148
148
148
148
148
148
148
148
148
148
148
148
148
148
148
148
148
148
148
148
148
148
148
148
148
148
148
148
148
148
148
148
148
148
148
148
148
148
148
148
148
148
148
148
148
148
148
148
148
148
148
148
148
148
148
148
148
148
148
195
252
196
254
197
256
198
258
205
260
148
262
262
262
266
266
266
266
266
266
266
266
148
275
275
275
275
275
148
281
281
281
281
239
286
148
288
288
288
288
288
296
297
297
297
297
297
297
297
305
306
307
307
307
307
307
307
307
307
307
307
307
307
307
307
307
307
307
325
296
326
326
326
326
296
331
331
331
331
331
331
331
331
331
331
331
331
331
331
331
331
331
331
331
331
331
331
331
331
331
331
331
331
331
331
331
331
331
331
331
331
331
331
331
331
331
331
331
331
331
331
331
331
331
331
331
331
331
331
331
331
331
331
331
331
331
331
331
331
331
331
331
331
331
331
331
331
331
331
331
331
331
331
331
331
331
331
331
331
331
331
331
331
331
331
413
422
331
424
420
426
331
428
331
430
430
430
430
430
430
430
430
430
331
440
331
442
442
442
442
442
331
448
448
448
448
448
448
448
448
331
457
457
457
457
457
457
457
457
457
457
457
331
469
469
469
469
469
469
381
1
477
477
477
477
477
477
477
477
477
477
477
477
477
477
477
477
477
477
477
477
477
477
477
477
477
502
477
504
504
504
504
508
509
296
511
511
511
511
511
511
511
511
511
511
511
511
511
511
527
519
529
519
531
532
533
534
535
536
517
538
539
518
517
542
519
544
296
545
545
545
545
545
545
545
545
545
545
545
545
545
545
545
545
545
545
545
545
545
545
545
545
545
545
545
545
545
545
545
545
545
545
545
545
545
545
545
545
545
545
545
545
545
545
545
545
545
545
545
545
574
598
598
577
601
601
601
578
605
605
605
579
609
609
609
545
613
613
613
613
618
619
619
619
619
619
619
619
619
619
619
619
630
628
632
628
634
628
636
636
628
639
639
639
639
628
644
644
644
628
648
648
648
648
619
653
653
653
629
657
281
85
113
326
57
619
130
100
100
100
245
302
206
583
583
583
583
583
583
177
109
174
174
174
174
183
144
144
144
234
202
70
70
70
190
425
615
518
98
98
98
587
587
587
587
587
465
465
215
222
570
570
129
129
129
129
230
230
224
197
197
208
76
165
165
410
194
390
628
628
34
611
611
611
611
611
611
611
611
585
585
585
585
585
584
584
584
584
584
73
604
447
213
216
216
566
566
455
569
629
629
629
629
629
629
629
629
629
629
75
228
228
228
329
99
218
217
217
137
137
137
520
520
520
172
180
71
176
176
176
176
176
524
524
436
240
246
246
122
207
405
405
405
405
405
405
405
405
405
209
209
231
231
382
229
15
466
466
593
593
593
593
593
593
121
121
121
120
277
622
622
622
395
395
395
395
395
395
395
395
395
395
395
395
395
84
84
84
84
84
84
84
84
84
84
445
409
409
409
409
409
409
409
409
409
409
409
247
247
40
80
403
403
658
658
658
189
189
189
437
320
300
300
300
607
607
607
607
607
317
81
221
608
192
398
621
621
621
119
119
119
427
521
521
521
521
107
627
627
627
72
72
72
560
56
56
56
56
56
293
293
293
293
564
138
456
467
467
467
467
467
467
453
453
453
220
220
575
575
575
575
575
575
575
101
204
525
525
525
525
316
142
173
173
173
173
173
226
226
226
226
226
226
226
380
380
380
380
380
380
380
380
380
380
380
380
380
380
380
380
380
380
380
380
380
380
380
380
380
380
380
380
380
380
386
251
251
586
586
586
586
586
418
429
429
429
429
429
429
507
233
401
401
401
401
401
319
415
415
415
415
415
581
581
581
581
581
581
140
582
582
582
582
582
582
591
591
591
591
591
324
399
399
399
83
83
83
83
83
83
83
83
83
388
388
388
388
388
388
388
388
388
388
287
168
168
168
168
168
168
168
168
168
124
179
501
106
559
559
559
559
559
594
594
594
594
594
199
199
199
125
620
620
620
454
573
573
573
573
573
573
573
573
573
573
626
626
626
108
141
420
420
420
420
420
420
420
420
420
420
420
420
200
519
519
519
519
519
14
14
318
318
318
318
318
318
318
318
383
383
383
383
383
383
383
383
383
383
383
383
383
383
383
383
579
579
579
579
579
579
164
164
451
451
16
576
576
576
576
576
590
590
590
590
590
446
567
27
27
27
175
223
652
523
195
195
468
468
468
468
468
468
198
400
400
170
170
170
97
97
97
97
97
97
97
97
97
393
393
393
393
393
393
393
393
393
393
393
255
212
74
396
396
396
396
396
396
396
396
396
110
110
110
110
110
110
110
110
248
248
248
248
261
249
249
249
249
500
500
500
510
237
78
47
624
624
624
145
145
145
145
304
304
394
394
394
394
394
394
394
612
612
612
612
612
321
381
381
381
322
574
574
574
574
574
574
574
574
574
574
623
623
623
623
392
392
392
392
392
392
392
517
517
578
578
578
578
578
578
112
112
112
112
112
112
112
112
112
112
603
203
201
558
558
558
558
558
558
558
558
558
558
558
558
558
558
558
558
568
595
595
595
595
595
402
402
402
402
402
402
402
402
402
402
402
402
402
402
402
402
402
402
402
402
402
402
402
402
402
402
402
402
402
111
111
111
111
111
111
111
111
111
17
17
522
522
48
580
580
580
580
580
580
278
407
407
407
407
407
625
625
625
452
452
413
413
413
413
413
577
577
577
577
577
182
69
69
69
69
69
69
69
69
69
102
214
225
421
77
588
588
588
588
588
285
384
384
139
391
391
391
391
391
391
391
391
391
391
391
257
284
284
441
441
596
596
596
596
596
596
596
82
82
82
82
82
82
82
82
565
565
571
571
571
136
412
412
412
435
435
435
563
589
589
589
589
589
103
323
181
219
219
128
128
128
236
126
232
572
572
572
572
572
572
572
572
184
188
188
592
592
592
592
592
592
235
166
166
166
166
166
166
166
166
166
444
516
414
414
414
414
414
414
414
414
406
406
406
406
239
239
239
239
239
239
259
404
404
438
499
499
499
499
499
499
499
499
499
499
499
499
499
499
499
499
499
499
397
397
397
397
417
105
185
185
193
193
193
193
191
191
506
506
506
506
506
244
244
244
439
439
439
187
210
408
408
408
143
196
196
79
211
387
389
389
389
389
389
389
389
104
241
241
328
328
127
178
49
123
253
38
491
345
458
458
458
513
160
299
352
352
352
459
459
498
498
368
368
365
514
464
162
350
512
364
364
355
353
353
353
375
530
532
532
532
534
534
536
537
537
538
539
540
541
542
542
542
543
544
544
