1
2
2
2
5
7
8
8
8
8
8
8
8
8
8
8
8
8
8
8
8
8
8
8
8
8
8
8
8
8
8
8
8
8
8
8
8
8
8
8
8
8
8
8
8
8
8
8
8
8
8
8
8
8
8
8
8
8
8
8
8
8
8
8
8
8
8
8
8
8
8
8
8
8
8
8
8
8
8
8
8
8
8
8
8
8
8
8
8
8
8
8
8
8
8
8
8
8
8
8
8
8
8
8
8
8
8
8
8
8
8
8
8
8
8
8
118
118
118
118
118
118
118
118
118
118
118
118
118
118
118
118
118
118
118
118
118
118
118
118
118
118
118
118
118
118
118
118
118
118
118
118
118
118
118
118
118
118
118
118
118
118
118
118
118
168
170
172
174
176
178
180
182
184
186
188
190
192
19
194
20
196
21
198
8
200
200
200
200
8
205
205
205
205
205
8
211
8
213
39
215
39
217
219
8
221
221
221
221
221
221
218
43
44
45
48
216
53
40
115
86
86
103
165
43
78
54
209
209
80
80
80
84
69
88
88
45
45
59
59
59
91
91
91
91
74
111
87
87
95
95
63
64
64
64
64
64
117
117
48
48
224
83
108
108
108
75
167
167
104
50
50
50
94
94
94
94
105
226
226
226
81
81
65
65
65
65
65
68
68
68
52
61
89
89
73
55
55
37
37
90
90
90
90
67
62
163
116
71
100
66
66
225
225
225
225
225
44
70
98
102
39
39
39
39
39
39
39
39
39
58
58
36
36
36
210
210
210
77
110
72
72
72
72
72
72
101
38
38
42
5
57
57
96
96
96
96
96
96
96
107
47
85
76
99
82
82
82
41
56
46
93
93
93
49
49
49
60
60
60
51
162
106
23
21
21
201
201
27
20
20
212
212
25
166
30
30
30
19
19
214
214
29
229
230
231
231
232
