1
2
2
2
2
2
2
2
2
2
2
2
2
2
2
2
2
2
2
2
22
23
24
24
24
24
24
24
24
24
24
34
35
36
36
40
41
41
41
41
41
41
41
41
41
41
41
41
41
41
41
41
41
41
41
41
43
63
64
64
64
64
64
67
67
68
66
66
66
66
66
68
66
69
82
83
83
83
83
83
83
83
83
83
83
83
83
83
83
83
83
83
83
83
83
83
83
105
83
107
98
109
35
2
64
49
51
85
85
89
89
89
96
5
5
44
19
19
95
94
13
13
13
13
45
99
67
67
67
67
67
90
90
90
9
9
9
9
28
28
58
102
59
87
17
17
17
17
36
36
36
36
36
16
16
16
3
3
3
68
68
68
68
68
27
27
56
4
4
4
53
46
26
26
93
15
15
15
98
10
10
10
10
10
7
7
7
31
31
69
69
69
69
57
43
6
6
6
91
91
52
12
12
12
21
50
11
11
11
18
29
29
97
20
30
30
8
8
8
88
88
66
66
66
66
66
66
14
14
14
14
74
74
74
38
38
38
75
75
75
39
39
39
76
76
76
77
77
77
78
78
78
22
62
80
80
80
70
70
70
71
71
71
72
72
72
79
79
79
81
81
81
81
