1
2
2
2
2
2
2
2
2
2
2
2
2
2
2
2
2
2
2
2
2
2
2
2
2
2
2
2
2
2
2
2
7
34
34
7
37
9
39
39
2
42
42
13
45
47
16
49
16
51
17
53
18
55
19
57
20
59
21
61
2
2
64
64
64
64
64
2
70
70
70
70
70
70
70
78
79
79
79
79
79
79
79
79
79
79
79
79
79
79
79
79
79
79
79
79
79
79
79
79
79
79
79
79
79
79
79
79
79
79
79
79
79
79
79
79
79
79
79
79
79
79
79
79
79
79
79
79
79
79
79
79
79
79
79
79
79
79
79
79
79
79
79
79
79
79
114
150
140
152
147
154
147
156
148
158
149
160
149
162
79
164
1
166
166
166
166
166
166
166
166
166
166
166
166
166
166
166
166
166
166
166
166
166
166
166
166
166
166
166
166
166
166
166
166
166
166
166
166
166
166
166
166
166
166
166
166
166
166
166
166
166
166
166
166
166
166
166
166
166
166
166
166
166
166
166
166
166
166
166
166
166
166
166
166
166
166
166
166
166
166
166
166
166
166
166
166
166
166
166
166
166
166
166
166
166
166
166
166
166
204
264
211
266
214
268
216
270
166
272
272
272
272
272
272
272
272
272
272
272
166
284
284
284
284
284
284
284
284
284
284
220
296
297
297
297
297
297
297
297
297
297
297
297
297
297
297
297
17
17
17
259
286
234
112
25
108
142
142
221
221
180
180
180
180
243
210
210
106
120
262
44
256
226
306
306
306
306
137
21
21
21
181
141
141
224
186
186
186
186
121
254
252
124
124
124
124
209
209
14
14
176
247
107
33
104
104
104
104
294
27
211
211
211
211
211
183
183
75
75
75
125
125
125
125
125
125
125
125
125
125
196
76
76
18
18
18
19
19
19
197
197
182
182
182
230
215
215
308
105
292
258
74
16
16
16
16
10
189
309
233
233
233
24
305
203
203
253
26
265
184
184
184
184
103
228
9
9
9
9
20
20
20
257
12
12
155
237
263
52
239
267
188
188
188
201
201
131
131
131
110
190
190
190
190
235
235
193
199
187
187
187
208
208
147
147
147
147
147
147
246
232
123
260
261
219
11
128
22
136
77
77
240
240
240
145
145
145
145
242
311
311
311
311
311
311
311
138
138
138
138
138
138
138
138
138
138
113
113
132
29
67
127
127
127
127
127
127
127
127
127
291
231
231
148
148
148
32
179
179
223
195
195
175
175
175
175
175
175
6
8
8
134
134
134
134
198
198
205
205
202
202
212
212
212
212
245
62
62
222
222
102
114
151
151
310
115
238
241
251
271
204
204
204
204
244
227
269
116
116
130
130
290
192
192
192
192
101
13
56
135
58
307
288
289
109
217
220
207
207
207
23
293
146
146
185
149
216
143
143
143
129
129
236
69
69
140
140
250
126
206
206
206
144
144
229
229
111
255
60
60
194
194
249
177
7
7
7
287
191
191
191
248
28
54
178
178
178
15
15
15
15
68
214
81
94
94
93
93
168
295
