2
3
4
5
6
7
8
9
10
11
12
13
14
15
16
17
18
19
20
21
22
23
24
25
26
27
28
29
30
31
32
33
34
35
36
37
38
39
40
41
42
43
44
45
46
48
49
50
51
52
53
54
55
56
57
58
59
60
61
62
63
64
65
66
67
68
69
70
71
72
73
74
75
76
77
79
80
81
82
83
84
85
86
87
88
89
90
91
92
93
94
95
96
97
98
99
100
101
102
103
104
105
106
107
108
109
110
111
112
113
114
115
116
117
118
119
120
121
122
123
124
125
126
127
128
129
130
131
132
133
134
135
136
137
138
139
140
141
142
143
144
145
146
147
148
149
150
151
152
153
154
155
156
157
158
159
160
161
162
163
164
165
166
167
168
169
170
171
172
173
174
175
176
177
178
179
180
181
182
183
184
185
186
187
188
189
190
191
192
193
194
195
196
197
198
199
200
201
202
203
204
205
206
207
208
209
210
211
212
213
214
215
216
217
218
219
220
221
222
223
224
225
226
227
228
229
230
231
232
233
234
235
236
237
238
239
240
241
242
243
244
245
246
247
248
249
250
251
252
253
254
255
256
257
258
259
260
261
262
263
264
265
266
267
268
269
270
271
272
273
274
275
276
277
278
279
280
281
282
283
284
285
286
287
288
289
290
291
292
293
294
295
297
298
299
300
301
302
303
304
305
306
307
308
309
310
311
312
7
4
64
172
285
172
93
3
100
93
87
171
172
213
214
171
173
172
208
261
107
145
225
43
172
171
299
301
298
300
138
7
4
64
182
142
93
225
260
199
261
188
145
172
172
125
95
92
91
208
261
31
32
170
172
99
63
90
88
91
89
285
3
260
218
212
171
172
260
184
72
73
71
140
141
142
126
143
128
88
95
84
89
181
75
72
7
4
64
7
4
64
200
182
260
199
184
229
237
201
299
99
285
172
71
7
4
71
70
33
190
300
234
171
170
3
297
261
201
172
3
205
213
214
172
173
79
171
7
43
5
42
7
4
64
172
31
32
144
171
225
75
171
212
213
214
173
261
201
83
82
94
100
260
199
192
261
171
170
177
174
260
261
188
208
261
144
127
99
88
93
87
172
171
95
173
225
220
33
89
3
138
75
73
255
171
170
124
123
149
88
172
303
299
304
302
301
298
300
140
141
125
142
127
139
143
88
98
94
114
87
133
30
66
140
141
142
136
143
128
88
96
89
285
171
172
147
88
91
33
260
180
225
200
178
200
171
170
172
272
284
3
4
5
137
133
143
97
200
182
216
173
261
201
216
213
214
173
172
65
66
171
172
79
87
124
123
301
94
171
171
172
217
205
218
171
172
172
171
215
98
95
131
81
285
260
213
214
173
79
3
66
96
66
298
285
285
110
237
171
201
171
172
3
285
147
87
186
100
217
144
88
95
143
86
171
65
66
90
88
172
96
201
171
172
93
87
171
172
88
172
65
66
200
178
172
178
4
5
3
285
260
192
261
172
3
65
260
180
199
33
30
29
31
65
215
79
164
164
164
164
166
171
