1
2
2
2
2
2
2
2
2
2
2
2
14
15
15
15
15
15
15
15
15
15
15
15
15
15
15
15
15
15
15
15
15
15
15
15
15
15
15
15
15
15
15
15
15
15
15
15
15
15
15
15
15
15
15
15
15
15
15
15
15
15
15
15
15
15
15
15
15
15
15
15
15
15
15
15
15
15
15
15
15
15
15
15
15
15
15
15
15
15
15
15
10
96
97
97
97
97
97
97
97
97
97
97
97
97
97
97
97
97
97
97
97
97
97
97
97
97
97
97
97
97
97
97
97
97
97
97
97
97
97
97
97
97
97
97
97
97
97
97
97
97
97
97
97
97
97
97
97
97
97
97
97
97
97
97
97
97
97
97
97
97
97
97
97
97
97
97
97
97
97
97
97
97
97
97
97
97
97
97
97
97
97
97
97
97
97
97
97
97
97
97
97
97
97
97
97
97
97
97
97
97
97
97
97
97
97
97
97
97
97
97
97
97
97
97
97
152
221
152
223
152
225
15
22
136
136
136
136
166
67
137
184
184
184
184
154
44
86
86
72
128
128
128
128
128
128
128
204
179
179
73
80
38
38
126
126
126
126
126
126
126
177
177
177
133
133
133
133
133
133
133
133
193
206
77
77
77
77
77
77
77
77
77
77
77
155
155
167
167
68
161
74
74
186
186
186
186
84
149
149
219
212
212
212
212
212
212
198
198
160
160
191
191
191
191
21
21
21
60
187
187
187
187
201
181
181
26
131
135
135
135
135
135
135
140
150
156
42
42
42
208
120
120
120
120
120
120
120
185
185
185
185
81
24
62
91
190
190
190
190
34
34
66
66
85
197
197
197
165
165
129
215
215
215
215
9
31
31
31
41
41
41
147
182
182
64
209
134
134
134
134
134
65
65
65
83
180
180
180
180
216
127
127
127
127
127
183
183
27
27
123
123
123
123
123
61
211
211
211
211
211
211
211
211
211
211
211
211
211
142
207
207
199
199
46
157
188
188
188
188
188
132
132
132
132
132
174
29
122
45
163
195
195
195
141
168
168
168
173
173
194
218
196
196
196
214
214
82
152
152
152
178
12
124
124
124
124
124
124
124
35
35
158
125
125
125
125
125
40
40
40
87
32
119
23
23
11
10
10
164
78
151
39
200
28
28
28
88
143
37
145
217
146
146
146
25
25
192
192
192
192
189
189
189
189
189
69
8
8
8
148
148
148
148
148
148
148
148
148
121
121
121
121
121
121
121
121
121
121
121
7
7
7
7
33
33
48
79
139
75
203
94
30
153
153
153
63
159
159
144
162
210
220
130
36
138
18
116
13
95
