1
2
2
5
6
6
6
6
6
6
6
6
6
6
6
6
6
6
6
6
6
7
24
26
27
27
27
27
27
27
27
27
27
27
27
27
27
27
27
27
27
27
27
27
27
27
27
27
27
27
27
27
27
27
27
27
27
27
27
27
27
27
27
27
27
27
27
27
27
27
27
27
27
27
27
27
27
27
27
27
27
27
27
27
27
27
27
27
27
27
27
27
27
27
27
27
27
27
27
27
27
27
27
27
27
27
27
27
27
27
27
27
27
27
27
27
27
27
27
27
27
76
125
76
127
76
129
76
131
76
133
76
135
76
137
76
139
76
141
101
143
77
146
147
148
149
151
152
152
152
152
152
152
159
160
161
161
161
161
161
161
167
168
167
170
172
173
173
173
173
173
173
173
173
173
173
173
173
173
79
120
77
77
77
77
77
77
77
77
77
77
87
87
96
82
82
95
119
21
21
21
21
21
21
21
21
21
21
21
21
21
21
142
106
3
156
156
156
94
25
25
25
25
73
144
124
103
117
85
23
91
122
179
19
19
19
20
20
20
20
20
100
100
118
81
112
84
84
84
84
84
98
98
98
98
98
98
98
98
98
98
98
98
98
98
98
98
22
113
121
86
80
80
80
80
107
114
114
158
158
186
186
109
93
92
88
111
181
72
72
72
72
72
72
72
72
72
72
72
72
72
72
72
72
72
72
72
72
72
72
72
72
72
72
72
72
72
72
90
97
101
101
101
101
101
101
101
101
101
101
101
167
167
102
102
102
102
102
102
102
102
102
102
99
99
99
185
185
185
74
116
116
182
123
110
115
89
4
76
76
76
76
76
76
76
76
76
76
76
76
76
76
76
76
76
76
76
76
76
76
76
76
76
76
76
104
78
108
165
165
165
105
105
75
83
83
174
13
8
145
145
