2
3
4
5
6
7
8
9
10
11
12
13
14
15
16
17
18
19
20
21
22
23
25
26
27
28
29
30
31
32
33
34
35
36
37
38
39
40
41
42
43
44
45
46
47
48
49
50
51
52
53
54
55
56
57
58
59
60
61
62
63
64
65
66
67
68
69
70
71
72
73
74
75
76
77
78
79
80
81
82
83
84
85
86
87
88
89
90
91
92
93
94
95
96
97
98
99
100
101
102
103
104
105
106
107
108
109
110
111
112
113
114
115
116
117
118
119
120
121
122
123
124
125
126
127
128
129
130
131
132
133
134
135
136
137
138
139
140
141
142
143
144
145
146
147
148
149
150
151
152
153
154
155
156
157
158
159
160
161
162
163
164
165
166
167
168
169
170
171
172
173
174
175
176
177
178
179
180
181
182
183
184
185
186
187
188
189
190
191
192
193
194
195
196
197
198
199
200
201
202
203
204
205
206
207
208
209
210
211
212
213
214
215
217
110
101
99
105
134
128
41
35
36
139
138
137
134
41
36
111
30
41
33
150
26
30
179
128
5
131
136
33
27
137
41
35
128
193
134
29
27
41
33
60
27
28
26
31
7
8
5
4
67
27
134
71
51
134
138
139
134
7
8
5
4
7
8
5
4
14
128
134
41
33
127
128
138
69
71
32
134
54
27
36
134
134
128
68
27
27
36
3
5
4
6
127
193
197
127
134
130
128
137
139
140
14
62
33
27
26
32
134
199
133
127
134
126
128
140
139
51
41
33
133
69
34
126
129
134
35
41
35
179
134
14
32
134
198
127
126
136
127
132
110
101
99
105
189
136
128
41
33
41
33
105
160
159
161
125
142
141
122
121
128
124
135
127
126
137
139
123
35
165
160
163
166
164
36
35
127
127
126
136
27
41
33
27
160
78
27
27
172
127
134
36
140
99
100
98
41
52
27
34
127
28
193
192
134
128
27
34
134
65
82
81
36
32
29
35
33
27
26
34
31
134
127
41
33
36
179
128
128
136
127
134
128
126
131
127
127
27
36
133
41
33
175
176
178
202
177
132
128
135
129
140
133
127
126
134
139
137
128
127
134
128
209
127
140
40
27
30
140
54
56
55
41
52
27
34
30
134
32
180
134
128
133
110
204
101
99
98
104
105
102
103
120
159
128
139
131
140
127
131
36
41
33
139
