1
2
2
2
2
2
2
2
2
2
2
2
2
2
2
2
2
2
2
2
2
2
2
2
25
25
25
25
25
25
25
25
2
34
34
34
34
34
34
34
34
34
34
34
2
46
46
46
46
46
46
46
46
46
46
24
58
58
16
17
17
19
19
20
21
23
67
68
68
68
68
68
68
68
68
68
68
68
68
68
68
68
68
68
68
68
68
68
68
68
68
68
93
93
68
96
96
96
96
96
96
68
103
103
103
68
107
107
107
107
107
107
107
107
92
1
117
117
117
117
117
117
117
117
117
117
117
117
117
131
132
133
134
134
134
134
134
134
134
134
134
134
134
134
134
134
134
134
134
134
134
134
134
134
134
157
157
157
157
157
157
157
157
134
166
166
166
166
166
166
166
166
134
175
175
175
175
175
175
175
175
175
134
185
134
187
187
187
187
187
134
193
193
193
193
193
193
193
134
201
201
201
205
77
77
77
77
77
77
79
17
17
17
17
17
17
17
17
17
17
17
17
17
100
145
145
145
145
78
173
173
173
173
173
179
32
32
32
21
21
21
21
21
21
21
21
21
21
21
21
21
21
151
151
151
42
42
42
101
54
30
83
115
92
203
203
203
203
86
15
15
15
15
204
33
33
33
82
180
180
19
19
19
19
19
19
19
19
19
19
19
19
19
19
19
19
19
125
198
162
162
162
162
102
102
102
183
80
80
80
80
85
192
192
192
192
18
16
16
16
16
16
16
16
16
16
16
16
16
16
75
31
31
31
31
56
95
55
126
164
164
164
164
164
171
171
20
20
20
20
20
20
20
20
20
20
20
20
20
20
163
163
163
181
52
199
195
90
90
196
196
196
196
149
149
113
113
113
113
113
113
113
113
146
146
146
146
127
156
186
44
44
44
76
88
88
191
191
191
191
191
191
123
128
154
154
154
154
154
22
22
22
22
22
22
22
22
22
22
22
22
22
43
43
43
74
23
23
23
23
23
23
23
23
152
152
152
152
152
45
45
45
84
89
89
182
182
182
182
147
147
81
53
99
99
129
153
153
153
153
24
24
24
24
24
24
24
24
24
148
148
106
106
106
172
172
114
114
114
114
114
114
184
197
41
155
155
155
29
29
29
165
165
165
165
165
165
158
158
39
140
176
38
37
105
69
136
190
138
72
72
112
112
159
161
161
40
116
61
61
63
66
57
