1
2
2
2
2
2
2
2
2
2
11
11
11
11
11
17
18
18
18
18
18
18
18
18
18
18
18
18
18
18
18
18
18
18
18
32
38
25
42
43
43
43
43
43
43
43
43
43
43
43
43
43
43
43
43
43
43
43
43
43
43
43
43
43
43
43
43
43
43
43
43
43
43
43
43
43
43
43
43
43
43
43
43
43
43
43
43
43
43
43
43
43
43
43
43
43
43
43
43
43
43
43
43
43
43
43
43
43
43
43
43
43
43
43
43
43
43
43
43
43
43
43
43
43
43
43
43
43
43
43
43
43
43
43
43
43
43
43
43
43
43
43
43
43
43
43
43
43
43
43
43
43
43
43
43
43
43
43
43
43
43
43
43
43
43
43
43
43
43
47
174
48
176
43
178
178
178
178
178
65
184
75
186
93
188
94
190
119
192
194
194
194
194
194
194
43
201
201
201
201
201
206
201
208
201
210
43
212
43
214
214
214
214
214
214
214
214
214
214
214
214
214
214
214
214
214
229
232
43
234
234
234
234
234
234
234
234
43
243
243
243
243
243
243
243
243
243
243
250
254
187
210
208
206
25
25
25
25
102
102
102
65
65
65
65
36
153
21
21
21
21
123
110
9
9
87
87
87
87
87
213
213
89
252
253
253
253
253
167
164
168
162
175
175
35
151
242
242
242
242
242
86
29
122
122
146
154
28
28
4
4
98
177
128
128
128
23
199
120
120
120
120
111
73
73
73
73
73
73
73
73
37
37
37
37
141
159
33
33
227
227
227
227
227
227
227
227
227
227
227
227
227
227
227
169
169
83
155
170
170
104
104
104
131
131
131
131
131
131
90
90
10
152
171
171
109
69
69
82
107
156
187
187
127
127
127
127
127
127
127
127
127
127
127
127
127
127
127
127
239
239
239
239
239
78
78
78
78
78
78
78
134
7
26
26
26
26
26
26
133
133
133
160
125
125
71
71
6
6
85
85
85
70
70
228
228
157
121
185
241
24
15
8
116
34
132
132
132
198
198
198
32
32
103
77
77
77
77
161
166
72
72
72
72
72
72
72
72
72
72
108
150
94
94
94
94
94
94
94
94
94
94
94
94
39
97
101
112
138
138
163
173
173
173
173
117
172
172
172
172
172
114
114
79
79
79
76
76
76
231
113
27
27
115
14
14
75
75
105
147
148
230
95
95
95
95
95
95
95
95
95
95
95
95
95
240
240
240
240
30
30
88
88
88
130
158
100
124
124
124
124
140
99
66
66
66
66
66
68
68
143
250
250
250
250
250
250
74
144
144
144
144
145
31
31
31
136
92
92
92
92
92
5
5
149
119
119
129
229
229
93
93
93
93
93
93
93
93
93
93
93
93
93
93
93
84
84
84
84
251
251
251
251
126
126
16
16
246
223
224
203
203
225
63
63
204
204
47
51
237
235
244
48
49
202
202
44
62
62
256
256
41
41
41
