1
2
2
2
2
2
2
6
9
6
6
13
14
14
14
14
14
18
21
22
22
22
22
22
22
22
22
22
22
27
34
35
36
36
36
36
36
36
36
36
36
36
36
36
36
36
45
51
36
53
36
55
57
58
36
52
61
62
13
64
64
64
64
64
64
64
64
72
72
72
72
72
77
77
77
72
81
81
81
72
85
85
85
85
85
72
91
91
91
91
91
64
97
97
97
97
64
102
102
102
102
97
46
48
48
48
52
30
30
76
27
96
96
96
29
29
98
98
25
89
89
89
90
90
90
80
28
45
45
45
45
45
45
45
18
18
24
24
63
63
70
70
70
69
69
69
69
69
49
49
49
49
49
49
17
17
17
17
84
32
105
105
104
104
6
6
6
99
99
44
19
95
95
95
73
101
101
75
71
71
71
71
71
71
71
71
71
71
71
71
71
71
74
103
103
100
100
68
37
37
38
38
67
20
20
59
