2
3
4
5
6
7
8
9
10
11
12
14
15
16
17
18
19
20
22
23
24
25
26
27
28
29
30
31
32
33
27
36
37
38
39
40
41
42
43
44
45
46
47
48
49
50
51
52
53
54
55
56
40
45
59
60
62
63
64
65
66
67
68
69
70
71
72
73
74
75
76
77
78
79
80
81
82
83
84
85
86
87
88
89
90
91
92
93
94
95
96
97
98
99
100
101
102
103
104
105
72
72
39
43
38
39
49
31
23
91
23
94
93
92
31
23
80
77
23
87
88
86
87
88
86
78
23
48
47
42
43
41
39
40
16
15
26
23
19
14
67
64
72
65
66
67
97
102
50
42
43
38
41
37
46
16
15
36
82
23
96
91
90
85
8
7
3
84
81
36
16
94
93
92
77
96
91
85
75
73
76
74
65
67
66
78
82
81
72
91
85
77
81
84
81
90
85
64
53
53
55
55
72
16
15
40
