1
2
2
2
2
2
2
2
2
2
2
2
2
2
2
2
2
2
2
2
2
2
2
2
2
2
2
2
2
2
2
2
2
2
2
2
2
2
2
2
2
2
2
2
2
2
2
2
2
2
2
2
2
2
2
2
2
2
2
2
2
2
2
2
2
2
2
2
2
2
2
2
2
2
2
2
2
2
2
2
2
2
2
2
2
2
2
2
2
2
2
2
2
2
2
2
2
2
2
2
2
2
2
2
2
2
2
2
2
2
2
2
2
2
2
2
2
2
2
2
2
27
123
29
125
29
127
66
129
80
131
2
133
133
2
136
136
136
140
141
141
141
141
141
141
141
141
141
141
141
141
141
141
141
141
141
141
141
141
141
141
141
141
141
141
141
141
141
141
141
141
141
141
141
141
141
141
141
141
141
141
141
141
141
141
141
141
141
141
141
141
141
141
141
141
141
141
141
141
141
141
141
141
141
141
141
141
141
141
141
141
141
141
141
141
141
141
141
141
141
141
141
141
141
141
141
141
141
141
141
141
141
141
141
141
141
141
141
141
141
141
141
141
141
141
141
141
141
141
141
141
141
141
141
141
141
141
141
141
141
141
141
141
141
141
141
141
141
141
141
141
141
141
141
141
141
141
141
141
141
141
141
141
141
141
141
141
141
141
141
141
141
141
141
141
141
141
141
141
141
141
141
141
141
141
141
141
141
141
141
141
141
141
141
141
141
141
141
141
141
141
141
141
141
141
141
141
141
141
141
141
141
141
141
141
141
141
141
141
141
141
141
141
141
141
141
141
141
141
141
141
141
141
141
141
141
141
141
141
141
141
141
141
141
141
141
141
141
141
141
141
141
141
141
141
141
141
141
141
141
141
141
141
141
141
141
141
141
141
141
141
141
141
141
141
141
141
141
141
141
141
141
141
141
406
406
406
406
141
411
411
411
141
415
415
415
415
415
141
421
421
421
421
421
421
421
421
421
431
253
433
434
434
434
434
434
434
434
434
434
434
434
434
434
434
434
434
434
434
434
434
434
434
434
457
434
459
459
459
459
459
459
459
434
467
467
467
467
467
467
467
467
444
476
449
449
480
452
482
483
483
483
483
483
483
490
490
490
490
490
490
490
1
491
491
491
491
491
491
491
491
491
491
491
491
491
491
491
491
491
482
509
509
509
509
509
509
509
509
509
509
509
509
509
509
509
509
509
509
509
509
509
509
509
509
509
527
535
16
409
409
528
528
528
528
528
528
528
292
501
277
277
277
277
277
277
277
277
277
400
400
400
400
455
455
311
311
311
122
377
377
377
377
377
377
398
398
398
398
398
398
319
329
329
329
329
329
329
497
90
348
348
348
284
284
284
284
284
284
284
284
284
284
284
284
284
284
284
284
284
284
284
284
284
284
284
284
284
284
284
284
284
284
284
284
284
284
284
284
284
284
284
284
284
284
284
284
284
284
305
305
446
446
446
446
446
446
446
446
446
446
446
446
446
446
288
293
293
506
117
17
258
258
20
20
472
465
465
465
465
465
465
465
350
350
350
350
350
474
474
474
474
371
371
371
371
371
370
370
370
370
370
397
397
397
397
397
397
267
326
326
326
326
326
326
326
326
326
326
326
326
326
326
326
314
376
376
352
352
352
352
352
352
352
352
352
352
352
352
352
352
352
268
502
401
401
401
401
349
349
349
349
349
349
349
349
349
349
349
334
334
334
334
327
304
304
304
310
310
310
363
363
363
363
363
363
363
363
363
86
300
300
300
287
30
30
302
282
324
324
324
318
318
373
373
295
295
248
278
278
278
530
530
530
88
410
410
130
26
464
286
379
379
379
379
389
389
389
120
330
330
247
380
380
380
380
394
394
394
394
394
394
394
394
394
394
394
394
394
237
441
441
441
441
441
29
29
498
442
442
442
317
343
357
357
81
112
112
289
335
252
252
67
85
85
103
128
296
296
296
298
298
290
246
283
338
338
347
347
347
347
347
347
347
385
385
385
23
23
23
297
354
452
452
495
60
60
466
466
466
466
466
307
307
307
307
307
307
37
37
47
47
533
533
533
533
265
504
444
444
444
444
444
444
444
444
444
444
39
332
396
396
396
396
396
396
139
500
346
346
346
346
346
346
346
346
346
492
492
492
101
316
399
399
399
448
448
448
62
369
369
369
369
369
369
369
369
445
445
445
445
445
445
381
381
387
387
387
387
387
387
321
526
294
345
345
413
309
383
383
383
383
383
383
392
392
392
392
392
392
392
392
392
392
392
392
392
392
392
392
392
392
392
531
50
395
395
395
395
395
331
331
331
264
31
31
87
126
405
405
405
493
339
339
339
339
339
339
339
339
339
359
359
443
443
443
443
374
374
285
382
382
312
312
312
312
108
108
243
291
291
291
529
532
532
532
236
236
257
342
342
342
364
364
364
364
364
364
364
364
384
384
384
384
384
384
344
301
301
301
301
301
301
301
56
56
56
325
404
263
263
132
360
360
360
360
360
360
360
360
279
279
279
391
391
391
391
391
391
391
391
391
391
391
391
391
391
391
391
391
391
475
507
507
507
456
456
42
42
499
503
503
367
367
367
367
367
367
323
323
323
303
299
386
386
386
386
372
439
439
439
439
353
353
15
15
15
15
402
402
402
402
402
402
402
414
505
403
403
403
403
403
403
403
403
403
403
403
403
403
403
388
388
388
49
49
313
508
508
341
341
341
341
341
341
341
306
306
306
306
119
361
361
361
361
361
361
366
366
366
366
366
366
366
366
366
454
454
454
454
340
104
138
63
375
375
322
322
322
322
322
322
322
322
322
322
322
322
322
322
322
322
473
473
473
473
473
473
362
362
362
362
362
362
378
378
74
308
308
308
308
333
333
333
38
38
368
368
368
368
368
368
368
54
51
53
447
447
351
351
351
351
351
351
351
351
351
351
351
351
351
351
351
351
351
393
393
393
393
393
393
393
393
393
393
393
393
393
358
358
358
358
358
358
358
358
358
358
358
358
358
358
358
358
358
358
358
358
358
358
358
358
358
358
358
358
358
358
320
390
390
527
527
527
527
527
527
527
527
527
527
527
527
527
527
527
527
527
21
111
111
109
109
337
337
337
337
337
336
336
336
336
336
336
19
61
365
365
365
365
365
365
510
214
143
13
13
460
4
435
