2
3
4
5
6
7
8
9
10
11
12
13
14
15
16
17
18
19
20
21
22
23
24
25
26
27
28
29
30
31
32
33
34
35
36
37
38
39
40
41
42
43
44
45
46
47
48
49
50
51
52
53
54
55
56
57
58
59
60
61
62
63
64
65
66
67
68
69
70
71
72
73
74
75
76
77
78
79
80
81
82
83
84
85
86
87
88
89
90
91
92
93
94
95
96
97
98
99
100
101
102
103
104
105
106
107
108
109
110
111
112
113
114
115
116
117
118
119
120
121
122
123
124
125
126
127
128
129
130
131
132
133
134
135
136
137
138
139
141
142
143
144
145
146
147
148
149
150
151
152
153
154
155
156
157
158
159
160
161
162
163
164
165
166
167
168
169
170
171
172
173
174
175
176
177
178
179
180
181
182
183
184
185
186
187
188
189
190
191
192
193
194
195
196
197
198
199
200
201
202
203
204
205
206
207
208
209
210
211
212
213
214
215
216
217
218
219
220
221
222
223
224
225
226
227
228
229
230
231
232
233
234
235
236
237
238
239
240
241
242
243
244
245
246
247
248
249
250
251
252
253
254
255
256
257
258
259
260
261
262
263
264
265
266
267
268
269
270
271
272
273
274
275
276
277
278
279
280
281
282
283
284
285
286
287
288
289
290
291
292
293
294
295
296
297
298
299
300
301
302
303
304
305
306
307
308
309
310
311
312
313
314
315
316
317
318
319
320
321
322
323
324
325
326
327
328
329
330
331
332
333
334
335
336
337
338
339
340
341
342
343
344
345
346
347
348
349
350
351
352
353
354
355
356
357
358
359
360
361
362
363
364
365
366
367
368
369
370
371
372
373
374
375
376
377
378
379
380
381
382
383
384
385
386
387
388
389
390
391
392
393
394
395
396
397
398
399
400
401
402
403
404
405
406
407
408
409
410
411
412
413
414
415
416
417
418
419
420
421
422
423
424
425
426
427
428
429
430
235
432
434
435
436
437
438
439
440
441
442
443
444
445
446
447
448
449
450
451
452
453
454
455
456
457
458
459
460
461
462
463
464
465
466
467
468
469
470
471
472
473
474
475
476
477
478
479
450
481
483
484
485
486
487
488
489
483
484
485
486
487
488
489
491
492
493
494
495
496
497
498
499
500
501
502
503
504
505
506
507
508
509
510
511
512
513
514
515
516
517
518
519
520
521
522
523
524
525
526
527
528
529
530
531
532
533
534
535
536
10
408
407
533
530
532
514
525
510
520
219
497
403
291
276
352
27
143
178
141
141
332
202
219
167
435
438
247
248
210
4
242
40
193
209
143
211
344
257
345
210
193
202
193
246
243
327
210
202
143
498
91
319
143
221
280
56
241
114
237
240
236
239
281
210
206
209
221
201
228
211
230
200
214
195
196
223
224
220
216
190
231
226
212
213
222
194
218
197
193
199
207
208
225
229
217
202
215
198
219
227
209
179
455
442
462
435
460
461
438
469
437
470
468
467
467
459
206
292
219
32
4
10
191
190
18
4
468
462
460
461
463
459
459
467
349
274
272
273
229
471
469
470
468
242
40
209
143
212
242
40
209
143
212
268
257
332
210
193
165
192
253
252
320
322
321
254
255
292
251
307
193
203
143
202
204
310
242
209
39
32
299
292
341
193
209
178
229
196
216
202
143
215
219
248
497
330
332
267
168
268
323
305
348
259
139
210
220
202
219
214
257
332
210
193
228
303
107
302
193
206
143
330
331
107
298
242
327
332
193
148
85
293
203
143
202
29
133
210
141
223
202
406
197
202
143
212
216
143
179
23
277
141
531
523
522
89
408
407
39
27
463
198
242
209
202
143
332
161
193
7
256
202
179
40
209
143
213
259
351
193
424
422
428
423
425
426
202
173
429
421
143
456
443
447
435
467
133
133
83
467
459
457
315
230
232
202
19
111
11
209
334
249
143
4
85
86
103
39
304
326
202
300
297
210
242
141
60
193
292
193
196
202
209
143
201
332
208
157
21
22
19
202
355
449
451
494
108
13
462
460
461
463
467
312
328
247
248
210
202
112
13
46
48
523
510
522
524
143
497
442
462
435
460
461
469
470
467
459
467
4
333
268
257
332
210
193
164
137
497
257
292
357
210
193
224
143
202
205
48
496
493
100
315
349
332
166
455
438
437
12
257
332
297
210
193
202
205
155
446
448
444
468
467
467
242
209
332
40
193
207
209
159
221
514
193
344
226
412
308
245
196
202
209
143
201
275
323
305
324
259
351
193
424
428
422
423
427
425
220
426
202
171
429
421
522
4
257
332
210
193
163
257
210
202
179
29
133
86
32
332
177
194
494
337
336
292
338
258
203
143
202
206
360
147
438
468
467
467
143
212
193
242
209
311
247
248
210
59
4
242
287
193
232
514
523
510
520
527
509
247
143
226
225
257
270
332
210
193
202
143
154
294
332
40
143
208
156
343
245
242
210
196
202
209
201
109
13
136
326
216
262
261
49
330
331
298
327
332
342
193
146
278
80
415
266
305
323
259
351
424
428
423
430
427
425
169
220
426
202
143
429
421
468
495
96
496
435
438
10
2
497
497
498
257
332
210
193
202
152
307
202
222
210
300
332
158
143
208
212
454
436
438
437
358
145
13
2
2
2
323
332
217
202
143
218
175
412
498
207
209
208
201
228
211
176
216
143
202
212
213
219
194
332
207
160
50
6
311
96
496
245
196
202
209
143
179
201
293
305
209
143
118
331
298
327
332
193
149
257
332
297
210
193
203
202
143
151
455
456
435
437
225
103
137
12
242
209
250
316
309
313
318
314
317
197
193
223
220
217
143
174
221
222
471
469
470
468
467
467
331
298
327
332
193
150
143
211
5
193
143
202
206
199
143
198
110
13
351
428
202
143
153
425
421
9
8
54
435
437
268
257
332
210
424
422
428
206
423
427
430
425
426
202
429
421
421
271
348
335
324
351
172
202
143
428
423
429
425
421
293
330
263
119
260
356
267
329
48
327
354
79
306
91
96
301
269
332
357
209
200
195
231
144
193
203
215
143
202
227
221
391
170
534
518
523
514
511
513
515
520
512
521
517
519
525
510
522
516
524
19
38
14
136
136
264
210
209
202
179
264
248
210
209
202
143
20
12
257
332
210
193
162
202
509
136
141
2
2
467
2
434
