1
2
2
2
2
2
2
2
2
2
2
2
2
2
15
15
15
15
15
15
15
15
15
15
6
8
11
10
30
14
32
33
33
33
33
33
33
33
33
33
33
33
33
33
33
33
33
33
33
33
48
54
55
55
55
55
56
60
56
62
57
64
57
66
58
68
59
70
55
72
72
72
72
55
78
59
59
69
82
83
84
84
84
84
84
84
84
84
84
84
84
84
84
84
84
84
84
84
84
84
84
84
84
84
84
84
108
111
84
113
113
113
113
113
113
113
113
113
113
113
113
113
117
127
117
129
126
131
54
133
133
133
133
133
133
133
133
133
133
133
133
133
133
133
133
133
133
133
133
133
133
133
133
133
133
133
133
133
133
133
133
133
133
133
133
133
159
171
162
173
133
175
175
175
175
133
180
180
160
182
185
186
186
186
186
186
186
186
186
186
186
186
186
186
186
186
186
186
186
186
186
186
48
48
48
211
204
204
204
204
216
217
217
217
217
217
217
217
217
217
48
228
204
204
132
220
220
220
220
220
220
220
11
50
50
219
163
159
104
13
126
126
126
126
126
115
221
169
201
22
45
107
202
105
48
48
48
48
48
48
48
48
48
48
48
48
24
203
203
203
203
203
203
203
203
203
57
108
51
51
51
51
51
103
103
103
103
170
170
170
170
170
170
56
167
142
164
166
9
150
97
151
151
197
125
125
194
14
14
14
14
14
14
14
7
144
21
75
178
106
195
165
25
112
199
199
199
199
199
199
199
199
199
177
96
145
98
198
154
204
120
120
120
120
121
141
141
141
141
141
44
94
117
117
117
116
179
196
93
93
93
47
47
59
59
59
52
52
52
52
23
23
95
46
58
58
58
149
168
208
53
209
210
210
227
26
27
212
28
213
229
29
214
230
31
31
78
80
80
