1
2
2
2
2
2
2
2
9
10
12
13
7
15
16
17
17
17
17
22
23
24
24
24
28
16
29
29
29
29
29
29
29
33
37
33
1
42
42
42
42
42
42
42
42
42
42
42
42
42
42
42
42
42
42
42
42
42
42
42
42
42
42
42
42
42
42
42
42
42
75
42
77
42
79
42
81
42
83
42
85
85
42
88
88
88
88
88
88
95
97
98
98
98
98
98
98
98
102
106
33
1
111
111
111
111
111
111
111
120
121
122
122
122
122
122
122
122
122
122
122
122
136
136
137
97
138
138
138
138
143
1
144
144
144
144
144
144
144
144
144
144
144
144
144
144
144
159
144
161
144
163
144
165
144
167
144
169
169
144
172
172
144
175
144
177
144
179
179
147
183
154
153
152
151
150
149
148
156
155
157
23
195
195
195
195
197
200
33
27
27
27
27
5
201
201
71
71
71
71
155
155
155
65
65
65
65
64
64
64
64
66
66
66
66
68
68
180
153
153
153
59
59
59
59
59
146
146
146
150
150
150
35
35
105
105
156
156
156
63
63
63
63
162
173
151
151
151
93
93
107
107
58
58
58
58
58
60
60
60
60
60
60
171
21
21
21
21
118
118
118
118
118
57
57
57
57
57
67
67
67
67
94
94
170
38
38
90
62
62
62
62
117
117
89
72
72
72
72
72
56
56
56
56
133
133
133
133
133
157
157
157
55
55
55
55
55
73
73
73
73
73
166
70
70
70
70
70
181
152
152
152
4
4
4
6
104
104
103
103
154
154
154
34
34
142
142
142
142
36
36
91
116
116
116
92
132
132
132
132
132
69
69
69
69
147
147
147
199
199
148
148
148
149
149
149
61
61
61
61
74
74
74
74
74
74
7
7
54
54
54
54
33
33
197
197
115
49
129
127
128
50
51
48
102
102
125
125
52
52
126
124
182
182
182
185
185
185
186
186
186
187
187
187
188
188
188
189
189
189
190
190
190
191
191
191
192
192
192
193
193
193
194
194
110
137
137
137
137
137
41
120
204
15
15
12
14
14
