1
2
2
2
2
6
8
9
9
9
9
9
9
9
9
9
9
9
9
9
9
9
9
9
9
9
9
9
9
9
9
9
9
9
9
9
9
9
9
9
9
9
9
9
35
47
38
49
9
51
51
51
51
9
56
56
35
35
35
35
58
58
65
66
66
66
66
66
66
66
66
66
66
66
77
78
78
78
66
82
82
82
82
82
82
82
82
82
77
77
94
95
95
95
95
95
95
95
95
95
95
95
95
95
95
95
95
95
95
95
95
95
95
95
95
95
95
95
95
95
95
114
126
95
128
128
125
125
8
133
133
133
133
134
138
134
140
135
142
135
144
136
146
137
148
150
150
137
153
133
155
155
155
155
133
161
162
162
162
162
162
162
162
162
162
162
162
162
162
162
162
162
162
162
162
162
162
162
162
162
162
162
162
162
162
162
162
162
162
162
162
162
162
162
162
162
162
162
165
205
198
207
162
209
162
211
211
211
211
211
211
211
211
211
211
211
211
211
211
212
226
190
106
123
100
100
222
222
222
222
222
222
222
88
102
227
227
39
187
187
187
187
187
187
187
187
187
187
204
204
35
203
203
203
203
203
203
203
203
121
192
105
119
179
179
179
179
179
179
179
179
45
87
186
186
186
186
186
186
186
186
186
186
74
108
193
91
135
76
188
188
188
188
188
188
6
6
6
46
46
46
46
46
46
134
178
43
18
127
189
189
189
40
42
26
101
101
27
27
103
103
195
114
184
184
184
202
20
158
54
190
190
190
190
190
190
190
190
190
190
194
41
196
137
137
137
53
120
199
112
112
21
90
129
30
89
225
225
225
225
73
77
77
77
77
77
75
122
198
198
198
198
198
198
198
198
198
198
198
198
115
17
17
17
17
17
221
185
185
185
185
185
125
125
125
125
125
125
125
125
125
125
125
208
124
118
181
181
181
182
182
182
197
197
55
113
223
223
223
223
223
180
180
180
180
180
180
180
180
117
224
224
224
224
224
224
224
224
224
116
200
136
136
136
25
44
169
168
174
214
167
164
212
176
61
7
92
132
93
