2
3
4
5
6
7
9
10
11
12
13
14
15
16
17
18
19
20
21
22
23
24
25
26
27
28
29
30
31
32
33
34
35
36
37
38
39
40
41
42
43
44
45
46
47
48
49
50
51
52
53
54
55
56
57
58
59
60
61
62
63
64
66
67
68
69
70
71
72
73
74
75
76
77
78
79
80
81
82
83
84
85
86
87
88
89
90
91
92
93
95
96
97
98
99
100
101
102
103
104
105
106
107
108
109
110
111
112
113
114
115
116
117
118
119
120
121
122
123
124
125
126
127
128
129
130
131
132
133
134
135
136
137
138
139
140
141
142
143
144
145
146
147
148
149
151
152
153
154
155
156
157
158
159
160
162
163
164
165
166
167
168
169
170
171
172
173
174
175
176
177
178
179
180
181
182
183
184
185
186
187
188
189
190
191
192
193
194
195
196
197
198
199
200
201
202
203
204
205
206
207
208
209
210
211
212
213
214
215
216
217
218
219
220
221
222
223
224
225
226
227
228
98
107
97
95
218
219
216
212
215
211
211
84
95
211
211
15
200
188
224
182
220
167
216
219
215
211
168
211
56
210
204
220
214
167
215
209
211
107
171
96
107
222
181
183
169
214
167
168
211
14
83
188
224
199
182
220
167
216
219
215
211
77
107
172
85
160
77
169
214
170
167
168
211
3
4
5
11
14
10
12
13
15
160
166
10
10
114
186
184
185
12
15
14
99
95
11
10
98
128
170
107
167
215
211
175
11
156
52
204
191
220
214
167
172
165
171
215
211
177
11
170
156
155
160
52
121
164
108
107
12
83
95
12
86
224
214
211
211
77
68
84
86
85
82
77
107
200
225
196
220
166
219
216
168
174
173
215
211
107
11
10
12
15
9
213
218
167
216
217
211
190
193
186
195
107
196
184
192
185
189
162
198
107
107
166
176
174
166
176
174
187
173
52
114
220
218
219
217
215
223
182
214
167
170
216
168
211
107
218
220
214
216
219
213
212
217
215
107
164
156
155
160
13
13
211
211
162
211
211
162
211
162
56
5
68
196
68
