1
2
2
2
2
2
2
2
2
2
2
2
2
2
2
2
2
2
2
2
2
2
2
2
2
2
2
2
2
2
2
2
2
2
2
2
2
2
2
2
2
2
2
2
2
2
2
2
2
2
2
2
2
2
2
2
2
2
2
2
2
2
2
2
2
2
2
2
2
2
2
2
2
2
2
2
2
2
2
2
2
2
2
2
2
2
2
2
2
2
2
2
2
2
2
2
2
2
2
2
2
2
2
2
2
2
2
2
2
2
2
2
2
2
2
2
2
2
2
2
2
2
2
2
2
2
2
2
2
2
2
2
2
2
2
2
2
2
2
2
2
2
2
2
2
2
2
2
2
2
2
2
2
2
2
2
2
2
2
2
2
2
2
2
2
2
2
2
2
2
2
2
2
2
2
2
2
2
2
2
2
2
2
2
2
2
2
2
2
2
2
2
2
2
2
2
2
2
2
2
2
2
2
2
2
2
2
2
2
2
2
37
213
38
215
44
217
55
219
70
221
2
223
223
223
223
223
223
2
230
230
230
230
230
230
230
237
238
2
240
128
242
129
244
2
246
135
248
248
171
251
172
253
174
255
2
257
257
257
2
261
261
261
261
33
266
34
268
72
1
271
271
271
271
271
271
271
271
271
271
271
271
271
271
271
271
271
1
289
289
289
289
289
289
289
289
289
298
298
298
298
298
298
298
298
298
298
298
298
298
298
298
298
298
298
298
298
298
289
320
320
320
320
320
320
320
320
320
320
320
289
332
332
332
332
332
332
332
332
332
332
332
332
332
332
332
332
332
332
324
352
324
343
325
325
325
326
326
360
361
362
207
364
330
328
367
328
369
370
370
370
370
370
370
370
370
370
370
370
370
370
370
370
370
370
370
370
370
370
370
370
370
370
370
370
370
370
370
370
379
402
380
404
381
406
370
408
391
411
412
412
412
412
412
412
412
412
412
412
412
412
412
412
412
412
412
412
412
412
412
412
412
412
412
412
412
412
412
412
412
412
412
426
446
446
446
446
412
451
451
412
454
454
454
454
454
454
454
454
412
463
463
463
412
467
467
467
467
467
467
467
467
467
467
478
479
480
480
480
480
480
480
480
480
480
480
480
480
480
480
480
480
480
480
480
480
480
480
480
480
480
480
480
480
480
480
480
480
480
480
480
480
480
480
480
480
480
480
480
480
480
480
480
480
480
480
480
480
480
480
480
480
480
480
480
480
480
480
480
480
480
487
546
480
548
548
548
499
552
480
554
554
480
557
557
557
557
500
562
562
501
565
565
502
568
568
503
571
571
504
574
507
576
509
578
511
580
480
582
582
582
582
586
586
586
586
588
591
582
593
593
593
593
593
593
522
600
523
602
480
604
480
606
606
480
609
609
609
609
609
480
615
480
617
480
619
619
480
622
622
622
622
622
628
556
630
513
632
633
633
633
633
633
633
633
633
633
643
644
644
644
644
644
644
644
644
644
653
654
644
656
656
656
656
656
656
656
656
656
656
656
656
652
670
671
671
671
671
671
671
671
671
671
671
671
671
671
671
671
671
671
671
671
671
671
671
671
671
671
671
671
671
671
671
671
671
671
1
706
706
706
706
706
706
706
706
706
706
706
706
706
706
706
706
706
706
706
706
706
706
706
706
706
706
706
706
706
706
706
706
706
706
706
706
706
706
706
706
727
617
615
593
261
586
378
378
378
378
378
378
378
378
378
378
378
462
462
462
512
512
739
739
739
739
427
427
699
699
699
699
508
508
508
508
508
85
85
85
570
151
510
510
198
62
62
62
62
121
564
111
317
317
317
726
726
726
726
726
726
726
726
726
252
55
55
466
461
431
529
147
501
501
501
501
474
553
346
346
346
346
346
346
346
379
122
122
122
122
122
122
122
122
122
122
122
136
105
400
400
400
400
460
537
190
605
119
106
123
123
52
52
141
141
439
439
58
58
58
58
281
171
171
185
503
503
503
503
503
503
503
725
725
725
725
725
725
725
725
725
139
139
197
74
74
74
285
588
588
91
167
167
376
376
376
376
376
376
376
376
376
376
376
729
395
550
550
63
684
684
291
509
509
509
473
473
573
573
573
109
161
69
607
653
653
464
64
228
228
228
189
189
189
189
189
394
394
394
394
394
394
394
394
394
394
422
188
76
90
383
383
383
383
383
383
383
383
383
383
383
342
342
342
216
216
216
125
403
403
403
344
344
344
344
344
724
475
187
202
202
476
476
476
536
37
37
530
169
497
497
517
517
517
517
145
145
145
145
145
199
733
733
733
733
733
733
733
89
89
89
165
421
502
502
502
97
740
740
740
740
682
73
73
73
695
695
695
695
695
695
695
43
131
131
177
180
155
256
692
692
692
692
692
260
260
426
426
263
377
377
377
377
377
377
377
377
377
377
377
377
158
652
652
652
652
652
652
652
652
652
652
652
652
652
652
92
170
286
428
428
428
428
428
162
737
737
737
737
737
437
437
514
514
541
176
66
66
149
93
592
681
681
681
681
681
681
681
681
734
734
734
734
742
742
742
84
84
84
405
405
405
282
172
172
172
172
172
172
172
214
214
54
54
254
254
254
132
561
42
144
144
506
506
506
392
392
392
392
392
392
392
392
392
392
392
397
397
397
397
397
138
393
393
393
393
393
393
393
393
393
393
393
393
393
393
118
118
118
118
118
118
118
118
581
727
727
727
727
727
727
727
727
727
727
551
551
551
551
551
551
551
44
44
44
44
44
44
44
44
44
44
44
44
44
44
44
44
532
535
142
186
186
186
77
77
102
80
80
324
324
324
324
626
626
626
212
50
264
56
396
396
396
396
396
396
545
545
545
494
143
143
99
133
133
133
133
133
133
389
465
465
465
465
465
465
743
743
743
57
57
57
57
685
685
124
522
522
382
382
382
382
382
382
382
382
382
382
382
382
382
65
65
65
507
507
507
507
612
697
103
36
36
36
36
36
36
36
36
36
36
95
323
323
229
229
229
229
287
723
723
723
723
723
723
723
723
723
723
723
67
67
67
67
78
521
521
521
521
521
521
521
521
521
521
326
326
326
500
500
500
35
156
178
738
738
738
738
116
575
182
134
134
134
134
567
88
88
88
88
110
201
175
283
154
96
60
60
60
60
60
60
60
60
60
433
704
704
104
499
499
499
499
499
499
499
499
94
544
544
544
544
41
627
627
627
205
424
424
424
513
513
53
53
241
241
241
241
241
204
721
721
721
721
721
721
721
721
721
721
166
425
425
425
319
319
583
583
583
583
583
589
386
386
386
386
386
386
386
386
130
130
130
130
157
184
195
316
316
316
206
284
309
309
135
135
135
135
135
135
135
135
100
236
236
236
236
236
236
328
328
328
328
477
477
477
736
736
736
736
736
736
736
87
87
87
599
599
599
599
599
101
61
61
61
702
511
511
698
698
698
698
698
698
391
391
391
391
391
391
391
391
391
391
391
68
68
68
68
597
597
597
597
325
325
325
325
423
423
40
419
419
310
310
70
70
70
70
211
719
719
719
719
719
719
719
719
719
374
374
374
374
374
374
374
374
374
374
374
374
127
127
127
540
209
209
209
280
148
148
148
148
148
148
343
343
343
343
343
343
343
343
343
343
343
531
542
112
666
516
516
516
516
516
516
516
516
516
516
516
516
516
516
516
516
146
385
385
385
385
385
385
385
385
385
385
385
385
728
728
728
728
728
728
728
728
728
349
349
349
49
642
46
683
108
686
686
686
686
665
665
665
665
665
665
665
665
665
665
200
690
173
173
173
173
173
173
173
235
235
235
235
235
235
235
235
348
348
348
348
409
495
495
687
82
137
137
420
380
193
193
193
126
126
126
126
126
126
126
539
47
47
39
39
278
278
140
181
196
520
520
520
520
115
390
472
472
472
472
114
164
164
164
459
459
459
459
203
504
504
504
45
45
45
45
45
45
45
444
444
444
345
345
345
523
523
680
680
680
442
442
735
735
735
735
735
735
398
398
398
398
381
208
71
445
445
210
693
693
693
693
664
664
387
519
519
519
519
519
519
519
519
519
519
519
519
519
519
519
519
519
519
519
519
519
438
249
407
407
407
505
505
505
505
505
505
152
152
322
322
265
51
579
579
688
192
388
741
741
741
741
746
746
746
746
746
746
746
746
746
746
746
746
347
375
375
375
375
375
375
375
375
375
375
375
375
375
120
611
443
434
128
720
720
720
720
720
720
720
720
720
524
524
524
168
168
311
179
703
81
81
318
318
732
732
732
732
207
83
83
113
183
183
321
321
373
373
373
373
373
373
373
373
373
373
373
538
159
117
117
384
384
384
384
384
384
384
384
384
384
384
191
191
191
150
150
150
150
150
744
744
744
153
107
498
329
350
350
350
350
350
350
350
350
48
160
160
722
722
722
722
722
722
722
722
722
722
518
518
518
518
518
98
496
496
496
496
496
496
496
496
496
339
490
490
489
489
483
672
672
415
415
491
491
492
595
549
290
290
634
413
488
488
233
4
484
410
351
351
353
354
354
354
354
354
355
355
358
359
359
629
747
747
747
366
366
367
368
368
