1
2
2
2
2
2
2
2
2
2
2
2
2
2
2
2
2
2
2
2
2
2
2
2
2
2
2
2
2
2
2
2
2
2
2
2
2
2
2
2
2
2
2
2
2
2
2
2
2
2
2
2
2
2
2
2
2
2
2
2
2
2
2
2
2
2
14
68
50
70
72
74
76
78
59
80
60
82
66
84
2
86
86
88
88
86
91
86
93
7
30
26
26
33
33
33
13
13
13
58
22
47
47
32
32
71
71
71
39
8
8
8
11
12
12
12
12
48
48
48
25
69
43
43
40
10
20
20
24
50
50
50
34
49
49
49
42
6
16
41
41
46
46
18
87
7
9
9
28
14
14
14
14
14
