1
2
2
2
2
2
2
2
2
2
2
2
2
2
2
2
2
2
2
2
2
2
2
2
2
2
2
2
2
2
2
2
2
2
2
2
2
2
2
2
2
2
2
2
2
2
2
2
2
2
2
2
2
2
2
2
2
2
2
2
2
2
2
2
2
2
2
2
2
2
2
2
2
2
2
2
2
2
2
2
2
2
2
67
85
67
87
77
89
82
91
2
93
2
95
95
95
95
95
95
95
95
95
95
95
95
95
95
95
95
95
2
113
113
113
113
113
113
2
120
120
120
120
120
120
120
120
120
120
120
120
120
120
2
135
135
2
138
138
138
138
138
2
144
144
144
144
144
144
144
144
144
144
145
155
144
157
157
157
157
144
162
162
162
162
144
167
167
167
144
171
171
171
144
175
175
175
2
179
179
179
2
183
183
2
186
186
186
2
190
190
190
190
190
190
190
190
190
190
2
201
201
201
201
2
206
206
2
209
209
209
214
215
215
215
215
215
215
215
215
215
215
215
215
215
215
215
215
215
215
235
236
236
236
236
236
236
236
236
236
236
236
236
236
236
236
236
236
236
248
255
235
258
258
258
258
258
258
258
258
258
258
258
258
272
273
273
273
273
273
273
273
282
283
283
283
283
283
283
283
283
283
283
283
283
283
283
283
283
283
283
283
283
283
283
283
283
283
283
283
283
313
314
314
314
314
314
314
314
235
323
323
323
323
323
323
323
323
323
334
335
335
335
335
335
335
335
335
335
335
335
335
335
335
335
335
335
335
335
335
335
335
335
335
335
335
335
335
335
335
335
335
335
335
335
335
335
335
335
335
335
335
335
335
335
335
335
335
335
335
335
335
335
335
335
335
335
335
335
335
335
335
335
335
335
335
335
335
335
335
335
335
407
407
335
410
410
410
410
410
410
417
417
417
417
235
423
423
423
423
423
423
423
423
433
434
434
434
434
282
440
440
440
440
440
440
440
440
440
440
440
440
440
440
440
440
440
440
440
440
440
440
440
440
313
466
466
466
466
466
466
466
466
466
466
466
466
466
466
466
483
484
484
484
484
484
484
484
484
484
484
484
484
484
484
484
484
484
484
484
484
505
505
505
505
505
505
505
505
505
505
505
505
505
505
505
505
505
505
505
505
505
282
506
506
508
507
214
512
512
512
512
512
512
512
512
512
512
512
512
512
512
512
512
512
512
512
512
512
512
512
512
512
512
512
512
512
512
512
512
512
512
512
512
512
512
547
551
551
551
551
551
272
558
558
558
558
564
565
565
565
565
565
565
565
565
565
565
565
565
565
565
565
565
565
565
565
565
565
565
565
565
565
565
565
565
565
565
565
565
565
565
565
565
565
565
565
565
565
565
565
565
565
565
565
565
272
615
615
615
615
615
615
615
615
615
615
615
615
272
629
629
629
629
629
629
629
629
564
639
639
639
644
645
214
648
648
648
648
648
648
648
648
648
648
648
648
648
648
648
648
648
648
648
648
648
648
648
648
648
648
648
648
648
648
648
648
648
648
648
648
648
648
648
648
564
690
690
690
313
695
282
698
698
698
698
698
698
698
698
698
698
698
698
698
698
698
698
698
698
313
718
718
718
718
718
718
718
718
718
718
718
718
718
718
718
718
718
718
718
718
718
718
718
718
718
718
718
718
718
718
718
718
718
718
722
753
756
757
757
757
757
757
757
757
757
564
767
767
767
767
767
767
767
767
767
767
767
767
767
767
767
767
767
767
767
767
767
767
767
767
767
767
767
794
794
794
794
800
801
801
801
801
801
214
809
809
809
809
809
809
809
809
809
809
809
809
809
809
809
809
809
809
809
809
809
809
809
809
809
809
809
838
839
839
839
839
839
839
839
839
839
839
839
839
839
839
839
839
839
839
839
839
839
839
839
839
839
839
839
839
839
839
839
839
839
839
839
235
876
876
876
876
876
876
876
876
876
876
876
876
876
876
876
876
876
876
876
876
876
876
876
876
876
876
876
876
876
876
876
876
876
876
876
876
876
876
876
876
876
876
876
919
919
919
919
919
313
926
926
926
926
926
926
272
934
934
934
934
934
934
934
934
934
934
934
934
934
313
949
949
949
949
949
949
949
313
958
958
958
958
958
958
958
958
958
958
958
958
958
958
313
974
974
974
974
974
974
974
974
974
974
756
986
986
986
986
986
986
986
986
986
986
986
986
986
986
986
986
986
986
986
986
986
313
1009
1009
1009
1009
1009
1009
1009
1009
1009
1009
1009
1009
1009
1009
1009
1009
1009
1009
1009
1009
1009
1009
1009
1009
1009
1009
1009
1009
1009
282
1040
1040
1040
1040
1040
1040
1040
1040
1040
1040
1040
1040
1040
1040
1040
1040
1040
1040
1040
1040
1040
1040
1040
1040
1040
1040
1040
1040
1040
1048
1044
282
1073
1073
1073
1073
1073
1073
1073
1073
282
1083
1083
1083
1083
1083
1083
1083
1083
1083
235
1094
1094
1094
1094
1094
1094
1094
1101
1101
1101
1101
1101
1101
1101
1101
1101
1094
1111
1111
1111
1111
1111
1111
1111
1111
1111
1094
1121
1094
1123
1123
1123
1123
1123
1123
1123
1123
1094
1132
1132
1132
1132
1132
1132
1132
1132
235
1142
1142
1142
1142
1142
1142
1142
1142
1142
1142
1142
1142
1142
1142
1142
1142
1142
1142
1142
1142
1142
1142
433
1166
235
1169
1169
1169
1169
1169
1169
1169
1169
1169
1169
1169
1169
1169
1169
1169
1186
1187
1187
1187
1187
1187
1187
1187
1187
1187
1187
1187
1187
1187
1187
1187
1187
1199
1204
235
1207
1207
1207
235
1212
1212
1212
1212
1212
1212
1212
1212
1212
235
1223
1223
1223
1223
1223
1223
1223
1223
1223
1223
1223
1223
1223
1223
1223
1223
1223
1223
1223
1223
1223
1223
313
1247
1247
1247
1247
1247
1247
1247
1247
1247
1247
1247
1247
1247
1247
1247
1247
1247
1247
1247
1247
1247
1247
1247
1247
1247
1247
1247
1247
1247
1247
1247
1247
1247
1247
1247
1247
1247
1247
1247
1247
1247
1247
1247
1247
1247
1247
1247
1247
1247
1247
1247
1247
1247
1247
1247
1247
1247
1247
1247
1247
1247
1247
1247
1247
1247
1247
1247
1247
1247
1316
1316
1316
1316
1247
1321
1321
1321
1321
1321
1313
1313
433
1330
1330
1330
1330
1330
1330
1330
1330
1330
1330
1330
1330
1330
1330
1330
1330
1330
1330
1330
1330
1330
1330
1330
1330
1330
1330
1330
282
1359
1359
1359
1359
1359
1359
1359
1359
1359
1359
1359
1359
1359
1359
1359
1376
1377
1377
1377
1377
1377
1377
1377
1377
1377
1377
1377
1377
1377
1377
1377
313
1394
1394
1
1398
1398
1398
1398
1398
1398
1398
1398
1398
1398
1398
1398
1398
1398
1398
1398
1398
1398
1398
1398
1398
1421
1422
1422
1422
1422
1422
1422
1422
1422
1422
1422
1422
1422
1422
1422
1436
1422
1438
1422
1440
564
1443
1443
1443
1443
1376
1449
1449
1449
1449
1449
1449
1449
1449
1449
1449
1449
1449
272
1463
1463
1463
1463
1463
1463
1463
1463
1463
1463
1463
1463
1463
1463
1463
1463
1463
1463
282
1483
1483
1483
1483
1483
1483
1483
1483
1483
1483
1483
1483
1483
1483
1483
1483
1483
1483
1483
1483
1483
1483
1483
1483
1483
1483
1483
1483
1483
1483
1483
1483
1483
1483
1483
1483
1483
1483
1186
1523
1523
1523
1523
1523
1523
1523
1523
1523
1523
1523
1523
1523
1523
1523
1523
1539
1539
1539
1539
282
1545
1545
1545
1545
1545
1545
1545
1545
1545
1545
1545
1545
1555
1557
1553
1554
1549
1551
1547
313
1566
1566
1566
1566
1566
1566
1566
235
1575
1575
1575
1575
1575
1575
1575
1575
1575
1575
1575
1575
1575
1575
1575
1575
1575
1575
1575
1575
1575
1575
1575
1575
282
1601
1601
1601
1601
1601
1601
1601
1602
1605
1606
1603
1604
1607
1608
235
1617
1617
1617
1617
1617
1617
1617
1617
1617
1617
1617
1617
313
1631
1631
1631
1631
1631
1631
1631
1631
1631
1631
1631
1
1644
1644
1644
1644
1644
1644
1644
1644
1644
1644
1644
1644
1644
1644
1644
1644
1644
1644
1644
1644
1644
1644
1644
1644
1644
1644
1644
1644
1644
1644
1644
1644
1644
1644
1644
1644
1644
1644
1644
1644
1644
1644
1644
1644
1644
1644
1644
1644
1644
1644
1644
1644
1644
1644
1644
1644
1644
1644
1644
1644
1644
1644
1644
1644
1644
1644
1644
1644
1656
1713
1644
1715
1715
1715
1715
1715
1715
1715
1715
1644
1724
1724
1724
1724
1644
1729
1729
1729
1729
1729
1729
1729
1729
1729
1729
1729
1729
1729
1729
1729
1729
1729
1729
235
1749
1749
1749
1749
1749
1749
564
1757
1757
1757
1757
1757
1757
1757
1757
1757
1757
1757
1757
1757
1757
1757
1757
1757
1757
1757
1757
1757
1757
313
1781
1781
1781
1781
1781
1781
1781
1781
1781
1781
1781
1781
1781
1781
1781
1781
1781
1781
1781
1781
1781
1781
1781
1781
1781
1781
1781
1781
1781
1781
1781
1781
1781
483
1817
313
1818
1818
1818
1818
1818
1818
1818
1818
1818
1818
1818
1818
1818
1818
1818
1818
1818
1818
1818
1818
1818
1818
1818
1818
1818
1818
1818
1818
1818
1818
1818
1818
1818
1818
1818
1818
1818
1818
1818
1818
1818
838
1861
1861
1861
1861
1861
1861
1861
1861
1861
1861
1861
1861
1861
1861
1861
1861
1861
1861
1861
1861
1861
1861
1861
1861
1861
1861
1861
1861
1861
1861
1861
1861
1861
1861
1861
1861
1861
1861
1861
1861
1861
1861
1861
1861
1861
1861
1861
1861
1861
1861
1861
1861
1861
1861
1861
1861
1861
1861
1861
1861
1861
1861
1861
1861
1861
1861
1861
1861
1861
1861
1861
1861
1861
1861
1861
1861
1861
1861
1861
1861
1861
1861
1861
1861
1861
1861
1861
1861
1861
1861
1861
1861
1861
1861
1861
1861
1861
1861
1861
1861
1861
1861
1861
1861
1861
1861
1861
1861
1861
1861
1861
1861
1861
1861
1861
1861
1861
1861
1861
1861
1861
1861
1861
1861
1861
1861
1861
1861
1861
1861
1861
1861
1920
1994
1994
1988
1997
1997
235
2001
2001
2001
2001
2001
2001
2001
2001
2001
2001
2001
2001
2001
2001
2001
2001
2001
2001
2001
2001
235
2023
2023
2023
2023
2023
2023
282
2031
2031
2031
2031
2031
2031
2031
2031
2031
2031
2031
2031
2031
2031
2031
2031
2031
2031
2031
2031
2031
2031
2031
2031
2031
2031
2031
2031
2031
2031
2031
2031
2031
2031
2031
2031
2031
2031
2061
2060
2059
2046
2069
2045
2068
2044
2067
2043
2066
2042
2065
2041
2064
2063
2062
2036
2037
2034
2035
2040
2038
2039
2032
2050
2033
2049
2048
2047
2058
2057
2056
2055
2053
2052
2051
1186
2108
2108
272
2112
2112
2112
2112
2112
2112
2112
2112
2112
2112
2112
2112
2112
2112
2112
2112
2112
2112
2112
2131
2112
235
2135
2135
2135
2135
2135
2135
2135
2144
2145
2145
2145
2145
2145
2145
2145
2145
2145
2145
2145
2145
2145
2145
2145
2145
2145
2145
2145
2145
2145
2145
2145
2145
2145
2145
2145
2145
2145
2145
2145
2145
2145
2145
2145
2145
2145
2145
2145
2145
2145
2145
2145
2145
2145
2145
2145
2145
2145
2145
2145
2145
2145
2145
2145
2145
2145
2145
2145
2145
2145
2145
2145
2208
2208
2208
2145
2212
2212
2212
2212
2174
2217
2174
2219
2174
2221
2174
2223
2175
2225
2225
2179
2228
2228
2231
2145
2233
2233
2233
2145
2237
2237
2237
282
2242
2242
2242
2242
2242
2242
2242
2242
2242
2242
2242
2242
2242
2242
2242
2242
2242
2242
2242
2242
2242
2242
2242
2242
2242
2242
2242
2242
2242
2242
2242
2242
2242
2242
2242
2242
2242
2242
2242
2242
2242
2242
2242
2242
2242
2242
2242
2242
2242
2242
2242
2242
2242
2242
2242
2242
2242
2242
2242
2242
2242
2242
2242
2242
2242
2242
2242
2242
2254
2311
2242
2313
2313
2313
2313
2313
2313
2313
2313
2242
2322
2322
2322
2322
2242
2327
2327
2327
2327
2327
2327
2327
2327
2327
2327
2327
2327
2327
2327
2327
2327
2327
2327
313
2347
2347
2347
235
2352
2352
2352
2352
2352
2352
2352
2352
2352
2352
1186
2364
2364
2364
2364
2364
2364
2364
235
2373
2373
2373
2373
2373
2373
2373
2373
235
2383
2383
2383
2383
2383
2383
2383
313
2392
2392
2392
2392
313
2398
2398
2398
2398
2398
2398
2398
2398
2398
2398
2398
2398
2398
2398
2398
2398
313
2416
2416
2416
2416
2416
2416
2416
235
2425
2425
2425
2425
282
2431
2431
2431
2431
2431
2431
2431
2431
2431
2431
2431
2431
2431
2431
2431
2431
2431
2431
2431
2431
2431
2431
2431
2431
2431
2431
2431
2431
2431
2431
2431
2431
2431
2431
2431
2431
2431
2431
2431
2431
2431
2431
2431
2431
2431
2431
2431
2431
2431
2431
2431
2431
2431
2431
2431
2431
2431
2431
2431
2431
2431
2431
2431
2431
2431
2431
2431
2431
2431
2431
2431
2431
2431
2431
2431
2431
2431
2431
2431
2431
2431
2431
2431
2431
2431
2431
2431
2431
2431
2431
2431
2431
2431
2431
2431
2431
2431
2431
2431
2431
2431
2431
2431
2431
2431
2431
2431
2431
2431
2431
2431
2431
2431
313
2546
2546
2546
2546
2546
2546
2546
2546
2546
2546
2546
2546
2546
2546
2546
2546
2546
2546
2546
2546
2546
2546
2546
2546
2546
2546
2546
483
2576
838
2577
2577
2577
2577
2577
2577
2577
2577
2577
2577
2577
2577
2577
2577
2577
2592
2592
2592
2592
2592
2592
838
2600
2600
2600
2600
2600
2600
2600
2600
2600
2600
2600
2600
2600
2600
2600
2600
2600
1398
2
1818
1377
506
1073
1111
1483
283
2031
1601
2327
958
1359
1009
2373
698
1132
2546
974
1545
1749
1101
1247
2352
2383
1729
1631
1757
2425
1617
423
1121
876
1083
629
1123
440
690
1040
926
113
565
2431
314
2023
2108
1837
1837
130
130
1739
2274
2274
2274
2274
2274
2274
2274
1951
1951
1951
1951
463
2334
2450
181
1714
1975
1944
1944
1510
1498
2474
1954
1356
428
428
428
562
2526
374
374
374
374
374
374
1686
1686
737
737
1916
1916
311
2493
1410
1281
783
677
677
677
677
2292
2292
2292
2292
2292
2292
2292
2292
2292
2292
2292
2292
2292
376
376
376
376
376
376
376
376
376
376
376
376
304
290
2276
1286
1286
1696
1696
1696
853
2491
789
789
1734
971
971
968
968
968
1763
1763
1763
1796
2589
2554
2554
152
152
1110
1110
835
835
2414
2414
664
664
664
664
664
1767
1767
1767
1767
1767
612
2504
2558
2558
2558
2558
2558
2558
2558
2558
2558
776
742
2487
2014
2014
1373
1373
1373
1373
602
602
602
602
602
602
806
1370
1370
1370
1370
2188
2188
1834
1386
1004
1004
1004
1004
1004
1004
1004
1366
1366
1366
1366
1366
1366
1366
1366
1366
1366
824
824
824
1269
1720
1128
1128
1667
1667
1667
1667
1667
1667
2522
1841
1841
1841
2109
658
658
658
1120
170
1591
1048
2034
728
728
728
728
1047
2457
460
1999
1999
681
681
681
681
681
681
1553
1688
587
587
587
587
2256
2256
608
1626
1984
1984
1764
1764
1764
1764
1764
1764
1764
1764
1764
1764
1764
1764
1764
1764
1126
1126
1369
1369
1369
1369
829
829
829
829
829
829
829
1061
472
472
472
472
472
1049
2410
1976
1976
1199
1199
1199
1199
2304
1926
623
623
623
623
623
623
1979
1387
667
667
389
389
389
389
389
197
197
197
2586
1237
1237
1237
1237
1237
1237
1237
1492
1054
1284
1284
1702
1702
1702
1309
1309
2451
1289
1289
1289
1289
1289
1289
1289
1733
896
896
896
896
896
896
896
896
896
896
896
896
1180
2056
670
670
685
685
685
2216
2216
2216
2216
2356
790
1945
1945
1945
2169
2169
2169
2169
1028
1028
687
687
687
1681
2038
907
907
907
907
907
907
907
907
907
1183
1183
1557
228
601
601
601
601
601
332
332
332
2064
2281
1258
1258
390
390
1935
1935
1935
1935
1935
1935
1935
1935
1935
1485
309
1018
1502
2120
2120
2120
294
2202
1115
1115
965
965
2230
2230
595
595
595
595
595
595
595
1547
2205
1533
2270
2270
2270
2299
2299
2442
706
1672
1672
1672
702
1089
1824
1824
2566
2566
2566
2566
2566
2566
2566
729
1621
1621
1621
932
373
373
373
373
373
373
373
373
373
373
373
373
373
373
373
373
2272
2272
2272
2272
1795
1795
1795
1795
1795
1795
1795
1795
1795
2453
2421
1285
1285
596
596
596
596
596
596
596
596
596
596
596
596
596
596
596
596
1196
1196
1196
1196
329
329
1230
1230
1230
1230
1230
1230
1842
1842
1842
1842
71
1031
1031
1031
2265
2265
2265
2265
2265
2265
2501
2207
2207
1856
1856
2515
1490
953
2341
1368
1368
1368
1368
1274
1274
1274
1274
688
688
688
427
2552
2552
939
939
939
939
939
276
2439
492
492
492
1350
1350
1350
1350
1350
1350
1350
1350
1350
1350
1350
1350
1052
129
129
129
129
129
129
129
129
129
780
331
386
386
386
386
1486
1038
1038
1674
1674
1674
1674
2536
621
621
621
2465
117
117
1936
1936
1457
2140
1955
778
1076
1741
1741
1741
1741
1917
1917
1245
1245
1245
1245
1245
1245
1245
2337
2488
2193
1853
150
2446
710
462
1687
1687
1687
1687
1687
765
765
765
765
765
765
765
765
765
1287
1287
1287
1287
1287
1287
1287
2273
82
82
82
82
82
82
2275
2275
2275
1099
1099
1099
1099
1099
81
1243
1243
1243
1243
1262
626
560
578
578
578
578
578
578
2130
2130
2130
2130
2130
2130
1276
1276
1276
1276
1276
1706
2478
268
119
119
119
119
1829
1829
1829
2408
2408
2408
2408
2408
2408
2408
2408
2408
2408
2408
2408
2408
2408
2408
2408
221
1264
1264
1264
1264
1084
2610
751
1311
478
1067
2508
590
2409
2409
1569
200
200
200
825
825
825
825
825
825
825
825
519
1588
1588
1588
1588
1588
1588
1588
1588
1588
1588
1588
1588
1588
1588
1588
1588
1588
1588
1588
1588
1588
1588
1588
1588
1588
1588
1588
1588
1588
1588
1588
1588
1588
1588
1588
1588
1588
502
502
805
734
1205
1205
2059
2435
2037
1100
1100
1100
1100
205
205
205
205
205
205
205
659
659
659
659
659
2039
2531
1805
1097
1097
865
2469
633
633
1497
2418
1139
1139
1139
1139
1139
1139
1279
1279
1242
1242
1242
1242
1242
1242
1664
1664
1701
1701
1678
945
945
1162
278
947
947
395
892
892
892
892
892
892
892
892
892
892
1306
480
2461
2513
2333
2063
1388
775
604
604
1198
1797
527
285
1942
1942
669
669
625
1096
416
416
416
416
416
2047
296
682
682
682
1415
1521
1069
2543
455
1927
1855
1855
1855
1855
2369
2369
2369
2369
2369
2369
2369
2369
2413
857
857
574
574
574
574
574
2271
2271
2271
2271
2271
2271
1778
1778
2484
1360
1360
1360
1360
2553
2553
2553
2553
1627
1627
1661
1661
1661
1661
1661
1661
1661
1661
1661
133
133
133
533
863
863
375
375
375
375
375
375
375
375
375
375
375
2187
1136
1136
899
899
899
899
899
899
899
899
899
899
899
899
899
1515
1414
280
280
946
2288
2288
2288
230
2057
299
1043
1407
1407
1407
149
1068
457
146
1371
1371
1371
1371
2459
1929
1929
1929
1929
1929
1058
1078
862
736
680
680
680
680
680
678
678
678
678
1357
1357
1469
1772
1772
1772
1772
2357
2357
166
166
546
546
1003
1003
1003
1003
1003
1003
1029
1029
1029
297
474
2475
634
1119
1119
1589
1589
459
1823
1823
522
522
522
177
1033
2206
2206
2527
589
589
589
589
2517
2295
2295
2295
2295
2029
1962
1962
1962
1859
1859
1156
1156
1156
1534
2326
277
277
310
1659
1659
2494
2556
2556
2556
2556
2556
2556
2556
2556
1496
320
384
384
384
384
384
384
384
384
384
384
384
384
384
384
384
384
2285
2285
2285
2285
2285
2447
536
536
536
536
1520
1934
1934
1934
379
379
379
379
379
379
2412
1596
1081
854
1353
1353
1947
1947
1947
1947
660
660
660
660
660
660
198
198
198
2472
92
92
92
92
92
92
92
92
92
92
92
92
92
92
92
92
92
92
92
92
1160
2361
2361
555
2525
666
666
1509
2264
2264
2264
2264
2264
454
2505
1989
1989
2067
2054
1597
1597
1597
1597
1597
1597
1597
1597
1597
1597
1597
1605
2261
2261
2197
943
1053
2561
2561
2561
2561
2561
2561
2561
267
2201
2524
2128
2417
1604
2257
2257
1961
1961
1961
980
980
980
980
980
980
1444
1444
1444
1444
2467
1977
1977
714
1158
1158
2375
966
966
966
2287
2287
2287
2287
2287
2287
2287
1283
1283
1283
1812
1812
864
864
864
864
641
641
641
641
970
970
970
1848
1848
1848
1850
212
1116
1116
1116
1116
161
161
269
269
269
1738
1743
477
481
481
1689
1689
1689
1689
1689
1689
1689
1080
118
118
118
1684
1684
1684
1684
391
391
1473
1919
869
869
1106
1106
1106
1608
1700
1700
699
2186
2186
2186
2186
2215
2215
2215
2215
2587
2129
2129
2129
2129
2129
2129
2129
2129
2129
2129
2129
229
781
1315
1548
233
449
94
94
2336
1045
1657
1657
1657
1657
1657
2282
2282
2282
2282
1493
2283
2294
2294
2294
521
521
521
521
521
521
521
521
521
521
1480
803
803
803
803
803
803
1590
1590
1590
904
904
904
904
904
904
904
904
904
904
904
904
904
904
2211
916
791
791
983
1941
632
1507
553
90
90
90
661
661
661
1504
2325
442
679
679
679
679
679
679
585
585
585
585
585
585
585
585
585
585
585
1074
1352
1352
1270
1270
1374
1374
1374
1374
944
784
404
404
317
317
317
798
798
1291
1291
787
787
1845
1845
1117
1117
1494
1694
1694
1694
1694
1694
1694
1694
1694
1694
1694
1694
1694
1694
1220
1220
1220
1220
1220
1937
1937
1937
1937
1413
1413
1413
1413
1413
1413
1413
1413
1413
1240
1240
2015
219
219
219
219
535
535
1794
1794
1794
1794
1794
662
662
662
662
662
861
611
611
2189
1320
1500
1361
1361
1361
1361
1722
2019
1032
1032
1032
1032
1032
1032
1484
2537
88
88
88
88
88
88
2263
2263
2263
2263
2466
1851
1851
1851
1851
473
473
473
473
473
382
382
382
382
382
382
1179
1275
1275
1275
1275
1275
1275
1275
501
402
402
402
852
2511
2498
2032
295
1273
1273
1273
1273
2062
137
137
1854
1854
2048
188
1036
1036
1164
1164
793
802
802
802
1363
1363
1363
1363
1623
1623
1623
1623
1623
676
676
676
676
1638
1638
1638
1638
903
903
903
704
2521
1178
2280
2280
2280
911
1137
1137
2055
1090
250
83
1479
1516
1918
2572
2572
2572
2572
2572
2572
2572
1238
1238
2497
1077
1130
1130
1130
1130
1130
1130
1691
930
930
930
930
930
2456
940
116
116
705
476
476
476
476
552
2191
620
620
620
620
620
1858
804
804
804
804
804
185
185
160
160
1177
1177
2423
2423
2172
2172
2172
2172
1737
1302
1302
1302
1302
1302
1302
2514
1535
1535
1535
830
830
830
830
830
830
830
830
830
830
830
1056
1007
1007
1007
1007
1007
1007
1007
1007
1007
1066
415
415
715
1832
1832
1663
1663
1774
1774
1774
1774
2377
1982
2286
1109
1109
1109
1109
1134
1134
1134
1134
1134
1079
2434
2036
1446
1446
153
1806
914
2121
2121
2121
1852
461
1157
1157
684
684
684
2259
2259
2259
2259
2259
2259
2259
2259
2259
739
851
851
851
851
851
851
851
851
851
851
851
851
2068
1721
1721
1537
1537
260
1771
1771
1771
1771
1771
1771
1771
1771
1771
1771
1771
748
609
898
898
898
898
898
898
898
2479
2290
2290
2290
291
1914
1914
1914
1914
1914
1914
1914
1914
1914
328
328
328
328
328
328
1459
1023
1023
637
2050
855
999
999
999
2320
1216
1216
1216
2462
1620
1620
713
2560
2560
2560
2560
2177
2177
2177
2177
2441
1690
1690
1690
2507
1922
1922
1922
1922
1922
1922
1922
1922
1922
917
917
917
1802
2139
2139
2139
2020
582
582
1201
1201
1201
1719
2544
1064
1232
1232
1232
1232
1232
1933
1933
1933
1933
831
831
741
2170
2170
2170
2170
2170
2170
2170
2170
2170
2170
2170
2170
2170
1742
1742
2142
2142
2142
2142
2142
2142
2142
2142
2142
2142
2142
2142
2142
2532
709
1828
871
2443
1098
1098
1098
1098
1098
701
2470
132
132
538
1754
2298
2298
2588
593
593
593
774
774
1990
223
223
1000
1000
1000
1000
1236
1236
1236
2258
2258
2258
2258
2258
2258
2258
2258
2258
2258
2258
2258
2258
2452
577
577
577
577
577
577
577
577
524
1499
2016
1536
2165
2165
2165
2165
330
330
330
330
330
330
330
444
453
2013
2013
600
1154
773
773
2284
2284
199
199
199
1956
2407
2407
2407
2407
1314
1314
1314
1314
1488
2389
2389
547
547
547
547
547
797
797
2330
735
978
978
2069
1298
1946
1946
1946
387
387
387
387
387
387
387
955
2485
834
834
834
834
834
834
834
834
834
445
372
372
372
372
372
372
1777
1777
1777
1777
1777
1114
591
591
591
591
591
591
591
591
591
591
2123
2123
2123
2123
2123
786
786
1666
1666
1666
1666
1666
858
573
573
573
573
573
573
573
573
573
573
573
573
573
573
573
573
573
1773
1773
1773
1773
1773
1773
1773
1773
1773
1773
1773
262
1367
1367
1367
1367
1367
1367
1176
1176
1176
1495
1468
1468
1468
1849
1849
1849
1849
1849
2448
499
499
499
499
499
499
507
507
507
2168
2194
1312
1312
491
491
491
491
491
491
491
491
491
300
1060
762
762
762
762
762
762
762
762
762
762
762
762
1628
1628
1628
1628
2124
2124
2124
2124
2124
2124
2124
2124
2124
303
761
761
1419
1419
1419
1419
2065
2476
1508
2568
2568
2568
982
556
556
1280
1280
2204
2204
2204
2204
2204
447
1513
2528
544
77
77
77
77
77
77
77
77
77
77
77
77
77
77
77
77
77
77
77
77
77
77
77
77
77
77
77
77
77
77
77
77
77
77
77
77
77
77
77
77
77
77
77
77
77
77
77
77
392
392
1800
2126
2126
849
849
261
900
900
900
900
900
900
900
900
900
900
900
900
900
900
900
900
900
900
2167
2138
2138
1451
1451
1131
1460
2495
905
905
905
905
905
905
905
905
905
905
905
905
905
905
905
905
905
905
905
905
2196
672
672
2420
910
910
910
910
910
910
910
910
910
910
910
910
204
204
1091
2362
2362
2362
289
1221
1221
2468
1682
1682
1682
2332
494
2235
2235
2260
2260
2044
518
518
165
165
747
580
1461
1107
1107
1107
1107
1113
1514
2214
2214
788
788
1292
1155
307
2042
2141
318
607
607
607
2617
2617
2617
2617
2617
2617
500
2175
2175
2175
2175
2518
1679
1679
1679
1679
1679
1679
1288
2035
2041
1057
1963
1963
1963
1963
380
2616
377
377
377
377
377
377
377
377
377
377
377
377
377
377
377
377
377
377
377
377
377
377
1300
174
1658
1658
674
674
674
674
1239
1239
1833
1833
1833
1833
508
508
508
2119
2119
2119
1259
1259
1259
1259
1259
1259
1259
1259
1259
1660
1660
1660
1660
1660
1660
1660
1660
1660
1660
1660
1660
1660
2052
586
1830
441
2319
2319
1543
1543
768
1846
1813
1813
2376
1487
1965
1965
1703
1551
1135
1135
196
2021
2021
2021
2021
1472
1472
760
760
760
760
760
760
760
760
760
760
760
760
760
760
760
760
760
760
663
663
663
142
142
142
142
142
142
142
142
2324
319
1055
1940
1940
1940
2506
2613
1118
1957
1200
1200
1695
1695
1695
2386
2386
2614
2614
1831
1831
1831
1831
1831
1831
438
438
438
438
438
438
438
438
438
2533
2166
1299
1538
1538
1538
1538
1538
479
2585
2585
2127
2127
2127
2127
2127
2127
2127
2127
2127
622
622
1808
2184
401
401
2182
828
828
828
828
828
828
828
828
828
828
828
2590
2590
2590
981
1838
1838
1838
1838
1838
2437
576
1550
1552
2060
1163
1163
1163
1163
752
1959
1959
1959
1959
1959
1959
1959
1959
1959
1959
1959
1959
1445
1445
1445
1445
1445
1445
1445
1445
1445
1445
1445
1445
2502
421
594
594
594
594
594
594
594
594
594
594
594
594
594
594
2535
1948
1948
1948
1948
1948
931
2463
448
224
287
1044
1034
1034
1034
1034
1034
1042
2520
1732
2190
1932
1932
1932
1059
1129
1129
1129
1129
2174
2174
2174
2174
2174
2174
2174
396
396
777
1456
613
891
891
891
891
891
902
902
902
2615
2615
2615
2615
394
2551
2551
1736
1624
1624
1624
1624
2455
1203
1203
1203
1203
1506
1798
1798
1798
1798
1798
1798
388
388
388
388
388
1792
1792
1792
2612
2612
2612
2612
584
584
584
143
143
143
143
143
143
143
143
517
517
517
452
2173
941
399
1351
1351
1351
1202
1202
1202
1202
1967
1967
1967
1001
1001
1001
1001
1001
1001
2499
2510
2303
2303
1676
1676
1676
1676
1676
1676
1676
1065
1966
1966
1966
1092
1728
1175
1175
1847
1847
1847
2262
2262
1282
1282
2232
826
826
826
826
826
826
826
826
826
826
826
826
826
826
2482
2367
2367
2367
1938
1938
2471
1519
1108
1108
1108
2529
860
69
69
1140
2411
856
856
1554
2300
2300
2300
598
598
598
598
370
370
370
370
370
370
370
169
298
1622
1622
1622
1622
2538
2018
1020
1836
529
686
686
686
2355
2355
2355
1195
1697
1697
1697
1697
1277
1277
1277
72
72
72
72
72
72
72
72
72
72
1481
1481
671
671
716
785
785
326
326
326
326
443
1960
1960
1960
2541
1857
889
889
889
1642
1642
1642
458
378
378
378
378
378
378
378
1434
599
2564
2564
2564
2564
2564
2564
708
1964
1964
1964
2444
1087
381
381
381
381
581
581
581
627
74
74
74
74
1670
1670
850
850
2312
528
764
764
764
764
764
764
764
764
764
764
526
526
2480
692
692
1002
1002
1002
1002
2043
1161
2492
2279
403
403
403
403
403
403
403
2433
2125
1122
2289
964
1603
868
868
868
868
868
868
868
868
868
147
1988
302
1705
1705
779
1723
1063
1986
1986
1986
1296
1296
1296
1296
1296
1296
1296
1392
1392
1629
1629
1793
1793
1793
1793
1793
1793
1793
588
588
588
588
588
588
588
588
1051
112
112
112
112
112
112
112
112
112
112
112
112
112
112
112
112
112
112
112
112
112
2358
2358
327
327
327
327
327
327
859
859
1181
1181
1625
1625
1184
1587
1844
131
131
131
833
833
833
833
1290
1290
1290
1290
1290
1385
1385
1385
1385
1673
1673
1673
1673
1673
1673
1390
1390
823
579
579
579
579
579
579
73
73
73
73
2061
1803
872
872
872
2027
2440
1683
148
1266
1304
1304
1304
1542
1542
1542
995
995
995
995
995
995
995
1295
1295
1295
1295
1295
1295
700
1006
1006
1006
1006
1006
1920
1920
1920
1920
1920
1920
1920
1920
1920
1920
1920
1920
1920
1920
1920
284
2049
1602
1085
1294
1294
1294
1294
1294
1294
2449
530
1958
1958
1958
1958
1958
1027
1027
1027
1027
1027
1027
151
450
2058
1921
1921
2370
2370
2017
1511
1693
1693
2395
2395
2360
2360
182
1041
1685
2503
1766
1766
1766
2028
2268
2268
2486
1416
1416
1416
1416
1416
1416
2483
79
79
79
79
79
79
2277
2277
2277
2277
2277
2277
464
1835
1835
1517
2178
2178
419
419
1804
2371
2371
2371
2371
2371
2371
523
523
523
523
1923
1923
2192
1433
1950
1950
1765
1765
1765
1062
393
393
393
393
393
393
393
1411
1411
225
225
1159
2200
1840
1840
2051
1362
1362
1362
1362
740
1470
979
979
2565
2565
2565
2565
2565
2565
2565
1993
1993
1993
1993
1993
1993
1993
1993
1993
286
675
675
675
675
2490
1640
2066
2477
1978
1088
1431
2390
2390
306
924
924
924
924
1297
293
913
2563
2563
2563
2563
2563
1843
1939
1939
1939
1939
2519
712
1501
1193
1263
759
759
1265
1265
189
189
1668
1668
1668
1668
2293
2293
2293
915
1662
1662
1991
1991
1991
2496
1151
1151
1151
2388
2388
1915
1915
534
534
75
75
75
906
906
906
906
906
1606
1005
1005
1005
1005
1005
2523
2045
972
972
1814
1814
1814
1814
1814
1814
1814
1814
2555
2555
2555
2555
2555
2555
2555
2555
2555
525
525
525
2567
2567
836
836
2458
1293
822
822
822
894
894
894
894
1021
1021
1021
540
540
2516
956
227
1677
1677
1677
1231
1231
1231
1194
1194
1194
1194
1194
1194
1194
1194
1303
1303
1489
1307
1307
1753
1692
1692
1692
456
1810
2179
2179
2179
2318
2422
226
371
211
1755
1924
1924
1924
603
603
603
603
603
2025
173
2512
288
1641
541
541
541
541
1267
1669
1669
475
1775
1775
1775
1775
1775
1271
1271
668
668
2419
2419
263
1503
2185
2185
2185
2185
1637
2118
2118
2118
606
606
606
635
1586
1586
1586
2340
2340
2562
2562
2562
2562
2562
2562
2562
683
683
683
537
537
537
537
2473
2291
2291
222
222
385
385
1030
1030
1585
1585
2198
2464
1930
1930
575
575
575
2321
2040
1799
2500
624
624
67
67
67
67
67
67
67
67
67
67
67
67
67
67
67
67
67
67
67
67
67
67
67
67
67
1037
1467
292
2224
2224
1491
1046
2432
727
727
2302
2611
1556
1260
1260
1260
1260
1260
1260
1260
279
673
673
673
673
1751
605
605
2331
2534
707
1234
1234
1234
1234
1268
1770
1770
1770
1770
1770
1770
1770
1770
1770
1770
1770
446
220
693
693
693
693
597
597
597
597
597
597
597
597
597
597
597
597
597
597
597
597
266
1125
1125
1125
1125
1125
2222
1599
1310
1310
1310
1310
178
1019
1019
1019
1019
1364
1364
1364
1364
1549
1953
1953
1953
2454
1726
2203
2339
2339
2339
2339
1505
1968
1968
1233
1233
1233
1233
1980
2266
2266
2266
2266
1665
1665
1665
1665
1949
1949
1949
1949
640
1182
1735
1272
1518
2368
2368
2368
2368
1825
867
867
867
867
867
867
867
2053
1412
1412
1412
1412
1412
1412
1412
1412
1412
76
76
76
1241
1408
893
893
893
893
893
893
873
873
1105
1105
1105
2267
2267
2255
2255
2255
2255
2255
1704
1127
1127
636
636
909
909
909
909
909
539
1365
1365
1365
1365
1985
1985
2317
420
420
420
321
321
321
321
1555
1801
2438
1075
68
68
68
1235
1235
1235
1235
1235
397
1595
733
1779
1779
1779
1779
1779
1779
1779
1779
1928
1928
1928
1928
1607
1317
2195
2591
2591
2199
2539
1372
1372
1372
1372
2460
301
561
969
969
969
969
1769
1769
1769
1769
1769
1769
383
383
383
383
383
383
383
967
967
967
967
967
967
967
128
128
128
128
128
128
128
128
1197
1197
1197
1197
1278
1278
2509
2220
895
895
895
895
895
895
895
895
895
2046
2559
2559
2559
2489
305
503
503
997
997
997
997
997
997
2542
2210
1925
1925
1925
451
832
832
832
832
2445
1809
711
827
827
827
827
827
827
827
827
827
827
827
827
827
827
827
827
912
912
912
771
771
1546
1458
2530
400
1675
84
84
84
495
1931
2394
2183
890
890
890
890
2436
2557
2557
2557
2557
2557
2557
2557
2557
2557
2557
2557
792
583
1244
2122
2122
2122
2122
1727
1807
1768
1768
1768
1768
1768
1768
308
782
996
996
996
996
996
996
996
996
2335
942
1409
2540
897
897
897
897
897
897
897
897
908
908
908
908
908
1050
1992
1992
1992
1992
1992
1992
1992
1992
1992
1992
1992
1992
1992
265
1512
572
572
572
572
572
1639
1639
1639
1086
703
1261
1261
1261
1261
1261
1261
1261
1138
1138
1138
1138
1811
1943
1943
901
901
901
901
901
901
901
2181
2301
554
2033
2236
2236
270
270
592
592
592
592
592
592
592
592
592
929
929
929
929
929
929
2481
398
264
2573
2573
2573
2550
2550
141
141
141
141
141
141
141
141
141
2137
653
814
1762
720
1787
1787
2581
1531
467
819
656
818
1584
203
514
1898
1322
1322
691
1188
1010
369
758
1526
887
887
1249
654
1618
1540
365
1883
1229
1890
1399
816
566
1250
1250
1149
1889
1896
1189
2582
2582
2582
923
567
1891
216
53
2244
2153
2153
2153
1251
619
813
2405
2114
217
2608
1819
145
993
963
2354
1646
358
358
358
2400
1633
1633
1633
841
2011
1782
1782
2365
413
324
988
136
136
815
1148
722
885
1900
1171
1761
2234
2366
1255
2213
1124
248
248
1529
1881
1095
1095
936
2404
65
1133
