2
3
4
5
6
7
8
9
10
11
12
13
14
15
16
17
18
19
20
21
22
23
24
25
26
27
28
29
30
31
32
33
34
35
36
37
38
39
40
41
42
43
44
45
46
47
48
49
50
51
52
53
54
55
56
57
58
59
60
61
62
3
6
9
66
40
68
69
70
71
72
73
30
75
76
77
78
79
80
81
82
83
84
85
86
87
88
89
90
92
93
94
95
96
97
98
99
100
101
102
103
104
105
106
107
108
109
110
111
112
113
114
115
116
117
118
119
120
121
122
123
124
125
126
127
122
129
130
131
132
133
134
135
136
137
138
139
140
141
142
143
144
145
146
147
148
149
150
151
152
153
154
155
156
157
158
159
160
161
162
163
164
165
166
167
168
169
170
171
172
173
174
175
176
177
178
179
180
181
182
183
184
185
186
187
188
189
190
191
192
142
194
195
196
197
198
199
200
201
202
203
204
205
206
207
208
209
210
211
212
213
214
215
216
217
218
219
220
221
222
223
224
225
226
227
228
229
230
231
232
233
234
235
236
237
238
239
240
241
242
243
244
245
246
247
248
213
250
251
252
253
254
255
256
257
258
259
260
261
262
263
264
265
266
267
268
258
270
271
272
2
2
46
119
119
2
46
95
94
42
20
35
46
92
131
7
46
23
59
260
252
93
131
131
92
35
227
230
237
231
228
229
205
95
94
145
131
131
35
237
229
228
235
25
120
35
245
240
236
230
234
231
238
235
35
35
168
17
134
137
37
39
36
38
35
93
131
131
92
35
240
230
234
238
235
14
95
94
135
137
140
139
92
35
172
11
135
7
95
94
92
92
5
32
14
131
95
94
135
136
172
14
136
181
181
29
119
119
8
39
36
4
5
35
35
183
207
208
176
133
131
257
32
139
184
182
183
20
25
36
4
5
35
52
4
5
6
92
7
7
213
217
218
95
94
92
216
208
254
175
133
131
24
7
225
214
212
216
207
209
208
210
211
35
35
32
257
254
255
253
256
252
227
232
218
146
131
248
32
242
241
247
10
223
11
243
160
224
14
37
39
36
217
38
232
215
235
218
131
35
226
124
119
7
7
233
229
228
4
92
75
75
29
252
35
29
36
131
131
35
255
256
95
94
92
92
120
92
35
92
137
140
139
92
35
7
257
254
255
253
256
92
35
26
37
36
4
35
159
137
37
38
139
35
37
39
36
38
184
182
183
33
7
95
94
92
131
23
14
168
139
7
37
35
36
38
4
35
32
257
254
255
253
256
252
95
94
92
244
237
234
238
235
237
27
4
172
237
53
35
58
120
92
35
182
131
131
92
35
35
173
135
47
48
35
17
21
159
7
35
168
139
149
131
131
172
137
35
32
14
131
20
42
36
43
218
35
4
92
92
95
94
92
92
179
178
131
29
37
252
252
35
149
131
15
11
4
6
179
178
131
95
94
84
13
112
112
95
94
112
92
7
37
36
38
35
25
54
55
53
184
115
112
30
131
131
35
135
137
37
36
38
139
35
184
183
182
235
95
94
172
139
95
94
95
94
112
140
147
131
205
35
35
35
205
205
205
35
205
35
92
92
174
174
92
36
131
35
205
35
35
35
37
4
35
35
35
137
139
35
137
36
38
35
137
37
39
36
35
35
6
30
6
120
35
215
35
137
35
4
29
119
6
35
93
131
92
35
93
131
92
35
131
92
35
131
92
35
131
131
15
4
6
35
