2
3
4
5
6
7
8
9
10
11
12
13
14
15
16
17
18
19
20
21
22
23
24
25
26
27
28
29
30
31
32
33
34
35
36
37
38
39
40
41
43
44
45
46
47
48
49
50
51
52
53
54
55
56
57
58
59
60
61
62
63
64
65
44
29
30
31
28
3
4
25
44
50
16
44
29
27
31
3
4
32
29
30
31
3
4
29
30
31
28
3
4
51
50
29
30
31
28
3
4
4
44
50
25
50
29
30
31
28
3
4
44
29
30
31
28
3
4
50
16
44
44
29
30
31
3
4
32
16
29
30
31
28
3
4
25
25
50
31
44
29
30
31
28
3
4
40
29
30
31
28
3
4
39
50
29
30
31
28
3
4
30
28
3
4
50
3
4
31
51
3
4
31
44
44
43
43
43
51
