1
2
2
2
2
2
2
2
11
11
11
11
12
12
12
12
13
14
14
14
14
14
14
14
14
14
23
23
23
23
23
29
22
31
32
32
32
32
32
32
32
32
32
32
32
32
32
32
32
32
32
32
32
32
32
32
32
32
32
32
32
32
32
32
32
32
32
32
32
32
32
32
32
32
32
32
32
32
32
32
78
32
80
80
80
80
80
80
80
80
80
80
59
92
89
89
89
89
53
53
55
55
55
55
55
55
62
62
62
62
62
85
85
85
85
85
69
69
69
69
68
68
68
21
21
27
20
22
74
74
74
87
77
54
54
54
54
54
54
54
54
54
54
54
75
58
65
16
16
72
72
72
73
73
76
88
26
26
64
56
56
90
90
90
90
66
66
66
57
57
57
67
67
67
60
60
17
17
19
52
52
59
59
59
59
59
59
59
59
59
59
59
59
59
61
86
86
18
18
63
63
70
70
70
28
28
81
34
91
