2
3
4
5
6
7
8
9
2
3
4
5
6
7
8
9
14
15
16
17
18
19
20
21
22
23
24
25
26
27
28
22
30
32
33
34
35
36
37
38
39
40
41
42
43
44
45
46
47
48
49
50
51
52
53
54
55
56
57
58
59
60
61
62
63
64
65
66
67
68
69
70
71
72
73
74
75
76
77
78
79
80
81
82
83
84
85
86
87
88
89
90
91
67
43
41
81
83
36
35
56
68
50
39
80
80
64
67
59
32
32
82
81
84
83
32
69
70
46
44
71
34
44
14
14
24
15
15
72
60
44
84
64
53
40
41
34
51
38
47
50
48
49
46
46
39
47
15
23
60
45
44
45
44
73
82
24
25
47
40
50
81
46
84
32
43
50
41
40
50
42
64
50
48
40
50
15
14
15
32
32
57
58
64
67
56
43
40
50
42
41
49
46
38
47
81
32
14
14
40
46
71
72
45
24
25
32
32
67
