1
2
2
2
2
2
2
2
2
2
2
2
2
2
2
2
18
19
2
2
14
15
24
25
26
26
26
26
26
26
26
26
26
33
34
35
39
40
40
40
40
40
40
40
40
40
40
40
40
40
40
40
40
40
40
58
58
58
58
58
58
40
65
65
65
40
69
69
69
40
73
73
73
73
73
40
79
79
79
79
79
79
79
79
79
79
79
79
79
79
79
79
79
79
79
79
79
79
79
79
40
104
104
104
40
108
40
110
110
40
113
113
113
113
113
113
113
40
121
121
40
124
124
40
127
127
127
40
131
131
131
131
131
131
131
40
139
40
141
141
141
40
145
145
145
145
145
40
151
151
40
154
154
40
157
157
160
1
161
161
161
161
161
161
161
161
161
161
161
161
161
161
161
161
161
161
161
161
161
32
164
163
177
175
176
174
177
174
177
174
174
174
32
177
175
178
175
177
175
175
176
176
25
206
206
206
206
206
206
206
206
214
206
207
210
211
212
213
39
222
222
222
222
222
222
222
222
222
222
222
222
222
222
222
222
222
222
222
222
222
222
222
222
222
222
222
222
222
222
222
254
222
256
256
256
256
256
256
256
256
256
256
256
256
256
256
256
256
256
256
256
256
256
256
256
256
256
256
256
256
256
256
256
256
256
256
256
256
256
256
256
256
256
256
256
256
256
256
256
256
256
256
256
256
256
256
256
256
256
256
256
256
256
256
256
256
256
256
256
256
256
256
256
256
256
256
256
256
256
256
256
256
256
256
256
256
256
256
256
256
256
256
256
256
256
256
256
256
256
256
256
256
256
256
256
256
256
256
362
362
365
353
353
353
338
338
338
35
238
335
335
335
359
359
359
259
259
259
328
328
328
292
292
292
292
324
324
324
231
287
287
287
12
12
12
12
293
293
293
345
345
345
260
260
260
288
288
288
244
244
303
303
303
349
349
349
214
214
214
214
214
214
214
331
331
331
248
266
266
266
266
177
177
177
177
290
290
290
351
264
264
264
173
173
173
173
173
173
173
173
173
173
281
281
281
342
342
342
342
339
339
339
32
32
32
32
269
228
257
257
257
258
258
258
282
282
282
175
175
175
175
175
175
175
240
334
334
334
250
357
357
357
298
298
298
318
318
318
245
309
309
309
262
262
262
14
14
14
14
14
233
348
348
348
348
234
291
291
291
358
358
358
226
226
226
226
226
16
16
16
33
33
33
179
179
179
179
179
304
304
304
176
176
176
176
176
176
176
176
176
350
350
350
360
360
360
340
340
340
283
283
283
299
299
299
11
11
11
11
11
11
323
323
323
323
333
333
333
239
286
286
286
317
317
317
241
243
285
285
285
247
289
289
289
289
313
313
313
308
308
308
356
356
356
229
261
261
261
344
344
344
352
352
352
343
343
343
341
341
341
341
249
355
355
355
34
34
34
34
235
242
332
332
332
15
15
15
15
361
361
361
354
354
354
236
265
265
265
237
347
347
347
347
336
336
336
263
263
263
322
322
322
322
246
321
321
321
174
174
174
174
174
174
174
346
346
346
232
178
178
178
178
178
227
325
325
325
47
55
51
153
57
52
49
41
48
50
43
46
44
224
54
45
53
56
42
225
138
167
36
36
36
37
37
37
365
365
365
365
365
38
20
21
22
22
22
22
23
