1
2
2
2
2
2
2
2
2
2
2
2
2
2
2
2
2
2
2
2
2
2
2
2
2
2
2
2
2
2
2
10
33
11
35
12
37
13
39
13
41
14
43
14
45
15
47
49
16
51
17
53
17
55
18
57
19
59
19
61
19
63
20
65
20
67
69
21
71
73
21
75
77
22
79
23
81
83
24
85
24
87
89
25
91
25
93
95
25
97
26
99
101
103
26
105
27
107
2
109
110
111
28
113
28
115
29
117
119
30
121
31
123
31
125
31
127
32
129
32
131
32
133
22
1
136
136
136
136
136
136
136
136
136
136
136
136
136
136
136
136
136
136
136
136
136
136
136
136
136
136
136
136
136
136
136
136
136
136
136
136
136
136
136
136
136
136
136
136
179
181
180
183
1
185
185
185
185
185
185
185
185
185
185
185
185
185
185
185
185
185
185
185
185
185
185
185
185
185
185
185
185
185
185
185
185
185
185
185
185
185
185
185
185
185
185
185
185
185
185
185
185
185
234
234
234
185
238
238
238
238
238
238
238
238
238
238
238
238
238
238
238
238
238
238
238
238
238
238
238
238
185
263
263
263
263
263
263
263
263
263
263
263
263
263
263
263
185
279
279
279
279
279
279
279
279
279
279
185
290
290
290
290
290
290
290
290
290
290
290
290
185
303
303
303
303
303
303
303
303
303
303
303
303
303
196
317
196
319
196
321
223
323
224
325
185
327
329
330
331
332
1
333
333
333
333
333
333
333
333
333
333
333
333
333
333
333
333
333
333
333
333
333
333
333
333
333
333
333
333
333
333
333
333
333
333
333
333
333
333
333
333
333
333
333
333
333
333
333
333
333
333
333
333
333
333
333
333
333
333
333
333
333
333
333
333
333
333
333
333
333
333
333
333
333
333
333
333
333
333
333
333
333
333
333
333
333
333
333
333
333
333
333
333
333
333
333
333
333
333
333
333
333
333
333
333
333
333
333
333
333
333
333
333
333
333
333
333
333
333
333
333
333
333
333
333
333
333
333
333
333
333
333
333
333
333
333
333
333
333
333
333
333
333
333
333
333
333
333
333
333
333
333
333
333
333
333
488
488
488
488
488
488
488
488
488
488
488
488
488
488
488
488
488
360
506
367
508
368
510
369
512
400
514
408
516
409
518
411
520
412
522
414
524
416
526
417
528
423
530
434
532
436
534
437
536
441
538
443
540
444
542
446
544
447
546
461
548
550
552
462
554
462
556
558
462
560
463
562
463
564
566
463
568
464
570
464
572
574
464
576
466
578
468
580
469
582
584
470
586
472
588
473
590
474
592
475
594
476
596
477
598
477
600
478
602
479
604
481
606
482
608
483
610
484
612
484
614
485
616
487
618
478
50
1
622
622
622
622
622
622
622
622
622
622
622
622
622
622
622
622
622
622
622
622
622
622
622
622
622
622
622
622
622
622
622
622
622
622
622
622
622
622
622
622
622
622
622
622
622
622
622
622
622
622
622
622
622
622
622
622
622
622
622
622
681
683
682
685
177
34
1
689
689
689
689
689
689
689
689
689
689
689
689
689
689
689
689
689
689
689
689
689
689
689
689
689
689
689
689
689
689
689
689
689
689
689
689
689
689
689
689
689
689
689
689
689
689
689
689
689
689
689
689
689
689
689
689
689
689
689
689
689
689
689
689
689
689
689
689
689
689
689
689
689
689
689
689
689
689
689
689
689
689
689
689
689
689
689
689
689
689
695
701
1
782
782
782
782
782
782
782
782
782
782
782
782
782
782
782
782
782
782
782
782
782
782
782
782
782
782
782
782
782
782
789
813
815
789
817
790
819
821
790
823
791
825
827
791
829
792
831
833
792
835
793
837
839
793
841
794
843
845
794
847
795
849
851
795
853
796
855
857
796
859
797
861
797
863
797
865
798
867
869
871
799
873
799
875
799
877
800
879
881
883
801
885
887
801
889
802
891
893
802
895
803
897
804
899
901
804
903
805
905
907
805
909
805
911
806
913
915
806
917
806
919
807
921
923
807
925
807
927
808
929
931
808
933
808
935
809
937
939
810
941
943
811
945
947
812
949
812
951
794
1
955
955
955
955
955
955
955
955
955
955
955
955
955
955
955
955
955
955
955
955
955
955
955
955
955
955
955
955
955
955
955
955
955
955
955
955
955
955
955
955
955
955
955
955
955
955
955
955
955
955
955
955
999
1008
1
1010
1010
1010
1010
1010
1010
1010
1010
1010
1010
1010
1010
1010
1010
1010
1010
1010
1010
1010
1010
1010
1010
1010
1010
1010
1010
1010
1010
1010
1010
1010
1010
1010
1010
1010
1010
1010
1010
1010
1010
1010
1010
1010
1010
1010
1010
1010
1010
1010
1010
1010
1010
1010
1010
1010
1010
1010
1010
1038
1069
1038
1071
1041
1073
1041
1075
1041
1077
1041
1079
1041
1081
1042
1083
1042
1085
1042
1087
1059
1089
1059
1091
1060
1093
1060
1095
1061
1097
1062
1099
1062
1101
1103
1064
1105
1064
1107
1066
1109
1066
1111
1066
1113
1068
1115
1025
1025
1119
1120
1120
1120
1120
1120
1120
1120
1120
1120
1120
1120
1120
1120
1120
1129
1135
1135
1138
1140
1120
1142
1137
1
1145
1145
1145
1145
1145
1145
1145
1145
1145
1145
1145
1145
1145
1145
1145
1145
1145
1145
1145
1145
1145
1145
1145
1145
1145
1145
1145
1145
1145
1145
1145
1145
1145
1145
1145
1145
1145
1145
1145
1145
1145
1145
1145
1145
1145
1190
1190
1190
1190
1190
1190
1190
1190
1190
1190
1190
1190
1
1203
1203
1203
1203
1203
1203
1203
1203
1203
1203
1203
1203
1203
1214
1217
1215
1219
1
1221
1221
1221
1221
1221
1221
1221
1221
1221
1221
1221
1221
1221
1221
1221
1221
1221
1221
1221
1221
1221
1221
1221
1221
1221
1221
1221
1221
1221
1221
1221
1221
1221
1221
1221
1221
1221
1221
1221
1221
1221
1221
1221
1221
1221
1221
1221
1221
1221
1221
1221
1221
1221
1221
1221
1221
1221
1221
1221
1221
1221
1221
1221
1221
1221
1221
1221
1288
1288
1288
1288
1288
1288
1288
1288
1288
1288
1288
1288
1288
1288
1288
1288
1288
1288
1288
1288
1288
1288
1288
1288
1
1313
1313
1313
1313
1313
1313
1313
1313
1313
1313
1313
1313
1313
1313
1313
1313
1313
1313
1313
1313
1313
1313
1313
1313
1313
1313
1313
1313
1313
1313
1313
1313
1313
1313
1313
1313
1313
1313
1313
1313
1313
1313
1313
1313
1313
1313
1313
1313
1313
1313
1313
1313
1313
1313
1313
1313
1313
1313
1313
1313
1313
1313
1313
1313
1313
1313
1313
1313
1313
1313
1313
1313
1313
1313
1313
1313
1313
1313
1313
1313
1386
1394
1387
1396
1391
1398
1391
1400
1392
1402
1392
1404
1393
1406
1393
1408
1381
1
1411
1411
1411
1411
1411
1411
1411
1411
1411
1411
1411
1411
1411
1411
1411
1411
1411
1411
1411
1411
1411
1411
1411
1411
1411
1411
1411
1411
1411
1411
1411
1411
1442
1445
1446
1446
1446
1446
1446
1446
1446
1446
1446
1446
1446
1446
1446
1446
1446
1446
1446
1446
1446
1446
1446
1446
1446
1446
1446
1446
1446
1446
1446
1446
1446
1446
1446
1446
1446
1446
1446
1446
1446
1446
1458
1487
1458
1489
1458
1491
1446
1493
1495
1496
1496
1497
1499
1501
1503
1498
1505
1507
1509
1498
1497
1
1513
1513
1513
1513
1513
1513
1513
1513
1513
1513
1513
1513
1513
1513
1513
1513
1513
1513
1513
1513
1513
1513
1513
1513
1513
1513
1539
1539
1539
1539
1539
1545
1
1546
1546
1546
1546
1546
1546
1546
1546
1546
1546
1546
1546
1546
1546
1546
1546
1546
1546
1546
1546
1546
1546
1546
1546
1546
1546
1546
1546
1546
1546
1546
1546
1546
1579
1579
1579
1579
1579
1579
1579
1
1587
1587
1587
1587
1587
1587
1587
1587
1587
1587
1587
1587
1587
1587
1587
1587
1587
1587
1587
1587
1587
1608
1608
1610
1611
1595
1613
1613
1613
1617
1619
1596
1621
1621
1621
1587
1625
1625
1596
1629
1630
1630
1630
1630
1630
1630
1630
1630
1630
1630
1641
1642
1642
1642
1642
1642
1642
1642
1642
1642
1642
1642
1642
1642
1642
1642
1642
1642
1642
1652
1661
1651
1665
1666
1666
1666
1666
1666
1
1672
1672
1672
1672
1672
1672
1672
1672
1672
1672
1672
1672
1672
1672
1672
1672
1672
1672
1672
1672
1672
1672
1672
1672
1672
1672
1672
1672
1672
1672
1672
1672
1672
1672
1672
1672
1672
1672
1672
1672
1672
1672
1672
1672
1672
1672
1672
1672
1672
1672
1672
1672
1672
1672
1672
1672
1672
1672
1672
1672
1672
1672
1672
1672
1672
1672
1672
1672
1672
1672
1672
1672
1672
1672
1672
1672
1672
1672
1672
1672
1672
1672
1672
1672
1672
1672
1672
1672
1672
1672
1672
1672
1672
1672
1672
1672
1672
1672
1672
1672
1672
1672
1672
1672
1672
1672
1672
1672
1672
1672
1672
1672
1672
1672
1672
1672
1672
1672
1672
1672
1672
1672
1672
1672
1672
1672
1672
1672
1672
1672
1672
1672
1672
1672
1672
1672
1672
1672
1672
1672
1672
1672
1672
1672
1672
1672
1672
1672
1672
1672
1672
1672
1672
1672
1672
1672
1672
1672
1672
1672
1672
1672
1672
1672
1672
1672
1672
1672
1672
1672
1672
1672
1672
1672
1672
1672
1672
1672
1672
1672
1672
1672
1672
1672
1672
1672
1672
1859
1859
1859
1859
1859
1859
1859
1859
1859
1859
1859
1859
1859
1859
1859
1859
1859
1859
1859
1859
1859
1859
1859
1859
1859
1859
1859
1859
1859
1859
1859
1859
1859
1859
1859
1859
1859
1859
1859
1859
1859
1859
1859
1859
1859
1859
1859
1859
1859
1859
1859
1859
1859
1859
1859
1859
1859
1859
1859
1859
1859
1859
1859
1859
1859
1859
1859
1859
1859
1859
1859
1859
1859
1859
1859
1859
1859
1859
1859
1859
1859
1859
1859
1859
1859
1859
1859
1859
1859
1859
1859
1859
1859
1859
1859
1859
1694
1956
1810
1958
1826
1960
1828
1962
1830
1964
1841
1966
1841
1968
1841
1970
1841
1972
1841
1974
1842
1976
1842
1978
1842
1980
1718
1711
1718
1706
1706
1702
1703
1709
1709
1707
1707
346
346
1691
1696
1696
1696
1698
1698
1698
1700
1731
1732
1718
1718
1741
1741
1665
2009
2009
2009
2009
2009
2009
2015
109
886
886
1068
1770
664
664
1127
1127
1127
1001
1001
1001
1001
1776
700
832
832
441
1132
1725
1725
1175
395
1731
1731
1763
1715
1715
775
775
1386
1597
1464
1464
1464
1464
1252
1252
1252
778
1131
347
347
347
197
197
426
31
31
31
668
668
668
668
790
790
790
1556
1556
1556
162
162
162
1254
1254
1254
462
462
1044
1044
1044
1044
1045
1045
1045
1045
1045
1063
178
1355
1355
1697
1697
1697
1026
1056
1056
451
451
1032
1032
1794
713
680
680
680
1822
1822
1822
930
930
1357
1357
1133
16
16
980
980
980
980
1187
1841
1841
1841
1841
1362
1362
1362
803
803
803
655
655
360
360
1231
1231
1231
1535
1535
1535
430
457
457
200
200
200
1057
1057
1310
1310
1310
1310
1310
1310
1310
1310
1310
1310
1310
1310
1310
1310
1310
1310
1310
1310
1310
1310
1310
379
435
1379
1379
659
659
791
791
791
225
1280
1280
1280
1280
1280
1280
1280
1280
1280
1280
1280
1280
1280
1280
1280
1280
1280
1280
1280
1280
1280
1280
1280
671
671
749
969
1432
1432
1202
1420
1420
1420
1420
1420
394
221
1392
1392
1392
1392
1392
1244
1244
1244
1571
1571
1571
1571
1571
1819
1819
277
1441
1441
165
165
165
1037
1037
315
8
8
14
14
677
677
1393
1393
1393
1393
1393
646
1528
708
1808
965
965
965
965
965
965
1053
1053
1380
1189
1189
1213
1213
1157
1157
1157
218
1604
1604
874
653
653
653
725
725
711
982
982
982
982
1850
1850
22
1232
1232
1232
414
1048
1048
474
474
1460
1460
463
463
1552
1552
1377
1328
1072
765
1322
799
799
799
656
656
656
410
1699
1699
1699
1840
1840
402
1846
1846
1846
1846
459
1636
1636
1636
1636
1022
192
192
192
192
192
172
172
172
172
180
752
1434
1701
1565
706
431
1234
1234
1234
1128
1128
1128
1128
231
423
1747
1368
1851
1851
1475
1475
1475
1036
1036
146
1271
1799
1775
1282
1282
1282
1282
1282
1282
1282
1282
1282
1282
1282
1282
1282
1282
1282
1282
1282
1282
1282
1282
1282
1282
1282
1576
1182
1182
1182
1182
1182
1182
1182
1182
1182
1182
1967
1006
1006
1006
1006
750
972
972
1265
1265
1265
979
979
979
979
1607
1462
1462
1624
316
1744
1744
1786
1786
660
660
660
892
892
278
448
1757
1391
1391
1391
1391
1391
1551
1519
1519
1000
1000
1000
1000
1164
1164
1164
1343
1622
774
774
774
774
1522
1522
1522
18
18
1456
1456
1456
1039
1039
1559
1559
1559
108
13
13
358
358
358
987
987
987
987
363
777
202
202
202
420
420
420
738
738
195
406
1735
1735
232
1659
1659
1465
704
767
764
1250
1250
1250
640
1245
1245
1245
480
1356
1356
419
419
419
419
702
223
223
709
196
196
1216
1798
1459
1459
755
1730
1730
1800
826
826
2012
2012
1691
154
154
154
154
154
28
28
812
812
812
812
812
1033
1033
375
375
1847
1847
1523
1523
1523
1600
1599
1276
650
650
650
976
976
976
976
443
639
458
1094
455
808
808
808
808
1050
1050
1256
1256
1256
667
746
742
742
742
1352
1352
1713
1713
369
404
1170
1170
1170
1853
1853
158
158
158
1534
1534
1534
822
1570
1570
1570
1570
1570
740
814
814
1183
1183
1183
1183
1183
1183
1183
1183
1183
1183
644
644
1454
1454
1454
1454
1454
1454
1454
1454
1454
1454
1454
1454
1454
1454
1454
1454
1454
1454
1454
1454
1454
1454
1454
1454
1454
1454
1454
1454
1843
1843
1843
1843
412
413
981
981
981
981
352
390
862
461
776
776
776
1369
1369
1369
367
1155
1155
1155
727
727
1638
288
729
729
1718
1718
638
638
638
638
1585
1585
1585
1585
1585
432
1767
168
168
168
168
168
672
1361
1361
1361
160
160
160
1263
1263
1263
1796
1658
1658
1658
422
988
988
1108
1427
1427
1427
1427
1473
92
1436
1436
1436
1436
215
199
199
199
193
1710
1710
1710
694
1795
370
370
370
632
1577
403
1342
1342
1845
1845
1845
1845
676
349
349
1188
1650
1650
1719
1719
1828
1828
1828
1828
1828
1858
811
1161
1161
1161
373
1626
381
1479
1479
1336
788
788
788
1721
1721
357
1151
715
1277
1259
1259
1259
436
557
1247
1247
1247
681
175
175
175
175
1781
364
1578
1578
983
983
1156
1156
1156
228
1051
1051
1651
1651
1651
1695
1695
1695
1346
1346
1855
1855
758
1387
670
670
670
1812
1812
1812
1366
1366
262
779
27
27
1823
1823
1823
400
1176
1176
428
868
450
450
1422
233
1733
1733
658
658
658
658
1179
386
371
1784
1784
206
206
206
206
686
445
1768
1703
1826
630
719
1521
1521
1521
1722
1722
1158
1158
1158
1482
1482
1482
797
797
797
1359
1359
1359
208
208
208
486
1732
1732
1237
1237
1237
1595
433
743
1601
1601
1601
1803
1803
1803
1350
1419
438
427
1506
355
355
355
355
212
212
1543
1543
1543
344
344
344
344
1375
2014
2014
2014
2014
456
456
1727
1727
1181
1181
1181
1181
1181
1181
1181
1181
1181
1181
198
198
198
978
978
978
978
978
1269
1269
1269
952
1728
1728
1702
1274
1833
1833
1184
1425
1485
20
20
1172
641
1690
1690
1690
1382
1382
1098
1440
1440
17
17
1592
1592
1592
1592
350
739
739
122
844
844
380
1687
1687
204
204
204
1159
1159
1159
838
838
401
401
968
1253
1253
1253
1602
398
1167
1167
1167
477
477
384
384
483
802
802
802
1311
1311
1311
1311
1311
1311
1311
1311
1311
1311
1311
1311
1311
1311
1311
1311
1311
1311
1311
1311
1311
1311
1751
1751
748
999
999
999
999
705
437
1207
1207
1207
1758
966
1526
1526
1526
1526
1779
1442
1442
1442
1442
442
997
997
997
997
997
997
997
1809
1717
1717
1267
1267
1267
1749
1372
1372
573
1742
1742
1742
377
377
377
1160
1160
1160
361
361
1090
1229
1229
1229
1724
1724
1470
1470
1470
1470
1470
1470
1284
1284
1284
1284
1284
1284
1284
1284
1284
1284
1284
1284
1284
1284
1284
1284
1284
1284
1284
1284
1284
1214
1760
1438
1043
1043
1043
1043
753
1208
356
1720
1720
1348
722
1605
977
977
977
977
1817
1817
1817
1811
1811
1573
1573
1573
1573
1573
773
773
773
773
1363
1363
1363
362
362
362
409
792
792
792
631
631
631
631
631
631
1020
1285
1704
1704
1704
1745
1745
575
1542
1542
1042
1042
1042
1042
737
737
1707
1707
302
396
1040
1180
1180
1180
1180
1180
1180
1180
1180
1180
1180
1455
1455
1455
1455
970
100
663
663
1171
996
996
996
996
996
996
996
1591
1591
1591
1345
366
651
651
1238
1238
1238
1067
766
1668
1668
1705
1137
1137
1137
1215
900
900
1531
177
177
1637
1637
210
210
210
210
1074
1572
1572
1572
1572
1572
1130
1334
1560
1560
1560
1384
1384
1754
993
993
993
1443
1443
1443
757
1349
1279
1279
1279
1279
1279
1279
1279
1279
1279
1279
1279
1279
1279
1279
1279
1279
1279
1279
1279
1279
1279
1279
1279
1200
1200
1200
1200
1200
1200
1200
1200
1200
642
1435
1639
1639
1639
1374
1374
151
151
151
151
1692
1692
1692
1815
1815
1168
1168
1168
1752
649
649
649
806
806
806
806
699
391
657
657
657
214
214
820
820
1268
1268
1268
1520
1520
1520
798
798
798
1023
880
665
665
665
1353
1353
1358
1358
1472
1472
1472
1472
1472
1472
1049
1471
1471
1471
1471
1471
1471
718
1169
1169
1169
1169
58
1660
1660
1660
1810
661
661
661
1788
1320
1320
1320
1320
1426
1426
1426
1426
1568
454
1173
1173
1173
1173
1173
1173
1173
1173
1173
1173
1173
1154
1849
1849
1761
424
1825
1242
1242
1242
1797
1385
1385
1437
163
163
163
1153
1153
1153
760
405
761
382
382
359
383
1330
1738
1738
1764
1614
1614
1614
1614
769
769
769
1469
1469
1469
1469
1469
1469
167
167
167
167
464
464
471
1025
1243
1243
1243
1084
30
30
30
1729
1729
1364
1364
1364
216
1260
1260
1260
1266
1266
1266
372
1777
703
1804
1162
1162
1162
1235
1235
1235
179
194
194
194
194
194
418
439
648
648
648
1689
1335
906
906
1378
1378
1755
914
914
1060
1060
1060
1060
1476
1476
1476
1765
389
1021
1021
42
1370
1370
230
809
201
201
201
756
1538
1480
1480
1480
1480
1480
1480
796
796
796
1201
1201
1201
1201
1201
1201
1201
1201
1201
1201
1698
1698
1429
1429
1429
1429
425
1787
1762
345
1652
726
726
1007
1007
1007
1007
203
203
203
1331
1331
465
465
1227
1227
770
770
770
1029
1029
673
1003
1003
1003
1003
21
1019
1019
1019
1019
368
217
217
1773
1558
1558
1558
759
211
211
211
793
793
793
482
482
482
1829
1829
1829
789
789
789
669
751
973
973
973
973
473
473
1963
723
1052
1052
1389
1102
1709
1709
447
447
1239
1239
1239
94
732
732
222
222
9
1594
1594
11
1820
701
1340
1340
261
1957
1957
467
467
1716
1716
1780
15
417
485
754
224
224
720
260
260
1061
1061
1061
1852
1852
149
1736
1736
1228
1228
1228
365
365
365
1055
1055
1737
1737
1790
1421
795
795
795
795
1431
1431
1047
1047
1047
1047
1477
1477
1791
1748
159
159
159
52
1262
1262
1262
1837
1837
728
728
54
994
994
994
1842
1842
1842
1842
1458
1458
1458
1458
393
1649
1649
1649
693
693
693
1500
1771
164
164
164
164
164
1035
1035
1062
1062
1062
1439
1241
1241
1241
1433
1708
1708
1708
1341
1616
1467
1467
1467
1467
1209
1746
1746
1667
1667
762
1706
1706
1782
1782
415
1383
1834
1834
1178
1178
1178
23
1272
1272
1272
1272
1272
1272
1272
1272
1272
1272
1272
1272
1272
1272
1272
1272
1272
1272
1272
1272
1272
1272
1272
1807
169
169
169
169
169
155
155
155
155
155
399
1756
408
721
388
388
1714
1714
1185
1430
1430
1430
1430
1373
1373
351
1854
1854
1750
1750
1839
1839
674
1390
1390
1390
772
772
772
772
1977
850
850
1836
1836
1321
1774
805
805
805
805
207
207
207
207
12
12
1177
1186
1186
1186
1186
1186
1186
1186
1186
1186
1818
1818
1818
174
174
174
376
376
898
453
1347
1593
1593
733
733
1270
992
992
992
992
717
1844
1844
1844
1844
1844
1226
487
487
1533
1533
1533
209
209
209
209
734
734
444
1483
1696
1696
1463
1463
1830
1830
1830
1830
1830
1793
161
161
161
205
205
205
205
1575
1575
1575
1575
707
1474
1474
1474
768
166
166
166
166
678
678
678
1805
1034
1034
1835
1835
1827
1827
1827
1066
1066
1066
1066
1536
1536
1536
289
975
975
1590
1248
1248
1248
971
1360
1360
1360
643
643
1766
810
1857
1783
1783
1264
1264
1264
1606
1606
116
1778
1059
1059
1059
1059
1753
1610
1610
1610
1038
1038
1038
354
354
647
1212
1212
170
170
170
170
452
452
1249
1249
1249
25
25
25
1623
724
227
747
747
747
1312
1002
1002
1002
1002
645
645
1584
1584
1584
1584
460
397
1711
1711
1740
1740
1024
1024
1165
1165
1165
1371
1371
1381
1688
157
157
157
157
1251
1251
1251
565
932
1518
1586
1723
1723
1856
1856
710
1230
1230
1230
147
147
147
147
147
147
385
714
1211
716
991
991
991
964
744
1712
1712
1712
1004
1004
1004
1004
1544
1620
1344
662
662
662
1261
1261
1261
794
794
794
652
652
652
985
985
1694
411
1233
1233
1233
19
19
807
807
807
807
1005
1005
1005
1005
1240
1240
1240
1801
1741
1741
1054
1054
1258
1258
1258
1041
1041
1041
1041
440
1163
1163
1163
1789
771
771
771
1166
1166
1166
1769
735
735
1743
1743
990
990
990
990
1388
763
1772
856
856
1555
1555
1555
745
745
1792
1598
1598
984
226
226
712
176
176
176
407
407
148
1255
1255
1255
1428
1428
675
675
1236
1236
1236
1283
152
152
152
152
152
152
804
804
804
1046
1046
1046
1046
348
995
995
995
1554
1554
1554
1838
1838
1104
696
989
989
989
989
989
989
1323
2011
2011
1453
1453
1453
1453
1453
1453
801
801
801
1287
1287
922
922
1246
1246
1246
416
1739
1739
353
353
353
378
1064
1064
1064
1064
1693
730
730
449
472
118
421
392
1806
731
731
387
301
1557
1557
1557
682
1114
741
1281
1281
1281
1281
1281
1281
1281
1281
1281
1281
1281
1281
1281
1281
1281
1281
1281
1281
1281
1281
1281
1281
1281
1965
219
219
1813
1813
679
679
434
1759
26
26
26
1376
1376
1365
1365
1365
32
32
1563
1563
1563
1563
1563
1563
654
654
654
986
986
986
986
1700
1700
974
974
974
974
633
1275
10
1339
1612
173
736
1031
1031
1367
1367
1152
1152
1802
1030
1030
1785
1785
1354
1286
229
1351
1848
171
171
484
29
29
29
1618
213
213
213
429
1478
1553
1553
1553
1257
1257
1257
1824
1824
666
800
800
800
220
220
1726
1726
1065
1278
1814
1814
1734
1734
1210
153
153
153
153
153
343
783
783
1515
1548
1677
1677
336
336
1147
1588
1588
1317
1317
4
4
2010
1016
1016
1223
1644
1117
1118
1982
1640
1983
1984
1985
1986
1987
1988
1989
1990
1991
1992
687
688
1996
1997
1998
1999
2000
2001
2002
2003
2004
2005
2006
2007
2008
1444
