2
3
4
5
6
7
8
9
10
11
12
13
14
15
16
17
18
19
20
21
22
23
24
25
26
27
28
29
30
31
32
33
34
35
36
37
38
39
40
41
42
43
44
45
46
47
48
49
50
51
52
53
54
55
56
57
58
59
60
61
62
63
64
65
66
67
68
69
70
71
72
73
74
75
76
77
78
79
80
81
82
83
84
85
86
87
88
89
90
91
92
93
94
95
96
97
98
99
100
101
102
103
104
105
106
107
108
109
110
111
112
113
114
115
116
117
118
119
120
121
122
123
124
125
126
127
128
129
130
131
132
133
134
135
136
137
138
139
140
141
142
143
144
145
146
148
149
150
151
152
153
154
155
156
157
158
159
160
161
162
163
164
165
166
167
168
169
170
171
172
173
174
175
176
177
178
179
180
182
183
184
185
186
187
188
189
190
191
192
193
194
195
196
197
198
199
200
201
202
203
204
205
206
207
208
209
210
211
212
213
214
215
216
217
219
220
221
222
223
224
225
226
227
228
229
230
231
232
233
234
235
236
237
238
239
240
241
242
244
245
246
247
248
249
250
251
252
253
254
256
257
258
259
260
261
262
263
264
265
266
267
268
269
270
271
272
273
274
275
276
277
278
279
280
281
282
283
284
285
286
287
288
289
290
291
292
293
294
295
296
297
298
299
300
301
302
303
304
305
306
307
308
309
310
311
312
313
314
315
316
317
318
319
320
321
322
323
324
325
326
327
328
329
330
331
332
333
334
335
336
337
338
339
340
341
342
343
344
345
346
347
348
350
351
352
353
354
355
356
357
358
359
360
361
362
363
364
365
366
367
368
369
370
371
372
373
374
375
376
377
378
379
380
381
382
383
384
385
386
387
388
256
356
310
275
93
257
258
259
260
306
387
276
266
83
74
123
72
74
123
276
266
266
275
276
266
148
150
149
308
266
275
303
365
275
92
171
73
364
275
310
275
73
72
113
386
357
265
307
266
269
272
304
303
261
265
264
263
262
316
276
310
314
279
301
302
291
113
310
275
339
276
266
294
283
284
263
21
310
359
353
275
375
387
357
313
266
335
337
265
276
372
37
276
306
276
266
310
310
92
276
310
263
341
79
78
276
375
304
387
93
37
92
72
375
71
276
310
275
329
317
275
276
286
298
293
300
289
285
290
281
288
287
299
295
280
292
282
296
330
297
264
234
276
278
341
262
335
276
310
359
264
174
175
167
260
37
276
378
74
73
275
73
83
92
92
367
275
275
275
340
154
153
152
174
167
47
46
123
72
278
74
123
73
87
346
340
339
276
266
275
175
168
74
73
136
171
276
375
386
357
275
168
153
152
92
321
275
343
270
276
309
276
154
153
92
130
261
375
171
275
275
123
97
96
265
338
338
310
275
276
360
276
276
375
21
136
381
168
313
275
74
123
72
335
310
319
263
262
275
275
