1
2
2
2
2
2
2
2
2
2
2
2
2
2
2
2
2
2
2
20
20
20
20
20
20
20
20
20
29
5
31
2
33
33
33
33
33
39
40
40
40
40
40
40
40
40
40
40
40
40
40
40
40
40
40
40
40
40
40
40
40
40
40
40
40
40
40
40
40
40
40
40
40
40
40
40
40
46
45
77
77
48
47
86
87
87
87
87
87
87
87
87
87
87
87
87
87
87
87
103
86
104
104
104
104
104
104
104
104
104
104
104
104
104
104
104
104
104
104
104
104
104
104
104
104
104
104
104
104
104
117
118
119
119
120
121
116
141
142
142
142
142
142
142
142
142
142
142
142
142
142
142
142
142
142
142
142
142
142
142
142
142
142
142
142
142
142
142
142
142
142
142
142
142
142
142
142
142
142
142
142
142
142
142
142
142
142
142
142
142
142
142
142
142
142
142
142
142
142
142
142
142
142
142
142
142
142
142
142
142
142
142
142
142
142
142
142
142
142
142
142
142
142
142
142
142
142
142
142
142
142
142
142
142
142
142
142
241
241
142
244
244
244
244
244
244
244
142
252
252
252
142
256
256
256
165
260
142
262
262
262
262
262
262
262
262
262
262
262
262
262
262
262
262
262
262
262
262
262
262
262
262
262
262
262
262
262
262
262
262
262
262
262
262
262
262
262
142
302
39
304
304
304
304
304
304
304
304
304
304
304
304
304
304
304
304
304
304
304
304
304
304
304
304
304
304
304
304
304
304
304
304
304
304
304
304
304
304
304
304
304
304
304
304
304
304
304
304
304
304
304
304
304
304
304
304
304
39
362
362
362
362
362
362
362
362
362
362
362
362
362
362
362
362
362
362
362
362
362
362
362
362
362
362
362
362
362
362
362
362
362
362
362
362
362
362
362
362
362
362
362
362
362
362
362
362
362
362
362
362
362
362
362
362
362
362
362
362
362
362
362
362
362
362
362
362
362
362
362
362
362
362
362
362
362
362
362
362
362
362
362
362
362
362
362
362
362
362
362
362
362
362
362
362
362
362
391
391
391
391
239
239
216
382
382
382
382
382
233
279
436
436
101
101
313
313
316
316
323
323
323
323
323
384
384
71
276
222
385
385
385
385
15
15
15
15
15
15
15
15
15
449
79
203
218
240
240
339
339
443
301
301
301
301
301
301
301
301
301
301
301
301
301
301
301
297
24
24
24
24
24
24
235
229
265
125
125
125
125
125
299
322
322
444
271
373
373
70
69
288
288
288
288
9
9
274
428
428
428
370
370
369
369
37
420
415
415
415
415
27
284
97
97
97
97
97
97
19
19
115
267
267
314
314
386
386
386
386
412
317
317
119
119
282
419
446
16
206
206
334
292
292
217
219
258
318
318
378
378
378
378
378
378
287
287
287
234
266
266
368
368
346
395
395
395
395
380
380
380
380
380
344
408
289
289
289
289
289
440
440
18
18
226
296
11
11
433
433
433
12
377
377
220
259
116
116
347
390
390
390
390
224
28
121
121
209
281
310
310
204
8
205
427
427
427
441
441
441
441
441
396
396
396
396
374
374
228
389
389
17
17
17
383
383
383
383
383
414
414
414
414
117
117
366
366
366
366
366
366
118
118
448
367
367
367
367
94
94
94
94
278
341
341
236
201
201
365
365
365
365
38
38
114
114
114
114
451
451
290
450
72
343
320
320
231
291
6
6
392
392
392
392
431
431
431
398
398
398
398
294
294
283
126
126
126
439
439
207
207
207
127
127
127
285
221
238
437
437
30
442
77
77
77
77
77
77
77
77
77
77
77
77
77
77
77
77
77
77
77
77
77
77
77
77
77
77
77
77
77
77
77
77
77
77
77
77
77
77
77
77
77
77
77
77
77
77
77
77
77
77
77
77
77
77
77
77
77
77
77
77
77
77
77
77
77
77
352
352
354
354
447
237
36
14
375
375
342
35
327
327
223
307
307
307
307
307
307
307
307
307
307
307
307
225
387
387
387
387
232
300
381
381
399
399
399
399
399
413
413
413
413
255
255
321
321
372
372
273
371
371
212
128
128
128
376
376
10
10
351
326
326
230
230
98
411
319
319
394
394
325
325
295
227
348
388
388
388
388
269
268
293
293
210
311
311
315
315
73
379
379
275
410
96
96
96
200
200
200
200
400
400
400
400
400
445
13
213
277
286
286
286
286
26
350
132
434
434
434
312
312
312
312
353
353
215
32
32
452
452
298
397
397
397
397
393
393
393
393
74
254
254
401
401
401
401
401
453
453
202
202
430
430
430
402
402
402
402
208
272
261
438
438
455
455
120
120
270
349
214
340
340
345
280
211
324
324
324
324
324
324
324
324
324
409
170
147
112
192
192
253
3
5
58
165
193
193
173
52
171
171
171
82
82
83
83
83
83
83
83
83
83
83
83
83
83
83
83
83
83
83
83
83
83
83
83
83
83
83
83
83
83
