2
3
4
5
6
7
8
9
10
11
12
13
14
15
16
17
18
19
20
21
22
23
24
25
26
27
28
29
30
31
32
33
34
35
36
37
38
40
41
42
43
44
45
46
47
48
49
50
51
52
53
54
55
56
57
58
59
60
61
62
63
64
65
66
67
68
69
70
71
72
73
74
75
76
77
78
79
80
81
82
83
84
85
86
87
88
89
90
91
92
93
41
97
98
99
100
101
102
103
104
105
106
107
108
109
110
111
112
113
114
115
116
117
118
119
120
121
122
123
124
125
126
127
128
129
130
131
132
133
134
135
136
137
138
139
140
141
142
143
144
145
146
147
148
149
150
151
152
153
154
155
156
148
149
159
160
161
162
163
164
166
167
168
169
170
171
172
173
174
175
176
177
178
179
180
181
182
183
184
185
186
187
188
189
190
191
192
193
194
195
196
197
198
199
200
201
202
203
204
205
206
207
208
209
210
211
212
213
214
215
216
217
218
219
220
221
222
223
224
225
226
227
228
229
230
231
232
233
234
235
236
237
238
239
240
241
242
243
244
245
246
247
248
249
250
251
252
253
254
255
256
257
258
254
256
261
262
257
264
266
267
268
269
270
271
272
273
274
275
276
277
278
279
280
281
282
283
284
285
286
287
288
289
290
291
292
293
294
295
296
297
298
299
300
301
302
303
304
305
306
307
308
309
310
311
312
313
314
315
316
317
318
319
320
321
322
323
324
325
326
327
328
329
330
331
332
333
334
335
336
337
338
339
340
341
342
343
344
345
346
347
348
349
350
351
352
353
354
355
356
357
358
359
360
361
362
363
364
366
367
368
369
370
371
372
373
374
375
376
377
378
379
380
381
382
383
384
385
386
387
388
389
390
391
392
393
394
395
396
397
398
399
400
401
402
403
397
405
406
407
408
409
410
411
412
413
414
416
417
418
419
420
421
422
423
424
425
426
427
428
429
430
431
432
433
434
435
436
437
438
439
440
441
442
443
444
445
446
447
448
449
450
451
452
453
454
455
456
457
458
459
460
461
462
463
464
465
466
467
468
469
470
471
472
473
474
475
476
477
478
479
480
481
482
483
484
485
486
487
488
489
490
491
492
493
494
495
496
497
498
499
500
501
502
503
504
505
506
507
508
509
510
511
512
513
514
515
516
517
518
519
520
521
522
523
524
525
526
527
528
529
530
531
532
533
534
535
536
537
538
539
540
541
542
543
544
545
546
547
548
549
550
551
552
553
554
555
556
557
558
559
560
561
562
563
564
565
566
567
568
569
570
571
572
573
574
575
576
577
578
579
580
581
582
583
584
585
586
587
589
590
591
592
593
594
595
596
597
598
599
600
601
602
603
604
605
599
40
265
55
55
40
572
511
514
474
471
470
507
575
514
570
474
455
255
40
258
40
468
75
75
478
474
536
88
88
50
83
489
474
601
605
484
474
502
474
500
501
416
476
474
416
536
461
476
514
474
560
364
385
383
75
121
419
457
536
536
511
474
362
505
500
501
503
419
440
467
462
466
442
441
418
445
416
416
536
440
465
416
55
600
10
7
9
3
536
474
503
362
385
384
234
233
536
474
510
387
388
383
233
416
416
563
536
536
514
474
560
492
474
232
489
474
267
541
514
474
267
536
481
474
593
576
416
518
7
234
233
387
383
478
474
536
526
476
514
474
560
267
492
474
28
21
536
377
267
363
444
515
172
44
536
530
456
458
474
496
531
558
514
502
474
500
501
149
146
258
379
561
536
469
489
474
536
515
227
573
512
514
474
546
575
514
487
474
226
267
147
148
149
75
65
474
498
233
463
536
573
514
474
474
501
459
531
20
27
228
572
511
514
474
448
29
22
446
536
481
474
234
233
420
419
514
474
560
575
514
486
545
474
573
512
514
474
484
474
53
50
52
51
583
41
582
579
581
580
586
40
588
466
511
474
233
507
575
514
570
474
541
514
474
267
42
20
27
541
481
514
474
267
416
28
21
363
45
502
474
267
416
593
594
592
595
536
147
148
149
75
65
488
474
234
233
441
419
439
481
474
267
416
11
10
9
590
474
498
234
233
536
363
416
226
474
500
466
87
50
49
84
368
367
41
370
369
258
379
40
375
373
377
80
377
536
384
383
75
375
388
572
511
514
474
572
514
474
383
375
573
512
514
474
537
536
71
536
7
4
9
44
43
45
82
474
498
445
518
518
5
7
9
536
478
474
460
473
43
362
82
80
80
547
136
566
550
514
559
564
567
560
571
541
568
575
126
557
545
570
543
128
573
544
127
129
504
556
132
548
130
569
546
572
131
574
133
540
549
553
565
542
122
103
116
100
112
109
110
114
107
124
99
98
123
111
106
117
104
101
105
108
102
125
115
113
536
416
518
233
474
498
486
474
364
384
383
88
472
484
474
384
383
75
373
226
148
147
145
46
487
474
88
492
488
481
489
474
496
483
510
427
424
431
416
454
80
462
476
514
474
560
467
507
474
547
575
488
514
474
536
541
514
474
267
384
75
527
518
474
501
474
510
536
75
474
496
443
6
7
9
474
500
228
91
80
88
513
474
445
518
596
267
495
474
512
474
476
474
536
387
383
464
227
476
514
474
560
536
234
233
536
536
530
449
377
502
474
484
474
518
487
474
267
536
75
598
591
592
439
416
416
576
547
575
488
514
474
364
147
148
149
75
65
451
536
561
536
227
11
388
573
514
474
149
146
258
474
506
172
416
486
474
255
453
486
474
536
573
512
514
474
68
66
67
69
70
572
511
514
474
536
527
518
547
575
488
514
474
486
474
151
149
146
258
447
572
514
474
387
383
513
574
514
474
232
445
536
88
416
474
498
513
474
29
22
536
228
81
452
512
474
228
536
65
492
481
489
474
496
427
424
431
416
267
450
515
254
254
518
590
530
530
518
518
416
530
530
515
526
518
526
40
254
377
383
375
149
146
258
149
146
258
147
148
149
75
65
147
148
149
75
65
147
148
149
75
65
547
550
556
559
569
546
571
568
557
545
570
540
553
565
122
103
105
108
112
102
109
110
107
123
113
111
106
104
574
125
50
51
41
580
40
588
255
377
379
377
373
383
375
149
146
258
41
369
40
