1
2
2
2
2
2
2
2
2
2
2
2
2
2
7
17
18
18
18
18
18
18
18
18
18
18
18
18
18
18
18
18
18
18
18
18
18
18
18
18
18
18
18
18
18
47
47
47
18
51
51
51
51
51
51
51
51
51
51
51
51
51
51
51
51
51
51
51
51
18
72
72
72
72
72
72
33
33
81
34
1
83
83
83
83
83
83
83
83
83
83
83
83
83
83
83
83
83
83
83
83
7
12
12
13
13
13
67
67
67
101
101
101
34
34
34
34
34
34
34
34
91
89
97
94
94
87
87
90
40
61
61
9
11
44
44
71
71
71
71
71
71
71
71
71
65
65
65
92
29
29
29
29
29
29
29
29
29
29
29
29
29
29
29
29
29
29
15
30
30
64
64
64
60
99
35
35
35
35
35
35
35
69
69
69
66
66
66
39
33
33
33
33
33
33
33
36
36
36
36
36
36
36
36
63
63
63
96
10
93
102
102
102
98
6
6
95
7
7
7
88
88
88
8
70
70
70
103
100
45
46
46
46
46
62
62
43
43
38
38
38
38
38
38
38
38
38
32
32
32
32
32
68
68
68
14
14
14
20
24
23
53
56
57
79
79
80
80
82
82
