2
3
4
5
6
7
8
9
10
11
12
13
14
15
16
18
19
20
21
22
23
24
25
26
27
28
29
30
31
32
33
34
35
36
37
38
39
40
41
42
43
44
45
46
47
48
49
50
51
52
53
54
55
56
57
58
59
60
61
62
63
64
65
66
67
68
69
70
71
72
73
74
75
76
77
78
79
80
34
82
83
84
85
86
87
88
89
90
91
92
93
94
95
96
97
98
99
100
101
102
103
104
5
3
5
3
4
57
51
72
85
86
84
38
36
35
26
73
27
72
72
84
84
84
86
84
85
84
84
28
54
51
3
3
21
22
56
73
55
57
52
54
18
18
72
56
51
72
84
21
24
23
27
55
58
53
26
22
59
19
56
57
52
20
54
51
51
3
32
19
56
51
72
52
84
77
78
75
74
76
72
72
57
51
72
56
51
72
28
34
26
24
25
28
23
20
37
77
78
75
74
76
72
72
53
51
47
84
3
84
85
86
84
84
3
4
84
5
3
4
85
86
84
3
59
58
51
84
84
45
33
21
22
25
55
51
21
22
26
77
78
75
74
20
76
72
72
33
44
21
22
25
57
51
72
5
3
4
47
72
72
47
72
72
34
23
34
24
26
27
