1
2
2
2
2
2
2
2
2
2
2
2
2
2
2
2
2
2
2
2
2
2
2
2
2
2
2
2
2
2
2
2
2
23
36
37
37
37
37
37
37
37
37
37
37
37
37
37
37
37
37
37
37
37
37
37
37
37
37
37
37
37
37
37
37
37
37
23
71
72
72
72
72
72
72
72
72
72
72
72
72
72
72
72
73
89
90
90
90
90
90
90
90
90
90
90
90
90
90
90
90
90
90
90
90
90
90
90
90
90
90
90
90
90
90
90
90
90
23
124
125
125
125
125
125
125
125
125
125
125
125
125
125
125
125
73
71
142
142
142
142
142
142
142
142
142
142
142
142
142
142
142
142
142
142
142
142
142
142
142
142
142
142
142
142
142
142
142
142
23
1
176
176
176
176
176
176
176
176
176
176
176
176
176
176
176
73
193
194
194
194
194
194
194
194
194
194
194
194
194
194
194
194
194
194
194
194
194
194
194
194
194
194
194
194
194
194
194
194
194
23
228
229
229
229
229
229
229
229
229
229
229
229
229
229
229
229
229
229
229
229
229
229
229
229
229
229
229
229
229
229
229
229
229
23
89
263
263
263
263
263
263
263
263
263
263
263
263
263
263
263
73
228
280
280
280
280
280
280
280
280
280
280
280
280
280
280
280
73
193
297
297
297
297
297
297
297
297
297
297
297
297
297
297
297
73
124
314
314
314
314
314
314
314
314
314
314
314
314
314
314
314
314
314
314
314
314
314
314
314
314
314
314
314
314
314
314
314
314
23
