1
2
2
2
2
2
2
2
2
2
2
2
2
2
2
2
2
2
2
2
2
2
2
2
2
2
2
2
2
2
2
2
2
2
2
2
2
2
2
2
2
2
2
2
2
2
2
2
2
2
2
2
2
2
2
2
2
2
2
2
2
2
2
2
2
2
2
2
2
46
71
71
74
75
76
77
78
79
80
81
82
82
82
82
82
82
82
82
82
82
82
82
82
82
82
82
82
82
82
82
82
82
82
82
82
82
82
82
82
82
82
82
82
82
82
82
82
82
82
82
82
82
82
82
82
82
82
82
82
82
82
82
82
82
82
97
138
82
140
140
140
140
140
140
140
82
148
82
150
150
150
82
154
154
154
154
154
154
82
161
161
161
161
161
161
161
161
161
82
171
171
171
171
171
171
171
171
171
171
171
171
82
184
184
184
184
184
184
192
192
120
120
131
131
197
198
1
199
199
199
199
199
199
199
199
199
199
199
199
199
199
199
199
199
199
199
199
199
199
199
199
199
199
199
199
199
199
199
199
199
199
199
199
199
199
199
199
199
199
199
199
199
199
199
199
199
199
199
199
199
199
199
199
199
199
199
199
199
199
199
199
199
199
199
199
199
199
199
199
199
199
199
199
199
199
199
199
199
199
199
199
199
199
199
199
199
199
199
237
291
291
294
296
297
298
299
300
301
302
302
302
302
302
302
302
302
302
302
302
302
302
302
302
302
302
302
302
302
302
302
302
302
302
302
302
302
302
302
302
302
302
302
302
302
302
302
302
302
302
302
302
302
302
302
302
302
302
302
302
302
302
302
302
302
302
302
302
302
302
302
302
302
302
302
302
302
302
302
302
302
302
302
302
302
302
302
302
302
302
302
302
302
302
302
302
302
302
302
302
302
302
302
302
302
302
302
302
302
302
302
302
302
302
302
302
302
302
302
302
302
302
302
302
302
302
302
302
302
302
302
302
302
302
302
302
302
302
302
302
302
302
302
302
302
302
302
302
302
302
302
302
302
302
302
302
302
302
302
302
302
302
302
302
302
302
302
302
302
463
464
464
464
464
464
464
464
464
464
464
464
464
464
464
464
464
464
464
464
464
464
464
464
464
464
464
464
464
464
464
464
464
464
464
464
464
464
464
464
464
464
464
464
464
464
464
464
464
464
464
464
464
464
464
464
464
464
464
464
464
464
464
464
464
464
464
464
464
464
464
464
464
464
464
464
464
464
464
464
464
464
464
464
464
464
464
464
464
464
464
464
464
464
464
464
464
464
464
464
464
464
464
464
464
464
464
464
464
464
464
464
464
464
464
464
464
464
464
464
464
464
464
464
464
464
464
464
464
464
464
464
464
464
464
464
464
464
464
464
464
464
464
464
464
464
464
464
464
464
464
464
464
464
464
464
464
464
464
464
464
464
464
464
464
464
464
464
464
464
464
464
464
464
464
464
464
464
464
464
464
464
464
464
464
464
464
464
464
464
154
161
150
359
438
144
418
106
379
429
580
282
20
20
33
51
51
614
228
15
15
55
55
559
14
14
111
111
111
111
43
43
43
387
602
243
248
603
109
556
461
417
563
428
611
604
67
41
188
188
270
157
157
157
157
157
44
44
542
59
59
272
564
551
56
56
56
56
56
50
50
284
534
365
372
422
391
223
223
245
434
588
630
18
567
229
249
249
249
249
179
179
179
179
618
400
544
440
608
609
237
237
237
237
237
237
237
237
237
237
237
237
237
237
237
237
357
623
104
181
181
181
181
181
181
181
181
181
181
181
181
231
605
613
377
632
376
53
53
644
34
250
250
250
38
290
547
572
280
601
441
123
123
123
123
123
123
123
123
123
123
123
254
375
527
61
61
561
147
147
535
118
260
260
260
636
651
546
445
571
128
99
99
99
566
233
373
238
113
134
120
120
120
120
120
120
120
120
530
568
599
164
164
581
235
136
136
136
541
367
100
100
100
371
395
554
641
226
241
60
60
462
624
443
103
165
165
165
451
557
460
47
47
132
532
456
360
97
97
97
97
97
97
97
97
97
97
97
135
135
255
255
255
439
131
131
131
230
230
405
182
182
182
182
182
182
182
182
182
182
182
627
281
281
281
281
281
281
281
281
281
383
538
645
358
533
620
27
401
550
45
66
437
653
107
107
628
137
137
137
168
222
222
637
370
582
587
404
261
261
261
42
390
594
293
649
158
650
607
46
46
46
46
361
384
393
558
166
166
166
166
287
240
458
606
575
639
565
432
286
286
286
424
16
31
127
366
619
28
28
28
28
28
28
28
28
617
68
560
388
598
413
40
17
17
167
167
167
167
263
626
631
234
98
98
381
39
39
39
267
129
133
278
278
410
444
648
450
62
62
529
26
26
634
622
578
232
110
125
125
638
283
37
37
635
382
452
425
600
426
579
145
436
402
189
189
189
189
189
189
189
242
252
252
252
252
252
252
252
616
244
399
122
122
122
122
385
257
257
449
640
640
640
108
108
108
108
411
629
21
21
115
115
115
115
115
448
64
63
528
48
378
430
642
269
269
269
269
414
380
394
246
592
415
279
279
116
116
116
121
121
121
121
121
121
121
121
101
545
548
574
274
531
29
29
275
386
407
152
416
32
646
264
652
562
412
536
403
124
124
455
583
643
584
595
420
610
258
256
591
368
105
268
423
555
266
570
457
288
288
427
374
408
539
23
23
433
442
265
615
236
239
573
262
180
549
52
52
447
406
139
139
586
435
49
49
625
130
369
576
597
169
589
647
419
553
446
119
590
54
19
19
276
276
276
569
612
24
24
398
540
153
153
153
292
292
292
292
292
30
459
126
126
409
454
102
25
25
396
397
453
392
593
69
58
389
65
247
363
57
57
57
57
57
57
57
57
57
57
57
57
421
70
225
225
585
364
271
543
285
22
22
253
253
253
253
253
253
253
253
253
253
253
253
253
253
253
253
596
552
621
259
259
259
537
633
114
577
146
146
277
277
277
227
289
431
251
362
224
95
95
91
162
307
163
88
89
96
96
193
194
195
196
197
197
197
198
198
198
