2
3
4
5
6
6
8
10
11
12
13
14
16
17
18
19
20
21
22
23
24
25
26
27
28
29
30
31
32
33
34
35
36
37
38
39
40
41
42
43
44
45
46
47
48
49
50
51
52
53
54
55
56
57
58
59
60
61
62
63
64
65
66
67
68
69
70
71
72
73
74
75
76
77
78
79
80
81
82
83
84
85
86
87
88
89
90
91
92
93
94
95
96
97
98
99
100
101
102
103
104
105
106
107
108
109
110
64
112
42
114
45
116
62
16
16
26
37
66
19
81
60
60
88
62
63
66
22
19
79
28
60
101
32
26
68
67
104
60
61
37
24
60
19
93
93
94
50
22
48
99
36
63
43
60
47
19
20
22
19
94
94
93
62
63
20
37
22
44
81
38
19
46
43
45
60
19
38
53
19
27
80
93
47
40
20
85
49
51
83
86
19
20
78
32
26
80
79
94
88
62
45
62
