1
2
2
2
2
2
2
2
2
2
2
13
6
12
16
17
17
17
17
17
17
17
17
17
17
17
17
17
17
17
33
32
25
36
37
38
38
38
38
38
38
38
38
38
47
47
47
47
47
47
25
1
55
55
55
55
55
55
55
55
55
55
55
55
55
55
55
55
55
55
73
73
73
73
73
55
79
79
79
79
79
79
79
79
55
88
88
88
88
88
88
88
88
88
88
88
88
88
101
101
101
101
101
101
101
101
101
101
55
112
112
112
112
112
117
117
117
117
117
117
117
126
69
7
7
130
69
69
69
1
134
134
134
134
134
134
134
134
134
134
134
134
134
134
134
134
134
134
134
134
134
134
134
134
134
134
134
134
134
134
134
134
150
168
168
169
151
152
6
6
149
175
176
176
176
176
176
176
176
176
176
176
176
176
176
176
176
176
176
176
176
176
176
176
176
199
199
199
199
199
199
199
199
199
199
199
199
199
199
199
196
1
216
216
216
216
216
216
216
216
216
216
216
216
216
229
229
229
229
229
229
216
236
236
236
236
236
236
216
243
243
243
243
243
243
243
243
251
251
251
251
251
251
259
69
69
69
263
7
7
266
267
69
175
269
269
269
269
269
269
275
275
275
275
115
16
281
281
281
281
281
281
281
281
281
281
281
281
281
281
295
295
295
295
281
300
300
300
300
300
306
25
308
107
70
70
70
70
70
85
85
85
29
29
29
293
293
293
293
293
293
293
11
11
11
7
190
235
235
235
235
235
250
193
193
241
241
241
52
52
52
52
252
304
105
31
31
31
31
31
140
140
140
140
140
9
9
9
242
242
242
242
116
149
149
149
8
8
8
186
123
123
302
192
87
147
147
147
147
147
45
45
45
161
161
161
161
161
161
104
272
272
272
272
272
76
152
152
152
69
69
69
69
69
69
69
69
69
69
69
69
69
69
145
145
145
26
26
26
26
143
143
143
143
143
151
151
151
113
78
78
78
292
292
292
292
292
292
292
292
292
292
253
53
53
53
53
53
53
142
109
257
195
99
99
124
138
141
144
144
144
144
71
71
71
71
71
71
71
84
84
84
84
84
84
84
84
84
84
255
25
25
25
25
25
25
25
110
139
139
139
139
139
106
6
6
6
6
6
72
108
77
77
77
77
77
77
187
159
159
159
159
159
194
194
194
197
102
198
28
28
28
28
28
103
44
44
160
160
160
160
160
305
305
305
111
188
30
30
30
290
290
290
290
290
290
290
290
290
155
303
158
158
158
158
158
226
226
226
226
226
226
226
226
226
226
226
226
226
146
146
146
146
146
256
228
228
83
83
83
83
83
83
83
83
83
83
234
234
274
115
115
10
10
10
156
156
156
156
156
205
202
202
202
154
46
46
46
196
196
196
189
227
227
227
227
227
12
12
12
153
153
153
153
153
153
157
157
157
157
157
254
148
148
148
148
148
27
27
27
27
150
100
273
273
240
232
270
180
75
185
35
35
35
35
260
260
262
264
264
264
264
264
265
173
173
174
268
167
170
280
280
215
215
215
54
54
171
127
261
15
128
129
129
129
129
129
131
132
132
133
