2
3
4
5
6
7
8
9
10
11
12
3
14
15
17
18
19
20
21
22
23
24
25
26
27
28
29
30
31
32
23
34
35
24
38
39
40
41
42
43
44
45
46
47
48
49
50
51
52
53
54
55
56
57
58
59
60
61
62
63
64
65
66
67
68
69
70
71
72
73
74
75
76
77
78
79
80
81
82
83
84
85
86
87
88
89
90
91
92
93
94
95
96
97
98
99
100
101
102
103
104
105
106
107
108
109
110
111
112
113
114
115
116
117
118
119
120
121
122
123
124
58
127
128
129
71
131
132
133
134
135
136
137
138
139
140
141
142
143
144
145
146
147
148
149
150
151
152
153
154
155
156
157
158
159
160
161
162
163
164
165
166
167
136
137
135
170
171
172
173
174
176
177
178
179
180
181
182
183
184
185
186
187
188
189
190
191
192
193
194
195
196
197
198
199
200
201
202
203
204
205
206
207
208
209
210
211
212
213
214
215
216
217
218
219
220
221
222
223
224
225
226
227
228
229
230
231
232
233
234
235
236
237
238
239
240
241
242
243
244
245
246
247
248
249
250
251
252
253
254
255
256
257
218
260
261
262
227
264
265
237
241
268
269
270
271
272
273
274
275
276
277
278
279
280
281
282
283
284
285
286
287
288
289
290
291
292
293
294
295
296
297
298
299
300
301
302
303
304
305
293
307
281
101
100
96
67
62
88
93
94
88
25
22
20
303
291
292
304
283
281
300
7
5
4
5
179
245
246
233
232
243
243
185
180
239
240
243
48
50
51
49
251
295
101
25
26
22
19
281
164
138
163
136
137
7
5
4
228
238
239
240
113
138
136
137
7
5
4
177
122
121
281
190
81
164
138
163
136
137
43
41
47
164
138
166
165
136
137
101
270
271
269
275
269
75
138
136
137
71
70
97
90
99
65
58
57
63
59
62
66
56
88
138
136
137
294
18
283
281
138
163
162
136
137
138
136
137
117
196
190
176
303
301
302
304
286
282
285
284
300
281
251
46
48
50
51
49
281
143
101
243
181
72
88
121
137
143
164
138
136
137
66
61
60
64
176
73
79
92
86
115
95
85
87
90
72
112
88
251
293
21
18
283
281
295
281
101
136
135
137
55
79
101
5
3
4
216
236
59
101
91
78
90
75
176
88
182
138
165
163
136
137
185
180
269
178
101
199
25
26
22
19
281
101
43
42
138
165
163
136
137
300
295
281
88
183
25
21
19
291
286
287
289
285
288
284
281
281
156
281
138
165
163
136
137
245
228
227
248
250
219
217
223
220
224
218
222
243
164
138
163
136
137
251
247
243
100
114
116
96
124
113
90
82
88
112
233
232
271
112
117
7
5
4
138
165
163
136
137
272
177
180
178
156
293
42
281
274
180
269
184
224
223
221
236
229
7
5
4
138
166
165
163
136
137
138
165
163
136
137
251
138
163
162
136
137
21
22
24
283
138
90
270
275
243
243
275
269
88
269
293
21
18
281
217
223
227
224
223
221
236
229
217
135
137
138
223
138
138
271
269
274
180
269
293
42
138
58
218
7
59
66
64
176
73
79
71
66
59
66
