1
2
2
2
2
2
2
2
2
2
2
2
2
2
2
2
2
2
2
2
2
2
2
2
2
2
2
2
2
2
2
2
2
2
2
2
2
2
2
2
2
2
2
2
2
2
2
2
2
2
2
2
2
2
2
2
2
2
2
1
61
61
61
61
61
61
61
61
61
61
61
61
61
61
61
61
61
61
61
61
61
61
61
61
61
61
61
61
61
61
61
61
61
61
61
61
61
61
61
61
61
61
61
61
61
61
61
61
61
61
61
61
61
61
61
61
61
61
61
61
61
61
61
61
61
61
61
61
61
61
61
61
61
61
61
61
61
61
61
61
61
61
61
61
61
61
61
61
61
61
61
61
61
61
61
61
61
61
61
61
61
61
61
61
61
61
61
61
61
61
61
61
61
61
61
61
61
61
61
61
61
61
61
61
61
61
61
61
61
61
61
61
61
61
61
61
61
61
61
61
61
61
61
61
61
61
61
61
61
61
61
61
61
61
61
61
61
61
61
61
61
61
61
61
61
61
61
61
61
61
61
61
61
61
61
61
61
61
61
61
61
243
244
244
244
244
244
244
244
244
244
244
244
244
244
244
244
244
244
244
244
244
244
244
244
244
244
244
244
244
244
244
244
244
244
244
244
244
244
244
244
244
244
244
244
244
244
244
244
244
244
244
244
244
244
244
244
244
244
244
244
244
244
244
244
244
244
244
244
244
244
244
244
244
244
244
244
244
244
244
244
244
244
244
244
244
244
244
244
244
244
244
244
244
244
244
244
244
244
244
244
244
244
345
345
345
345
345
1
351
351
351
351
351
351
351
351
351
351
351
351
351
351
351
351
351
351
351
351
351
351
351
351
351
351
351
351
351
351
351
351
351
351
351
351
351
351
351
351
351
351
351
351
351
351
351
351
351
351
351
351
351
351
351
351
351
351
351
351
351
351
351
351
351
351
351
351
351
351
351
351
351
351
351
351
351
351
351
351
351
351
351
351
351
351
351
351
351
351
351
351
351
351
351
351
351
351
351
351
351
351
351
351
351
351
351
351
351
351
351
351
351
351
351
351
351
351
351
351
351
351
351
351
351
351
351
351
351
351
351
351
351
351
351
351
351
351
351
351
351
351
351
351
351
351
351
351
351
351
351
351
351
351
351
351
351
351
351
351
351
351
351
351
351
351
351
351
351
351
351
351
351
351
351
351
351
351
351
351
351
351
351
351
351
351
351
351
351
351
351
351
351
351
351
351
351
351
351
351
351
351
351
351
351
351
351
351
351
351
351
351
351
351
351
351
351
351
351
351
351
351
351
351
351
351
351
351
351
351
351
351
351
351
351
351
351
351
351
351
351
351
351
351
351
351
351
351
351
351
351
351
351
351
351
351
351
351
351
351
351
351
351
351
351
351
351
351
351
351
351
351
351
351
351
351
484
628
628
485
631
631
486
634
634
491
637
494
639
497
641
627
643
645
351
647
647
647
647
647
647
647
647
647
647
647
351
659
659
659
659
659
351
665
665
665
665
665
351
671
1
673
673
673
673
673
673
673
673
673
673
673
673
673
673
673
673
673
673
673
673
673
673
673
673
673
673
673
673
673
673
673
673
673
673
673
673
673
673
673
673
673
673
673
673
673
673
673
673
673
673
673
673
673
673
673
673
673
673
673
673
673
673
673
673
673
673
673
673
673
673
673
673
673
673
673
673
673
673
673
673
673
673
673
673
673
673
673
673
673
673
673
673
673
673
673
673
673
673
673
673
673
673
673
673
673
673
673
673
673
673
673
673
673
673
673
673
673
673
673
673
673
673
673
673
673
673
673
673
673
673
673
673
673
673
673
673
673
673
673
673
673
673
673
673
673
673
673
673
673
673
673
673
673
673
673
673
673
673
673
673
673
673
673
673
673
673
673
673
673
673
673
673
1
846
846
846
846
846
846
846
846
846
846
846
846
846
846
846
846
846
846
846
846
846
846
846
846
846
846
846
846
846
846
846
846
846
846
846
846
846
846
846
846
846
846
846
846
846
846
846
846
846
846
846
846
846
900
901
901
901
901
901
901
901
901
901
901
901
901
901
901
901
901
901
901
901
901
901
901
901
901
901
901
901
901
901
901
901
901
901
901
901
901
901
901
901
901
901
901
901
901
901
901
901
901
901
901
901
901
901
901
901
901
901
901
901
901
901
901
901
901
901
901
901
901
901
901
901
901
901
901
901
901
901
901
901
901
901
901
901
901
901
901
901
901
901
901
901
901
901
901
901
901
901
901
901
901
901
901
901
901
901
901
901
901
901
901
901
901
901
901
901
901
901
901
901
901
901
901
901
901
901
901
901
901
901
901
901
901
901
901
901
901
901
901
901
901
901
901
901
901
901
901
901
901
901
901
901
901
901
901
901
901
901
901
901
901
901
901
901
901
901
901
901
901
901
901
901
901
901
901
901
901
901
901
901
901
901
901
1
1084
1084
1084
1084
1084
1084
1084
1084
1084
1084
1084
1084
1084
1084
1084
1084
1084
1084
1084
1084
1084
1084
1084
1084
1084
1084
1084
1084
1084
1084
1084
1084
1084
1084
1084
1084
1084
1084
1084
1084
1084
1084
1084
1084
1084
1084
1084
1084
1084
1084
1084
1084
1084
1084
1084
1
1140
1140
1140
1140
1140
1140
1140
1140
1140
1140
1140
1140
1140
1140
1140
1140
1140
1140
1140
1140
1140
1140
1140
1140
1140
1140
1140
1140
1140
1140
1140
1140
1140
1140
1140
1140
1140
1140
1140
1140
1140
1140
1140
1140
1140
1140
1140
1140
1140
1140
1140
1140
1140
1140
1140
1140
1140
1140
1140
1140
1140
1140
1140
1140
1140
1
1206
1206
1206
1206
1206
1206
1206
1206
1206
1206
1206
1206
1206
1206
1206
1206
1206
1206
1206
1206
1206
1206
1206
1206
1206
1206
1206
1206
1206
1206
1206
1206
1206
1206
1206
1206
1206
1206
1206
1206
1206
1206
1206
1206
1206
1206
1206
1206
1206
1206
1206
1206
1206
1206
1206
1206
1206
1206
1206
1206
1206
1206
1206
1206
1206
1206
1206
1206
1206
1206
1206
1206
1206
1206
1206
1206
1206
1206
1206
1206
1206
1206
1206
1206
1206
1206
1206
1206
1206
1206
1206
1206
1206
1206
1206
1206
1206
1206
1206
1206
1206
1206
1206
1206
1206
1206
1206
1206
1206
1206
1206
1206
1206
1206
1206
1206
1206
1206
1206
1206
1206
1206
1206
1206
1206
1206
1206
1206
1206
1206
1206
1206
1206
1206
1206
1206
1206
1206
1206
1206
1206
1206
1206
1206
1206
1206
1206
1206
1206
1206
1206
1206
1206
1206
1206
1206
1206
1206
1206
1206
1206
1206
1206
1206
1206
1206
1206
1206
1206
1206
1206
1206
1206
1206
1206
1206
1206
1206
1206
1206
1206
1206
1
1389
1389
1389
1389
1389
1389
1389
1389
1389
1389
1389
1389
1389
1389
1389
1389
1389
1389
1389
1389
1389
1389
1389
1389
1389
1389
1389
1389
1389
1389
1389
1389
1389
1389
1389
1389
1389
1389
1389
1389
1389
1389
1389
1389
1389
1389
1389
1389
1389
1389
1389
1389
1389
1389
1389
1389
1389
1389
1389
1389
1389
1389
1389
1389
1389
1389
1389
1456
1456
1456
1456
1456
1
1462
1462
1462
1462
1462
1462
1462
1462
1462
1462
1462
1462
1462
1462
1462
1462
1462
1462
1462
1462
1462
1462
1462
1462
1462
1462
1462
1462
1462
1462
1462
1462
1462
1462
1462
1462
1462
1462
1462
1462
1462
1462
1462
1462
1462
1462
1462
1462
1462
1462
1462
1463
1514
1
1516
1516
1516
1516
1516
1516
1516
1516
1516
1516
1516
1516
1516
1516
1516
1516
1516
1516
1516
1516
1516
1516
1516
1516
1516
1516
1516
1516
1516
1516
1516
1516
1516
1516
1516
1516
1516
1516
1516
1516
1516
1516
1516
1516
1516
1516
1516
1516
1516
1516
1516
1516
1517
1569
1
1571
1571
1571
1571
1571
1571
1571
1571
1571
1571
1571
1571
1571
1571
1571
1571
1571
1571
1571
1571
1571
1571
1571
1571
1571
1571
1571
1571
1571
1571
1571
1571
1571
1571
1571
1571
1571
1571
1571
1571
1571
1571
1571
1571
1571
1572
1617
1
1619
1619
1619
1619
1619
1619
1619
1619
1619
1619
1619
1619
1619
1619
1619
1619
1619
1619
1619
1619
1619
1619
1619
1619
1619
1619
1619
1619
1619
1619
1619
1619
1619
1619
1619
1619
1619
1619
1619
1619
1619
1619
1619
1619
1619
1619
1619
1619
1619
1619
1619
1619
1619
1619
1619
1619
1619
1619
1619
1619
1619
1619
1619
1619
1619
1619
1619
1619
1619
1619
1619
1619
1619
1619
1619
1619
1619
1619
1619
1619
1619
1619
1619
1619
1619
1619
1619
1619
1619
1619
1619
1619
1619
1619
1619
1619
1619
1619
1619
1619
1619
1619
1619
1619
1619
1619
1619
1619
1619
1619
1619
1619
1619
1619
1619
1619
1619
1619
1619
1619
1619
1619
1619
1619
1619
1619
1619
1619
1619
1619
1619
1619
1619
1619
1619
1619
1619
1619
1619
1619
1619
1619
1619
1619
1619
1619
1619
1766
1766
1766
1766
1766
1766
1619
1773
1773
1773
1773
1773
1
1779
1779
1779
1779
1779
1779
1779
1779
1779
1779
1779
1779
1779
1779
1779
1779
1779
1779
1779
1779
1779
1779
1779
1779
1779
1779
1779
1779
1779
1779
1779
1779
1779
1779
1779
1779
1779
1779
1779
1779
1779
1779
1779
1779
1779
1779
1779
1779
1779
1779
1779
1779
1779
1779
1779
1779
1779
1779
1779
1779
1779
1779
1779
1779
1779
1779
1779
1779
1779
1779
1779
1779
1779
1779
1854
1855
1855
1855
1855
1855
1855
1855
1855
1855
1855
1855
1855
1855
1855
1855
1855
1855
1855
1855
1855
1855
1855
1855
1855
1855
1855
1855
1855
1855
1855
1855
1855
1855
1855
1855
1855
1855
1855
1855
1855
1855
1855
1855
1855
1899
1899
1899
1899
1863
1904
1864
1906
1887
1908
1890
1910
1896
1912
1855
1914
1916
1
1917
1917
1917
1917
1917
1917
1917
1917
1917
1917
1917
1917
1917
1917
1917
1917
1917
1917
1917
1917
1917
1917
1917
1917
1917
1917
1917
1917
1917
1917
1917
1917
1917
1917
1917
1917
1917
1917
1917
1917
1917
1917
1917
1917
1917
1917
1917
1917
1917
1917
1917
1917
1917
1917
1917
1917
1917
1917
1917
1917
1917
1917
1
1980
1980
1980
1980
1980
1980
1980
1980
1980
1980
1980
1980
1980
1980
1980
1980
1980
1980
1980
1980
1980
1980
1980
1980
1980
1980
1980
1980
1980
1980
1980
1980
1980
1980
1980
1980
1980
1980
1980
1980
1980
1980
1980
1980
1980
1980
1980
1980
1980
1980
1980
1980
1980
1980
1980
1980
1980
1980
1980
1980
1980
1980
1980
1
2044
2044
2044
2044
2044
2044
2044
2044
2044
2044
2044
2044
2044
2044
2044
2044
2044
2044
2044
2044
2044
2044
2044
2044
2044
2044
2044
2044
2044
2044
2044
2044
2044
2044
2044
2044
2044
2044
2044
2044
2044
2044
2044
2044
2044
2044
2044
2044
2044
2044
2044
2044
2044
2044
2044
2044
2044
2044
2044
2044
2044
2044
2044
2044
2044
2044
2044
2044
2044
2044
2044
2044
2044
2044
2044
2044
2044
2044
2044
2044
2044
2044
2044
2044
2044
2044
2044
2044
2044
2044
2044
2044
2044
2044
2044
2044
2044
2044
2044
2044
2044
2044
2044
2044
2044
2044
2044
2044
2044
2044
2044
2044
2044
2044
2044
2044
2044
2044
2044
2044
2044
2044
2044
2044
2044
2044
2044
2044
2044
2044
2044
2044
2044
2044
2044
2044
2044
2044
2044
2044
2044
2044
2044
2044
2044
2044
2044
2044
2044
2044
2044
2044
2044
2044
2044
2044
2044
2044
2044
2044
2044
2044
2044
2044
2044
2044
2211
2212
2213
1
2214
2214
2214
2214
2214
2214
2214
2214
2214
2214
2214
2214
2214
2214
2214
2214
2214
2214
2214
2214
2214
2214
2214
2214
2214
2214
2214
2214
2214
2214
2214
2214
2214
2214
2214
2214
2214
2214
2214
2214
2214
2214
2214
2214
2214
2214
2214
2214
2214
2214
2214
2214
2214
2214
2214
2214
2214
2214
2214
2214
2214
2214
2214
2214
2214
2214
2214
2214
2214
2214
2214
2214
2214
2214
2214
2214
2214
2214
2214
2214
2214
2214
2214
2214
2214
2214
2214
2214
2214
2214
2214
2214
2214
2214
2214
2214
2214
2214
2214
2214
2214
2214
2214
2214
2214
2214
2214
2214
2214
2214
2214
2214
2214
2214
2214
2214
2214
2214
2214
2214
2214
2214
2214
2214
2214
2214
2214
2214
2214
2214
2214
2214
2214
2214
2214
2214
2214
2214
2214
2214
2214
2214
2214
2214
2214
2214
2214
2214
2214
2214
2214
2214
2214
2214
2214
2214
2214
2214
2214
2214
2214
2214
2214
2214
2214
2214
2214
2214
2214
2214
2214
673
1206
901
2214
61
1354
1354
1354
1354
1029
1029
815
815
362
362
362
23
23
1043
1043
1331
1331
1331
1331
1379
1705
1705
1705
266
1570
284
1669
1669
1669
1669
1669
1669
1669
1669
778
778
778
778
1167
1167
750
750
750
1329
1329
1329
1329
1329
1329
1243
1243
1243
1243
1243
1243
1243
1543
1062
1062
229
229
2288
2288
2288
2288
275
218
218
2361
2361
2361
1322
52
52
52
322
891
891
891
391
391
391
2205
1072
1072
1072
788
788
788
787
787
787
574
574
1219
879
879
879
1853
470
470
470
470
470
470
470
470
470
470
470
470
926
926
926
926
2325
2325
1501
1501
774
96
1268
1268
1075
1889
1735
1735
2169
2169
1010
1010
1258
1258
1723
1723
436
436
436
436
436
436
436
436
436
436
436
436
436
436
436
1199
1199
433
433
433
433
433
433
433
433
433
433
433
433
433
433
433
547
547
2329
2329
2329
2331
2331
2331
2339
2339
2339
493
850
850
850
850
850
850
1162
17
17
2056
1225
1225
1225
1643
1353
1353
1353
1353
1353
1201
2222
2222
1913
127
684
684
33
33
33
194
194
194
1963
1963
944
944
944
599
599
1515
1708
1708
1708
1708
1708
1708
1708
1708
1708
1708
1708
697
697
697
1361
1361
1361
1895
1895
1895
1895
172
172
172
177
209
2292
2292
2292
979
979
979
979
503
503
1004
1004
1004
1486
1486
1793
2365
2365
760
760
11
11
2286
2286
2286
739
739
739
1100
198
136
1665
1665
1665
1665
1665
1665
1665
1665
1657
1703
1703
1703
1703
1703
1703
1536
1536
462
462
462
462
462
462
462
462
462
462
462
462
462
462
1694
1694
1694
1694
1694
1694
1694
1694
1694
1694
49
49
49
1739
1747
1736
1736
2149
677
802
802
802
802
424
424
424
424
424
424
424
424
424
424
424
1229
1229
495
357
1035
1035
1147
1147
1101
1947
515
515
1181
1830
2159
1054
1054
1054
1720
2097
1001
1001
1001
967
967
967
967
584
584
1091
994
994
994
1527
1567
1710
1710
1710
1710
1710
1710
1710
1710
1710
1710
1710
2239
2239
2239
1542
585
585
556
556
1307
1307
1307
1680
1088
1088
2366
2366
1306
1603
517
517
28
28
630
1350
1350
1350
1350
1195
883
883
883
1337
1337
1337
1337
1337
2069
1333
1333
1333
1333
46
46
46
2316
2316
2316
1761
1023
1023
1422
1841
2315
2315
688
688
688
1985
1985
1932
2021
2021
2021
771
771
1233
1233
75
2381
2381
772
772
566
566
2018
2018
2018
626
626
626
626
1748
1166
1166
2303
2303
283
895
895
895
1688
1688
1688
1688
1688
1688
1688
1688
1674
1674
1674
1674
1674
1674
1674
1674
1674
2227
2227
2042
2042
509
509
603
603
613
613
731
731
731
337
337
337
330
330
1159
1159
1671
1671
1671
1671
1671
1671
1671
1671
1792
1792
1792
1792
1792
1126
83
83
1955
1938
419
419
419
419
419
419
419
419
1423
147
147
2333
2333
2333
694
694
2290
2290
2290
1927
580
580
386
386
887
887
887
887
887
457
457
457
457
457
457
457
457
457
457
457
457
457
457
1069
1069
51
51
51
379
379
379
1145
1876
733
733
947
947
947
180
803
803
803
1610
1716
2284
2284
2284
95
423
423
423
423
423
423
423
423
423
423
423
122
122
1800
1931
1931
1931
1931
1931
1641
1641
1641
1641
1641
1641
1641
1641
1641
1641
1998
2107
1632
1632
1632
1632
1632
2345
2345
2345
538
538
267
502
502
208
286
286
178
178
579
579
1480
1480
471
471
471
471
1383
1264
1264
1585
1585
1585
1585
1585
1585
1585
1585
1585
1585
1585
1734
1734
1824
1310
2250
2250
1328
1328
1328
1328
19
19
1633
1633
1633
1633
1633
1709
1709
1709
1709
1709
1709
1709
1709
1709
1709
1709
458
458
458
458
458
458
458
458
458
458
458
458
458
458
458
1650
1650
982
982
982
378
378
2305
2305
552
552
552
686
686
686
1772
861
861
861
864
864
864
1425
866
866
866
2006
1352
1352
1352
1352
1352
1352
1014
1014
1014
971
971
971
971
1349
1349
1325
1325
1325
1325
1968
1973
445
445
445
445
445
445
445
445
445
445
445
445
445
2218
2218
1831
2026
2026
395
395
583
583
583
381
381
381
1566
373
373
373
1067
1067
389
389
389
59
59
1064
1064
1301
1301
1301
1301
263
368
368
368
368
24
24
527
527
749
749
749
749
2379
2379
2379
1013
1013
1690
1690
1690
1690
1690
1690
1690
1690
2094
2094
1528
2020
2020
2020
955
955
955
938
938
938
1845
1845
1016
1016
1016
2356
2356
841
168
168
2310
2310
329
2294
2294
1160
1160
1160
1523
1523
1123
1125
1152
1152
1152
512
512
518
518
1557
1557
1262
1262
216
216
863
863
863
1974
1974
2371
2371
1546
1785
1785
542
542
873
873
873
873
754
754
514
514
1925
1925
1925
2385
2150
2277
2277
2277
1173
1526
1997
2217
2217
2321
2321
2321
500
500
500
553
553
1802
170
170
170
170
1415
2156
569
569
1721
752
752
752
43
43
43
53
53
1636
1636
1636
1636
1636
1636
1636
1636
1636
1636
2362
2362
1106
1106
1106
32
32
32
32
1553
1553
402
2268
2268
2268
2268
1786
1786
1786
933
933
933
174
174
1324
1324
1324
1324
1324
1324
182
707
707
2228
2228
2228
2378
2378
2378
414
575
575
642
642
642
642
642
736
736
736
195
195
2274
2274
2274
1048
1048
1017
1701
1701
1701
540
540
1055
1055
1055
1627
1627
1627
1627
1627
699
699
699
535
535
2029
2029
835
857
857
132
469
469
469
469
469
469
469
469
469
469
469
469
469
682
682
682
1011
1011
744
744
1742
548
548
1760
1342
1342
1342
1342
1342
171
171
171
394
394
394
431
1012
1012
1077
1077
1244
1244
1244
1244
1244
1336
1336
1336
1336
1336
896
702
702
702
1977
759
759
1130
1130
1130
1130
1130
1728
1151
339
129
878
878
878
376
376
2072
1435
1435
1435
1435
1435
1435
1435
1435
823
823
823
137
1924
1924
1924
521
521
1894
1894
1894
1894
1894
1894
1894
426
931
931
931
2106
913
913
1499
1499
1499
1499
1499
1499
1499
1499
1499
1499
1499
652
40
40
40
1093
2019
2019
1057
1605
2327
2327
2327
31
31
31
799
799
212
212
537
537
800
800
800
800
1121
1099
1454
1454
656
1956
956
956
956
1950
1950
1122
1122
1122
710
710
410
410
410
410
410
410
410
410
1715
2306
2306
747
747
747
747
614
614
924
924
2252
2252
1691
1691
1691
1691
1691
1691
1691
1691
2034
2034
916
916
831
831
1346
1346
434
494
494
494
494
1382
567
567
1362
1362
1362
999
999
999
1972
1972
1304
1304
1304
1438
1438
1438
1438
1438
1438
1438
1438
1652
1652
2151
497
497
497
497
438
1323
318
318
1789
1789
1789
1789
1789
939
939
939
1660
1995
1995
1960
175
175
813
813
1740
2054
78
78
78
78
78
80
80
1943
2216
2216
60
60
984
359
359
359
359
359
1704
1704
1704
1704
2024
2324
2324
2324
1805
1339
1339
1339
1339
1339
619
619
619
623
623
623
623
623
1118
140
140
140
1104
1104
1104
1104
1104
1104
1104
1104
1104
1104
1104
447
447
447
447
447
447
447
447
447
718
718
2376
2376
1811
2046
1717
602
602
1076
1076
1664
1664
1664
1664
1664
1738
1267
804
804
804
1194
1757
396
396
396
1124
1124
1681
1681
1681
1681
1681
1681
1681
1681
409
690
690
1538
1538
1426
2220
2220
2220
1758
450
450
450
450
450
450
450
450
450
1888
1888
1234
1234
1234
2237
2237
2237
1561
183
223
789
789
789
511
511
2319
2319
2319
2319
1320
1320
1320
413
413
413
413
413
413
413
413
485
485
485
485
485
680
680
1007
1007
1007
1347
1347
743
743
743
546
546
867
867
867
334
334
363
363
363
363
2372
2372
1042
1833
1020
1020
1129
1129
38
38
1039
1039
1039
1975
2028
2028
2332
2332
2332
818
818
818
818
818
2017
2017
2017
2017
15
15
974
974
974
974
1556
793
793
793
1164
1280
1280
1357
1357
1357
1357
2246
2246
406
1659
986
986
986
986
1803
403
1231
1231
701
701
701
1804
305
1882
1439
1439
1439
1439
1439
1439
1439
1439
1439
1439
1146
1146
405
468
468
468
468
468
468
468
468
468
1645
1645
1645
1645
1645
1645
1645
190
2051
1005
1005
1005
2224
2224
2224
2334
2334
2334
1053
1053
1053
30
30
30
1976
1976
1976
21
21
589
589
885
885
885
2173
1662
1662
2022
1685
1685
1685
1685
1685
1685
1685
1685
1685
491
491
491
491
1015
1015
1015
770
1286
1286
1286
465
465
465
465
465
465
465
465
465
465
465
465
465
465
465
465
465
1204
1356
1356
1356
1356
1356
1356
1356
958
958
958
1730
1730
2247
2247
1031
1031
2241
2241
2241
1892
9
9
2358
2358
2358
2242
2242
2242
798
798
1718
963
963
963
963
20
20
56
56
991
991
991
886
886
886
886
957
957
957
777
777
777
777
777
2039
2168
2168
572
572
708
708
1994
961
961
961
224
224
2360
2360
2360
92
2374
2374
1754
1335
1335
2263
2263
581
581
1978
1817
1817
653
653
2162
1178
2023
2023
2302
2302
2031
2031
1372
1372
1372
1372
2098
1196
1196
1638
1638
1638
1638
1638
1050
1050
792
792
792
1639
1639
1639
1639
1288
1288
1288
695
695
1378
1378
1378
1378
1378
1378
2280
2280
2280
596
596
561
561
1266
817
817
817
817
817
1189
2308
2308
1827
819
819
819
819
819
1822
1175
936
936
370
370
633
513
513
411
563
563
146
492
1402
1200
1193
1193
496
1144
1898
1898
1898
1898
1898
1898
1644
1644
1644
1644
1644
890
890
890
1666
1666
1666
1666
1666
1666
1666
1666
1103
898
898
898
898
1722
408
915
915
1377
22
22
2282
2282
2282
1573
1573
1573
143
143
724
1218
1683
1432
1432
1432
1432
1432
1432
1432
1432
204
1148
1474
768
768
1535
1535
1535
2157
120
120
120
930
930
380
380
997
997
997
26
26
388
388
388
2300
2300
622
785
785
980
980
1359
1359
1359
1359
1059
1059
1275
1275
1348
1348
1348
1348
1348
1316
1316
1316
185
2253
2253
486
486
486
486
486
1637
1637
1637
1637
704
704
704
173
173
130
1385
1385
1385
960
960
960
960
1552
1552
1552
832
832
859
859
859
2120
2219
2219
36
36
1687
1687
1687
1687
1687
1687
1687
1687
1488
545
545
2035
2035
856
2368
2368
385
385
385
1303
1303
1303
1303
1303
962
962
962
2297
2297
2275
2275
2275
398
398
398
398
398
398
1246
1246
1105
1105
1699
1699
1699
899
1483
1483
35
35
35
1358
437
1021
1021
1829
1829
2161
1928
1928
1928
1928
1928
1928
1928
234
1330
1330
1330
1330
1330
301
2296
2296
723
1238
1238
1238
1238
1238
1238
1312
2279
2279
2279
820
820
820
820
820
2123
625
504
504
814
814
501
501
501
2038
2038
369
369
369
369
369
1134
528
528
89
809
809
2155
1941
196
196
1606
1606
1606
1810
1079
1079
1079
5
5
576
576
2036
2036
756
756
934
934
934
934
1232
1232
302
1374
1374
1033
1033
2113
2255
2255
123
123
1791
141
141
141
1661
1661
1661
1661
520
520
1058
1058
872
872
872
872
1202
1202
1202
1202
340
319
319
1693
1693
1693
1693
1693
1693
1693
1693
1693
1003
1003
1003
1034
1034
1034
1034
7
7
343
343
343
681
681
2145
1828
689
689
689
882
882
882
1224
1224
1224
1224
1915
935
935
935
935
2117
2117
1030
1030
2057
1492
12
12
1090
1177
1834
2355
2355
203
416
416
416
416
416
416
416
416
1942
2067
2225
2225
794
794
794
1539
1539
1697
1697
1697
1697
1883
1886
498
498
498
498
725
805
805
805
2238
2238
2238
711
1958
2235
2235
191
1309
1019
2314
2314
456
456
456
456
456
456
456
456
456
456
456
456
456
456
25
25
1949
1949
829
829
544
544
812
812
48
48
757
757
480
480
480
480
192
192
1982
1982
1982
1982
1982
1102
624
881
881
881
1179
598
598
2307
2307
2343
2343
2343
453
453
453
453
453
453
453
453
453
453
453
715
911
200
200
551
551
1240
1240
268
1315
1315
1315
1541
2249
2249
722
722
2015
2015
2015
2096
2096
1133
784
784
784
693
693
828
828
1545
118
118
118
118
1345
1345
213
1707
1707
1707
1707
1707
1707
1707
1707
1707
1707
1237
1237
1237
2317
2317
2317
6
6
1154
1297
1297
1297
2210
1242
1242
1242
1242
1242
1634
1634
1634
1634
1634
993
993
993
564
564
399
2340
2340
2340
2340
2382
2382
762
235
1038
914
489
47
47
1555
2105
1068
1068
2095
2095
2287
2287
2287
2287
685
685
1554
1554
187
1028
1028
618
618
618
618
1094
241
1327
1327
1887
1887
1887
1887
1887
1887
1887
851
851
2187
138
1588
1065
1065
1429
594
594
845
193
193
193
464
464
464
464
464
464
464
464
464
464
1400
1686
989
989
989
131
2267
2267
2267
2267
797
797
1270
1270
2109
133
1675
1675
1675
1675
1675
1675
1675
1675
1675
1675
451
451
451
451
451
451
451
451
451
451
82
82
1447
1447
1447
1668
1668
1668
1668
1668
1668
1668
1668
1668
242
1677
1677
1677
1677
1677
1677
1677
1677
1677
317
877
877
877
975
975
975
1656
1656
1656
1656
1656
1656
1656
1656
1656
1656
1656
1656
1656
1656
1656
1656
1656
1656
729
729
729
1484
1484
1430
1430
1430
1430
1430
2312
2312
1421
1818
1818
826
826
826
869
869
869
1002
1002
1002
448
448
448
448
448
448
448
448
448
2110
587
587
1403
601
601
2349
2349
1503
2256
2256
2000
2234
2234
1444
1444
1444
1444
1629
1629
1629
1629
1629
1629
1629
1629
1629
1629
10
10
10
1431
1431
1431
1431
1431
1431
1431
1431
1777
1777
1777
1777
709
709
429
2309
2309
1326
1326
1326
1326
1445
1897
2260
2260
139
139
1274
236
595
595
335
335
335
1667
1667
1667
1667
1667
1667
1667
1667
1667
751
751
751
2116
2116
533
533
1964
1964
1816
1816
1820
1820
1037
1037
1037
176
176
2384
2335
2335
2335
2232
2232
889
889
889
889
2375
2375
2375
2152
1812
592
592
1745
738
738
738
1522
1744
1254
2071
1061
1061
2114
609
609
609
364
364
364
364
1838
1838
2027
981
981
981
981
981
1136
1548
2032
2032
1647
1647
1647
1647
455
455
455
455
455
455
455
455
455
455
455
455
455
822
822
1806
640
640
640
640
640
640
1496
844
910
910
655
655
854
854
2154
705
705
808
808
808
1531
1877
874
874
874
874
874
1649
1649
125
393
393
393
1712
1712
1712
2283
2283
2283
1381
959
273
964
964
964
1851
449
449
449
449
449
449
449
449
449
449
449
449
449
440
941
941
2229
2229
740
740
740
1183
524
524
880
880
880
698
698
698
2276
2276
2276
1032
1032
1032
1032
775
2167
2320
2320
2320
2320
2172
1646
1646
1646
1646
1646
1646
1646
763
763
1332
1332
1332
281
281
1197
2066
1996
1590
683
683
716
8
8
199
2160
712
745
745
1549
852
852
1896
1896
1896
1896
1930
720
2016
2016
2016
1771
1771
1771
1771
2272
2272
2272
1230
1230
1653
1653
821
821
821
821
821
484
484
484
484
484
484
593
593
965
965
965
965
1026
1026
976
976
976
616
616
728
728
728
728
943
943
943
2118
1776
1776
1696
1696
1696
1696
1696
1696
1696
1696
1696
1737
638
638
638
638
638
638
638
638
189
2264
2264
1502
1120
467
467
467
467
467
467
1464
1464
1464
331
992
992
992
1235
1235
1235
582
582
2338
2338
2338
1343
1343
1343
1343
1343
1749
404
404
404
404
404
404
404
404
300
1635
1635
1635
1635
1640
1640
1640
1640
1602
2158
1550
1954
2037
2037
1504
1504
1504
588
588
620
620
620
1547
570
570
1762
1762
371
371
371
375
375
375
1719
69
568
568
1953
1909
1371
1371
94
1727
443
1176
560
560
1228
1228
1249
1852
1852
1852
228
1713
611
611
1672
1672
1672
1672
1672
1672
1672
1672
1334
1334
1334
1848
1848
1848
510
510
427
427
427
427
427
427
427
427
427
427
427
427
427
753
753
4
4
4
4
1655
2266
2266
2266
2266
1292
1292
1292
2273
2273
422
422
422
422
422
422
422
422
651
1344
1344
1344
1344
1344
519
519
1689
490
1182
1726
970
970
2363
2363
1080
366
366
573
573
1321
93
466
466
466
466
466
466
466
466
466
466
466
264
529
529
1537
1537
2326
2326
2326
18
18
2041
2041
1911
1893
1893
1893
1893
1893
1168
565
565
2350
2350
16
16
824
824
824
1530
870
870
870
2357
2357
2357
1300
1300
13
13
1308
1308
1308
951
951
951
1743
384
384
384
487
1060
1060
1477
1477
1477
1477
1477
1477
1477
1477
1477
1477
1477
1052
1052
968
968
968
781
781
781
1278
1278
1278
1500
1500
1648
1648
1648
1648
1648
1648
1648
1648
1648
1648
1648
1648
1648
862
862
862
1397
1397
1397
1397
1397
1397
1397
1397
1397
1397
1397
1397
1397
1397
2236
2236
481
481
481
481
481
1261
2269
2269
2269
1260
719
2233
2233
1049
1049
1161
1161
1227
1227
909
909
2346
2346
463
463
463
463
463
463
463
463
463
463
463
463
463
463
463
543
543
954
954
954
978
978
978
978
1485
654
1370
1370
134
1117
2299
2299
1479
1221
1832
1832
983
983
983
983
983
983
780
780
780
780
412
1725
240
321
1591
1387
1387
950
950
950
1041
1041
1041
1071
1071
1092
1890
1890
1890
1890
1890
1890
1890
1890
1890
1890
1890
1890
1890
1025
1025
1412
577
577
806
806
2171
1939
837
837
837
478
478
478
478
478
478
478
478
478
767
767
1074
1074
1056
1184
2014
2014
2112
473
473
473
473
473
1731
1731
1700
1700
1700
1801
1066
1066
1586
1191
1850
1850
2380
2380
2380
741
741
741
791
791
791
838
838
838
816
816
1095
1746
825
1437
1437
1437
1437
1437
1437
1437
1437
474
474
474
474
474
474
1844
1844
1940
925
925
929
1185
1684
1684
1684
1684
1684
1684
1684
1684
1684
401
401
401
401
401
401
401
401
44
44
1341
1341
1341
1341
1341
871
871
871
871
871
871
871
1961
1961
1961
400
1842
1842
2353
2353
1601
1601
1601
1601
1601
1601
1601
1601
1601
1601
1601
996
996
996
1966
1966
57
57
1443
1443
1443
1443
1443
1443
1443
1443
1443
1443
2383
2099
706
706
1027
1027
1442
1442
1442
1752
1752
525
525
1568
1568
1097
606
606
606
2147
2147
1281
1281
1281
2030
121
121
1969
1695
1695
1695
1695
1695
1695
1695
1695
186
2115
2115
2367
2367
1302
1302
1302
1302
1302
1302
1302
1682
1682
1682
1682
1682
1682
1682
1682
2258
2258
842
842
892
892
892
1186
2166
2262
2262
758
758
1448
1448
1448
1448
1448
1448
1448
1448
1448
1448
1448
1448
417
2261
2261
1821
1821
1276
1276
1276
1276
696
696
742
742
742
365
365
365
365
461
461
461
461
461
461
461
461
1875
1875
1875
1875
1875
796
796
796
836
836
836
1461
1461
1461
1461
1461
1461
2146
2146
459
459
459
459
459
459
459
459
459
459
459
459
459
459
37
37
37
1272
1163
1163
1440
1440
1440
1440
1440
1440
1440
1440
1440
1440
840
1317
2352
2352
2337
2337
2337
966
966
966
966
323
1406
590
590
1823
1823
1386
730
730
730
2259
2259
50
50
50
50
2330
2330
2330
586
586
2033
610
610
454
454
454
454
454
454
454
454
454
454
454
1137
1813
1706
1706
1706
1706
1706
1706
1706
949
949
949
839
839
839
1318
550
550
1051
1051
539
539
336
336
336
336
1188
1188
855
1205
1962
1962
2298
2298
536
536
554
554
779
779
779
779
897
897
897
897
320
320
2370
2370
973
973
973
597
597
1190
1190
1236
1236
1236
184
2270
2270
2270
888
888
888
888
282
387
387
304
2221
2221
2373
2373
2257
2257
91
532
532
482
482
482
482
482
482
482
2170
2170
1587
441
1881
144
144
1000
1000
1000
1489
2265
2265
483
483
483
483
483
483
27
27
810
810
135
558
558
2281
2281
2281
1082
1082
2322
2322
2322
985
985
985
985
1482
987
987
1630
1729
2185
1252
1252
1618
2226
2226
952
952
952
1273
969
969
128
415
2251
2251
1384
265
265
265
439
439
439
439
439
439
439
439
439
439
439
439
439
1299
1299
1040
1040
1040
1319
1319
1319
1436
1436
1436
1436
1436
1436
1436
1436
452
452
452
452
452
452
452
2354
2354
1351
1351
1351
1351
1351
1351
1755
1487
2295
2295
2295
998
998
998
2313
2313
1843
278
360
2144
70
70
70
1589
270
2348
2348
2348
1036
237
1404
1533
1433
1433
1433
1433
1433
1433
1433
1433
1433
392
392
392
1223
1946
226
226
727
727
727
727
169
169
1135
1628
1628
1628
1628
1628
1628
1628
1628
1628
1628
607
607
607
1765
2119
1380
1380
272
206
1367
1367
1367
636
1988
1988
2244
2244
2244
1840
1840
555
555
1759
1248
119
119
119
42
42
2209
14
14
1340
1340
1340
1340
1340
425
627
627
2248
2248
72
1290
1290
1290
1836
1836
201
953
953
953
34
34
34
1815
1815
807
807
475
475
475
475
1826
1826
559
559
801
801
801
801
1753
1753
507
507
2223
2223
428
1529
2323
2323
2323
1360
600
600
1098
795
795
795
90
946
946
946
230
2208
1750
1849
2103
508
508
420
420
420
420
420
420
1544
430
430
430
430
430
430
430
430
430
430
430
430
430
830
830
1096
571
571
1807
1220
2164
884
884
884
1957
325
1338
1338
1338
1338
1338
1022
1022
1295
1295
1295
41
41
1305
2068
1948
1948
1948
2043
833
833
522
522
506
506
1369
1369
1369
1369
1070
1070
1751
1751
764
764
2369
2369
1256
1256
303
1519
1519
1519
937
937
937
937
937
1676
1676
1676
721
721
2289
2289
2289
2289
1673
1673
1673
1673
1673
1673
1673
1673
1673
1222
1222
1222
615
615
988
988
1255
875
875
875
875
124
124
713
713
860
860
557
557
2050
945
945
945
274
1698
1698
1698
1698
1698
1698
1698
1698
1698
342
342
342
2342
2342
2342
2342
761
1631
1631
1631
1631
531
531
531
858
858
1808
1663
2285
2285
2285
1944
145
977
977
977
1198
1063
1063
1835
1835
1835
1835
1835
1835
1835
332
332
488
488
488
488
894
894
894
1428
1368
382
382
1711
1711
1711
1711
1711
1711
1711
1711
1711
1711
1711
1711
1711
1711
658
1532
1670
1670
1670
1670
1670
1670
1670
1670
1967
1239
1239
1239
1239
1239
1239
1239
1945
2245
2245
374
374
726
726
726
726
940
1885
54
54
714
714
444
421
421
421
421
421
421
755
755
755
1388
1388
1424
2040
2040
1965
1241
1241
604
604
604
1642
2240
2240
2240
1078
1078
1078
499
499
499
499
499
2003
617
617
617
617
853
853
1979
1979
383
383
717
717
1678
1678
1678
1678
1678
1678
1192
893
893
2176
691
691
1073
1073
1073
477
477
477
477
477
477
477
1986
1986
2104
2243
2243
2243
541
541
1277
1277
1277
1277
1277
446
446
446
446
446
446
446
435
868
868
868
523
523
1839
1839
210
210
678
678
678
676
676
676
676
316
734
734
734
215
786
786
786
372
372
197
197
1756
516
516
2344
2344
2344
1733
1814
1814
1814
1814
1814
1814
1814
1814
1814
1814
1814
922
922
367
367
367
367
367
377
377
377
534
534
1434
1434
1434
1434
1434
1434
1434
1434
1434
530
530
2163
687
687
1294
1294
1508
2364
2364
692
692
578
578
1441
1441
1441
1441
1441
1441
1441
1441
1441
1441
1441
1441
766
2301
2301
1187
1788
1420
2102
995
995
995
1313
1313
1313
2148
2148
39
39
732
732
732
418
1363
1363
1363
407
407
407
407
407
407
407
407
1018
1018
29
29
765
827
827
827
1987
1987
608
608
608
591
591
2377
2377
2377
1366
1366
1366
1481
1481
472
472
472
472
472
2231
2231
2231
505
505
1891
1891
748
748
748
748
1009
1009
390
390
390
1478
1478
1250
1250
834
834
1959
1355
1355
1355
1355
2341
2341
2341
2341
679
679
679
2186
811
811
2230
2230
2230
2189
1679
1819
1819
1819
1714
2278
2278
2278
1837
1837
2009
179
782
782
782
2347
2347
990
990
990
2207
912
912
912
1006
1006
1006
1226
1226
1226
1692
1692
1692
1692
1692
1692
1692
1692
1692
1763
1763
1285
1285
737
737
737
1427
1427
1427
1427
1427
1427
55
55
1540
1174
2328
2328
2328
1283
1283
1283
1476
549
549
142
142
1741
927
927
74
2111
876
876
876
876
2025
2025
2108
1311
460
460
460
460
460
460
460
460
460
460
460
460
460
460
460
2254
2254
188
942
942
942
126
621
1081
219
2351
2351
1008
1008
1521
526
526
562
562
703
703
703
735
735
735
700
700
700
1654
1654
948
948
948
746
746
2188
1158
1158
1158
1158
1158
1158
1158
1158
1158
1158
1158
1158
1446
1446
1446
1446
1446
1446
1446
2318
2318
2318
2318
612
612
211
1470
1724
1724
932
932
932
2336
2336
2336
2065
2070
1455
1551
1952
2100
1825
1401
1401
1764
1764
1764
2165
73
928
928
1169
783
783
783
361
361
361
361
1024
1024
1809
2311
2311
1373
1373
181
1732
2291
2291
2291
1245
1245
1702
1702
790
790
790
972
972
972
45
45
1651
1651
280
1180
1171
865
865
865
432
2304
2304
2359
2359
2359
1534
769
442
442
442
442
442
442
442
442
442
442
442
442
442
605
605
1409
1203
1203
1498
476
476
476
476
1165
1165
1165
1165
1165
1165
1165
1165
1165
1165
1165
1165
2271
2271
2271
657
773
1314
1314
1314
776
776
776
776
776
2293
2293
333
333
333
271
1951
1951
285
397
397
397
397
397
397
1208
253
1857
1981
847
259
261
904
1624
252
1211
1211
68
1621
1572
258
248
260
1866
2215
1767
1459
246
1390
674
249
256
1865
1517
906
356
907
907
3
1217
251
1463
