2
3
4
5
6
7
8
9
10
11
12
13
14
15
16
17
18
19
20
21
22
24
26
27
28
29
30
31
32
33
34
35
36
37
38
39
40
41
42
43
44
45
46
47
48
49
50
51
52
53
54
55
56
57
58
59
60
61
62
63
64
65
66
67
68
69
70
71
72
73
74
75
76
77
78
79
80
81
68
83
84
85
86
87
88
89
90
91
92
93
94
95
96
97
98
99
100
101
102
103
104
105
106
107
108
109
110
111
112
114
115
116
117
118
119
120
121
122
123
124
125
126
127
128
129
130
131
132
133
134
135
136
137
138
139
140
141
142
143
144
145
146
147
148
149
150
151
152
153
154
155
156
157
158
159
160
161
162
163
164
165
166
167
168
169
170
171
172
173
174
175
176
177
178
179
180
181
182
183
184
185
186
187
188
189
190
191
192
193
194
195
196
197
199
200
201
202
203
204
205
206
207
208
209
210
213
215
216
217
218
219
220
221
222
223
224
225
226
227
228
229
230
231
232
233
234
235
236
237
238
239
119
122
124
27
65
107
106
108
105
105
122
122
121
122
119
126
119
122
119
77
119
77
219
216
234
32
119
122
67
27
79
119
122
124
121
119
122
124
122
185
71
119
122
124
63
92
84
85
88
91
86
90
89
87
119
122
124
225
226
224
119
122
124
122
121
32
94
104
109
122
94
104
109
113
122
63
48
71
94
104
109
119
75
119
122
122
119
122
124
119
122
122
48
71
119
122
124
107
106
108
48
71
122
119
122
94
88
119
122
124
27
185
71
119
79
119
122
65
28
69
28
71
185
71
48
71
28
67
148
119
122
119
122
124
185
69
27
48
71
185
71
209
210
200
212
27
77
185
77
9
4
6
5
14
28
31
28
122
119
221
219
218
217
126
201
205
202
204
206
94
88
87
122
28
94
88
113
122
23
48
73
148
119
122
124
71
77
69
75
79
73
94
104
109
113
119
122
124
119
121
119
122
125
119
122
121
65
148
218
20
16
94
104
109
27
27
119
122
124
185
73
122
124
119
122
125
31
119
75
27
75
122
185
71
119
122
125
119
122
122
27
63
122
119
122
16
17
94
104
109
87
113
122
31
119
79
219
218
217
185
71
110
86
87
105
105
222
217
216
232
230
228
67
67
23
113
113
113
212
113
113
