1
2
2
2
2
2
2
2
2
2
2
2
2
2
2
2
2
2
2
2
2
2
2
2
2
2
2
28
28
28
28
28
15
1
35
35
35
35
35
35
35
35
35
35
35
35
35
35
35
35
35
35
35
35
35
35
35
35
35
35
35
35
35
35
35
35
35
35
35
35
35
35
35
35
35
35
35
35
35
80
80
80
80
80
80
80
80
80
80
80
80
15
1
94
94
94
94
94
94
94
94
94
94
94
94
94
94
94
94
94
94
94
94
94
94
94
94
94
94
94
94
94
94
94
94
94
127
127
127
127
127
127
127
15
1
136
136
136
136
136
136
136
136
136
136
136
136
136
136
136
136
136
136
136
136
136
136
136
136
136
136
136
136
136
136
136
136
136
136
136
136
136
136
136
136
136
136
136
136
136
136
136
136
136
136
136
136
136
136
136
136
136
136
136
136
136
136
136
136
136
136
136
203
203
203
203
203
203
203
203
203
203
203
203
203
203
203
203
203
203
203
203
203
203
203
203
15
229
230
230
230
230
230
230
230
230
230
230
230
230
230
230
230
230
230
230
230
230
230
230
230
230
230
230
230
230
230
230
230
230
230
230
230
230
230
230
230
230
230
242
272
242
274
242
276
230
278
249
281
282
282
282
282
282
282
282
282
282
282
282
289
76
76
76
76
76
76
76
76
76
120
120
120
120
120
290
290
290
290
108
108
108
108
60
60
60
60
23
23
23
65
118
118
118
118
118
73
73
73
73
73
73
73
73
73
73
185
194
194
194
194
194
194
194
194
194
194
194
194
194
194
194
194
194
194
194
194
194
194
194
249
249
249
249
90
90
90
90
90
90
90
90
90
167
167
167
167
238
238
238
238
238
238
238
238
238
238
238
238
238
238
238
238
238
238
238
238
238
238
238
238
238
238
238
238
141
141
22
22
22
268
58
58
58
58
248
248
9
9
9
9
104
104
104
104
183
183
183
183
45
45
45
45
123
123
123
123
259
259
259
169
169
169
169
257
257
257
257
257
257
133
133
133
133
133
256
256
256
256
256
256
59
59
59
59
59
178
178
178
178
25
25
25
258
116
163
163
163
163
63
63
63
63
63
63
63
63
63
63
63
77
44
44
125
179
179
179
179
78
157
157
157
157
43
43
43
43
51
51
51
51
146
146
146
146
24
24
24
264
264
41
41
164
164
164
164
225
225
225
225
225
225
225
225
225
225
225
225
225
225
225
225
225
225
225
225
225
254
254
254
254
254
254
192
142
142
174
174
174
174
158
158
158
158
227
162
162
162
162
132
132
132
132
126
126
175
175
175
175
46
46
46
46
181
181
181
181
195
195
195
195
195
195
195
195
195
195
195
195
195
195
195
195
195
195
195
195
195
195
195
55
55
55
55
92
52
52
52
52
150
150
150
150
166
166
166
166
7
7
134
145
145
145
145
119
119
119
119
119
159
159
159
159
66
66
69
261
261
261
17
33
79
79
176
176
176
176
47
47
47
47
148
148
148
148
10
10
10
10
27
48
48
48
48
265
265
265
265
265
265
267
267
267
91
91
91
91
91
91
91
91
91
91
155
155
155
155
152
152
152
152
147
147
147
147
173
173
173
173
53
53
53
53
245
245
56
56
56
56
32
32
32
100
100
71
71
71
71
71
71
71
71
71
71
184
184
184
184
103
103
103
103
189
74
270
62
113
149
149
149
149
106
106
106
106
170
170
170
170
151
151
151
151
198
260
260
260
186
197
197
197
197
197
197
197
197
197
197
197
197
197
197
197
197
197
197
197
197
197
197
197
49
49
49
49
124
72
72
72
72
72
72
72
72
72
72
102
102
102
102
168
168
168
168
154
154
154
154
57
57
57
57
180
180
180
180
237
237
237
237
237
237
202
202
161
161
161
161
226
226
226
226
226
226
226
226
226
226
226
226
226
226
226
226
226
226
226
226
226
226
292
292
247
247
42
42
15
15
15
15
99
99
105
105
105
105
143
143
143
143
54
54
54
54
182
182
182
182
196
196
196
196
196
196
196
196
196
196
196
196
196
196
196
196
196
196
196
196
196
196
196
11
11
11
11
50
50
50
50
240
240
262
262
107
107
107
107
144
144
144
144
177
177
177
177
255
255
255
255
255
255
242
242
242
242
242
199
199
199
199
199
199
199
199
199
199
199
199
199
199
199
199
199
199
199
199
199
111
111
111
111
111
111
190
250
156
156
156
156
165
165
165
165
160
160
160
160
252
252
252
252
121
121
121
121
121
244
244
201
200
289
31
31
68
68
68
187
187
187
187
187
187
187
187
187
187
187
187
187
187
187
187
187
187
187
187
187
187
187
12
12
12
12
70
70
70
70
70
70
70
70
70
70
239
239
239
239
8
8
101
101
101
101
263
75
172
172
172
172
191
61
153
153
153
153
193
20
171
171
171
171
67
4
96
138
37
280
