2
3
4
5
6
7
8
9
10
11
12
13
14
15
16
17
18
19
20
21
22
23
24
25
26
27
28
29
30
31
32
33
34
35
36
37
38
39
40
41
42
43
44
45
46
47
48
49
50
9
53
31
32
55
56
57
58
59
60
61
62
63
64
65
66
67
68
69
70
71
72
73
74
75
76
77
78
79
80
81
82
83
84
85
86
87
88
89
90
91
92
93
94
95
96
97
98
99
100
101
102
103
104
105
106
107
108
109
110
111
112
113
114
115
116
117
118
119
120
121
122
123
124
125
126
127
128
129
130
131
132
133
134
135
136
137
138
65
66
75
141
76
77
70
44
146
93
148
132
150
151
152
153
154
155
156
157
158
159
160
161
162
163
164
165
166
167
168
169
170
171
172
173
174
175
93
9
8
57
16
18
6
20
87
66
9
5
59
8
57
57
5
11
8
57
83
18
80
75
119
112
113
111
81
90
115
5
11
91
59
67
154
66
5
59
65
57
43
7
19
5
11
6
10
14
7
5
11
6
63
131
78
88
69
61
67
60
80
81
129
103
80
127
112
66
9
59
65
57
153
59
63
64
153
76
75
170
75
59
35
88
153
87
66
5
59
65
8
57
57
156
76
171
75
153
124
114
87
30
81
130
132
129
57
153
4
116
126
120
7
19
5
6
8
57
111
113
41
5
11
81
116
76
121
123
111
91
80
127
122
97
69
116
92
59
154
5
11
69
59
64
63
32
47
45
46
43
39
42
40
10
14
17
19
15
4
11
20
18
76
112
81
18
35
12
57
20
29
68
127
70
111
119
127
112
113
114
99
59
63
69
59
63
64
8
13
59
153
153
65
64
153
17
7
5
11
21
78
77
65
153
153
153
58
169
59
59
33
78
98
78
77
65
153
31
104
99
59
64
63
57
51
51
2
16
76
171
75
77
66
65
57
31
77
93
66
9
65
8
57
87
66
9
5
57
80
127
112
70
111
32
76
112
76
127
127
