1
2
4
1
5
5
5
5
5
5
5
5
14
1
16
16
1
19
19
19
19
19
25
26
27
27
1
30
30
1
33
33
33
33
33
39
1
40
40
1
43
43
43
43
43
43
43
43
43
12
55
56
1
57
57
57
57
57
57
57
57
57
67
1
68
68
68
68
73
1
74
74
74
26
78
78
78
78
78
78
78
78
78
78
78
78
78
78
78
78
78
78
78
78
78
78
78
78
78
78
78
78
78
78
78
78
78
78
78
78
78
115
115
115
115
115
115
78
122
122
122
122
122
122
122
122
122
122
122
122
122
122
122
122
122
122
122
122
122
122
122
122
122
122
122
122
122
122
122
122
122
122
122
122
122
122
122
122
122
122
122
122
112
114
121
170
5
5
68
16
43
43
74
40
2
33
57
19
30
121
121
121
157
157
13
150
150
162
162
12
12
12
12
146
146
148
148
119
70
70
117
117
160
160
63
76
48
48
48
104
156
156
71
71
71
149
149
165
165
145
145
161
161
36
158
158
65
154
154
154
154
105
166
166
166
166
166
166
166
166
166
166
166
166
166
166
166
166
166
166
166
166
166
166
166
166
166
166
166
23
153
153
11
11
11
102
102
102
102
102
102
102
102
102
102
102
102
102
102
102
107
155
155
155
155
155
64
64
103
103
103
103
103
62
108
108
108
151
151
10
10
10
38
113
22
120
120
120
120
159
159
147
147
72
72
72
152
152
164
164
24
61
61
61
37
106
109
110
110
110
52
52
52
144
144
163
163
51
118
143
143
111
49
49
49
116
100
101
69
66
54
169
169
169
169
169
169
169
169
169
169
169
169
169
169
169
169
169
169
169
169
169
169
169
169
169
169
