2
3
4
5
6
7
8
12
13
14
15
16
17
18
19
20
21
22
23
25
26
27
28
29
30
31
32
33
34
35
36
37
38
39
40
41
42
46
47
48
49
50
51
52
53
54
55
56
57
58
59
60
61
62
63
64
65
66
57
57
69
70
71
58
73
74
75
76
77
78
80
81
82
83
84
85
86
87
88
89
90
91
92
93
94
95
96
97
98
99
100
101
102
103
104
105
106
107
108
109
110
111
112
113
114
115
116
117
118
119
120
121
122
123
124
125
126
127
128
129
130
131
132
133
134
135
136
137
138
139
140
141
142
143
144
145
146
147
148
149
150
151
152
153
154
155
156
157
158
159
160
161
162
163
164
165
166
167
168
169
170
171
172
173
174
175
176
177
178
179
180
181
182
183
184
185
186
187
188
189
190
191
192
193
194
195
196
197
198
199
200
201
202
203
204
205
206
207
80
81
82
83
84
85
86
87
88
210
211
212
213
214
215
216
217
218
219
220
221
222
223
224
225
226
227
228
229
230
231
232
233
234
235
236
237
238
239
240
241
242
243
245
246
247
248
249
250
251
252
253
254
255
256
257
258
259
260
261
262
263
264
265
266
267
268
269
270
271
272
273
274
275
276
277
278
279
280
281
282
283
284
285
286
287
288
289
290
291
292
293
294
295
296
297
298
299
300
301
302
303
304
305
306
307
308
309
310
311
312
313
314
315
316
317
318
319
320
321
322
323
324
325
326
327
328
329
330
331
332
333
334
335
336
337
338
339
340
341
342
343
344
345
346
347
348
349
350
351
352
353
354
355
356
357
358
359
360
361
362
363
364
365
366
367
368
369
370
371
372
373
374
375
376
377
378
379
380
381
382
383
384
385
386
387
388
389
390
391
392
393
394
395
396
397
398
399
400
401
402
403
404
405
406
407
408
409
410
411
412
413
414
415
416
417
418
419
420
421
422
423
424
425
426
427
428
429
430
431
432
433
434
435
436
437
438
439
440
441
442
443
444
445
446
447
448
449
450
451
452
453
454
455
456
457
458
459
460
461
462
463
464
466
467
468
469
470
471
472
473
474
475
476
477
478
479
480
481
482
484
485
486
487
488
489
490
491
492
493
494
495
496
497
498
499
500
501
502
503
504
505
506
507
508
509
510
511
512
513
514
515
516
517
518
519
520
522
523
524
525
526
527
528
530
531
532
533
534
535
536
537
538
539
540
541
542
543
544
545
546
547
548
549
550
551
552
553
554
555
556
557
558
559
560
561
562
563
564
565
566
567
568
569
570
571
572
573
574
575
576
577
578
579
580
581
582
583
584
585
586
587
588
589
590
591
592
593
594
595
596
597
598
599
600
601
602
603
604
605
606
607
608
609
610
611
612
613
614
615
616
617
618
619
620
621
622
623
624
625
626
627
628
629
630
631
632
633
634
635
636
637
638
639
640
641
642
643
644
645
646
647
648
649
650
651
652
653
654
655
656
657
658
659
660
661
662
663
664
665
666
667
668
669
670
671
672
673
674
675
676
677
678
679
680
659
679
680
677
685
686
674
665
690
691
692
693
694
695
696
697
698
699
700
701
702
703
704
705
706
707
708
709
710
711
712
713
714
715
716
717
718
719
720
721
722
723
724
725
726
727
728
729
730
731
732
733
734
735
704
737
738
739
740
741
742
743
744
745
746
747
747
745
751
752
753
754
755
756
757
758
759
760
761
762
763
764
765
766
767
768
769
763
764
765
766
767
768
467
342
329
470
216
317
293
324
748
753
160
339
662
10
74
75
744
147
247
112
302
33
161
233
246
247
643
486
247
80
468
54
157
21
125
108
88
113
117
92
101
119
114
112
116
90
94
109
127
100
624
744
146
246
247
729
725
712
40
691
697
692
719
379
143
223
161
155
170
147
149
129
158
246
247
661
662
682
349
682
682
682
317
362
356
84
82
97
109
720
223
161
147
149
246
247
325
486
117
161
221
247
467
97
693
694
721
510
486
514
211
214
215
89
337
160
514
217
213
211
214
212
215
334
486
304
295
104
214
327
319
341
511
143
247
164
247
94
310
330
560
643
48
614
93
309
727
519
697
510
719
379
143
223
161
170
147
149
129
246
247
343
309
669
161
744
182
238
160
514
246
643
247
614
326
762
758
752
754
756
211
143
247
486
682
682
306
693
694
691
698
695
527
475
481
479
525
473
477
486
522
466
682
682
512
744
155
246
247
570
48
124
754
333
306
160
514
217
211
214
215
693
696
694
691
695
697
719
151
744
247
693
694
339
321
160
514
217
211
214
215
214
215
30
332
748
748
216
657
48
538
214
48
475
481
479
473
477
486
466
512
511
510
561
532
549
121
113
111
554
536
602
93
118
535
550
612
551
533
553
117
120
552
119
116
114
531
110
245
682
663
682
44
722
336
693
694
748
748
334
307
748
748
349
471
320
48
566
75
389
84
85
344
113
254
256
251
280
264
253
269
281
268
272
262
255
260
285
267
261
263
276
271
257
252
278
283
273
270
277
284
282
288
265
275
266
259
274
279
258
348
17
112
346
139
140
141
103
104
83
105
342
640
110
682
682
744
155
246
247
112
379
423
383
385
129
387
405
217
216
624
625
635
214
634
80
330
682
58
47
48
87
523
303
300
379
409
387
59
158
84
100
85
343
470
313
329
115
210
123
512
511
756
81
112
335
682
682
682
314
298
105
667
60
47
48
682
88
514
211
214
215
29
524
149
247
340
300
296
682
486
682
694
347
643
682
682
514
211
214
215
720
311
512
322
337
48
81
111
379
143
287
129
247
601
302
155
246
247
643
315
486
720
721
723
722
46
19
129
358
143
247
297
379
169
409
129
247
643
486
231
143
161
744
239
246
247
14
476
478
474
528
482
526
480
565
48
522
466
693
694
113
673
10
143
247
471
145
99
149
246
247
643
723
15
80
758
754
48
299
320
214
331
486
17
35
44
109
511
512
511
669
744
485
643
486
614
512
511
510
38
36
748
758
752
754
756
662
10
91
707
693
648
96
160
18
53
125
108
112
114
94
113
127
92
109
100
101
744
146
246
247
297
682
344
323
323
328
313
310
748
748
123
486
647
214
215
761
301
179
65
331
14
305
56
50
47
49
312
513
237
214
215
486
768
286
326
44
44
115
210
176
764
657
10
148
143
147
247
324
696
695
696
694
698
695
697
646
319
315
469
293
559
48
296
215
510
143
246
247
316
682
236
693
696
694
720
721
723
722
510
445
447
417
181
419
421
389
130
129
387
108
88
97
95
102
96
85
103
104
93
89
86
87
126
106
125
81
115
92
84
98
90
94
109
91
100
105
107
291
12
46
210
301
721
510
294
722
316
143
417
419
140
141
131
132
421
168
139
135
352
150
129
678
247
709
693
696
691
698
697
695
719
48
305
314
103
111
346
393
134
415
433
56
397
401
399
449
407
395
88
97
121
113
95
85
103
104
118
127
87
122
106
81
115
117
120
92
101
123
84
119
90
112
114
116
109
105
100
73
48
117
318
143
246
247
643
143
161
239
246
247
621
758
752
756
336
146
147
741
247
182
247
643
287
599
322
205
202
203
126
523
347
325
138
105
332
694
691
294
486
327
693
696
695
333
160
385
129
514
217
213
624
211
212
214
215
682
682
379
143
223
161
129
149
247
312
303
147
149
247
81
110
682
39
44
328
660
662
10
486
682
682
729
693
696
694
691
698
697
695
719
335
124
318
744
485
486
143
247
44
321
391
84
87
17
143
20
131
168
360
354
129
15
44
44
486
138
103
308
694
691
723
164
247
348
341
114
84
291
299
345
379
143
223
161
129
247
503
505
492
508
496
507
498
501
494
495
500
491
499
744
493
504
502
490
506
497
485
307
308
345
295
298
338
304
682
150
217
100
46
102
338
469
108
682
676
10
641
90
379
229
367
161
381
232
57
129
409
387
163
158
84
108
112
102
100
122
486
704
731
705
693
696
691
698
695
697
644
719
693
694
524
486
311
340
161
744
228
160
129
387
246
247
744
468
138
104
675
73
80
652
80
719
738
43
617
616
34
34
738
658
644
682
673
619
618
73
510
510
12
366
210
80
46
510
650
291
74
75
727
519
682
160
247
682
160
217
160
247
160
217
160
217
160
217
58
47
522
58
47
