1
2
2
2
2
2
2
2
2
2
2
2
2
2
2
2
2
2
2
2
2
2
2
2
2
2
2
2
2
2
2
2
2
2
2
2
2
2
2
2
4
42
42
6
45
45
8
48
48
10
51
51
12
54
54
13
57
57
14
60
60
15
63
63
16
66
66
17
69
69
18
72
72
19
75
75
20
78
78
21
81
81
22
84
84
23
87
87
24
90
90
25
93
93
26
96
96
27
99
99
28
102
102
29
105
105
30
108
108
31
111
111
32
114
114
33
117
117
34
120
120
35
123
123
36
126
126
37
129
129
38
132
132
39
135
135
40
138
138
41
141
141
17
17
146
147
147
147
147
147
147
147
147
147
147
147
147
147
147
147
147
147
147
147
147
147
147
147
147
147
147
147
147
147
147
147
147
147
147
147
147
147
185
186
186
186
186
186
186
186
186
186
186
186
186
186
186
186
186
186
186
186
186
186
186
186
186
186
186
186
186
186
186
186
186
186
186
186
186
186
186
186
186
186
186
186
186
186
186
186
186
203
235
186
237
237
237
237
242
243
243
243
243
243
243
243
243
243
243
243
243
243
243
243
243
243
243
243
243
243
243
243
253
267
267
259
270
270
270
270
261
275
275
275
275
263
280
280
280
280
243
285
285
285
285
285
285
243
292
292
292
292
292
292
292
243
300
300
300
300
300
300
300
300
300
300
243
311
311
311
311
311
311
311
311
243
320
320
320
320
320
320
243
327
327
327
327
327
327
243
334
243
336
243
338
185
340
340
340
340
340
340
340
340
340
340
340
340
340
340
340
340
340
340
340
340
340
340
340
340
340
340
340
340
340
340
340
340
340
340
340
340
340
340
340
340
340
340
340
340
340
340
340
340
365
365
146
391
391
391
391
391
391
391
391
391
391
391
391
391
391
391
391
391
391
391
391
391
391
391
391
391
395
417
417
408
421
422
422
422
422
422
422
422
422
422
422
422
422
422
422
422
422
422
422
422
422
422
422
422
422
422
422
422
422
422
422
422
422
422
422
422
422
422
422
422
422
422
422
422
422
422
422
422
422
422
422
422
422
422
422
422
422
422
422
422
422
422
422
422
422
422
422
422
422
422
422
422
422
422
422
422
422
422
422
422
422
502
502
502
502
502
502
502
502
511
512
512
512
512
512
512
512
512
512
512
512
512
512
512
512
512
512
512
512
512
512
512
512
512
512
512
512
512
512
512
528
543
543
512
546
546
546
546
546
546
546
546
546
512
556
556
556
556
512
561
561
561
561
561
561
539
568
568
568
568
568
568
568
568
577
525
185
580
580
580
580
580
580
580
580
580
580
580
580
580
580
580
580
580
580
580
580
580
580
580
580
580
580
580
580
580
580
580
580
580
580
580
580
580
580
580
580
580
580
580
580
580
580
580
580
580
580
580
580
580
580
580
580
580
580
580
580
580
580
580
580
580
580
580
580
580
580
580
580
580
580
580
580
152
337
337
414
601
624
255
255
461
461
396
396
396
260
260
260
260
272
318
318
149
404
642
214
214
214
277
277
277
462
462
617
419
499
499
401
470
324
523
523
523
523
523
523
523
523
408
227
165
165
176
176
645
276
276
487
158
158
158
198
160
160
439
439
439
439
439
173
173
405
405
405
405
405
652
459
459
459
459
459
459
271
271
199
199
583
626
595
615
228
178
410
410
475
590
623
304
304
304
613
587
531
531
531
531
531
531
530
530
530
530
530
530
530
460
438
207
207
207
403
403
629
315
157
157
157
157
501
202
482
539
539
539
539
555
555
555
555
555
555
555
457
457
457
457
457
457
457
457
457
457
457
457
457
457
457
457
457
457
457
457
256
256
256
332
463
463
441
458
619
433
654
469
648
656
325
308
495
209
209
209
262
607
634
168
168
168
168
168
168
604
170
170
170
170
170
240
219
219
219
219
219
210
210
210
492
533
533
533
261
261
261
261
261
261
261
261
261
261
261
261
541
541
541
541
612
278
278
400
400
443
216
216
216
216
216
216
194
194
156
156
156
156
415
606
466
466
493
638
282
282
609
608
153
153
153
153
153
567
605
628
653
591
483
483
339
339
234
155
155
155
169
169
589
154
154
154
154
154
232
490
306
306
306
611
287
167
167
167
167
167
167
167
167
633
201
201
477
650
489
402
582
314
610
212
212
212
220
220
220
220
220
175
241
326
474
474
474
474
179
413
222
222
222
222
222
289
253
253
253
464
464
631
498
498
473
630
532
174
174
174
639
526
526
647
649
488
655
217
217
217
319
319
266
266
266
266
266
616
537
614
566
566
566
566
331
598
434
434
434
434
434
434
434
434
434
434
434
627
481
584
208
208
208
208
333
620
150
150
150
150
150
150
150
150
150
150
507
290
316
329
478
298
298
298
540
540
297
297
297
182
651
305
305
305
230
230
465
465
211
211
211
586
263
263
263
263
263
621
330
442
197
197
197
510
171
171
171
171
171
171
171
622
644
534
534
534
534
632
183
183
494
479
206
206
542
506
603
635
221
221
221
221
221
221
203
203
203
335
335
646
640
599
196
196
196
184
184
264
264
264
264
264
264
525
525
525
525
525
525
525
525
525
525
525
525
535
535
592
299
299
299
641
252
252
252
252
252
252
252
252
252
252
618
254
254
151
151
151
151
151
151
307
524
218
218
218
218
218
486
310
310
229
259
259
259
259
259
508
597
163
223
223
223
223
223
226
226
226
226
226
585
637
200
200
231
231
560
560
560
288
291
509
509
509
625
159
643
215
215
215
491
265
265
265
265
265
265
265
265
437
437
467
467
602
480
471
594
309
281
281
257
257
484
636
436
436
436
600
412
497
497
588
596
204
204
399
399
399
399
317
195
195
322
593
538
536
536
536
536
536
536
536
500
485
213
213
213
213
440
440
313
375
323
190
554
554
244
579
