1
2
2
2
2
2
2
2
2
2
2
2
2
2
7
16
11
18
20
21
21
21
22
25
22
27
27
22
30
20
32
32
32
20
36
36
36
36
20
41
41
41
41
41
41
41
41
41
41
41
41
41
41
41
57
57
57
58
59
60
61
62
63
64
49
19
19
19
22
22
22
28
28
28
75
24
24
23
79
23
19
19
22
22
88
40
90
91
91
91
91
92
93
94
95
95
95
95
97
101
102
102
102
102
102
102
102
102
102
102
102
102
102
102
102
102
102
102
102
102
102
102
102
102
102
102
102
102
102
102
114
36
32
109
56
127
11
130
22
22
22
22
22
22
22
22
55
111
112
112
110
40
40
40
114
114
114
114
114
114
114
114
114
114
114
114
114
114
114
114
118
116
116
116
116
126
126
115
117
117
52
51
23
129
54
50
35
31
31
31
31
31
31
13
9
125
121
119
128
128
53
14
34
12
120
113
113
10
10
28
29
39
39
39
19
38
59
60
61
62
63
81
82
82
82
82
82
82
66
68
68
68
69
70
70
90
90
90
73
91
91
92
93
