2
3
4
5
3
8
9
10
11
12
13
15
16
17
18
19
21
22
23
24
25
26
27
28
29
30
31
32
33
34
35
36
37
38
39
40
41
42
43
44
45
46
47
48
49
50
51
52
53
54
55
56
57
58
59
60
61
62
45
48
49
67
68
69
70
71
72
73
74
75
76
77
78
79
80
81
82
83
84
85
86
80
81
21
28
41
68
83
72
71
39
40
22
22
7
44
72
38
43
26
24
41
68
22
68
69
70
71
70
44
31
68
39
31
45
63
42
24
50
63
71
83
73
43
45
42
22
7
22
7
16
73
68
67
40
67
37
63
22
7
22
7
22
7
22
7
