1
2
2
2
2
2
2
2
2
2
2
2
2
2
2
2
18
18
21
17
17
24
25
26
26
26
26
26
26
26
26
26
26
26
26
26
26
41
42
42
42
42
42
42
42
42
42
42
42
42
42
42
56
58
59
59
59
59
59
59
59
59
59
59
59
59
59
59
59
59
74
25
78
78
78
78
78
78
78
82
82
79
79
90
84
83
83
82
85
82
82
98
98
98
98
98
98
98
98
98
98
98
98
98
98
98
98
98
98
98
98
98
98
120
120
120
120
120
115
126
128
129
129
129
129
129
129
129
129
129
129
129
129
129
129
129
129
129
129
129
129
129
129
129
129
129
129
129
129
129
129
129
129
129
129
129
129
129
129
129
129
129
129
129
129
129
129
129
129
129
129
129
129
129
129
129
129
129
129
129
129
129
129
129
129
129
129
129
129
129
129
129
129
129
129
203
203
129
206
206
206
206
206
206
174
214
175
25
216
216
216
216
216
216
216
216
216
216
216
216
216
216
216
216
216
216
216
216
216
223
222
1
240
240
240
240
240
240
240
240
240
240
240
240
240
240
240
240
240
240
240
240
240
240
240
240
240
240
240
240
240
240
240
240
240
240
240
240
240
240
240
240
240
240
240
240
240
240
240
240
240
240
240
240
240
240
240
240
240
240
240
240
240
240
240
240
240
240
240
240
240
240
240
240
312
312
315
266
317
317
317
317
317
317
317
317
317
317
317
317
317
317
331
331
119
25
335
335
335
335
335
335
335
335
335
335
335
335
335
347
282
282
282
282
293
274
267
267
267
267
267
267
342
179
179
179
117
309
309
309
172
172
172
172
172
197
197
170
170
170
170
170
170
170
170
170
170
170
170
170
170
170
75
182
55
55
55
55
55
55
55
55
55
55
55
55
55
268
211
211
167
167
167
167
167
167
308
308
308
263
263
263
263
263
263
263
263
280
280
280
280
280
68
68
68
119
119
119
119
119
119
119
200
200
276
276
276
276
66
66
66
66
16
74
74
183
290
6
6
6
6
196
333
124
171
171
296
296
296
337
266
266
266
266
266
266
266
266
266
266
266
266
266
266
266
266
266
266
266
266
298
305
305
305
305
169
169
169
169
181
281
281
330
330
330
330
330
330
330
292
174
174
174
174
174
300
329
329
260
260
314
113
275
275
275
275
275
125
125
125
125
289
264
264
264
264
264
73
73
185
185
192
114
114
114
114
114
114
114
114
114
114
114
114
327
70
70
70
187
34
173
287
338
190
198
198
67
67
67
67
67
67
273
273
273
56
56
56
56
56
56
56
56
56
302
344
168
33
265
265
265
265
265
265
265
265
265
265
265
265
265
265
265
265
265
265
265
265
265
265
278
278
278
299
20
8
116
116
116
116
116
116
116
116
116
116
184
184
184
12
270
307
307
307
259
339
283
310
191
279
199
199
199
199
340
341
343
7
189
189
189
189
189
189
189
195
176
176
186
186
345
188
72
72
72
72
311
346
295
295
71
71
301
301
277
127
212
212
212
212
212
115
115
115
115
115
348
193
180
180
180
180
180
194
262
262
262
262
262
262
262
262
262
262
262
118
328
328
328
328
328
328
328
328
328
328
328
328
328
209
326
326
109
155
155
155
334
334
77
213
24
