1
2
2
2
2
2
2
2
2
2
2
2
2
2
2
2
2
2
2
2
2
2
2
2
2
2
2
2
2
2
2
2
2
2
2
2
2
2
2
2
2
2
2
2
2
2
2
2
2
2
2
2
2
2
2
2
2
2
2
2
2
2
2
2
2
2
2
2
2
2
2
2
2
2
2
2
2
2
2
2
2
2
2
2
2
2
2
2
2
2
2
2
2
2
96
97
97
97
97
97
97
97
97
97
97
97
97
97
97
97
97
97
97
97
97
97
97
97
97
97
97
97
97
97
97
97
97
97
97
97
97
97
97
97
97
97
97
97
97
97
97
97
97
97
97
97
97
97
97
97
97
97
97
97
97
97
97
97
97
97
97
97
97
97
97
97
97
97
97
97
97
97
97
97
97
97
97
97
97
97
97
97
97
97
97
97
97
135
190
190
193
135
135
135
198
198
135
135
96
201
201
201
201
201
201
201
201
201
201
201
201
201
201
201
201
201
201
201
201
201
201
201
201
201
201
201
201
201
201
201
201
201
201
201
201
201
201
201
201
201
201
201
201
201
201
201
201
233
1
251
251
251
251
251
251
251
251
251
251
251
251
251
251
251
260
267
260
269
263
271
264
273
275
276
276
276
276
276
276
276
276
276
276
276
276
276
276
276
276
276
276
276
276
276
276
276
276
276
276
276
276
276
276
276
276
276
276
276
276
276
276
276
276
276
276
276
276
276
276
276
276
276
276
276
276
276
276
276
276
276
276
276
276
276
276
276
276
276
276
276
276
276
276
276
276
276
276
276
276
276
276
276
276
276
276
276
276
276
276
276
276
276
276
276
276
276
276
276
276
276
325
374
325
376
325
378
325
380
325
382
325
384
325
386
325
388
325
390
350
392
326
326
396
397
397
397
397
397
397
397
405
406
406
406
406
406
406
406
406
406
406
406
406
406
406
421
422
422
422
422
422
422
422
422
422
422
422
422
422
422
422
422
422
422
422
422
422
422
422
422
422
422
422
422
422
422
422
422
422
422
422
422
422
422
422
422
422
422
422
466
467
467
467
467
467
467
467
467
467
467
467
467
467
467
467
467
467
467
467
467
467
467
467
467
467
467
467
467
467
467
467
467
467
467
467
467
467
467
467
467
467
467
467
467
467
467
467
467
467
467
467
467
467
467
467
467
467
467
467
467
467
467
467
467
467
467
467
467
467
467
467
467
467
467
467
467
467
467
467
467
467
467
467
467
467
467
467
467
467
467
467
467
467
467
467
467
467
467
467
467
467
467
467
467
467
467
467
467
467
467
467
467
467
467
467
467
467
467
467
467
467
467
467
467
467
467
467
467
467
467
467
467
467
467
467
467
467
467
467
467
467
467
467
467
467
467
467
467
467
467
467
467
467
467
467
467
467
467
467
467
467
629
630
630
630
630
630
630
630
630
630
630
630
630
630
630
630
630
630
630
630
630
630
630
630
630
630
630
630
630
630
630
630
630
630
630
630
630
630
630
630
630
670
96
672
672
672
672
672
672
672
672
672
672
672
679
684
524
604
68
68
92
584
545
595
181
126
393
444
444
334
553
430
430
430
69
69
649
141
146
425
425
347
347
347
347
347
347
347
347
347
347
347
347
347
347
347
347
449
449
449
660
675
675
462
462
462
462
462
462
462
462
462
462
462
661
627
583
329
329
329
329
329
329
460
460
460
460
460
682
682
682
682
682
594
358
454
454
662
169
53
346
171
171
247
247
247
247
247
247
247
247
247
247
247
247
247
247
247
247
247
247
247
247
247
247
183
58
338
530
83
538
588
557
121
121
143
324
600
60
246
127
147
147
147
147
147
461
461
438
438
345
566
606
93
344
135
135
135
135
135
135
135
135
135
135
135
135
135
135
135
135
135
135
135
135
135
135
135
135
135
135
135
135
446
446
446
446
446
446
446
446
446
522
431
431
431
431
431
129
129
61
543
45
645
436
436
542
148
148
148
148
442
442
442
189
371
179
179
50
607
152
152
152
152
152
152
152
152
152
152
152
152
152
152
152
541
240
71
71
71
445
445
158
158
158
158
611
669
651
131
539
136
55
74
74
81
70
70
70
679
679
679
679
679
223
223
223
223
223
223
86
44
326
326
326
326
326
326
326
326
326
326
326
133
88
532
537
657
561
124
139
652
56
628
249
609
349
349
349
617
659
367
426
426
426
426
426
426
426
426
426
426
426
426
426
426
426
426
426
426
426
426
426
426
426
426
426
426
426
426
426
426
426
426
426
426
426
426
626
330
245
622
333
333
333
333
333
525
33
33
362
440
440
440
153
153
153
153
153
153
153
335
650
605
87
341
665
128
128
571
37
37
37
180
180
180
180
180
180
180
180
180
180
180
180
180
549
348
348
348
348
348
348
323
523
567
46
603
353
64
82
328
49
30
30
336
336
120
120
120
232
232
232
263
263
263
263
263
263
79
79
536
570
160
160
160
160
666
556
36
36
38
76
76
192
43
340
265
265
265
265
265
265
458
458
526
550
559
186
186
186
138
65
65
624
62
236
236
678
678
678
678
678
678
678
678
678
598
80
185
185
185
185
590
531
365
365
404
459
459
459
459
459
25
646
554
441
441
441
579
162
41
231
132
435
435
547
452
452
452
452
452
429
429
429
429
166
368
402
433
433
270
391
355
447
447
447
655
177
177
48
576
610
220
220
616
361
57
130
229
676
676
31
31
342
182
94
242
337
77
77
667
350
350
350
350
350
350
350
350
350
350
350
450
450
450
548
618
591
51
592
602
568
227
140
150
150
150
150
150
150
150
150
237
237
237
237
237
142
565
262
262
327
653
91
551
155
155
369
615
221
221
577
614
658
683
683
437
544
352
366
465
465
465
465
596
235
235
235
235
235
244
168
168
168
168
580
546
560
42
144
455
455
455
581
178
178
72
72
72
664
40
173
173
654
403
403
403
66
66
233
233
233
174
321
321
321
321
321
321
321
321
321
321
321
321
321
321
321
321
321
321
321
321
321
321
321
321
321
321
321
321
321
321
321
321
321
321
321
321
321
34
34
552
573
582
463
463
463
463
463
463
463
463
463
463
463
463
47
163
578
159
159
159
569
668
359
364
656
621
325
325
325
325
325
325
325
325
325
325
325
325
325
325
325
325
325
325
325
325
325
325
325
325
325
325
325
325
325
325
325
325
325
325
325
35
35
357
586
264
264
264
264
264
264
264
264
264
448
448
448
156
456
456
456
456
29
154
59
533
464
464
464
663
238
432
432
457
167
589
373
39
165
230
84
623
187
187
593
540
226
574
599
90
608
164
222
222
222
222
222
222
222
222
134
137
28
161
670
670
670
670
670
670
670
670
670
670
670
670
670
453
453
453
453
453
453
613
572
451
451
451
363
363
234
234
234
601
648
225
225
225
225
225
73
73
224
224
54
535
372
95
32
32
78
78
585
434
434
612
354
354
354
89
67
67
175
175
175
228
331
331
564
52
52
261
261
243
191
191
191
191
191
191
191
439
439
625
239
343
322
322
575
620
443
443
443
443
443
562
563
619
558
555
26
26
26
26
145
528
587
370
681
681
356
123
123
27
63
241
529
170
170
184
85
151
151
151
151
151
151
151
151
151
151
151
151
151
151
151
151
151
151
151
151
151
151
360
647
157
157
157
157
339
351
351
351
351
351
351
351
351
351
351
351
351
351
351
351
75
75
176
176
176
176
260
260
260
260
260
260
260
260
260
260
260
260
260
260
260
260
260
260
260
125
248
188
597
149
149
527
122
428
428
428
428
428
428
332
332
644
424
104
258
419
419
674
473
105
259
3
280
195
195
195
196
197
197
197
197
250
250
394
394
671
671
671
671
671
671
671
671
671
671
671
671
671
199
199
199
395
395
200
