2
3
4
5
6
7
8
9
10
11
12
13
14
15
16
17
18
19
20
21
22
23
24
25
26
27
28
29
30
31
32
33
34
35
36
37
38
39
40
41
42
43
44
45
46
47
48
49
50
51
52
54
55
56
57
58
59
60
61
62
63
64
65
66
67
68
69
70
71
72
73
74
75
76
77
78
79
80
81
82
83
84
86
87
88
89
90
91
92
93
94
95
96
97
98
99
100
101
102
103
104
105
106
107
108
109
110
111
112
113
114
115
116
117
118
119
120
121
122
123
94
126
127
128
129
130
131
132
133
134
135
136
137
138
139
140
141
142
143
144
145
146
147
148
149
150
151
152
153
154
155
156
157
158
159
160
161
162
163
164
165
166
167
168
169
170
171
172
173
174
175
176
177
178
179
180
181
182
183
184
185
186
187
188
189
190
191
192
193
194
195
196
197
198
199
200
201
202
203
204
205
206
207
208
209
210
211
212
213
214
215
216
217
218
220
221
222
223
224
225
226
227
228
229
230
231
232
233
234
235
236
237
238
239
240
241
242
243
244
245
246
247
248
249
250
251
252
253
254
255
256
257
258
259
260
261
262
263
264
265
266
267
268
269
270
271
272
273
274
275
276
277
278
279
280
281
282
283
284
285
286
287
288
289
290
291
292
293
294
295
296
297
298
299
300
301
302
303
304
305
306
307
308
309
310
311
312
313
314
315
316
317
318
319
320
321
322
323
324
325
326
327
328
329
330
331
332
333
334
335
336
337
338
339
340
341
86
35
11
130
135
133
261
253
251
233
258
257
260
259
256
254
250
97
206
41
22
42
33
40
2
133
253
16
74
56
136
6
7
9
134
128
131
132
136
129
127
8
75
284
239
16
7
26
10
107
18
7
8
299
41
32
22
40
36
2
266
252
277
245
10
7
4
8
224
225
35
41
37
22
40
2
104
253
252
249
279
280
278
243
244
223
245
56
55
170
154
157
159
156
158
160
155
296
265
248
228
253
257
232
241
259
254
252
256
230
234
249
240
128
135
133
8
250
74
56
164
3
8
252
224
222
237
249
221
250
103
257
131
97
231
41
37
38
22
40
2
97
227
101
236
75
237
299
265
248
252
254
234
253
232
249
240
241
16
18
5
120
119
297
224
240
6
10
8
206
207
225
16
18
7
3
89
88
264
35
12
10
98
229
8
41
38
22
40
2
255
159
263
21
10
8
41
22
40
2
224
227
244
89
87
90
263
31
45
22
2
157
159
162
156
161
318
221
252
234
21
97
277
243
233
75
23
11
163
254
224
6
7
3
8
11
105
245
158
212
205
210
133
27
11
36
7
4
8
90
132
255
315
102
118
228
75
264
73
56
57
55
36
18
3
101
87
90
159
74
56
133
8
128
123
96
119
240
242
10
101
87
90
139
134
130
131
135
133
129
153
153
75
74
56
121
92
87
88
248
129
268
320
269
248
228
237
235
242
236
225
243
244
233
229
226
227
266
246
265
221
255
232
224
238
230
234
249
231
240
245
247
230
170
157
162
156
158
160
161
155
164
268
300
297
302
224
248
252
242
240
262
12
74
56
158
93
87
91
106
99
100
221
251
75
72
58
8
7
23
6
7
9
8
243
251
23
23
3
8
160
8
35
163
273
228
237
261
253
235
225
243
244
258
227
262
246
221
255
257
260
232
241
263
224
259
230
252
254
256
249
245
240
153
23
7
8
257
277
244
118
118
36
7
7
4
8
8
4
