2
3
4
5
6
7
8
9
10
11
12
13
14
15
16
17
18
19
20
21
22
23
24
25
26
27
28
29
30
31
32
33
34
35
36
37
38
39
40
41
42
43
44
45
46
47
48
49
50
51
52
53
54
55
56
57
58
59
60
61
62
63
64
65
66
67
68
69
70
71
72
73
74
75
76
77
78
79
80
81
82
83
84
85
86
87
88
89
90
91
92
93
94
95
96
97
98
99
100
101
102
103
104
105
106
107
108
109
110
111
112
113
114
115
116
117
118
119
120
121
122
123
124
125
126
127
128
129
130
131
132
133
134
135
136
137
138
139
140
141
142
143
144
145
146
147
148
149
150
151
152
153
154
155
156
157
158
159
160
161
162
163
164
165
166
167
168
169
170
171
172
173
174
175
176
177
178
179
180
181
182
183
184
185
186
187
188
189
190
191
192
193
194
195
196
197
198
199
200
201
202
203
204
205
206
207
208
209
210
211
212
213
214
216
217
218
219
220
221
222
223
224
225
226
227
228
230
231
232
233
234
235
236
237
238
239
240
241
242
243
244
245
246
247
249
251
252
253
254
255
256
257
258
259
260
261
262
263
264
265
266
267
268
269
270
271
272
273
274
275
276
277
278
279
280
281
282
283
284
285
286
287
288
289
290
291
292
293
294
295
296
297
298
299
300
301
302
303
304
305
306
307
308
309
310
311
312
313
314
315
316
317
318
319
320
321
322
323
324
325
326
327
328
329
330
331
332
333
334
335
336
337
338
339
340
341
342
343
344
345
346
347
348
349
350
351
352
353
354
355
356
357
358
359
360
361
362
363
364
365
366
367
368
369
370
371
372
373
374
375
376
377
378
379
380
381
382
383
384
385
386
387
388
389
390
391
392
393
394
395
396
397
398
399
400
401
402
403
404
405
406
407
408
409
410
411
412
413
414
415
416
417
418
419
420
421
422
423
424
425
426
427
428
429
430
431
432
433
434
435
436
437
438
439
440
441
442
443
444
445
446
448
449
450
451
452
453
454
455
456
457
458
459
460
461
462
463
464
465
466
467
468
469
470
471
472
473
474
475
476
477
478
479
480
481
482
483
484
485
486
487
488
489
490
491
492
493
494
495
496
497
498
499
500
501
502
503
504
505
506
507
508
509
510
511
512
513
514
515
516
517
518
519
520
521
522
523
524
525
526
527
528
529
530
531
532
533
534
535
536
537
538
539
540
541
542
543
544
545
546
547
548
549
550
551
552
553
554
555
556
557
558
559
560
561
562
563
564
565
566
567
568
569
570
571
572
573
574
575
576
577
578
579
580
581
582
583
584
585
586
587
588
589
590
591
592
593
594
595
596
597
598
599
600
601
602
603
604
605
606
607
608
609
610
611
612
613
614
615
616
617
618
619
620
621
622
623
624
625
626
627
628
629
630
631
632
633
634
635
636
637
638
639
640
641
642
643
644
645
646
647
648
649
650
651
652
653
654
655
656
657
658
659
660
661
662
663
664
665
666
667
668
669
670
671
672
673
674
675
676
677
678
679
681
682
683
684
685
686
687
688
689
690
691
692
693
694
695
696
697
698
699
700
701
702
703
704
705
706
707
708
709
710
711
712
713
714
715
716
717
718
719
720
721
722
723
724
725
726
727
728
729
730
731
732
733
734
735
736
737
738
739
740
741
742
743
744
745
746
747
748
749
750
751
752
753
754
755
756
757
758
759
760
761
762
763
764
765
766
767
768
769
770
771
772
773
774
775
776
777
778
779
780
781
782
783
784
785
786
787
788
789
790
791
792
793
794
795
796
797
798
799
800
801
802
803
804
805
806
807
808
809
810
811
812
813
814
815
816
817
818
819
820
821
822
823
824
825
826
827
828
829
830
831
832
833
834
835
836
837
838
839
840
841
842
843
844
845
846
847
848
849
850
851
852
853
854
855
856
857
858
859
860
861
862
863
864
865
866
867
868
869
870
871
872
873
874
875
876
877
878
879
880
881
882
883
884
885
886
887
888
889
890
891
892
893
894
895
896
897
898
899
900
901
902
903
904
905
906
907
908
909
910
911
912
913
914
915
916
917
918
919
920
921
922
923
924
925
926
927
928
929
930
931
932
933
934
935
936
937
938
939
940
941
942
943
944
945
946
947
948
949
950
951
952
953
954
955
956
957
958
959
960
961
962
963
964
965
966
967
968
969
970
971
972
973
974
975
976
977
978
979
980
981
982
983
984
985
986
987
988
989
990
991
992
993
994
995
996
997
998
999
1000
1001
1002
1003
1004
1005
1006
1007
1008
1009
1010
1011
1012
1013
1014
1015
1016
1017
1018
1019
1020
1021
1022
1023
1024
1025
1026
1027
1028
1029
1030
1031
1032
1033
1034
1035
1036
1037
1038
1039
1040
1041
1042
1043
1044
1045
1046
1047
1048
1049
1050
1051
1052
1053
1054
1055
1056
1057
1058
1059
1060
1061
1062
1063
1064
1065
1066
1067
1068
1069
1070
1071
1072
1073
1074
1075
1076
1077
1078
1079
1080
1081
1082
1083
1084
1085
1086
1087
1088
1089
1090
1091
1092
1093
1094
1095
1096
1097
1098
1099
1100
1101
1102
1103
1104
1105
1106
1107
1108
1109
1110
1111
1112
1113
1114
1115
1116
1117
1118
1119
1120
1121
1122
1123
1124
1125
1126
1127
1128
1129
1130
1131
1132
1133
1134
1135
1136
1137
1138
1139
1140
1141
1142
1143
1144
1145
1146
1147
1148
1149
1150
1151
1152
1153
1154
1155
1156
1157
1158
1159
1160
1161
1162
1163
1164
1165
1166
1167
1168
1169
1170
1171
1172
1173
1174
1175
1176
1177
1178
1179
1180
1181
1182
1183
1184
1185
1186
1187
1188
1189
1190
1191
1192
1193
1194
1195
1196
1197
1198
1199
1200
1201
1202
1203
1204
1205
1206
1207
1208
1209
1210
1211
1212
1213
1214
1215
1216
1217
1218
1219
1220
1221
1222
1223
1224
1225
1226
1227
1228
1229
1230
1231
1232
1233
1234
1235
1236
1237
1238
1239
1240
1241
1242
1243
1244
1245
1246
1247
1248
1249
1250
1251
1252
1253
1254
1255
1256
1257
1258
1259
1260
1261
1262
1263
1264
1265
1266
1267
1268
1269
1270
1271
1272
1273
1274
1275
1276
1277
1278
1279
1280
1281
1282
1283
1284
1285
1286
1287
1288
1289
1290
1291
1292
1293
1294
1295
1296
1297
1298
1299
1300
1301
1302
1303
1304
1305
1306
1307
1308
1309
1310
1311
1312
1313
1314
1315
1317
1318
1319
1320
1321
1322
1323
1324
1325
1326
1327
1328
1329
1330
1331
1332
1333
1334
1335
1336
1337
1338
1339
1340
1341
1342
1343
1344
1345
1346
1347
1348
1349
1350
1351
1352
1353
1354
1355
1356
1357
1358
1359
1360
1361
1362
1363
1364
1365
1366
1367
1368
1369
1370
1371
1372
1373
1374
1375
604
129
1106
777
236
233
234
1106
777
703
1115
697
698
235
811
777
1126
1124
697
698
626
814
777
1099
1101
1105
1103
777
398
395
233
788
777
1213
1211
1230
1227
5
1198
1115
286
1344
1343
1341
1363
1342
1364
1321
1320
1243
1154
1115
234
1219
1232
1199
1222
1223
1220
1225
1224
1221
1231
1229
1228
1226
1230
1227
1198
537
264
257
258
259
256
139
240
128
129
152
240
128
123
129
130
282
286
537
785
777
776
129
139
129
139
129
537
240
1108
777
917
777
781
259
286
284
537
235
623
927
231
773
236
291
286
284
537
701
236
695
697
698
1315
1294
1156
1154
1155
1157
1175
1173
140
129
1251
1123
697
698
694
282
286
1129
1296
1285
1092
1243
1243
667
358
240
287
231
285
1283
1282
1279
1295
1293
1291
1294
1297
1296
1287
1289
1286
1288
1290
1292
1243
1243
780
777
140
129
240
358
240
287
231
285
777
139
129
1206
286
623
620
544
670
623
622
255
259
1290
1285
1285
1366
1095
1243
546
544
1199
927
777
240
139
129
1364
1322
286
537
286
537
240
1241
1199
282
537
537
785
777
776
1214
1198
928
777
240
928
777
773
1203
1209
1213
1211
1204
1212
1208
1207
1210
1214
1205
1206
1198
62
8
1198
129
259
777
232
231
236
233
777
541
290
537
927
777
1323
1322
1320
139
129
240
777
1106
777
240
659
670
671
669
675
672
674
676
673
537
667
379
383
382
380
381
607
240
1138
698
697
698
694
1237
5
8
545
1321
1320
240
786
777
878
777
379
383
382
380
381
255
259
537
1099
1097
1101
1105
1103
777
358
240
287
231
285
231
398
395
1079
231
398
395
623
622
673
286
537
1142
1141
1143
1156
1158
1154
1157
1175
1173
1364
1318
1322
1320
124
129
1156
1154
1175
1173
543
545
546
544
542
541
546
544
816
777
1115
6
1198
1321
1241
1199
703
701
236
695
282
286
537
1108
777
1375
1374
813
777
398
397
1109
777
1198
776
1217
8
395
233
265
257
258
255
544
1230
5
4
1198
139
129
927
777
1258
545
240
605
139
129
541
1222
1223
1228
1220
1226
1225
1212
1230
1224
1221
1231
1227
1198
62
697
698
286
284
785
777
1214
1231
5
8
4
1198
537
623
622
676
537
537
786
777
231
398
395
537
1199
1198
537
659
670
671
669
675
672
674
676
673
537
667
749
697
698
746
1330
1340
1335
1346
1347
1360
1362
1345
1358
1327
1356
1337
1351
1339
1328
1359
1336
1355
1350
1349
1329
1338
1352
1357
1354
1324
1323
1319
1322
927
240
777
773
240
46
398
397
23
6
1198
1243
291
286
284
537
606
605
669
623
622
541
398
397
231
398
395
788
777
6
8
4
259
1099
1101
1105
1103
777
291
286
284
537
258
255
1109
777
255
537
240
1323
1243
785
777
776
777
290
282
537
927
240
777
773
697
698
1237
5
1198
623
788
777
785
774
231
773
236
1154
777
1293
1288
1285
1236
5
1198
623
672
622
1312
1294
1285
398
395
233
1198
1321
1320
286
537
703
701
236
695
788
777
623
240
1334
1366
1320
1235
1199
1218
5
1198
62
545
546
1089
777
398
397
1251
1257
1256
1255
1254
1258
1259
1250
1252
1260
1261
1243
1199
669
623
622
1216
8
697
698
1251
1257
1256
1255
1254
1258
1259
1250
1252
1260
1261
1232
6
1198
1250
537
1260
139
129
785
777
776
282
286
927
777
1115
286
1198
785
786
777
286
287
917
777
781
653
620
815
777
655
537
1218
6
1198
878
777
379
383
382
380
381
240
541
1288
1292
1285
749
697
698
746
398
397
1106
777
777
1235
1199
1334
1366
1319
1320
777
398
397
537
788
777
670
623
622
1323
1322
1320
1123
291
286
284
537
814
777
785
774
777
286
537
382
684
683
681
397
291
537
812
777
1363
657
670
671
669
675
672
674
676
673
537
667
697
1216
1088
8
812
777
1115
777
927
777
1287
1285
25
5
6
9
8
62
661
537
1365
649
785
774
777
282
286
537
240
398
397
20
9
8
62
1235
1199
398
397
1215
5
1198
777
771
1243
1199
671
623
622
546
544
696
623
675
622
1253
1235
1199
786
777
240
545
1099
1097
1101
1105
1103
777
259
379
383
382
380
381
1106
777
777
788
777
777
291
284
537
785
777
776
749
703
701
236
695
746
671
623
622
240
810
777
1353
1348
1364
1323
1322
1320
546
544
1199
1141
1097
777
231
398
395
1173
139
240
128
129
537
1238
8
788
777
286
537
25
9
8
62
912
779
777
785
777
5
6
291
286
284
537
1156
1154
1175
1173
129
1199
1198
786
774
777
785
777
139
231
236
128
1203
1216
1217
1215
1214
1237
1231
1218
1228
1213
1211
1226
1236
1232
1208
1234
1207
1210
1205
1222
1209
1223
1220
1212
1225
1224
1221
1206
1229
1238
1233
1204
1230
1227
1198
75
537
785
777
1334
1366
1320
1257
125
657
670
671
669
675
672
674
676
673
537
667
1364
1365
1321
1320
259
543
545
541
544
546
544
648
1241
1199
1199
1215
8
286
545
129
240
777
1117
237
253
252
546
544
537
259
398
397
544
240
234
286
537
1115
397
1156
1158
1154
1157
1175
1173
282
286
537
1106
777
379
383
382
380
381
286
537
670
671
669
675
672
674
676
668
673
1300
395
233
291
284
537
787
777
775
785
777
623
675
622
777
537
1318
1320
623
625
129
1235
1199
282
286
1251
1257
1256
1255
1253
1254
1258
1259
1250
1252
1260
1261
282
286
537
1353
1348
1364
1323
1322
1320
1114
129
1235
1199
1353
1348
1364
1323
1322
1320
623
624
622
676
537
777
607
606
605
537
398
397
1109
777
283
282
286
287
1243
266
257
258
259
1214
1218
5
1198
62
537
669
676
668
670
671
675
672
674
673
667
667
623
927
777
1097
777
240
1198
537
777
1107
777
6
8
4
1198
537
282
286
537
379
383
381
1243
623
622
668
1199
1206
543
1140
701
537
1215
8
286
537
231
395
817
777
537
1099
1101
1105
1103
777
398
397
1353
1348
1364
1323
1322
1320
697
698
130
398
397
1246
1289
1285
240
398
397
813
777
291
286
284
537
5
3
6
9
8
7
1243
1198
541
1150
1106
777
1106
777
623
672
622
1314
1303
1302
1301
1243
1285
1213
1215
1230
1232
5
1198
62
776
1079
1366
1363
284
537
546
544
282
286
777
542
12
75
170
231
236
128
1099
1101
1105
1103
777
1323
1322
1320
240
1198
151
123
291
284
537
546
544
240
537
1361
1367
1324
1323
1322
1320
1111
670
671
669
675
672
674
676
668
673
667
1156
1154
1155
1175
785
777
231
395
1234
8
684
683
681
777
1097
777
545
541
542
544
1115
697
698
286
287
545
1256
139
129
1261
257
133
130
126
129
1243
1235
1199
5
7
4
1198
1106
777
1199
1252
785
774
777
240
1253
240
139
129
286
1198
537
242
785
777
1115
231
398
395
392
379
383
382
380
381
1243
777
282
286
1249
1218
5
8
4
789
955
788
777
1106
777
1243
1232
5
1198
62
704
240
701
236
695
231
236
128
927
777
816
777
1222
1223
1224
1221
1227
1198
139
129
817
777
1108
777
1213
1214
1199
240
140
128
129
777
1321
1320
777
786
777
927
231
773
236
1115
240
255
259
1106
777
139
129
1297
1285
231
236
128
20
9
8
62
697
698
785
777
776
290
537
1241
1199
1324
1323
1322
1320
258
1241
1199
786
777
1149
785
777
778
777
286
537
927
777
1115
1199
656
662
620
1106
777
259
1099
1097
1101
1105
1103
777
259
1280
1248
788
777
655
537
291
284
537
927
777
774
777
537
927
777
282
231
285
537
537
537
240
927
777
286
1106
777
1156
1154
1157
1175
1173
654
631
633
645
635
637
641
639
643
629
1366
1363
697
698
912
779
777
1116
1243
1199
286
398
397
537
1293
1288
1292
1285
1217
1199
1198
1259
785
240
774
777
773
1321
785
777
702
701
697
693
696
1321
1320
1223
1227
1198
785
774
231
773
236
1107
777
1243
1323
1322
1320
1238
6
1198
1106
777
133
129
927
777
1255
785
774
777
242
231
236
128
704
701
1235
1199
1198
1198
1251
1246
1257
1256
1255
1254
1258
1259
1250
1252
240
537
46
1198
537
291
286
284
537
1099
1101
1105
1103
777
1332
1331
1333
1320
777
537
878
777
1106
777
1206
1366
1363
1320
170
231
236
128
777
152
231
128
398
397
749
697
698
694
746
1156
1154
1155
1175
537
1214
6
1198
1079
785
777
398
397
818
777
123
129
623
622
674
291
284
537
286
777
1203
1209
1204
1212
1208
1205
1218
1206
5
1198
62
810
777
928
777
537
1156
1154
1175
1173
785
777
776
286
537
1115
777
546
544
255
259
256
398
397
1214
1231
1227
5
1198
537
240
1107
777
1366
1199
785
777
397
133
129
139
231
236
128
1199
623
622
673
1198
1107
777
623
622
674
697
698
1106
777
785
777
545
544
1233
545
544
1199
1199
286
1198
537
1291
1285
1106
777
537
1092
1243
1156
1154
1155
1157
1175
1295
1294
1285
1218
5
8
4
1198
537
1228
1213
1211
1212
1230
1210
1231
1227
1229
5
1198
62
1109
777
545
537
1198
537
1286
1285
1203
1222
1209
1223
1220
1225
1212
1224
1221
1206
1229
1228
1213
1226
1211
1204
1230
1208
1207
1210
1205
1227
5
1198
62
1079
697
698
1293
1291
1294
1287
1289
1286
1290
1292
697
698
1199
139
240
128
129
927
777
537
240
286
537
537
1324
1321
1323
1319
1322
1320
1094
1243
1235
1199
1198
537
818
777
697
698
242
231
236
128
955
546
544
1208
5
1198
1233
1199
1106
777
240
1156
1154
1155
1175
1173
240
786
777
1233
1211
1214
5
1198
537
1097
777
1259
282
287
1199
291
286
284
537
785
777
286
139
129
286
287
623
622
1108
777
139
129
231
398
395
397
396
878
777
1132
286
537
697
698
1254
286
537
1114
777
1156
1154
1157
1175
1173
541
546
544
1320
777
782
811
777
1132
130
1089
785
777
537
1241
1199
815
777
1199
1198
681
537
681
681
1198
230
230
667
1243
1173
1198
230
230
230
230
1243
230
230
1175
537
230
698
698
