1
2
2
2
2
2
2
2
2
2
2
2
2
2
2
2
2
2
2
2
2
2
2
2
12
27
28
28
28
28
28
28
28
28
28
28
28
28
28
28
28
28
28
28
28
28
28
28
28
28
28
28
28
28
28
28
28
28
28
28
28
28
28
28
28
28
28
28
28
28
28
28
28
28
46
24
16
65
65
65
15
50
50
10
41
41
62
68
68
46
46
46
46
46
56
56
56
14
14
58
58
58
72
74
73
52
8
8
8
8
48
48
48
48
48
48
48
48
48
48
48
48
48
48
48
48
48
48
48
48
18
18
42
42
42
19
19
43
43
43
51
51
51
51
51
51
51
51
51
12
12
11
61
75
75
59
59
55
57
44
44
44
44
44
44
44
44
49
49
49
54
54
54
54
76
60
45
45
45
23
23
13
13
22
26
