2
3
4
5
6
7
8
9
10
11
12
13
14
15
16
17
18
19
20
21
22
23
24
25
26
27
28
29
30
31
32
33
34
35
36
37
38
39
40
41
42
43
44
45
46
47
48
49
50
51
52
53
54
55
56
57
58
59
60
61
62
63
64
65
66
67
68
69
71
72
73
74
75
76
77
78
79
80
81
82
83
84
85
86
87
88
89
90
91
92
93
94
95
96
97
98
99
100
101
102
103
104
105
106
107
108
109
110
111
112
113
114
115
116
117
118
119
120
121
122
123
124
125
126
127
128
129
130
131
132
133
134
135
136
137
138
139
140
141
142
143
144
145
146
147
148
149
150
151
152
153
154
155
156
157
158
159
160
161
162
163
164
165
166
167
168
169
170
171
172
173
174
175
176
177
178
179
180
181
182
183
184
185
186
187
188
189
190
191
192
193
194
195
196
197
198
199
200
201
202
203
204
205
206
207
208
209
210
211
212
213
214
215
216
217
218
219
220
221
222
223
224
225
226
227
228
229
230
231
232
233
234
235
236
237
238
239
240
241
242
243
244
245
246
247
248
249
250
251
252
253
254
255
256
257
258
259
260
261
262
263
264
265
266
267
268
269
270
271
272
82
118
98
74
88
75
98
76
58
24
9
15
18
7
10
53
117
84
131
136
93
122
94
102
81
112
127
94
136
129
112
119
103
97
121
54
93
95
29
24
83
89
58
56
30
31
9
53
115
87
130
113
137
122
97
11
3
26
76
123
74
90
58
4
9
3
8
53
110
80
95
105
108
92
54
5
62
60
119
91
128
116
133
134
128
83
84
100
15
111
88
17
219
226
131
91
82
85
120
16
125
86
99
115
111
77
5
6
18
7
10
17
118
26
26
118
134
87
121
2
54
113
117
107
72
126
56
57
9
53
81
5
15
3
7
17
54
80
56
58
31
9
4
11
12
3
14
13
53
96
114
79
103
106
132
16
15
110
94
126
106
73
124
135
78
114
79
104
104
101
125
129
96
75
77
130
78
90
135
108
92
102
116
137
133
120
85
100
119
72
89
58
4
9
3
8
53
124
73
105
29
24
29
24
109
11
99
127
86
132
54
101
107
109
26
123
59
58
56
9
4
6
5
3
8
53
53
21
58
9
58
9
