1
2
2
2
2
2
2
2
2
2
2
2
2
2
2
2
2
2
2
2
2
2
2
14
25
14
27
29
30
30
30
30
30
30
30
30
30
30
30
30
30
30
30
30
30
30
30
30
30
30
30
30
30
30
30
30
30
30
46
61
61
46
64
64
46
67
67
67
46
71
71
71
48
75
75
48
78
48
80
30
82
82
82
82
30
87
30
89
89
89
89
89
89
29
96
96
96
96
96
96
96
96
96
96
96
96
96
96
96
96
96
96
96
96
96
109
118
111
120
115
122
116
124
117
126
96
128
128
128
128
128
134
135
136
136
136
136
136
136
136
136
136
136
136
136
136
136
136
136
136
136
136
136
136
158
159
159
159
159
159
159
159
159
159
159
159
159
159
159
159
159
159
159
159
159
159
159
159
159
159
159
159
159
159
159
159
159
159
159
159
159
159
159
159
159
159
159
159
159
159
159
159
159
159
159
159
159
159
159
159
159
159
159
159
159
159
159
159
159
159
159
159
159
159
159
159
159
159
159
159
159
159
159
159
159
159
159
159
159
159
159
159
159
159
159
159
159
159
159
159
159
159
159
159
159
159
211
261
211
263
211
265
211
267
211
269
211
271
211
273
211
275
211
277
237
279
30
17
17
17
212
212
212
212
212
212
212
212
212
212
212
93
85
16
255
24
151
151
13
13
13
13
13
13
13
152
278
242
57
280
260
221
219
219
236
236
81
254
216
248
220
220
220
220
220
220
220
46
46
46
46
46
46
46
46
142
142
234
234
234
234
234
234
234
234
234
234
234
234
234
234
234
234
15
15
15
249
148
148
53
222
215
215
215
215
250
250
111
245
20
95
229
92
228
125
224
144
233
237
237
237
237
237
237
237
237
237
237
237
131
131
235
235
235
86
86
208
105
105
259
88
225
240
60
213
241
241
209
116
116
116
214
49
49
49
49
49
256
223
223
232
94
217
217
231
146
50
230
207
55
210
79
79
79
79
22
115
21
239
253
119
133
227
143
258
141
141
141
141
114
114
114
51
150
150
23
18
132
132
132
257
243
110
110
110
14
14
14
14
14
14
14
14
45
149
107
107
147
147
117
117
247
19
206
206
206
206
206
206
206
206
206
206
206
206
206
206
206
206
206
206
206
206
206
206
206
206
206
206
206
206
206
206
206
226
48
48
48
48
48
48
48
48
48
238
238
238
238
238
238
238
238
238
238
47
157
157
56
109
109
109
108
108
252
252
145
153
153
246
251
58
59
211
211
211
211
211
211
211
211
211
211
211
211
211
211
211
211
211
211
211
211
211
211
211
211
211
211
211
211
211
211
244
218
218
102
102
