2
3
4
5
6
7
8
9
10
11
12
13
14
15
16
17
18
19
20
21
22
23
24
25
26
27
28
29
30
31
32
33
34
36
37
39
40
41
42
43
44
45
46
47
48
49
50
51
52
54
55
56
57
58
59
60
61
48
39
45
65
66
67
68
69
70
71
72
73
74
75
76
77
78
79
80
81
82
83
84
85
86
87
88
89
90
91
92
93
94
95
96
97
98
99
100
101
102
103
104
105
106
107
108
109
110
89
92
114
115
116
117
118
119
120
121
122
123
124
125
126
127
128
129
130
131
132
133
134
135
136
137
138
139
140
141
142
143
144
145
146
147
148
149
150
151
152
153
154
155
156
157
158
159
160
118
119
162
152
164
165
166
167
168
169
170
171
172
173
174
175
176
177
178
179
180
181
182
183
184
185
186
187
188
189
190
191
192
193
194
195
196
197
198
199
200
201
202
203
204
205
206
207
208
209
210
211
212
213
214
215
216
217
218
111
188
124
123
81
118
121
53
192
98
124
120
123
89
120
126
123
41
43
47
138
173
200
177
176
96
120
152
122
119
120
126
121
192
183
77
78
85
94
125
68
129
122
120
71
126
121
173
200
183
16
3
16
3
22
24
53
124
206
215
50
49
73
69
39
53
176
183
55
59
58
57
54
56
86
95
84
122
177
208
213
186
212
214
71
177
19
24
148
94
120
123
22
24
47
16
3
173
116
79
40
53
202
216
92
65
98
68
122
69
119
120
72
121
123
70
190
151
90
120
126
89
194
103
53
183
182
196
21
24
101
133
16
3
177
88
120
126
198
153
156
140
150
157
155
152
145
125
129
119
118
130
126
20
3
148
215
46
50
183
61
49
39
53
127
45
16
3
93
40
53
16
3
88
120
126
123
198
60
41
40
43
53
51
128
39
39
176
43
97
175
99
91
139
117
134
39
104
53
183
198
106
53
174
192
80
139
117
55
59
58
57
56
41
65
39
114
53
88
120
126
89
92
152
119
118
118
119
119
45
152
119
126
121
116
120
116
