1
2
2
2
2
2
2
2
2
2
2
2
2
2
2
2
2
2
2
2
2
2
2
2
2
2
2
2
2
2
2
2
2
2
2
2
2
38
38
38
2
42
2
44
44
47
48
48
48
48
48
48
48
48
48
48
48
48
48
48
48
48
48
48
48
48
48
48
48
48
48
48
48
48
76
76
76
81
82
82
82
82
82
82
82
82
82
82
82
82
82
82
82
82
82
82
82
82
82
82
82
82
82
82
94
60
41
41
41
102
102
32
32
32
69
69
69
103
24
24
64
64
98
98
107
107
25
25
25
25
25
25
25
25
25
25
25
25
25
25
25
25
25
25
25
35
59
67
29
29
45
45
45
45
70
33
33
33
33
97
28
28
28
28
28
28
28
93
63
63
63
36
31
26
26
26
26
26
26
26
75
75
75
75
75
78
78
99
99
106
61
61
79
79
79
37
37
37
37
37
37
37
37
30
30
62
62
62
62
62
62
62
62
62
62
62
62
71
71
71
71
108
108
22
100
100
105
96
23
101
101
104
34
95
95
95
95
95
95
95
95
95
95
95
66
66
74
40
40
43
43
43
43
43
43
43
43
43
92
72
94
65
65
68
68
68
68
68
68
68
68
68
68
68
68
68
73
53
39
4
83
77
49
49
10
111
