2
3
4
5
6
7
8
9
10
11
12
13
14
15
16
17
18
19
20
21
22
23
24
25
26
27
28
29
30
31
32
33
34
35
36
37
38
39
40
41
42
43
44
45
46
48
49
50
51
52
53
54
55
56
57
58
59
60
61
62
63
64
65
66
67
68
69
70
71
72
73
74
75
76
77
78
79
82
83
84
85
86
87
88
89
90
91
92
93
94
95
96
97
98
99
100
101
102
103
104
105
106
107
108
111
51
36
37
39
84
86
6
13
7
107
53
49
86
9
2
68
55
103
89
91
90
35
95
93
6
18
8
16
4
14
17
19
15
9
13
10
44
38
82
42
20
48
54
6
7
46
101
37
99
50
107
6
4
10
85
97
19
15
11
7
16
10
88
97
57
53
20
6
108
107
27
13
12
7
14
97
57
53
50
49
77
48
102
89
85
52
48
75
74
77
108
107
6
8
12
11
4
10
6
7
95
93
51
57
54
53
52
50
56
49
80
82
73
57
49
76
103
106
2
102
89
91
83
8
102
89
90
17
94
103
96
91
88
84
87
86
90
89
85
68
55
58
39
2
31
32
35
34
37
30
98
29
33
87
57
88
68
55
70
108
69
107
67
101
100
98
73
53
55
50
80
58
82
2
2
82
48
48
80
82
88
