1
2
2
2
2
2
2
2
2
2
2
2
2
2
2
2
2
2
2
2
2
2
2
2
2
2
2
29
30
30
30
30
30
30
30
30
30
30
30
30
30
30
30
30
30
30
30
30
30
30
30
30
30
30
30
30
30
30
30
30
30
30
30
66
67
67
67
67
67
67
67
67
67
67
67
67
67
67
67
67
67
67
67
67
67
67
67
67
67
67
67
67
67
67
67
67
67
67
67
67
67
67
67
67
67
67
67
67
67
67
67
67
67
67
67
67
67
67
67
67
67
67
67
67
67
67
67
67
67
67
67
67
67
67
67
67
139
139
67
142
142
142
142
142
142
149
149
149
149
29
154
154
154
154
154
154
154
154
154
164
165
165
165
165
165
165
165
165
165
165
165
165
165
165
165
165
165
183
184
184
184
184
184
184
184
184
184
184
184
184
184
184
198
184
200
184
202
29
204
204
204
204
204
204
204
204
204
204
204
204
204
204
204
204
204
204
204
204
204
204
204
204
204
204
204
204
204
204
204
204
204
204
204
204
204
204
204
204
204
204
204
204
204
204
204
204
204
204
204
204
204
204
204
204
204
204
204
204
204
204
204
204
204
204
204
204
204
204
204
204
204
204
204
204
204
204
204
204
204
204
204
204
204
204
204
204
204
204
204
204
204
204
204
204
204
204
204
204
204
204
204
204
204
204
204
204
204
204
204
204
204
204
204
204
321
180
182
117
13
48
48
24
51
25
115
115
115
54
54
107
107
107
107
107
107
107
133
133
105
105
105
105
105
105
105
105
105
105
105
105
105
105
105
105
47
47
172
63
63
63
63
147
147
102
102
102
102
102
102
102
136
136
167
153
26
23
119
119
181
181
14
14
132
106
106
106
106
179
179
104
104
104
104
104
104
28
28
28
28
28
28
53
53
42
42
42
42
42
55
55
55
52
52
109
109
109
109
109
109
109
49
176
176
121
121
128
128
7
7
7
196
11
46
123
9
108
108
56
60
60
114
114
114
114
163
126
174
174
43
134
134
41
41
58
58
58
58
58
58
58
58
162
103
44
44
44
151
177
64
64
120
120
120
118
118
118
171
116
116
116
116
116
116
116
116
195
62
127
12
12
135
135
135
135
135
135
173
175
125
125
125
125
125
125
125
131
111
111
122
122
59
59
59
59
59
59
59
59
59
168
45
124
40
40
152
152
27
27
8
8
148
148
148
148
148
178
129
320
320
320
320
130
169
50
50
193
35
35
145
319
97
32
4
90
90
90
