2
3
4
5
6
7
8
9
10
11
12
13
14
15
16
17
18
19
20
21
22
23
24
25
26
27
28
30
31
32
33
34
35
36
37
38
39
40
41
42
43
44
45
46
47
48
49
50
51
52
53
54
55
56
57
58
59
60
61
62
63
64
65
67
68
69
70
71
72
73
74
75
76
77
78
79
80
81
82
83
84
85
86
87
88
89
90
91
92
93
94
95
96
97
98
99
100
101
102
103
104
105
106
107
108
109
110
111
112
113
114
115
116
117
118
119
120
121
122
123
124
125
126
127
128
129
130
131
132
133
134
135
136
137
138
139
140
141
142
143
144
145
146
147
148
150
151
152
153
154
155
156
157
158
159
160
161
162
163
165
166
167
168
169
170
171
172
173
174
175
176
177
178
179
180
181
182
184
185
186
187
188
189
190
191
192
193
194
195
196
197
198
199
200
201
202
203
204
205
206
207
208
209
210
211
212
213
214
215
216
217
218
219
220
221
222
223
224
225
226
227
228
229
230
231
232
233
234
235
236
237
238
239
240
241
242
243
244
245
246
247
248
249
250
251
252
253
254
255
256
257
258
259
260
261
262
263
264
265
266
267
268
269
270
271
272
273
274
275
276
277
278
279
280
281
282
283
284
285
286
287
288
289
290
291
292
293
294
295
296
297
298
299
300
301
302
303
304
305
306
307
308
309
310
311
312
313
314
315
316
317
318
319
320
245
166
166
118
2
58
204
28
57
27
108
113
114
58
204
56
108
113
111
85
96
97
99
100
106
52
74
92
96
91
95
90
145
143
97
79
144
75
142
67
133
32
166
46
42
64
204
139
142
56
137
107
125
92
97
67
133
69
166
30
28
22
53
123
170
166
18
19
99
54
52
87
97
169
166
105
59
78
95
97
30
9
15
5
4
2
2
58
204
43
44
45
32
89
134
32
33
53
204
110
56
119
52
76
93
97
50
170
166
73
75
56
97
5
4
2
198
2
36
123
5
109
87
33
38
36
53
118
77
73
161
98
169
166
36
99
100
33
34
134
135
35
32
33
319
34
204
161
67
162
36
154
152
166
65
61
122
74
77
51
54
87
166
54
118
121
113
101
72
97
77
198
61
126
4
2
58
99
100
97
88
204
166
166
133
69
90
145
146
144
142
99
112
114
74
91
65
61
60
59
39
38
31
36
30
30
36
120
32
67
54
150
28
2
4
2
145
143
146
144
139
166
99
317
318
319
154
99
170
51
57
202
204
204
139
154
30
67
2
142
139
142
