1
2
2
2
2
2
2
2
2
2
2
2
2
2
2
2
2
2
2
2
2
2
2
2
2
2
2
2
2
2
2
2
2
2
2
2
2
2
2
2
2
2
2
2
2
2
2
2
2
2
2
2
2
2
2
2
2
2
2
2
2
2
2
2
2
2
2
2
2
2
2
2
2
2
2
2
2
2
2
2
2
2
2
2
2
2
2
2
2
2
2
2
2
2
2
2
2
2
2
2
2
2
2
2
2
2
2
2
2
2
2
2
2
2
2
2
2
2
2
2
2
2
2
2
2
2
2
2
2
2
2
2
2
2
2
2
2
2
2
2
141
2
143
145
146
147
148
148
148
148
148
148
148
148
148
148
148
148
148
148
148
148
148
148
148
148
148
148
148
148
148
148
174
174
174
174
174
174
148
181
181
181
181
181
181
181
181
181
181
181
181
181
181
181
181
181
181
181
181
181
167
167
205
166
166
208
208
209
210
210
210
210
210
210
210
210
210
210
210
210
210
210
210
210
210
210
210
210
210
210
210
210
210
210
210
210
210
210
210
210
210
210
210
210
210
210
210
210
210
210
210
210
210
210
210
210
210
210
210
210
210
210
210
210
210
210
210
210
210
210
210
210
210
210
210
210
210
210
210
210
210
210
210
210
210
210
210
210
210
210
210
210
210
210
210
210
210
210
210
210
210
210
210
210
210
210
210
210
210
210
210
210
210
210
210
210
210
210
321
322
322
322
322
322
322
322
322
322
322
322
322
322
322
322
322
322
322
322
322
322
322
322
322
322
322
322
322
322
322
322
322
322
322
322
322
322
322
322
322
322
322
322
322
322
322
322
322
322
322
322
322
322
322
322
322
322
322
322
322
322
322
322
322
322
322
322
322
322
322
322
322
322
322
322
322
322
322
322
322
322
322
322
322
322
322
322
322
322
322
322
322
322
322
322
322
322
322
322
322
322
322
322
322
322
322
322
322
322
322
322
322
322
322
322
322
322
322
322
322
322
322
322
322
322
322
322
322
322
322
322
322
322
322
322
322
322
322
322
322
322
322
322
322
322
322
322
322
322
322
322
322
322
322
322
322
322
322
322
322
322
322
322
322
322
322
322
322
322
322
322
322
322
322
322
322
322
322
322
322
322
322
322
322
322
322
322
322
322
322
322
322
322
322
322
322
322
322
322
322
322
322
322
322
322
322
322
322
322
322
322
322
322
322
322
322
322
322
322
322
322
322
322
322
322
322
322
322
322
322
322
322
322
322
322
322
322
322
322
322
322
322
322
322
322
322
322
322
322
322
322
322
322
322
322
322
322
322
322
322
322
322
322
322
322
322
322
322
322
322
322
322
322
322
322
322
322
322
322
322
322
322
322
322
322
322
322
322
322
322
322
322
322
322
322
322
322
322
322
322
322
322
322
322
322
322
322
322
630
630
630
630
322
635
635
635
322
639
639
639
639
639
322
645
645
645
645
645
645
645
645
645
322
655
655
655
655
322
660
660
660
660
660
660
660
660
660
660
660
660
660
660
660
660
660
660
660
660
660
660
660
660
660
660
660
660
685
689
685
691
685
693
685
695
685
697
685
699
685
701
685
703
685
705
610
708
709
709
709
709
709
709
709
709
709
709
709
709
709
709
709
709
709
709
709
709
709
709
709
709
709
709
709
709
709
709
709
709
709
709
709
709
709
709
709
709
709
709
709
709
709
709
709
709
709
709
709
709
709
709
709
709
709
709
709
709
709
709
709
709
709
709
709
709
709
709
709
709
709
709
709
709
709
709
709
709
709
709
709
709
709
709
709
709
709
709
709
709
709
709
709
709
709
709
709
709
709
709
709
709
709
709
709
709
709
709
709
709
709
709
709
709
709
709
709
709
709
709
709
709
709
709
709
709
709
709
709
709
709
709
709
709
709
709
709
709
709
709
709
709
709
709
709
709
709
709
709
709
709
709
709
709
709
709
709
709
709
709
709
709
709
875
876
876
876
876
876
876
876
875
884
884
884
884
884
884
884
884
884
884
884
884
884
884
884
884
884
884
884
884
884
884
884
884
884
884
884
884
884
884
884
884
884
884
884
884
884
884
884
884
884
884
884
884
884
884
884
884
884
884
884
884
884
884
884
884
884
884
884
884
884
884
884
884
884
884
884
884
884
884
884
884
884
884
884
884
884
884
884
884
884
884
884
884
884
884
884
884
884
884
884
884
884
884
884
884
884
884
884
884
884
884
884
884
884
884
884
884
884
884
884
884
884
884
884
884
884
884
884
884
884
884
884
884
884
884
884
884
884
884
884
884
884
884
884
884
884
884
884
884
884
884
884
884
1028
1028
1028
1028
1028
1028
1028
1028
1028
1028
1028
1028
1028
1028
1028
1028
1028
1028
1028
1028
1028
1028
1028
1028
884
1053
884
1055
1055
884
1058
884
1060
1060
1063
1064
1021
1022
1
1067
1067
1067
1067
1067
1067
1067
1067
1067
1067
1067
1067
1067
1067
1067
1067
1067
1077
147
1086
1086
1086
1086
1086
1086
1086
1086
1086
1086
1086
1086
1086
1086
1086
1095
1102
1099
1104
875
1106
1106
1106
1106
1106
1106
708
1113
1113
1113
1113
1113
1113
1113
1113
1113
1113
1113
1113
1113
1113
1113
1113
1113
1113
1113
1113
1113
1113
1113
1113
1113
1113
1113
1113
1113
1113
1113
1113
1113
1113
1113
1113
1113
1113
1113
1113
1113
1113
1113
1113
1113
1113
1113
1113
1113
1113
1113
1113
1113
1113
1113
1113
1113
1113
1113
1113
1113
1113
1113
1113
1113
1113
1113
1113
1113
1113
1113
1113
1113
1113
1113
1113
1113
1113
1113
1113
1113
1113
1113
1113
1113
1113
1113
1113
1113
1113
1113
1113
1113
1113
1113
1113
1113
1113
1113
1113
1113
1113
1113
1113
1113
1113
1113
1113
1113
1113
1113
1113
1113
1113
1113
1113
1113
1113
1113
1113
1113
1113
1113
1113
1113
1113
1113
1113
1113
1113
1113
1113
1113
1113
1113
1113
1113
1113
1113
1113
1113
1113
1113
1113
1113
1113
1113
1113
1113
1113
1113
1113
1113
1113
1113
1113
1113
1113
1113
1113
1113
1113
1113
1113
1113
1113
1113
1113
1113
1113
1113
1113
1113
1113
1113
1113
1113
1113
1113
1113
1113
1113
1113
1113
1113
1113
1113
1113
1113
1113
1113
1113
1113
1113
1113
1113
1113
1113
1113
1113
1113
1113
1113
1113
1113
1113
1113
1113
1113
1113
1113
1113
1113
1113
1113
1113
1113
1113
1113
1113
1113
1113
1113
1113
1113
1113
1113
1113
1113
1113
1113
1113
1113
1113
1113
1113
1113
1113
1113
1113
1113
1113
1113
1113
1113
1113
1113
1113
1113
1113
1113
1113
1113
1113
1113
1113
1113
1113
1113
1113
1113
1113
1113
1113
1113
1113
1113
1113
1113
1113
1113
1113
1113
1113
1113
1113
1113
1113
1113
1113
1113
1113
1113
1113
1113
1113
1113
1113
1113
1113
1113
1113
1113
1113
1113
1113
1113
1113
1113
1113
1113
1113
1113
508
958
179
179
179
179
179
179
179
179
943
96
996
996
106
620
620
620
620
533
986
986
994
994
539
539
539
539
539
522
522
955
509
509
169
169
169
169
169
169
169
169
169
169
169
169
169
169
169
169
169
169
169
89
89
89
89
89
65
65
65
111
111
111
111
295
295
295
295
295
295
993
1000
1000
1004
1004
623
623
623
623
623
267
267
267
267
267
267
1368
131
967
1095
1095
1095
437
437
437
437
437
437
437
437
437
437
437
437
437
437
437
437
437
437
437
437
437
437
437
437
437
437
437
437
437
437
437
437
437
437
437
437
437
437
437
437
437
437
437
437
437
437
437
437
437
437
437
437
437
437
437
437
437
437
437
437
437
437
437
437
437
437
437
437
437
437
437
437
437
437
437
437
437
437
437
437
437
437
437
437
437
437
437
437
437
437
437
437
437
437
437
437
437
318
476
1014
1014
1014
1014
1014
1014
1014
1014
1014
1014
1014
1014
1014
1014
1014
1014
467
467
467
1415
477
285
285
285
285
94
94
94
94
94
94
1105
1105
557
557
557
557
557
521
521
120
120
120
120
120
120
120
120
525
525
525
525
525
525
1371
1392
317
198
198
198
881
1020
1020
81
81
81
81
81
582
582
582
582
582
582
582
582
582
582
582
582
582
582
582
582
1084
1084
1084
1084
1084
1412
258
258
519
64
64
64
64
64
64
545
545
545
1010
1010
306
538
538
164
1399
70
592
592
453
118
118
118
118
118
118
118
118
118
118
118
118
118
118
118
118
118
118
118
118
118
118
118
118
118
118
118
118
118
320
320
320
320
685
685
685
685
634
634
300
300
300
300
48
48
48
949
949
1075
1075
1075
1382
69
965
965
499
598
598
598
598
598
1406
1403
1007
1007
1001
1001
231
231
607
607
607
1112
553
553
1405
452
442
442
218
218
1400
625
625
625
625
625
625
625
997
997
537
478
478
478
954
242
242
998
505
558
1019
1019
1019
1019
1019
1019
1019
1019
1019
1019
1019
1019
1019
1019
1019
1019
1019
1019
1019
1019
1019
1019
1019
1019
1019
1019
1019
1019
1019
1019
1019
82
82
82
82
82
82
82
82
82
82
82
82
82
82
82
104
126
132
199
199
219
219
1370
91
91
91
91
91
91
277
277
117
117
117
117
117
117
117
872
883
1082
1082
1082
1082
1082
115
451
1081
1081
1081
1081
1081
1388
1388
259
259
259
259
259
259
259
259
259
259
259
259
259
259
313
561
436
465
604
604
604
953
290
1372
496
496
524
524
524
524
524
524
1017
1017
1017
1017
1017
1017
1017
1017
1017
1017
1017
1017
1017
1017
1017
1017
1017
1017
1017
1017
1017
1017
1017
1017
1017
1017
1017
1017
1017
1017
1017
87
474
1047
1047
1416
1416
1402
316
319
289
308
555
1395
1100
1100
1100
1100
1100
1100
1100
1100
1100
1100
1100
1100
1100
197
197
197
1059
1059
80
80
80
80
80
80
80
80
80
80
80
80
80
80
80
80
80
80
80
80
80
80
80
80
80
80
80
72
72
51
51
280
1013
1013
1013
1013
1013
1013
1013
1013
1013
1013
1013
1013
1013
1013
1013
1013
1013
1013
1013
1013
1013
1013
1013
1013
1013
1013
1013
1013
1013
1013
1013
948
948
960
74
74
74
74
74
74
74
1407
990
990
62
62
62
62
62
62
62
62
62
62
294
1401
114
50
50
50
510
567
567
637
1051
947
947
232
610
610
610
610
610
610
610
610
610
610
610
610
610
610
610
610
610
610
610
610
610
610
610
610
1409
59
59
59
59
59
59
59
59
59
473
938
531
531
531
1057
1057
1057
1057
1057
1057
1057
1057
1057
1057
1057
1057
1057
1057
1057
1057
1057
1057
1057
1057
1057
1057
1057
1057
1057
1057
1057
1057
1057
1057
1057
1057
1057
238
260
260
260
628
628
628
962
962
1006
1006
562
562
562
562
562
562
562
562
562
562
529
529
529
578
578
217
217
498
302
507
507
507
75
75
75
75
75
75
75
75
75
75
75
75
75
75
75
75
75
75
984
984
1099
1099
1099
463
303
303
303
303
303
303
303
180
180
180
180
489
489
489
583
583
583
583
583
583
583
583
583
1397
1078
1078
1078
1078
160
160
160
603
603
603
603
603
603
603
286
286
286
286
286
286
1393
566
966
220
220
518
518
518
518
1111
973
462
627
971
472
472
472
472
472
472
472
983
972
307
257
257
257
1005
1005
946
90
90
90
1389
201
201
201
201
987
987
516
225
977
977
103
1093
574
940
1365
195
195
970
622
622
622
622
622
622
622
638
1015
1015
1015
1015
1015
1015
1015
1015
1015
1015
1015
1015
1015
1015
1015
1015
606
606
606
61
61
61
202
202
202
202
202
202
249
287
254
254
254
254
92
92
1366
200
200
523
523
523
523
523
523
580
580
580
580
580
580
1110
964
964
999
999
1046
1046
1046
123
123
123
123
123
230
563
119
119
119
119
119
594
594
256
992
992
1404
936
71
71
71
991
991
1002
1002
530
1373
556
556
556
556
556
1383
985
985
587
587
587
587
587
587
587
587
934
934
262
262
58
58
58
58
58
58
58
58
58
58
58
58
58
969
945
874
577
577
577
577
577
577
577
577
577
577
577
577
577
577
577
577
577
577
577
577
577
577
577
577
577
577
577
577
577
577
577
577
577
577
577
577
577
577
577
577
577
577
577
577
577
229
79
79
79
79
79
79
79
79
540
608
608
1376
1077
1077
1077
1077
1077
1077
1077
1077
1077
1077
1077
1077
1077
1077
1077
1077
1077
1077
584
584
584
584
584
584
584
107
253
1027
1027
1385
633
633
486
486
486
486
486
486
486
1378
1016
596
596
596
596
596
596
596
618
618
618
618
618
618
618
618
1374
1050
1050
1390
272
272
959
226
569
569
569
974
974
502
873
552
552
552
552
552
552
552
552
1018
1018
1018
1018
1018
1018
1018
1018
1018
1018
1018
1018
1018
1018
1018
1018
1018
1018
1018
1018
1018
1018
1018
1018
1018
1018
1018
1018
1018
1018
283
283
937
127
1076
1076
1076
1094
1094
1094
1094
1094
1094
1094
1094
66
66
1011
1011
1379
263
263
263
263
1083
1083
1083
1083
1083
248
248
248
571
571
571
571
571
1396
1381
1386
166
166
166
166
166
166
166
166
166
166
166
166
166
166
166
166
166
166
166
166
166
166
590
590
590
590
589
589
589
589
617
617
617
617
617
617
617
67
67
548
548
548
548
548
535
595
595
573
573
573
573
573
573
573
573
573
573
573
573
573
573
573
573
573
573
573
573
573
573
621
621
621
621
1414
570
570
570
570
570
570
570
570
570
570
570
570
1008
312
312
550
956
1384
629
629
439
439
995
995
163
163
163
165
165
517
517
517
500
1369
54
54
54
54
54
54
54
54
54
54
54
54
54
1054
1054
97
97
97
97
97
97
97
56
56
56
56
56
56
56
56
56
56
56
56
56
56
56
56
56
56
56
512
512
246
246
487
487
487
487
975
975
466
466
466
1098
1098
1098
444
444
944
86
86
1056
1056
1056
1056
1056
1056
1056
1056
1056
1056
1056
1056
1056
1056
1056
1056
1056
1056
1056
1056
1056
1056
1056
1056
1056
1056
1056
1056
1056
1056
1056
1056
161
161
265
978
599
599
599
614
614
614
614
614
614
614
614
614
614
614
614
614
614
83
83
55
55
55
55
55
55
55
55
55
565
1091
1091
1091
1091
1091
1091
1091
1091
1091
1091
240
576
576
942
73
73
73
73
73
1061
1061
1061
1061
1061
1061
1061
1061
1061
1061
1061
1061
1061
1061
1061
1061
1061
1061
1061
1061
1061
1061
1061
1061
1061
1061
1061
1061
1061
1061
1061
57
57
57
57
57
57
57
57
57
57
57
57
57
57
435
528
528
935
935
935
935
935
935
935
935
935
935
935
935
935
935
935
935
935
935
935
935
935
935
935
935
935
1408
159
159
251
251
251
251
84
264
264
968
469
941
1079
1079
1079
1079
1079
513
513
513
513
515
515
1391
506
252
252
252
252
1096
1096
1096
933
933
933
933
933
933
933
933
933
933
933
933
933
933
933
933
933
933
933
933
933
933
933
981
981
309
514
690
690
495
495
495
546
546
546
546
1377
1003
434
1026
1026
989
989
443
443
167
167
167
167
167
167
527
527
527
686
686
686
686
686
686
686
686
686
686
686
686
686
686
686
686
686
686
686
616
616
616
616
616
616
616
551
551
568
568
568
568
568
568
568
568
568
53
53
53
53
53
53
53
53
53
53
53
53
53
53
53
288
882
951
1052
624
624
624
536
619
619
619
659
957
588
588
588
588
588
588
588
588
588
588
588
600
600
235
541
1009
1009
504
504
980
980
549
549
549
549
549
549
549
549
549
549
549
549
549
602
602
602
602
602
602
1394
939
116
116
297
501
615
615
615
615
615
615
554
554
554
196
687
687
687
234
485
276
1387
1387
1080
1080
1080
1080
1080
593
593
601
601
1413
112
112
112
112
112
112
112
448
564
564
564
1097
1097
1097
1097
1097
1097
1097
108
658
658
1411
871
982
982
1074
1074
1074
1074
1074
1074
93
445
284
284
284
547
543
579
579
579
579
579
579
579
579
579
279
279
279
279
279
488
488
315
609
609
609
609
609
609
609
609
609
609
609
609
609
609
609
609
609
609
609
609
310
961
586
586
586
586
586
586
586
301
544
544
544
979
979
520
963
963
1023
1023
1023
1023
1023
1023
1023
1023
1023
1023
1023
1023
1023
1023
1023
1023
1023
1023
1023
1023
1023
1023
1023
1023
1023
1023
1023
1023
1023
1023
194
194
194
194
194
194
194
194
194
688
688
605
605
605
605
591
247
575
575
575
1012
1012
626
626
626
626
626
626
626
626
626
626
626
626
626
626
626
626
626
626
244
244
244
244
244
244
244
1398
76
76
76
76
76
76
76
76
76
76
76
76
76
534
534
534
534
534
266
113
113
113
113
113
113
585
585
585
585
585
585
585
585
585
261
511
1062
1062
1062
1062
1062
1062
1062
1062
1062
1062
1062
1062
1062
1062
1062
1062
1062
1062
1062
1062
1062
1062
1062
1062
1062
1062
1062
1062
1062
1062
1062
542
542
542
542
542
542
542
542
542
542
542
542
542
542
542
542
542
542
542
503
952
1025
581
581
581
581
581
581
60
60
60
60
60
60
60
60
60
60
60
60
60
60
60
60
60
60
60
60
60
60
464
464
597
597
988
1045
130
275
275
1367
292
170
170
170
170
170
170
170
170
170
170
298
271
271
494
572
572
572
572
572
572
572
572
572
572
572
572
572
572
572
572
572
572
241
250
250
250
250
49
49
63
63
63
63
63
63
63
63
63
63
63
63
63
63
63
63
63
63
63
63
63
1380
52
52
52
52
52
52
52
52
52
52
52
52
52
52
52
52
52
52
52
52
52
446
613
613
613
613
613
613
613
613
613
613
613
613
613
613
613
78
78
78
78
78
78
78
78
78
78
78
78
78
526
526
526
526
526
976
976
950
950
1410
457
457
457
457
457
457
457
457
457
457
560
560
560
560
560
559
559
559
559
559
559
1375
293
278
278
278
278
278
46
46
47
47
662
662
930
211
428
1044
326
1087
6
903
151
902
853
931
203
203
203
204
204
206
1085
1085
1085
1085
1085
1085
207
207
207
207
