1
2
2
2
2
2
2
2
2
2
2
2
2
2
2
2
2
2
2
2
2
2
2
2
2
2
2
2
2
2
2
2
7
34
34
7
37
9
39
39
2
42
42
13
45
47
16
49
16
51
17
53
18
55
19
57
20
59
21
61
2
2
64
64
64
64
64
2
70
70
70
70
70
70
70
1
78
78
78
78
78
78
78
78
78
78
78
78
78
78
78
78
78
78
78
78
78
78
78
78
78
78
78
78
78
78
78
78
78
78
78
78
78
78
78
78
78
78
78
78
78
78
78
78
78
78
78
78
78
78
78
78
78
78
78
78
78
78
78
78
95
143
130
146
147
147
147
147
147
147
147
147
147
147
147
147
147
147
147
147
147
147
147
147
147
147
147
147
147
147
147
147
147
147
147
147
147
147
182
1
183
183
183
183
183
183
183
183
183
183
183
183
183
183
183
183
183
183
183
203
204
205
205
205
205
205
205
205
205
205
205
205
205
205
205
205
205
205
205
205
205
205
205
205
205
205
205
205
205
205
205
205
205
205
205
205
205
205
205
205
205
205
205
205
205
205
205
205
205
205
205
205
205
205
205
205
205
205
205
205
205
205
205
205
205
205
205
205
205
205
205
240
276
266
278
273
280
273
282
274
284
275
286
275
288
205
290
1
292
292
292
292
292
292
292
292
292
292
292
292
292
292
292
292
292
292
292
292
292
292
292
316
1
317
317
317
317
317
317
317
317
317
317
317
317
317
317
317
317
317
317
317
317
317
317
317
317
317
321
343
322
345
323
347
324
349
325
351
326
353
327
355
328
357
329
359
330
361
331
363
332
365
333
367
334
369
335
371
338
373
317
375
375
375
375
375
375
375
375
375
375
317
386
386
386
386
387
391
317
393
393
393
393
393
394
399
401
179
179
404
405
405
406
407
408
409
409
409
409
409
409
410
410
410
410
50
412
412
412
412
413
414
414
414
414
414
414
414
414
414
414
414
414
414
414
414
1
430
430
430
430
430
430
430
430
430
430
430
430
430
430
430
430
430
430
430
430
430
430
430
430
430
430
430
430
430
430
430
430
430
430
430
430
430
430
430
430
430
430
430
430
430
430
430
430
430
430
430
430
430
430
430
430
430
430
430
430
430
430
430
430
430
430
430
430
430
430
430
430
430
430
430
430
430
430
430
430
430
430
430
430
430
430
430
430
430
430
430
430
430
430
430
430
430
430
469
529
476
531
479
533
481
535
430
537
537
537
537
537
537
537
537
537
537
537
430
549
549
549
549
549
549
549
549
549
549
549
549
549
147
317
386
393
25
344
139
486
486
486
486
486
508
508
164
150
527
527
527
137
137
137
137
521
521
141
423
423
423
423
263
306
21
21
21
397
178
446
267
267
451
451
138
175
474
474
14
14
441
233
33
230
230
230
230
561
135
135
27
107
107
107
107
176
308
334
334
334
334
476
476
476
476
476
476
476
476
476
476
476
476
448
448
448
448
168
534
110
110
110
110
128
128
128
128
461
76
76
299
18
18
18
19
19
19
167
462
462
309
425
231
559
336
336
523
523
74
16
16
16
16
10
108
108
108
108
132
132
105
105
105
105
328
328
328
328
426
123
123
123
123
123
123
468
468
129
129
129
129
530
171
229
493
493
493
493
9
9
9
9
20
20
20
522
522
109
109
109
109
281
502
502
312
312
532
466
466
257
257
257
480
480
236
479
458
116
116
169
452
452
452
452
452
473
473
497
497
158
350
113
113
113
113
22
77
77
97
271
271
271
271
310
310
507
507
368
239
239
558
519
519
496
496
496
496
496
496
384
274
274
274
400
326
326
326
488
383
383
383
383
140
333
333
333
333
118
118
467
467
467
477
477
477
477
477
477
477
477
477
240
277
277
341
241
170
503
503
325
325
492
492
492
492
133
133
242
242
256
256
557
106
106
106
106
227
13
165
366
99
136
136
136
136
115
115
261
100
100
556
235
127
127
381
485
485
485
23
560
370
269
269
269
255
255
111
111
111
111
252
471
471
471
471
471
494
494
494
494
494
494
237
121
442
7
7
7
320
332
332
332
332
54
443
443
68
330
330
330
330
17
17
17
524
524
551
499
499
499
101
101
101
173
238
234
268
268
117
117
445
445
445
445
445
445
445
445
475
475
232
246
44
293
491
491
491
491
327
327
327
104
489
305
247
94
94
94
94
94
94
94
94
94
94
337
337
337
337
337
337
517
517
250
250
250
250
512
512
364
120
120
120
120
181
335
335
335
335
324
324
112
112
112
112
75
75
75
251
251
251
251
251
251
251
251
251
251
307
180
360
134
134
134
179
447
447
495
356
331
331
331
331
142
142
398
338
338
338
338
388
388
388
454
149
498
498
498
498
24
319
422
352
518
518
358
392
26
322
322
449
449
449
449
449
449
449
449
144
300
298
174
12
12
321
321
528
528
528
52
329
329
329
329
504
504
339
339
453
453
453
453
453
453
130
130
130
130
162
395
395
395
455
455
390
500
500
500
103
464
464
464
464
464
346
102
273
273
273
273
273
273
511
511
95
95
249
525
526
526
526
114
114
484
11
254
262
166
505
505
505
505
374
428
428
428
428
428
428
428
98
264
264
264
264
264
264
264
264
264
264
119
119
296
258
29
29
29
29
29
67
131
131
253
253
253
253
253
253
253
253
253
172
372
32
444
444
444
444
323
323
304
124
124
124
124
460
460
460
440
440
440
440
440
440
440
440
440
6
8
8
260
260
260
260
342
463
463
463
31
31
470
470
470
470
470
470
470
510
510
62
62
487
487
487
487
228
348
427
506
506
516
516
536
469
469
469
469
469
469
469
469
469
509
509
125
125
125
125
295
457
457
457
457
457
457
457
122
122
122
122
362
56
382
58
424
555
301
340
302
482
482
482
482
472
472
472
472
472
472
126
126
126
126
354
272
272
450
275
294
481
481
481
481
501
501
69
69
96
96
96
96
96
177
266
266
515
515
270
270
520
520
60
60
459
459
514
514
303
554
456
456
456
456
456
513
513
28
15
15
15
15
15
15
15
88
438
79
84
439
387
436
207
220
220
434
437
80
219
219
432
394
145
145
401
402
403
403
403
412
