2
3
4
5
6
7
8
9
10
11
12
13
14
15
16
17
18
19
20
21
22
23
24
25
26
27
28
29
30
31
32
33
34
35
36
37
38
39
40
41
42
43
44
45
46
47
48
49
50
51
52
53
54
55
56
57
58
59
60
61
62
63
64
65
66
67
68
69
70
71
72
73
74
75
76
77
78
79
80
81
82
83
84
85
86
87
88
89
90
91
92
93
94
95
96
97
98
99
100
101
102
103
104
105
107
108
109
110
111
112
113
114
116
117
118
119
120
121
122
123
124
125
126
127
128
129
130
131
132
133
134
135
136
137
138
139
140
141
142
143
144
145
146
147
148
149
150
151
152
2
24
18
118
143
140
146
142
144
124
119
38
6
12
11
88
145
121
118
117
126
120
119
128
127
123
122
96
30
59
47
58
13
16
12
63
20
47
42
48
13
132
125
118
117
129
30
32
34
39
40
88
75
74
24
18
143
145
140
144
122
76
121
120
119
123
122
89
81
80
78
7
13
12
73
48
43
45
56
12
143
144
123
44
30
59
58
83
48
37
36
117
130
148
56
12
94
125
89
89
18
49
32
12
19
48
143
142
144
121
124
56
12
126
99
125
75
48
38
57
56
31
12
62
8
10
12
9
12
88
145
130
28
12
48
43
56
30
59
47
13
12
62
12
117
129
128
127
74
118
83
89
88
76
148
2
