2
3
4
5
6
7
8
9
10
11
12
13
15
16
17
18
19
20
21
22
23
24
25
26
27
29
30
31
32
33
34
35
36
37
38
39
40
42
43
44
45
46
47
48
49
50
51
52
53
54
55
56
57
58
59
60
61
62
63
64
65
66
67
68
69
70
71
72
73
74
75
76
77
78
79
80
81
82
83
84
85
86
87
88
89
90
91
92
93
94
95
96
97
98
99
100
101
102
103
104
105
106
107
108
109
110
111
112
113
114
115
116
117
118
119
120
121
122
123
124
125
126
127
128
129
130
131
132
133
134
135
136
137
138
139
140
141
142
135
136
145
137
147
148
149
150
151
152
153
154
155
156
157
158
159
160
161
162
163
164
165
166
167
168
169
170
171
172
173
174
175
176
177
178
179
180
181
182
183
184
185
186
187
188
189
190
191
167
171
178
179
196
197
198
199
200
186
203
204
205
206
207
208
209
210
211
212
213
214
215
216
217
218
219
220
221
222
223
224
225
226
227
228
229
230
231
232
233
234
235
236
237
238
239
240
241
242
243
244
245
246
247
248
249
250
251
252
253
254
255
256
257
258
259
260
261
262
263
264
265
266
267
268
269
270
271
272
273
274
275
276
277
278
279
280
281
282
283
284
285
286
287
288
289
290
291
292
293
294
295
291
297
298
299
300
301
302
303
304
305
306
307
308
309
310
311
312
313
314
315
316
317
318
320
321
322
323
321
325
326
327
328
329
330
331
332
333
334
335
336
337
338
339
340
341
342
343
344
345
346
347
348
349
350
351
352
353
354
355
356
357
358
359
360
361
362
363
364
365
366
367
368
369
370
371
372
373
374
375
376
377
378
379
380
381
212
213
213
251
212
213
213
212
213
213
212
213
12
5
348
360
356
345
344
325
55
60
44
10
5
180
182
168
169
174
181
214
61
17
15
58
331
335
330
332
329
137
325
160
18
99
44
377
209
210
289
362
363
286
58
59
57
327
61
60
44
151
150
152
325
207
209
206
210
283
362
363
284
287
285
286
279
378
203
18
302
301
343
208
301
60
44
56
60
46
162
106
45
300
150
302
301
61
338
346
347
339
341
325
61
58
208
326
151
150
152
60
45
54
343
50
27
16
27
16
149
60
45
12
351
354
355
11
353
210
5
4
203
60
45
256
215
204
212
106
46
343
61
55
44
222
224
343
61
61
56
301
272
60
46
264
233
302
301
377
207
289
362
363
286
56
60
55
204
251
18
16
55
45
61
50
52
51
48
53
151
150
152
301
27
16
325
61
32
302
301
241
261
59
159
61
331
335
332
136
325
302
301
57
61
333
328
335
10
330
332
329
171
182
179
178
168
169
325
55
46
151
150
152
290
208
32
29
325
29
343
377
289
362
363
154
58
59
27
16
232
236
242
58
54
61
32
343
346
347
339
341
325
60
46
333
328
335
10
330
332
329
334
171
182
179
178
168
169
181
325
56
60
44
331
333
328
335
330
332
329
334
336
29
55
343
345
343
55
46
50
301
52
51
48
53
60
46
377
289
362
363
284
10
191
180
182
168
169
342
172
170
180
5
7
182
179
168
176
174
171
175
4
177
6
8
173
2
349
343
61
56
151
150
152
49
377
209
210
289
362
363
286
240
257
205
377
209
210
289
362
363
286
57
343
55
45
99
46
10
5
180
182
168
169
174
181
343
253
271
377
289
362
363
287
380
56
252
212
57
377
209
210
289
362
363
286
61
61
56
377
289
362
363
285
343
32
29
243
259
302
301
12
56
377
289
362
363
377
207
289
362
363
286
154
99
45
29
59
10
5
180
182
168
169
174
181
343
346
347
341
343
55
44
29
29
56
256
204
258
244
263
377
209
210
289
362
363
286
30
29
325
59
291
290
292
207
209
210
206
280
283
282
284
281
287
285
286
60
344
343
164
60
45
254
300
56
29
106
44
265
56
15
15
212
203
134
343
251
178
236
263
279
279
15
224
134
2
271
24
20
29
325
259
20
21
139
140
359
5
7
6
325
285
207
286
24
20
135
291
290
292
206
283
284
287
286
20
21
135
331
332
136
331
330
332
329
137
32
171
7
182
2
171
329
178
171
329
178
