2
3
4
5
6
7
8
9
10
11
12
14
15
16
17
18
19
20
21
22
23
24
25
26
27
28
29
30
31
32
33
34
35
36
37
38
39
40
41
42
43
44
45
46
47
48
49
50
51
52
53
54
55
56
57
58
59
60
61
62
63
64
65
66
67
68
69
70
71
72
73
74
75
76
77
78
79
80
81
82
83
84
85
86
87
88
89
91
92
93
94
95
96
97
98
99
100
101
102
103
104
105
106
107
108
109
110
111
112
113
37
51
62
45
52
113
86
80
79
34
44
49
77
46
48
50
39
40
38
43
47
22
34
36
33
113
81
79
15
16
17
18
20
34
41
42
24
21
22
34
24
99
100
18
33
33
113
83
27
99
100
34
59
24
33
34
99
100
34
24
58
53
19
56
99
100
9
7
6
5
3
33
33
33
33
33
80
23
78
78
21
81
113
107
99
100
33
99
100
33
34
24
76
36
33
67
21
20
57
30
53
24
54
19
23
22
21
20
33
