1
2
2
2
2
2
2
2
2
2
2
2
2
2
2
2
2
2
2
2
2
2
2
2
2
2
2
2
2
2
2
2
2
2
2
2
2
2
2
2
2
2
2
2
2
2
2
2
2
2
2
2
2
2
2
2
2
2
2
2
2
2
58
10
10
10
10
15
57
71
72
72
72
72
72
77
71
79
79
79
79
79
79
79
79
79
79
88
86
92
25
25
27
27
37
37
48
48
16
16
16
29
29
46
46
30
30
17
17
17
15
15
15
77
77
77
77
58
54
33
19
19
19
82
82
8
43
21
21
21
23
23
42
14
14
52
52
12
41
61
60
11
55
28
28
34
32
49
49
50
50
45
45
56
31
31
18
18
18
38
38
9
13
24
24
53
63
10
20
20
20
44
44
26
26
59
62
22
47
47
51
51
36
36
69
