1
2
2
2
2
2
2
2
2
10
10
10
10
6
6
4
7
7
8
9
9
5
25
26
26
26
26
26
26
26
26
26
26
26
26
26
26
26
26
26
26
26
26
26
26
26
26
26
26
26
26
26
26
26
26
26
26
57
7
9
45
45
45
45
45
45
45
45
45
57
57
57
57
57
57
57
57
58
58
58
58
5
56
56
56
56
56
56
56
56
56
56
56
56
56
8
4
6
44
12
46
46
46
46
46
46
49
49
60
52
51
51
51
48
48
55
55
55
47
47
47
47
50
50
59
59
59
59
59
59
59
59
59
