2
3
4
5
6
7
8
9
10
11
12
13
14
16
17
18
19
20
21
22
23
24
26
27
28
29
30
31
32
33
34
35
36
37
38
39
40
41
42
43
44
45
46
47
48
49
50
51
52
53
54
55
56
57
58
59
60
61
10
10
56
58
59
49
55
48
50
57
54
38
33
42
35
37
30
29
32
33
30
29
32
10
38
35
37
39
36
29
43
33
42
27
30
41
32
10
10
10
29
11
51
33
31
29
34
32
30
32
40
32
33
29
32
33
30
33
29
32
51
33
29
32
33
32
60
38
33
28
35
37
30
29
32
