1
2
2
2
2
2
2
2
9
10
1
12
12
12
12
12
12
12
12
12
12
12
12
12
12
26
12
28
12
30
12
32
12
34
12
36
36
12
39
39
12
42
12
44
12
46
46
49
50
51
52
53
54
55
56
57
57
57
61
62
62
62
62
62
62
62
62
62
62
62
62
62
62
62
62
62
62
62
62
62
62
62
62
62
62
62
62
62
62
62
62
62
62
62
62
62
83
100
84
102
85
104
86
106
87
108
90
110
96
112
91
93
94
95
96
97
1
120
120
120
120
120
120
120
120
120
120
120
120
120
120
120
120
120
120
120
120
120
120
120
120
120
120
120
120
120
120
120
120
120
120
120
120
120
120
120
120
160
120
162
120
164
120
166
120
168
120
170
170
120
173
173
173
120
177
120
179
120
181
181
181
181
181
181
181
181
181
181
181
120
193
136
195
56
197
197
197
197
197
197
203
203
203
203
58
179
177
60
60
60
60
60
22
22
22
146
146
146
145
145
145
149
149
149
20
20
20
23
23
23
159
159
159
159
159
159
183
194
194
7
7
40
18
18
18
189
189
139
139
139
139
158
158
158
158
158
158
38
138
138
138
138
92
92
37
190
190
96
96
96
96
176
136
136
136
136
136
136
136
200
200
200
200
200
6
196
175
187
4
4
188
94
94
94
94
94
192
192
192
192
155
155
155
155
155
155
152
152
152
152
152
152
90
90
90
90
90
90
90
90
90
90
47
147
147
147
191
191
191
191
140
140
140
140
17
17
17
144
144
144
29
141
141
141
141
141
184
148
148
148
186
143
143
143
185
153
153
153
153
5
5
156
156
156
156
137
137
137
137
157
157
157
157
24
24
24
33
154
154
154
97
97
97
97
97
93
93
93
93
93
202
48
151
151
151
151
151
151
151
19
19
19
91
91
21
21
21
95
95
95
95
95
98
98
150
150
150
14
14
14
201
201
15
15
15
16
16
16
88
88
88
88
88
88
88
88
88
88
142
142
142
130
85
125
58
126
86
198
198
84
127
124
128
128
51
51
51
55
55
55
