2
3
4
5
6
7
8
9
10
11
12
13
14
15
16
17
18
19
20
21
22
23
24
25
26
27
28
29
30
31
32
33
34
35
36
37
38
39
40
41
42
43
44
45
46
47
48
42
44
14
26
30
34
23
57
58
59
60
62
63
64
65
66
67
68
69
70
71
72
73
74
75
76
77
78
79
80
81
82
83
84
85
86
87
88
89
90
91
92
93
94
95
96
97
98
99
100
101
102
103
104
105
106
107
108
109
110
111
112
113
114
115
116
117
118
119
120
121
122
123
124
125
126
127
128
129
130
131
132
133
134
135
136
137
138
139
140
141
142
143
144
145
146
147
148
149
150
151
152
153
154
155
156
157
158
159
160
161
162
163
164
165
166
167
168
169
170
171
172
173
174
175
176
177
178
179
180
181
182
183
184
185
186
187
188
189
190
191
192
193
194
195
196
197
198
199
200
201
202
203
204
205
206
207
209
173
173
59
58
57
203
57
6
4
36
130
122
123
130
122
123
130
133
134
6
4
36
6
4
39
130
131
122
123
132
135
182
184
193
8
9
26
6
4
32
168
168
130
122
123
124
130
131
122
123
132
135
34
130
122
123
124
88
80
30
170
170
88
79
74
73
174
130
123
133
129
135
134
181
198
199
197
203
197
3
181
174
164
2
2
166
89
88
74
72
73
183
128
179
179
130
122
123
132
135
126
130
122
123
132
135
134
82
67
66
64
81
70
71
68
69
65
42
130
122
123
183
128
177
177
130
122
123
124
6
4
28
130
122
123
26
130
122
123
125
129
182
130
122
123
162
130
122
123
160
130
122
123
127
7
3
130
131
122
123
123
125
127
124
130
131
122
123
4
13
46
30
130
122
123
99
88
74
76
73
89
88
79
74
73
199
44
130
122
123
132
127
135
134
6
4
32
74
73
6
4
36
88
79
82
74
73
88
72
130
122
123
6
4
25
198
203
6
4
28
6
4
28
86
83
82
79
87
63
80
84
81
85
130
122
123
181
63
162
203
166
63
203
208
63
164
160
181
181
6
4
25
6
4
39
