2
3
4
5
6
7
8
9
10
11
12
13
14
15
16
17
18
19
20
21
22
23
24
25
26
27
28
29
30
31
32
33
34
35
36
37
38
39
40
41
42
43
44
45
46
47
48
49
50
51
52
53
54
55
56
57
58
59
60
61
62
63
64
65
66
67
69
70
71
72
73
74
75
76
77
78
79
80
81
82
83
84
85
86
87
88
89
90
91
92
93
94
95
87
88
89
99
100
101
102
103
104
105
106
107
108
109
110
111
105
104
103
116
117
118
119
120
121
122
123
124
125
126
127
128
129
130
131
132
133
134
135
136
137
138
139
140
141
142
143
144
145
146
147
148
149
150
151
152
153
154
155
156
157
158
159
160
161
162
163
164
165
166
167
168
169
170
171
172
173
174
175
176
177
178
179
180
181
182
183
184
185
186
187
188
189
190
191
192
193
194
195
196
197
198
199
200
201
202
203
204
205
206
207
208
209
210
211
212
213
214
215
216
217
218
219
220
221
222
223
224
225
226
227
228
229
230
231
232
233
234
235
236
237
238
239
240
241
242
243
244
245
246
247
248
249
250
251
252
253
254
255
256
257
258
259
260
261
262
263
264
265
266
267
268
269
270
271
272
273
274
275
276
277
278
279
280
281
282
283
284
285
286
287
288
289
290
291
292
293
294
295
296
297
298
299
300
301
302
303
304
305
306
307
308
309
310
311
312
313
314
315
316
317
318
319
320
321
322
323
324
325
326
327
328
329
330
331
332
333
334
335
336
337
338
339
340
341
342
343
344
345
346
347
348
349
350
351
352
353
354
355
356
357
358
359
360
361
362
363
364
365
366
367
368
369
370
371
372
373
374
375
376
377
378
379
380
381
382
383
384
385
386
387
388
389
390
391
392
393
394
395
396
397
398
399
400
401
402
403
404
405
406
407
408
409
410
411
412
413
414
415
416
417
418
419
420
421
422
423
424
425
426
427
428
429
430
431
432
433
434
435
436
437
438
439
440
441
442
443
444
445
446
447
448
449
450
451
452
453
454
455
456
457
458
459
460
461
462
463
464
465
466
467
468
469
470
471
472
473
474
475
476
477
478
479
480
481
482
483
484
485
486
487
488
489
490
491
492
493
494
495
496
497
498
499
500
501
502
503
504
505
506
507
508
509
510
511
512
513
514
515
516
517
518
519
520
521
522
523
524
525
526
527
528
529
530
531
532
533
534
535
536
537
538
539
540
541
542
543
544
545
546
547
548
549
550
551
552
553
554
555
556
557
558
559
560
561
562
563
564
565
566
560
559
569
570
571
572
573
574
575
576
577
578
579
580
581
582
583
584
585
586
587
588
589
590
591
592
593
594
595
596
597
598
599
600
601
602
603
604
605
606
607
608
609
610
611
612
613
614
615
616
617
618
619
620
621
622
623
624
625
626
627
628
629
630
631
632
633
634
635
636
637
638
639
640
641
642
643
644
645
646
647
648
649
650
651
652
653
654
655
656
657
658
659
660
661
662
663
664
665
666
667
668
669
670
671
672
673
674
675
676
677
678
679
680
681
682
683
684
685
686
687
688
689
690
691
692
693
694
695
696
697
698
699
700
701
702
703
704
705
706
707
708
709
710
711
712
713
714
715
716
717
718
719
720
721
722
723
724
725
726
727
728
729
730
731
732
733
734
735
736
737
738
739
740
741
742
743
744
745
746
747
748
749
750
751
752
753
754
755
756
757
758
759
760
761
762
763
764
765
766
767
768
769
770
771
772
773
774
775
776
777
778
779
780
781
782
783
784
785
786
787
788
789
790
791
792
793
794
795
796
797
798
799
800
801
802
803
804
805
806
807
808
809
810
811
812
813
814
815
816
817
818
819
820
821
822
823
824
825
826
827
828
829
830
831
832
833
834
835
836
837
838
839
840
841
842
843
844
845
846
847
848
849
850
851
852
853
854
855
856
857
858
859
860
861
862
863
864
865
866
867
868
869
870
871
872
873
874
875
876
877
878
879
880
881
882
883
884
885
886
887
888
889
890
891
892
893
894
895
896
897
898
899
900
901
902
903
904
905
906
907
908
909
910
911
912
913
914
915
916
917
918
919
920
921
922
923
924
925
926
927
928
929
930
931
932
933
934
935
936
937
938
939
940
941
942
943
944
945
946
947
948
949
950
951
952
953
954
955
956
957
958
959
960
961
962
963
964
965
966
967
968
969
970
971
972
973
974
975
976
977
978
979
980
981
982
983
984
985
986
987
988
989
990
991
992
993
994
995
996
997
998
999
1000
1001
1002
1003
1004
1005
1006
1007
1008
1009
1010
1011
1012
1013
1014
1015
1016
1017
1018
1019
1020
1021
1022
1023
1024
1025
1026
1027
1028
1029
1030
1031
1032
1033
1034
1035
1036
1037
1038
1039
1040
1041
1042
1043
1044
1045
1046
1047
1048
1049
1050
1051
1052
1053
1054
1055
1056
1057
1058
1059
1060
1061
1062
1063
1064
1065
1066
1067
1068
1069
1070
1071
1072
1073
1074
1075
1076
1077
1078
1079
1080
1081
1082
1083
1084
1085
1086
1087
1088
1089
1090
1091
1092
1093
1094
1095
1096
1097
1098
1099
1100
1101
1102
1103
1104
1105
1106
1107
1108
1109
1110
1111
1112
1113
1114
1115
1116
1117
1118
1119
1120
1121
1122
1123
1124
1125
1126
1127
1128
1129
1130
1131
1132
1133
1134
1135
1136
1137
1138
1139
1140
1141
1142
1143
1144
1145
1146
1147
1148
1149
1150
1151
1152
1153
1154
1155
1156
1157
1158
1159
1160
1161
1162
1163
1164
1165
1163
1167
1168
1169
1170
1171
1172
1173
1174
1175
1176
1177
1178
1179
1180
1181
1182
1183
1184
1185
1186
1187
1188
1189
1190
1191
1192
1193
1194
1195
1196
1197
1198
1199
1200
1201
1202
1203
1204
1205
1206
1207
1208
1209
1210
1211
1212
1213
1214
1215
1216
1217
1218
1219
1220
1221
1222
1223
1224
1225
1226
1227
1228
1229
1230
1231
1232
1233
1234
1235
1236
1237
1238
1239
1240
1241
1242
1243
1244
1245
1246
1247
1248
1249
1250
1251
1252
1253
1254
1255
1256
1257
1258
1259
1260
1261
1262
1263
1264
1265
1266
1267
1268
1269
1270
1271
1272
1273
1274
1275
1276
1277
1278
1279
1280
1281
1282
1283
1284
1285
1286
1287
1288
1289
1290
1291
1292
1293
1294
1295
1296
1297
1298
1299
1300
1301
1302
1303
1304
1305
1306
1307
1308
1309
1310
1311
1312
1313
1314
1315
1316
1317
1318
1319
1320
1321
1322
1323
1324
1325
1326
1327
1328
1329
1330
1331
1332
1333
1334
1335
1336
1337
1338
1339
1340
1341
1342
1343
1344
1345
1346
1347
1348
1349
1350
1351
1352
1353
1354
1355
1356
1357
1358
1359
1360
1361
1362
1363
1364
1365
1366
1367
1368
1369
1370
1371
1372
1373
1374
1375
1376
1377
1378
1379
1380
1381
1382
1383
1384
1385
1386
1387
1388
1389
1390
1391
1392
1393
1394
1395
1396
1397
1398
1399
1400
1401
1402
1403
1404
1405
1406
1407
1408
1409
1410
1411
1412
1413
1414
1415
1406
1407
1418
1419
1420
1421
1422
1423
1424
1425
1426
1427
1428
1429
1430
1431
1422
1423
1434
1435
1436
1437
1438
1439
1440
1441
1442
1443
1444
1445
1446
1447
1448
1449
1450
1451
1452
1453
1454
1455
1456
1457
1458
1459
1460
1461
1462
1463
1464
1465
1466
1467
1468
1469
1470
1471
1472
1473
1474
1475
1476
1477
1478
1479
1480
1481
1482
1483
1484
1485
1486
1487
1488
1489
1490
1491
1492
1493
1494
1495
1496
1497
1498
1499
1500
1501
1502
1503
1504
1505
1506
1507
1508
1509
1510
1511
1512
1513
1514
1515
1516
1517
1518
1519
1520
1521
1522
1523
1524
1525
1526
1527
1528
1529
1530
1531
1532
1533
1534
1535
1536
1537
1538
1539
1540
1541
1542
1543
1544
1545
1546
1547
1548
1549
1550
1551
1552
1553
1554
1555
1556
1557
1558
1559
1560
1561
1562
1563
1564
1565
1566
1567
1568
1569
1570
1571
1572
1573
1574
1575
1576
1577
1578
1579
1580
1581
1582
1583
1584
1585
1586
1587
1588
1589
1590
1591
1592
1593
1594
1595
1596
1597
1598
1599
1600
1601
1602
1603
1604
1605
1606
1607
1608
1609
1610
1611
1612
1613
1614
1615
1616
1617
1618
1619
1620
1621
1622
1623
1624
1625
1626
1627
1628
1629
1630
1631
1632
1633
1634
1635
1636
1637
1638
1639
1640
1641
1642
1643
1644
1645
1646
1647
1648
1649
1650
1651
1652
1653
1654
1655
1656
1657
1658
1659
1660
1661
1662
1663
1664
1665
1666
1667
1668
1669
1670
1671
1672
1673
1674
1675
1676
1677
1678
1679
1680
1681
1682
1683
1684
1685
1686
1687
1688
1689
1690
1691
1692
1693
1694
1695
1696
1697
1698
1699
1700
1701
1702
1703
1704
1705
1706
1707
1708
1709
1710
1711
1712
1713
1714
1715
1716
1717
1718
1719
1720
1721
1722
1723
1724
1725
1726
1727
1728
1729
1730
1731
1732
1733
1734
1735
1736
1737
1738
1739
1740
1741
1742
1743
1744
1745
1746
1747
1748
1749
1750
1751
1752
1753
1754
1755
1756
1757
1758
1759
1760
1761
1762
1763
1764
1765
1766
1767
1768
1769
1770
1771
1772
1773
1774
1775
1776
1777
1778
1779
1780
1781
1782
1783
1784
1785
1786
1787
1788
1789
1790
1791
1792
1793
1795
1796
1797
1798
1799
1800
1801
1802
1803
1804
1805
1806
1807
1808
1809
1810
1811
1812
1813
1814
1815
1816
1817
1818
1819
1820
1821
1822
1823
1824
1825
1826
1827
1828
1829
1830
1831
1832
1833
1834
1835
1836
1837
1838
1839
1840
1841
1842
1843
1844
1845
1846
1847
1848
1849
1850
1851
1852
1853
1854
1855
1856
1857
1858
1859
1860
1861
1862
1863
1864
1865
1866
1867
1868
1869
1870
1871
1872
1873
1874
1875
1876
1877
1878
1879
1880
1881
1882
1883
1884
1885
1886
1887
1888
1889
1890
1891
1892
1893
1894
1895
1896
1897
1898
1899
1900
1901
1902
1903
1904
1905
1906
1907
1908
1909
1910
1911
1912
1913
1914
1915
1916
1917
1918
1919
1920
1921
1922
1923
1924
1925
1926
1927
1928
1929
1930
1931
1932
1933
1934
1935
1936
1937
1938
1939
1940
1941
1942
1943
1944
1945
1946
1947
1948
1949
1950
1951
1952
1953
1954
1955
1956
1957
1958
1959
1960
1961
1962
1963
1964
1965
1966
1967
1968
1969
1970
1971
1972
1973
1974
1975
1976
1977
1978
1979
1980
1981
1982
1983
1984
1985
1986
1987
1988
1989
1990
1991
1992
1993
1994
1995
1996
1997
1998
1999
2000
2001
2002
2003
2004
2005
2006
2007
2008
2009
2010
2011
2012
2013
2014
2015
2016
2018
2019
2020
2021
2022
2023
2024
2025
2026
2027
2028
2029
2030
2031
2032
2033
2034
2035
2036
2037
2038
2039
2040
2041
2042
2043
2044
2045
2046
2047
2048
2049
2050
2051
2052
2053
2054
2055
2056
2057
2058
2059
2060
2061
2062
2063
2064
2065
2066
2067
2068
2069
2070
2071
2072
2073
2074
2075
2076
2077
2078
2025
2080
2081
2082
2083
2084
2085
2086
2087
2088
2089
2090
2091
2092
2093
2094
2095
2096
2097
2098
2099
2100
2101
2102
2103
2104
2105
2106
2107
2108
2109
2110
2111
2112
2113
2114
2115
2116
2117
2118
2119
2120
2121
2122
2123
2124
2125
2126
2127
2128
2129
2130
2131
2132
2133
2134
2135
2136
2137
2138
2139
2140
2141
2142
2143
2144
2145
2146
2147
2148
2149
2150
2151
2152
2154
2155
2156
2157
2158
2159
2160
2161
2162
2163
2164
2165
2166
2167
2168
2169
2170
2171
2172
2173
2174
2175
2176
2177
2178
2179
2180
2181
2182
2183
2184
2185
2186
2187
2188
2189
2190
2191
2172
2193
2194
2195
2196
2197
2198
2199
2200
2201
2202
2203
2204
2205
2206
2207
2208
2209
2210
2211
2212
2213
2214
2215
2216
2217
2218
2219
2220
2221
2222
2223
2224
2225
2226
2227
2228
2229
2230
2231
2232
2233
2234
2235
2236
2237
2238
2239
2240
2241
2242
2243
2244
2245
2246
2247
2248
2249
2250
2251
2252
2253
2254
2255
2256
2257
2258
2259
2260
2261
2262
2263
2264
2265
2266
2267
2268
2269
2270
2271
2272
2273
2274
2275
2276
2277
2278
2279
2280
2281
2282
2283
2284
2285
2286
2287
2288
2289
2290
2291
2292
2293
2294
2295
2296
2297
2298
2299
2300
2301
2302
2303
2304
2305
2306
2307
2308
2309
2310
2311
2312
2313
2314
2315
2316
2317
2318
2319
2320
2321
2322
2323
2324
2325
2326
2327
2328
2329
2330
2331
2332
2333
2334
2335
2336
2337
2338
2339
2340
2341
2342
2343
2344
2345
2346
2347
2348
2349
2350
2351
2352
2353
2354
2355
2356
2357
2358
2359
2271
2324
2302
2364
2365
2366
2367
2368
2369
2370
2371
2372
2373
2374
2375
2376
2377
2378
2379
2380
2381
2382
2383
2384
2385
2386
2387
2388
2389
2390
2391
2392
2393
2394
2395
2396
2397
2398
2399
2400
2401
2402
2403
2404
2405
2406
2407
2408
2409
2410
2411
2412
2413
2414
2415
2416
2417
2418
2419
2420
2421
2422
2423
2424
2425
2426
2427
2428
2429
2430
2431
2432
2433
2434
2435
2436
2437
2438
2439
2440
2441
2442
2443
2444
2445
2446
2447
2448
2449
2450
2451
2452
2453
2454
2455
2456
2457
2458
2459
2460
2461
2462
2463
2464
2465
2466
2467
2468
2469
2470
2471
2472
2473
2474
2475
2476
2477
2478
2479
2480
2481
2482
2483
2484
2485
2486
2487
2488
2489
2490
2491
2492
2493
2494
2495
2496
2497
2498
2499
2500
2501
2502
2503
2504
2505
2506
2507
2508
2509
2510
2511
2512
2513
2514
2515
2516
2517
2518
2519
2520
2521
2522
2523
2524
2525
2526
2527
2528
2529
2530
2531
2532
2533
2534
2535
2536
2537
2538
2539
2540
2541
2542
2543
2544
2545
2546
2547
2548
2549
2550
2551
2552
2553
2554
2555
2556
2557
2558
2559
2560
2561
2562
2563
2564
2565
2566
2567
2568
2569
2570
2571
2572
2573
2574
2575
2576
2577
2578
2579
2580
2581
2582
2583
2561
2559
2558
2548
2588
2589
2590
2591
2592
2593
2594
2595
2596
2597
2598
2599
2600
2601
2602
2603
2604
2605
2606
2607
2608
2609
2610
2611
2612
2613
2614
2615
2616
2617
2618
2619
2620
2621
2622
2623
2624
2625
2626
2627
2628
2629
2630
2631
2632
2633
2634
2635
2636
2637
2638
2639
2640
2641
2642
2643
2644
2645
2646
2647
2648
2649
2650
2651
2652
2653
2654
2655
2656
2657
2658
2659
2660
2661
2662
2663
2664
2665
2666
2667
2668
2669
2670
2671
2672
2673
2674
2675
2676
2677
2678
2679
2680
2681
2682
2683
2684
2685
2686
2687
2688
2689
2690
2691
2692
2693
2694
2695
2696
2697
2698
2699
2700
2701
2702
2703
2704
2705
2706
2707
2708
2709
2710
2712
2713
2714
2715
2716
2717
2718
2719
2720
2721
2722
2723
2724
2725
2726
2727
2728
2729
2730
2731
2732
2733
2734
2735
2736
2737
2738
2739
2740
2741
2742
2743
2744
2193
2547
2193
2547
2193
83
2721
2193
542
2193
2721
99
2270
2014
1869
1841
2546
2193
542
542
83
2332
626
2203
2205
1505
2233
2653
2528
145
2451
2342
387
383
2012
2248
1840
2193
2008
380
1249
1349
1252
466
2234
421
428
533
532
530
529
4
2193
2295
626
2193
2193
2267
626
2193
2205
2208
2204
1958
2193
2193
1400
2195
1860
1847
2197
2194
1841
1844
2546
2193
2210
2193
2265
980
2193
2193
1259
309
333
2338
980
2193
1943
2249
2653
2193
1266
2270
2641
2589
2206
1505
1501
2193
2204
2367
2366
2305
626
2193
2304
626
2193
377
2293
1650
1844
2641
2254
2589
2193
2252
2206
2338
2198
2224
2194
2204
2202
1505
1504
1501
2193
2302
980
2335
2535
2367
2193
377
844
2193
719
2193
1897
2008
2367
2053
382
2193
2193
2193
2546
2193
382
2193
1887
2008
2210
2207
2309
2283
2202
2308
2212
2282
2205
2194
2204
2208
1505
1504
1503
62
2193
2280
2210
2207
2309
2202
2308
2212
2281
2205
2194
2204
2208
1505
1504
1503
2266
1650
2306
980
2193
2308
980
2193
2316
980
2193
1643
1421
2200
2194
2591
2589
2590
2193
25
2193
2224
2653
2015
2194
2193
2359
1405
387
2269
2014
1869
1841
2193
4
2197
980
2556
2061
2193
2201
626
334
2193
2193
977
2193
2247
2653
2193
2236
2535
2367
2155
2156
798
2319
1650
2317
407
422
475
535
533
387
530
382
2193
529
2214
626
2193
1859
2341
1840
2059
2061
2035
2018
334
2193
2193
334
2193
2269
980
2193
2536
2298
2367
2193
1650
2220
821
2193
2290
2536
2367
2193
99
2343
980
1168
2276
626
2345
2653
2263
980
2193
2276
2274
2284
2288
2193
99
2255
626
2193
570
334
2193
2158
2154
427
2226
466
421
533
532
530
529
2549
385
533
532
387
531
529
529
1400
2193
424
2266
2194
532
387
530
382
2193
2193
529
2320
2293
2252
2224
2205
2194
2204
2202
1505
1504
1501
1502
1503
2193
136
2268
2653
2193
382
382
382
2193
2193
627
2319
626
2193
2193
2210
2212
2305
2275
2205
2194
2204
2202
1505
1504
1503
377
2194
1841
1646
5
4
2193
2339
2367
587
977
1650
2234
4
1169
2193
382
2546
2193
2193
2193
2536
2277
2367
2204
2333
2367
2366
570
2304
1650
1400
2536
2288
2367
1351
477
424
478
407
479
418
535
532
387
382
529
2216
980
2193
1374
2305
1650
2275
1650
382
2013
1879
1840
542
145
570
571
2344
980
1932
2554
542
2193
2554
2236
1650
542
1440
1439
1441
1822
2238
2653
1778
1979
2207
2193
2193
4
2258
2641
2589
1870
1910
2014
1841
2193
2193
2012
2249
1840
2193
2259
2653
2193
2293
980
2193
382
2546
2193
1230
2193
542
2292
980
146
2205
626
2193
853
2193
917
2337
853
2193
2288
626
2724
2725
1437
1441
1847
1841
2193
2211
980
2288
626
2248
853
2193
2320
1437
1441
2193
1650
2285
1506
2320
2248
2193
382
4
2193
2280
980
1252
2344
2641
2589
2258
445
466
421
533
532
530
529
424
2194
2248
532
387
530
382
2193
529
2202
980
2194
853
1650
2227
2248
626
2193
2323
1650
2341
1650
1262
1336
1244
1326
1244
4
2193
432
2238
466
421
533
532
530
529
1175
1177
1171
1169
2193
2193
332
2193
977
918
2238
2260
2239
2259
2194
1505
1504
1503
2084
333
2193
2310
980
2193
2211
626
2267
980
2193
1284
2300
1650
2248
1505
1155
1156
542
2193
2266
2641
2589
2193
2193
2297
2224
2267
2319
2205
2194
2204
2202
1505
1504
1501
1502
1503
2193
2546
2193
2269
2653
2193
2234
2194
1505
2
2021
2250
626
2239
2535
2367
2193
2320
626
2193
382
1491
2549
2548
2193
2261
980
2193
2193
2210
2212
2305
2274
2205
2194
2204
2202
1505
1504
1503
2164
2154
2185
333
2193
925
927
921
919
2193
1189
2317
475
535
533
388
387
530
531
2193
529
2193
2193
404
399
387
382
2193
2322
980
2193
1441
2257
1650
1250
2219
1650
333
1266
1261
334
2193
815
2193
1650
2299
2337
2198
2194
1505
2008
2348
1467
2349
2266
2347
2194
1314
2345
2346
2193
2193
1893
2008
382
2193
1169
1405
2193
2227
980
1936
1957
2208
2193
2193
404
401
387
382
2193
406
2317
407
475
535
533
387
530
382
2193
529
2226
2653
2345
387
2203
2317
2224
2267
2205
2194
2204
2202
2296
1505
1504
1501
1502
1503
2193
2546
2193
2193
377
2234
1505
2282
980
2203
626
2193
2271
1650
1814
530
2210
2317
2193
2349
2589
2590
2641
2227
2589
2193
542
2193
2233
2641
2589
2266
2014
1869
1841
2193
2193
2546
2193
2193
1976
2193
2433
2369
2193
625
1988
1840
2193
2193
977
973
2313
2210
2212
2312
2205
2194
2289
2204
2288
2202
1505
1504
1503
2349
980
1169
2227
853
2248
1505
1650
2302
1808
1351
2238
2194
1505
2224
2194
1505
2546
2193
2335
2194
1505
2331
2653
2207
1930
2193
2193
2546
2193
1246
2203
2205
1505
1501
2234
2653
2266
626
2193
2193
2358
980
2193
2246
1650
2546
2193
466
2259
421
450
533
532
530
529
2193
2193
2335
853
2193
1400
2229
2535
2367
1238
1170
2546
2193
2193
2333
980
2546
2193
2193
626
334
2193
2287
980
99
1264
2271
980
13
4
2193
1285
1351
614
2193
9
4
2193
2230
1650
2237
1650
1400
2193
1891
2008
307
333
2226
2641
2589
919
920
2350
980
1400
1177
1168
2261
1650
2337
2641
2589
2193
2271
626
927
917
922
2232
1650
980
2193
2254
980
2193
65
2193
1400
2348
980
2298
980
2193
1506
2310
2193
2272
1650
1191
334
2208
2193
2193
2193
2193
1650
2288
382
2269
626
2193
2257
2653
2193
2250
2653
2207
407
2199
405
2336
533
532
387
2193
529
2339
980
601
614
2193
2726
2245
2653
2193
2193
1400
2193
2245
980
2193
2193
1553
1177
1168
1172
2225
2535
2367
334
2193
2319
2012
1840
1844
2193
2193
2193
2224
626
2203
980
2193
2357
980
2193
1565
2295
1650
2253
626
2193
2246
2338
2298
2336
2193
334
2193
2251
980
2193
2546
2193
2193
2193
1404
405
387
2193
2546
393
386
385
388
387
2259
1650
2546
2193
2193
2216
626
2193
2207
1441
2193
1828
99
1650
2254
2233
853
2193
1420
626
2345
2589
2193
2195
626
2193
2252
2206
2207
2334
2198
2224
2194
2204
2202
1505
1504
1501
2193
2546
2193
688
2193
382
382
2267
1650
1870
1921
2014
1841
2193
334
2193
2193
2548
2252
2248
1505
1582
2546
2193
2546
2193
1873
2198
1845
2193
625
1870
1907
2014
1841
2193
2636
2219
626
2193
2193
2276
626
604
603
614
2193
1167
382
4
1244
542
2164
2154
2185
2193
2253
2641
2589
2159
2154
2230
1505
2193
2122
2118
2234
2115
2150
2149
2151
2147
2340
627
626
2193
925
927
917
2320
1438
1441
2193
1828
2240
1650
2058
2023
2029
2028
2035
2025
2018
1576
2193
2223
2535
2367
836
2339
837
2344
2347
2245
2194
2345
2346
2193
2193
2546
2193
1796
2255
2653
2193
570
2193
852
2546
1491
2304
980
2193
2337
2653
2193
747
2193
333
2193
1650
2256
542
570
2317
626
2193
2193
570
2119
2086
1798
2557
542
977
2193
83
2240
2535
2367
977
2193
614
570
2193
2226
626
2233
2255
2232
2194
2256
1505
1504
1503
382
2283
980
2193
2264
626
2193
2193
1650
2342
2546
2193
347
348
2229
980
377
2260
451
466
421
533
532
530
529
2238
853
2201
2367
2348
626
1969
2193
1585
2193
1506
2320
1504
2193
2008
1650
2286
1859
2344
1840
1405
2193
2536
2283
2367
977
2193
2347
387
2013
1875
1840
2127
2239
2118
2115
2150
2149
2151
2147
2193
1506
2320
1504
2193
1588
1947
2552
542
1266
1339
1176
1171
1170
1172
1169
2334
2559
2560
1424
2193
1420
2546
2193
2193
388
2193
2193
977
334
2193
382
2330
626
2193
166
165
160
2193
153
332
2193
977
980
2193
2333
2653
2546
2339
387
530
529
1506
1505
1501
1504
1503
897
2301
980
2193
1194
1870
1915
2014
1841
2193
2726
1506
2336
2193
1506
2210
2214
2343
2193
571
333
2193
2193
2339
590
2266
2344
2347
2194
2345
2346
591
2193
2193
2246
2224
2267
2194
1505
1504
1502
1503
2193
2234
626
145
2355
980
1200
2193
382
2322
1650
2546
2193
466
2224
532
530
529
382
1892
2321
626
2193
4
382
2193
2193
2252
2248
1505
2253
442
466
421
533
532
530
529
1559
2207
626
1370
2193
101
2087
2195
980
2193
382
2266
2224
2245
2194
1505
1504
1502
1503
2193
2028
2030
2164
2154
1840
1842
2193
2214
980
2193
1394
2193
156
2306
626
2193
2229
1650
2296
980
2193
2193
2013
1899
1840
2235
2257
2258
2194
2234
1505
1504
1503
2331
2305
2214
1505
1501
2197
626
1971
2193
2216
2367
2193
2259
626
2193
2265
1650
147
2641
2234
2589
1261
1244
2351
980
2203
2205
2194
1505
2546
1169
2546
2193
570
572
2253
2653
919
2344
2535
2367
2232
853
2309
980
2193
2335
2199
627
626
2193
2245
853
2193
2193
85
2349
2653
128
2207
2202
2367
2368
1394
25
2310
626
2193
1906
2193
2335
1859
1840
2193
2223
980
387
1556
2294
2536
2367
2193
1169
1553
1841
1840
2218
626
2193
1169
1260
2028
2247
2207
2118
2119
2150
2149
2148
2193
2193
2147
9
3
1556
2301
2214
2323
2194
2204
2202
1505
1504
1502
407
405
535
387
531
382
529
2193
2193
2199
980
2193
2311
980
2193
2536
2291
2367
2546
2193
2193
2190
2164
2165
2185
926
919
922
2335
2653
2193
1650
2309
2232
2653
2260
2641
2589
2193
405
387
895
118
445
442
466
421
2256
533
532
530
529
2207
2274
70
71
2193
99
1506
2320
1504
2193
2546
2193
2193
720
1915
2008
2193
4
2353
2203
1507
2216
2202
2217
2219
2218
2215
2337
2205
2194
2204
2310
1505
1501
2193
1919
1907
1869
2008
1924
1841
2193
2242
2535
2367
382
2193
2224
980
2546
2193
2218
980
2193
2027
2194
2653
2335
980
2193
2219
980
2193
745
2193
382
2329
2204
2367
2366
2536
2285
2367
2227
2653
2339
2653
2268
2641
2589
2193
2241
2535
2367
2199
2294
627
626
2193
909
2193
2193
2225
626
1650
2291
2193
2327
2367
2366
315
156
2337
980
2193
2193
2353
980
382
2154
2154
1964
2193
2240
980
2301
1650
918
377
1204
2193
1804
1799
2193
4
2224
853
2279
980
2234
853
2002
2014
1841
1840
2193
59
2193
405
399
387
2193
2193
2546
2193
2308
626
2193
404
403
382
2193
2193
1917
2008
2193
2212
626
2200
145
2194
1841
1840
1844
2193
129
2257
980
2193
2316
1650
2280
1650
2325
2193
1404
99
1890
2334
2199
627
626
2193
4
2285
980
1209
2199
2336
627
626
2193
1169
4
2550
2546
2193
2223
1505
1781
1650
2231
1562
2282
1650
333
1643
2193
4
56
2193
2
1646
2059
2036
2020
2033
2025
2018
542
533
532
387
531
529
2250
2641
2589
427
466
2227
421
533
532
530
529
570
2641
2333
2589
2590
382
1559
2197
2367
2193
2232
2653
2259
980
2193
1453
1452
1452
2154
2154
333
2193
669
1844
382
2121
2118
2227
2115
2150
2149
2151
2147
333
3
809
2284
626
2207
2295
70
71
2193
99
1400
2193
2193
2193
333
2193
2193
131
2546
2193
2238
1505
2281
2536
2367
2335
2194
1505
2235
2653
2277
980
1776
2302
626
2546
2193
1859
1988
1840
2193
2546
2193
2247
2193
2268
2014
1869
1841
2193
2013
1893
1840
71
2193
2230
980
404
401
382
2193
2305
2214
2333
1505
1501
2221
626
2193
334
2193
2193
2014
1841
1840
2204
2326
2367
2366
1400
2193
2193
377
2349
626
2641
2347
2589
2194
980
2193
2257
466
421
444
533
532
530
529
2252
2653
844
2239
853
2264
1650
2193
2345
980
2257
2247
1505
1919
1907
2008
1924
2193
99
2426
2202
2367
2274
980
2252
980
2193
2225
2252
2194
1505
1504
1503
2007
1875
614
2193
2338
464
2193
99
2590
818
2193
2193
2252
2653
2193
1588
377
2546
2193
1218
2193
2193
129
926
1285
921
918
919
922
920
2193
2245
2012
1840
2193
2193
2273
980
1260
129
661
2256
980
2193
2266
2014
1868
1841
1840
2193
1942
2337
2199
627
626
2193
2193
1775
2331
626
1650
2221
1506
2193
2193
2344
853
2203
2317
2205
1505
1501
614
2247
1650
2193
2326
626
2193
977
334
2193
2319
2193
2193
1169
2359
2367
2193
2295
1650
2653
2193
2339
853
2273
626
2194
1841
2247
2535
2367
2193
1260
1276
1875
2193
2546
2193
2232
980
333
2193
1171
333
2193
2193
533
532
387
529
2239
1650
2546
2193
2335
2641
2589
2193
10
4
2193
2
1266
1340
1266
2269
424
2194
532
387
530
382
2193
529
2536
2279
2367
2337
2535
2367
2193
1299
1301
1303
2198
2653
2194
626
2193
1209
2206
626
2193
2257
2641
2589
2194
1841
1840
2193
380
381
2051
377
2246
2535
2367
2193
2193
2193
2546
2193
2193
827
2346
2653
576
4
2332
980
1169
334
2257
2258
2236
2237
2194
1505
1504
1503
977
2193
377
980
2193
2310
626
2193
1400
2193
461
424
2193
2193
2077
2031
673
1506
2305
2274
2193
2359
1421
2322
626
2193
2215
980
2193
661
977
2210
980
2207
2274
70
71
2193
99
2193
1935
2546
2207
2644
2645
99
1151
2193
1828
2291
980
2203
2317
2224
2205
2194
2204
2202
2296
1505
1504
1501
1502
1503
2193
977
2193
2234
2653
377
2346
626
2329
626
2263
1650
2260
2653
2274
626
2339
2198
2340
1505
2193
2193
2200
2204
2202
853
2193
570
42
1775
2641
2256
2589
2284
980
2318
1650
2320
980
2193
2320
2205
2194
2204
2298
2202
1505
1504
1501
1502
1503
665
2368
542
334
2193
2270
1650
1843
1842
377
1251
1394
2013
1891
1840
2226
980
560
2303
2207
549
553
2202
563
562
547
2351
2724
2726
2723
2725
2193
2193
2746
2238
626
2249
853
2193
2193
2193
570
2301
626
2193
2210
626
2345
626
1400
333
2208
2193
2193
1965
2193
2193
424
2339
2344
2341
2194
532
387
530
2193
529
1841
1843
2193
2294
980
2193
4
2197
2653
147
1926
2008
2193
2193
2195
1860
2197
1841
1844
404
403
387
382
2193
2536
2287
2367
1650
2283
1550
2317
980
2193
2193
2213
980
151
127
120
712
2193
2546
2375
1640
2259
2653
1400
2193
2546
2193
2264
980
2193
2193
2193
2193
2202
626
1400
2193
2193
2546
2193
570
2348
2349
1650
2193
2193
1954
2193
2041
2029
2028
2031
2034
2027
2018
2193
2589
2193
377
2193
2551
542
2193
2204
2367
2121
2314
1650
626
334
2193
2193
382
2212
2305
2214
2224
2325
2194
2204
2202
1505
1504
2193
2203
2367
2193
2193
2244
980
2193
2193
741
2193
1899
2008
2193
2320
2643
2644
2645
1151
2193
1828
2193
424
2245
2194
532
387
530
382
2193
2193
529
2266
2224
2268
2245
2194
1505
1504
1502
1503
2193
332
2193
2342
2119
2086
427
2233
466
421
429
533
532
530
529
2193
424
2249
2194
532
387
530
382
2193
529
1255
2252
2641
2589
2273
2536
2367
477
2206
404
479
475
2337
478
418
399
533
532
388
387
530
531
382
2193
529
2246
626
2193
821
2193
2224
2118
2150
2149
2147
2289
980
1207
2193
2083
2343
627
626
2278
2536
2367
2238
2641
2589
2247
2224
2268
2194
1505
1504
1502
1503
2193
2193
377
1650
2307
542
2193
2326
980
2321
1650
844
542
2193
2233
980
2193
2209
980
2114
2319
2193
2193
404
393
479
418
403
386
385
388
387
2193
2195
2653
2193
539
538
537
2193
2226
2121
2118
2115
2150
2149
2151
2147
377
2226
626
2286
980
1579
2247
2012
1840
2193
2082
2237
980
2025
2193
2193
1896
2193
2315
1650
427
466
2232
421
428
533
532
530
529
1326
1244
1245
2268
626
2193
2193
2193
2252
1650
977
2193
1238
1169
1207
2193
2341
2535
2367
334
2193
980
377
2312
980
2193
2207
980
2354
980
2193
2641
2249
2589
2193
2193
1169
2312
1650
382
2255
626
2193
382
1356
1878
2193
2193
2546
2193
1650
2333
1820
2203
2205
1505
1501
900
1227
2193
570
2235
853
1400
2297
2536
2367
2193
2193
384
387
2193
536
2548
542
2297
2224
2319
2205
2194
2204
2202
1505
1504
1501
1502
1503
2193
2339
626
1188
2301
2210
2207
2338
2336
2193
831
2193
2367
2193
1798
1799
2193
2201
2589
2222
626
141
2325
626
2193
1400
2024
2641
2245
2589
2193
2193
2201
387
2723
2564
100
2193
83
333
2206
1505
1501
420
386
2193
2260
980
2193
2194
2546
1257
2330
2367
2366
1169
2264
2206
2214
2224
2243
2194
2204
2202
1505
1504
1502
1503
2193
1591
2546
2193
2204
980
2257
626
2193
4
2243
1650
2641
2255
2589
2215
626
2193
2253
980
2193
2303
2536
2367
2193
723
2193
2297
980
2193
2193
2193
406
407
535
387
531
382
529
2280
626
2250
2012
1840
1251
1343
4
2317
2193
2193
2193
1491
2196
626
666
2201
2653
334
2193
662
692
2193
1400
921
2060
2036
2035
2018
2197
2589
670
2247
853
2193
2552
2207
530
531
2193
2249
980
2193
2194
1841
2348
387
2338
2199
627
626
2193
1822
2305
2206
2214
2330
1505
1501
2313
1650
2331
2204
2367
2366
2546
2193
2274
2536
2367
2344
1650
2245
626
2193
2193
2193
2235
2535
2367
538
537
424
2271
2194
532
383
387
530
2193
529
382
2210
2207
2338
2302
1807
2336
2193
1796
2193
2241
980
844
2193
799
798
798
2270
2249
2194
1505
1504
1502
1244
2286
2536
2367
1850
1842
2193
2301
1650
2315
980
2193
1870
2014
1924
1841
2193
382
2553
2253
2229
2228
2194
2254
1505
1504
1503
1260
404
399
382
2193
2359
2549
542
399
401
2193
2193
542
132
2193
2193
1400
977
2341
853
2319
2193
2193
2308
1650
1400
1506
2338
2193
1650
2289
470
477
2223
2194
1505
2226
2194
1505
382
153
977
1650
2287
2032
1276
1875
2193
382
39
1594
1408
2338
2559
2560
2193
1404
1650
2279
1841
1840
377
1874
2549
2193
1176
1172
1169
2210
387
2334
1650
466
2239
433
421
533
532
530
529
2012
1840
2193
1181
1169
2193
542
1650
2228
2276
2210
2212
2306
2205
2194
2204
2307
2202
2277
1505
1504
1503
2270
626
2204
2202
2653
2193
387
2243
980
2193
2193
2250
980
1921
2008
2193
2212
2305
2214
2224
2272
2194
1505
1504
1799
2338
2559
2560
1424
2193
1420
1870
2014
1926
1841
2193
2555
382
2238
1650
45
1640
2193
2193
1420
382
2198
2367
2340
980
2555
542
2546
2205
1505
1650
2292
1935
2193
2161
2154
2219
2305
2206
2337
2205
2194
2204
2202
1505
1501
2193
1247
1400
2193
1650
2248
2303
980
2193
2333
853
2226
2653
2054
101
2060
2022
2026
2033
2025
377
4
2553
542
2284
1650
2327
980
2341
627
626
2224
2653
1400
2239
2641
2589
2334
980
2193
2268
2193
2347
2653
2013
1881
1840
2233
2535
2367
118
382
2257
2247
1505
1637
2546
2193
814
2339
2266
2344
817
2347
2194
2345
2346
2193
2193
2546
2193
2215
2367
2193
2298
626
2193
424
2203
2207
2338
2202
2205
2336
532
387
530
2193
2193
529
844
2193
2007
1907
2193
377
2224
2641
2589
2339
2207
2198
2111
2201
2086
2083
2087
2081
2085
2084
2082
2193
2193
2212
980
2303
2206
2202
1505
1501
1886
2246
980
2193
1884
669
2208
980
2546
2193
4
2193
1841
1840
2323
980
2373
2193
2320
2252
2198
2224
2205
2294
2194
2204
2202
1505
1504
1501
1502
1503
2193
844
2262
1650
2228
2535
2367
2536
2299
2367
2193
1802
2008
1999
2193
2193
2276
980
2564
84
2193
844
1840
1221
2193
2295
2536
2208
2367
2193
2193
2297
626
2193
2193
382
1562
2193
2162
2154
1266
1471
1841
1840
542
578
2232
2535
2367
2535
2351
2367
2546
2193
2041
2060
2058
2045
2054
2023
2029
2032
2028
2030
2034
2035
2018
2546
2193
2193
2297
1650
2323
626
2193
977
2186
2356
626
2193
2284
626
2320
2339
1628
2214
2341
2194
1505
1504
1502
2546
2193
2546
4
2250
853
2193
2353
2206
2267
1505
1504
382
2193
465
2338
2193
1169
2546
2193
2193
4
1170
1169
2359
980
2193
1276
139
2257
626
2193
2308
626
2193
2358
626
2193
382
581
2333
626
776
2238
2118
2115
2126
2150
2149
2151
2147
1238
1169
2206
2337
2267
2354
1505
1504
977
2546
2193
2546
48
442
466
2255
421
444
533
532
530
529
2253
2226
2227
2194
2254
1505
1504
1503
2257
2653
1870
1919
2014
1841
2193
2206
2337
2591
2589
2590
2193
2193
977
2193
2193
1550
2330
980
1238
1169
2348
2349
2347
2245
2194
1315
2345
1483
2346
2193
2193
2280
2536
2367
973
919
2344
2653
2207
2118
2249
2119
2150
2149
2148
2193
2193
2147
980
2193
382
2193
2223
626
2138
2139
2136
2546
2193
1267
625
2244
1650
575
2330
1650
1820
2193
2193
1910
2008
2193
903
333
2193
973
424
2270
2194
532
387
530
2193
529
2193
2193
2193
2342
980
2203
2207
2266
2008
2202
2193
2193
442
466
2254
421
533
532
530
529
2235
980
2210
2293
1438
1441
2193
2352
626
4
2193
2271
2641
2589
2239
980
2275
626
2339
2207
2344
2341
2118
2119
2086
2150
2149
2148
2193
2147
1568
2238
980
1210
2193
2208
1905
2193
2193
2213
626
2259
626
2193
2203
2205
2194
1505
2322
2300
2205
2194
1505
1504
1502
1503
2042
2029
2030
2031
2018
2312
626
2193
2357
626
2193
2207
2150
2149
2151
2148
2193
2193
2193
2165
2154
2297
2224
2267
2319
2205
2194
2204
2202
1505
1504
1501
1502
1503
2193
2253
2653
2193
1878
65
4
2207
2118
2119
2248
2150
2149
2148
2193
2193
2147
626
1943
2329
980
1421
2193
2314
980
2193
2546
2332
2367
2368
1266
2193
1212
2193
1650
2310
1838
2247
626
2193
2236
980
2266
2653
2193
2193
2307
980
2193
2306
1650
906
2334
1650
2321
2205
2194
2204
2299
2202
1505
1504
1501
1502
1503
570
1169
470
2339
2341
421
387
383
2193
2231
2535
2367
2359
626
2193
1944
2269
1650
2546
2193
2258
1650
51
2193
1261
1324
1244
1242
2591
2193
977
2193
2275
980
2255
1650
2273
1650
2296
626
2193
2193
2331
2641
2589
2590
1341
1266
2347
980
2211
2367
2368
53
2193
2317
1650
1841
1843
2193
2193
146
2247
980
2193
2186
2269
2641
2589
2193
2163
2154
1252
2335
1505
1260
2196
980
2352
980
2234
980
2193
2251
1650
2320
2317
2334
2214
2338
1505
2193
2193
2193
2193
1591
71
99
2028
333
2193
824
2276
2536
2367
542
2242
980
2219
2203
2205
2194
2204
1505
2327
626
2238
2653
2193
1650
2277
2258
980
2193
2546
2193
2299
980
2193
2293
2536
2367
2193
844
2546
2193
529
382
2193
2550
542
1881
2008
2551
1452
1828
135
2201
980
2226
2535
2367
1890
2546
2193
2193
1565
2228
980
377
2013
1330
1248
1242
2311
2210
2212
2284
2205
2194
2204
2285
2310
2202
1505
1504
1503
2276
2274
2284
2288
2193
83
1923
2193
2013
1897
1840
2342
2535
2367
2235
2123
2118
2115
2150
2149
2151
2147
2331
980
2269
2194
2248
1505
1504
1502
1503
2203
2207
1980
2202
2193
2193
382
824
2272
980
2193
2282
2536
2367
2290
980
1230
1266
1505
2193
145
159
158
157
1471
1253
2325
980
2193
2546
129
2193
1400
2193
2122
2121
2232
2118
2115
2150
2149
2151
2147
2206
1505
1501
977
1841
333
317
2244
626
2193
2193
334
2193
570
404
393
479
418
401
386
385
388
387
2193
2556
542
2331
1650
1820
2193
2193
2014
2009
1256
333
1849
2012
1996
1784
2201
853
2221
980
2193
1227
2193
1441
1828
2274
1650
382
1874
333
2193
2193
2256
2653
2193
2348
2653
1870
1917
2014
1841
2193
1576
2225
980
1506
2193
2193
1238
2193
1919
2008
2193
332
2227
2535
2367
2248
2653
2193
1204
2193
2324
626
2317
2214
2350
1505
1215
2193
2278
1650
2318
626
2193
2193
382
2193
2198
980
2225
1650
1579
1400
2300
980
2193
2193
2320
1650
2157
2154
584
2312
626
2193
2193
2238
2535
2367
159
2193
382
1238
2193
2226
1650
2262
2241
2194
1505
1504
1503
2155
2156
1400
2210
2278
2212
2306
2205
2194
2204
2279
2307
2202
1505
1504
1503
2347
626
575
2290
1650
1188
1844
2193
2641
2259
2589
977
1266
1870
2014
1912
1841
2193
2008
1924
2193
2546
2193
1932
2193
2255
2653
2193
977
2193
2193
2350
626
2241
1650
2224
1650
2014
1999
1841
1840
2546
2193
382
2193
2280
626
2346
980
1885
2008
1260
1350
1349
1349
470
467
468
2245
2535
2367
2193
2193
1421
2193
2238
626
2266
980
2193
2193
424
2247
2194
532
387
530
382
2193
529
1841
1840
2193
377
2343
1650
2202
2367
377
1880
2247
2641
2589
2193
559
561
549
547
1160
2193
2193
333
2193
2230
626
2348
2589
2276
1650
2193
2237
2535
2367
1258
2245
2205
2194
532
387
530
2193
2193
529
1302
1300
1298
2319
980
2193
2193
386
385
388
387
711
1197
2250
1650
1808
2346
2589
427
2262
980
2193
977
333
2275
2536
2367
4
2546
2193
2339
2344
1225
2245
2194
2193
2193
1262
1244
349
1506
2320
2342
2193
2641
2341
2589
2193
1993
2243
1505
477
424
479
478
2337
407
418
535
532
387
530
531
382
529
1400
1797
2235
466
421
429
533
532
530
529
965
2266
2014
2194
1868
1841
1840
2193
977
2222
980
2243
626
2193
2193
2226
1505
2546
2030
2230
626
2270
2653
1594
85
2263
2242
2194
1505
1504
1503
2272
626
2193
1843
1842
2085
2331
853
377
965
1870
2193
387
2324
1650
1814
2217
980
2193
2358
2367
2193
2193
1506
2320
2341
1504
2193
1650
2345
2346
2193
2198
2589
1267
625
2252
466
532
530
382
529
2234
626
2245
1505
4
2154
2154
2339
2589
2193
2208
626
2207
2367
2366
2320
2339
1628
2214
2340
1505
1504
2197
853
2220
980
2193
2193
2260
1650
2245
2205
2204
2193
2193
2247
2268
2194
1505
1504
1502
1503
1585
2235
2641
2589
1238
1169
2242
1650
333
2193
627
626
2193
349
2198
627
626
2193
2251
626
2193
1255
155
2303
626
2193
2224
1505
334
2193
382
2321
980
2193
2235
1650
382
2339
1206
2266
2344
1203
2347
2194
2345
2346
2193
2193
2546
2193
2203
2205
2194
1505
1501
2230
2194
1505
2253
1650
2233
2123
2121
2118
2115
2150
2149
2151
2147
377
1650
2249
2193
2204
626
120
844
2341
980
1918
2193
377
2209
626
1650
2298
2207
2245
2118
2119
2194
2150
2149
2148
2193
2193
2193
2147
716
2278
980
4
1284
2083
2193
2013
1885
1840
2193
2193
2289
2536
2367
2254
2653
2249
626
2193
1568
1992
1859
1840
2255
2230
2194
2231
2256
1505
1504
1503
2546
2193
2239
2653
715
2344
627
626
2198
853
2332
1650
1820
2356
980
2193
2311
1650
818
2193
1849
1859
1996
2337
2194
2204
2202
1505
133
1276
2206
980
2193
2223
1650
2061
2018
2265
626
2193
2193
2546
2193
2160
2154
142
2335
2194
1505
815
2193
1879
2008
2351
626
977
2318
980
2193
2193
2271
2014
1869
1841
2200
626
2193
2549
542
2193
2193
2328
626
2205
980
2193
2193
441
1238
1179
1169
382
2255
980
2193
2193
1238
2193
2193
2299
626
2193
2324
980
71
2284
2536
2367
2193
2194
2367
2368
2166
2154
2292
2536
2367
1841
1840
2193
424
2268
2194
532
387
530
382
2193
529
473
382
1909
2193
2207
2293
2350
70
71
2193
99
2253
626
2193
2207
2086
2150
2147
2193
2147
1374
2271
2653
37
2305
980
2193
811
2008
1912
2193
2268
1650
333
2193
382
2546
2193
542
158
2193
2641
2248
2589
2193
2557
129
2193
1404
2226
853
2193
1941
2203
2317
2267
2202
2296
2224
2205
2194
2204
1505
1504
1501
1502
1503
2193
2231
980
2193
2234
2535
2367
2193
1776
2546
155
2328
980
2546
2193
1356
2245
1650
2281
1650
2220
626
2193
2252
626
2193
2349
387
2217
626
2193
2230
2535
2367
694
2193
2193
2348
2349
2347
2268
21
2194
1314
2345
2346
4
2193
2193
2139
2339
2341
2119
2115
2086
2193
2295
980
2193
2193
2340
1650
2193
805
382
2193
2224
2535
2367
2313
980
2193
2193
2193
1400
2086
977
2193
1169
2193
2193
535
389
387
2193
157
2546
2193
65
2300
626
2193
83
1408
2334
2559
2560
2193
1404
1169
2194
2202
1505
1501
2546
2193
2288
980
2002
2008
2193
382
2268
980
2193
625
625
466
2193
2306
626
2193
2210
2367
2368
2258
2653
2346
387
1252
4
4
2641
2232
2589
1582
2281
980
2336
980
2193
1400
719
130
2207
2293
2350
70
71
2193
99
2311
2210
2212
2205
2286
2194
2204
2287
2310
2202
1505
1504
1503
1650
2325
2193
5
4
833
2305
2214
2326
1505
2348
2247
2349
2347
28
2194
1315
2345
2346
4
2193
2193
2248
980
2193
711
1798
377
1887
2013
1840
629
2293
2199
626
2193
2270
980
1261
1324
1244
1405
1254
949
2193
1252
2252
2224
2194
1505
1504
1503
1834
1332
2018
2736
2193
2193
2193
1335
1338
2193
529
1261
2193
2193
153
2193
2193
1452
1334
1328
1337
2018
2193
2193
2193
1242
2193
2193
2193
1329
1333
2062
1349
625
2193
2364
2364
2193
625
1331
2189
2189
798
99
1408
2334
2559
1404
1408
2338
2559
1404
2193
2317
99
2293
2350
83
1404
2334
2559
1424
1420
1420
560
2303
2351
2202
562
2207
2338
2559
1424
1420
