2
3
4
5
6
7
8
9
10
11
12
13
14
15
16
17
18
15
18
22
23
24
25
26
27
28
29
30
31
32
33
34
35
36
37
38
39
40
41
42
43
44
45
46
47
48
49
50
51
52
53
54
55
56
57
58
59
60
61
62
63
64
65
66
67
68
69
70
71
72
73
74
75
76
77
78
79
80
81
82
83
84
85
86
87
88
89
90
91
92
93
94
95
96
97
98
99
100
101
102
103
104
105
106
107
108
109
110
111
112
113
114
115
116
76
77
119
120
121
122
124
125
126
127
128
129
130
131
132
133
134
135
136
137
138
139
140
141
142
143
144
145
146
147
148
149
150
151
152
153
154
155
156
157
158
159
160
161
162
163
164
165
166
167
168
169
170
171
172
173
174
175
176
177
178
179
180
181
182
183
184
185
186
187
188
189
190
191
192
193
194
195
196
197
198
199
200
201
202
203
204
205
206
207
208
209
210
211
212
213
214
215
216
217
218
219
220
221
222
223
224
225
226
227
228
229
230
231
232
233
234
235
236
237
238
239
240
241
242
243
244
245
246
247
248
249
250
251
252
253
254
255
256
257
258
259
260
261
262
263
264
265
266
267
268
269
270
271
272
273
274
275
276
277
278
279
280
281
282
283
284
285
286
287
288
289
290
291
292
293
294
295
296
297
298
299
300
301
302
303
304
305
306
307
308
309
310
311
312
313
314
315
316
317
318
319
320
321
322
323
324
325
326
327
328
329
330
331
332
333
334
335
336
337
338
339
340
341
342
343
344
345
346
347
348
349
350
351
352
353
354
355
356
357
358
359
360
361
362
363
364
365
366
367
369
370
371
372
373
374
375
376
377
378
379
380
381
382
383
384
385
386
387
388
389
390
391
392
393
394
395
396
397
398
399
400
401
402
403
404
405
406
407
408
409
410
411
412
413
414
415
416
417
418
419
420
421
422
423
424
425
426
427
428
429
430
431
432
433
434
435
436
437
438
439
440
441
442
443
444
445
446
447
448
449
450
451
452
453
454
455
456
457
458
459
460
461
462
463
464
465
466
467
468
469
470
471
472
473
474
475
476
477
478
479
480
481
482
483
484
485
486
487
488
489
490
491
492
493
494
495
496
497
498
499
500
501
502
503
504
505
506
507
508
509
510
511
512
513
514
515
516
517
518
519
520
521
522
523
524
525
526
527
528
529
530
531
532
533
534
535
536
537
538
539
540
541
542
543
544
545
546
547
548
549
550
551
552
553
554
555
556
557
558
559
560
561
562
563
564
565
566
567
568
569
570
571
572
573
574
575
576
577
578
579
580
581
582
583
584
585
586
587
588
589
590
591
592
593
594
595
596
597
598
599
600
601
602
603
604
605
606
607
608
609
610
611
612
613
614
615
616
617
618
619
620
621
622
623
624
625
626
627
628
629
630
631
632
633
634
635
636
637
638
639
640
641
642
643
644
645
646
647
648
649
650
651
652
653
654
655
656
657
658
659
660
661
662
663
664
665
666
667
668
669
670
671
672
673
675
676
677
678
679
680
681
682
683
684
685
686
687
688
689
690
691
692
693
695
696
697
698
699
700
701
702
703
704
705
706
707
708
709
710
711
712
713
714
715
716
717
718
719
720
721
722
723
724
725
726
727
728
729
730
731
732
733
734
735
736
737
738
739
740
741
742
743
744
745
746
747
748
749
750
751
752
753
754
755
756
757
758
759
760
761
762
763
764
765
766
767
768
769
770
771
772
773
774
775
776
777
778
779
780
781
782
783
784
785
786
787
788
789
790
791
792
793
794
795
796
797
798
799
800
801
802
803
804
805
806
807
808
809
810
811
812
813
814
815
816
817
818
819
820
821
822
823
824
825
826
827
828
829
830
831
832
833
834
835
836
837
838
839
840
841
842
843
844
845
846
847
848
849
850
851
852
853
854
855
856
857
858
859
860
861
862
863
864
865
866
867
868
869
870
871
872
873
874
875
876
877
878
879
880
881
882
883
884
885
886
887
888
889
890
891
892
893
894
895
896
897
898
899
900
901
902
903
904
905
906
907
908
909
910
911
912
913
914
915
916
917
918
919
920
921
922
923
924
925
926
927
928
929
930
931
932
933
934
935
936
937
938
939
940
941
942
943
944
945
946
947
948
949
950
951
952
953
954
955
956
957
958
959
960
961
962
963
964
965
966
967
968
969
970
971
972
973
974
975
976
977
978
979
980
981
982
983
984
985
986
987
988
989
990
991
992
993
994
995
996
997
998
999
1000
1001
1002
1003
1004
1005
1006
1007
1008
1009
1010
1011
1012
1013
1014
1015
1016
1017
1018
1019
1020
1021
1022
1023
1024
1025
1026
1027
1028
1029
1030
1031
1032
1033
1034
1035
1036
1037
1038
1039
1040
1041
1042
1043
1044
1045
1046
1047
1048
1049
1050
1051
1052
1053
1054
1055
1056
1057
1058
1059
1060
1061
1062
1063
1064
1065
1066
1067
1068
1069
1070
1071
1072
1073
1074
1075
1076
1077
1078
1079
1080
1081
1082
1083
1084
901
1086
1087
1088
1089
1090
1091
1092
1093
1094
1095
1096
1097
1098
1099
1100
1101
1102
1103
1104
1105
1106
1107
1108
1109
1110
1111
1112
1113
1114
1115
1116
1117
1118
1119
1120
1121
1122
1123
1124
1125
1126
1127
1128
1129
1130
1131
1132
1133
1134
1135
1136
1137
1138
1139
1140
1141
1142
1143
1144
1145
1146
1147
1148
1149
1150
1151
1152
1153
1154
1155
1156
1157
1158
1159
1160
1161
1162
1163
1164
1165
1166
1167
1168
1169
1170
1171
1172
1173
1174
1175
1176
1177
1178
1179
1180
1181
1182
1183
1184
1185
1186
1187
1188
1189
1190
1191
1192
1193
1194
1195
1196
1197
1198
1199
1200
1201
1202
1203
1204
1205
1206
1207
1208
1209
1210
1211
1212
1213
1214
1215
1216
1217
1218
1219
1220
1221
1222
1223
1224
1225
1226
1227
1228
1229
1230
1231
1232
1233
1234
1235
1236
1237
1238
1239
1240
1241
1242
1243
1244
1245
1246
1247
1248
1249
1250
1251
1252
1253
1254
1255
785
61
289
285
521
261
311
1198
264
1201
327
254
522
262
256
260
317
329
318
259
326
180
1088
369
310
347
218
219
346
331
311
317
329
326
326
310
300
326
929
764
785
722
878
758
394
393
391
396
773
742
882
785
81
470
151
462
464
150
403
22
369
32
33
31
4
5
882
929
904
867
764
25
30
37
29
35
38
26
27
24
22
22
24
385
26
133
128
864
815
814
817
818
819
863
807
720
801
768
733
775
702
759
790
791
740
719
753
798
793
1117
776
704
713
789
800
729
761
758
732
762
738
1115
706
727
716
770
717
730
710
785
794
707
769
715
774
736
739
773
788
804
795
797
763
778
737
760
787
780
731
777
805
728
786
700
711
802
782
721
705
771
1114
799
772
734
703
712
718
722
792
796
709
723
714
724
735
725
781
764
779
701
803
708
726
1034
18
5
755
839
754
753
404
826
30
192
181
202
199
929
836
774
758
462
225
228
224
192
181
195
200
202
199
894
893
266
275
271
268
214
346
312
331
328
338
330
332
336
313
254
337
317
335
329
326
326
310
758
1107
699
764
768
414
625
65
24
247
251
201
194
192
197
181
203
202
199
405
928
927
929
820
924
889
463
527
758
464
525
536
542
1207
704
436
774
790
764
1004
34
761
764
632
699
776
47
23
27
742
194
202
871
403
1032
1036
1035
1058
1006
1005
419
105
26
803
835
820
764
699
773
639
66
24
213
272
268
218
229
270
238
346
337
331
328
338
330
332
314
329
336
326
326
310
326
636
275
274
268
347
270
320
331
328
311
330
332
336
254
316
337
255
317
335
329
326
326
310
180
929
716
758
638
834
764
62
13
679
339
337
331
328
338
330
332
335
329
336
327
326
351
326
742
331
338
327
699
1094
632
882
929
836
901
774
758
462
865
1193
1196
388
331
328
338
330
332
333
336
327
339
337
335
329
334
180
773
931
181
5
2
412
47
76
33
34
26
31
252
209
194
572
192
197
181
195
200
188
201
187
190
186
204
189
196
191
193
203
198
202
199
243
614
194
192
820
417
369
676
677
758
695
756
929
772
713
415
52
94
339
337
328
338
330
332
333
335
334
336
327
326
180
326
825
907
826
925
774
764
37
621
533
699
635
312
320
324
311
321
323
322
313
316
315
314
319
317
318
81
930
628
24
132
68
141
81
87
470
405
407
126
393
391
392
404
403
406
22
71
39
231
289
343
347
267
269
268
352
361
331
328
257
333
264
327
254
258
353
359
256
260
263
335
317
329
334
259
358
326
351
640
38
352
353
339
337
331
328
338
333
335
329
334
336
327
326
326
9
10
151
212
224
181
189
195
202
634
37
687
689
680
676
679
758
940
793
1010
251
194
379
1150
380
192
464
1149
197
193
203
202
642
841
919
946
918
896
985
984
857
758
1022
1026
1020
1021
1025
1023
787
1024
764
726
1027
1019
432
433
546
547
548
434
742
758
768
1112
929
731
802
352
353
840
933
882
934
935
765
699
764
768
805
87
25
33
545
37
35
31
30
32
29
39
1250
38
28
27
24
770
764
769
952
703
216
217
758
106
874
758
806
35
339
337
331
338
330
332
333
335
329
334
336
327
326
326
136
409
181
825
630
523
541
524
929
852
836
774
758
462
764
699
710
47
27
883
929
884
699
733
772
712
132
99
141
125
405
407
22
369
352
353
626
939
820
774
764
773
834
268
347
331
328
329
326
326
780
844
843
417
416
414
425
412
225
221
227
223
251
222
194
192
197
181
195
203
198
199
202
81
58
22
22
100
69
81
101
470
151
462
408
150
403
22
369
691
685
690
622
891
257
351
351
435
785
986
929
918
781
764
699
782
729
1010
929
771
715
241
331
264
180
437
883
896
773
699
492
493
25
37
29
35
38
26
27
24
22
22
928
924
929
889
758
705
792
685
681
820
773
637
275
274
268
347
344
270
346
320
331
328
324
311
330
332
254
316
337
317
335
329
326
326
310
180
26
24
210
224
190
206
181
195
202
25
764
644
762
462
699
1117
803
425
26
946
1026
764
699
709
1023
1019
213
275
272
274
268
347
218
219
270
337
331
328
338
330
332
314
329
336
326
326
310
326
266
242
230
240
275
271
268
239
214
348
352
328
330
323
336
254
337
315
353
329
334
312
331
332
333
322
317
335
326
326
310
326
351
1223
851
927
949
892
870
929
926
842
883
924
845
897
849
379
461
806
773
464
570
763
527
759
462
798
375
700
436
463
758
572
378
765
536
591
412
779
699
764
525
542
414
1207
794
403
369
324
256
259
310
788
982
725
251
194
201
192
181
375
193
203
202
199
344
211
218
346
348
331
328
324
311
321
333
314
319
317
334
326
292
326
310
326
351
521
632
929
836
774
758
717
462
764
429
1006
1005
56
48
634
881
858
859
699
741
695
695
132
22
820
758
773
582
699
775
369
941
940
836
774
758
580
764
579
644
623
913
781
699
788
183
185
194
205
184
204
197
182
768
1222
906
924
699
764
385
805
388
1004
105
52
106
24
130
68
131
78
129
81
125
22
100
69
81
470
151
462
408
150
403
158
22
369
320
261
317
259
310
248
634
267
350
349
254
337
331
361
359
335
336
326
326
358
326
47
27
25
251
192
181
203
202
199
854
944
856
855
796
629
82
79
47
418
431
213
272
218
254
337
331
330
314
317
329
336
326
326
310
820
773
699
776
820
773
699
776
929
850
836
774
758
720
462
920
898
923
765
764
905
820
773
264
327
300
882
1061
890
758
1136
801
1118
773
799
741
796
1108
1110
1206
760
780
764
699
779
1109
1135
785
470
927
929
849
723
841
943
882
850
918
896
774
760
787
764
785
778
795
192
200
202
426
820
773
1113
1088
54
37
883
765
699
247
248
764
388
231
194
204
780
699
860
1233
1232
695
136
407
838
837
1123
1192
1088
106
331
328
338
330
332
333
336
327
339
337
335
329
334
326
358
326
344
330
326
26
17
5
68
93
81
150
149
403
162
22
369
267
349
361
359
335
326
326
358
326
773
699
777
946
841
758
1022
1020
1026
1021
1023
1024
764
728
1027
1019
194
204
141
1219
470
405
407
126
393
391
392
403
406
797
806
764
680
679
678
681
695
770
769
68
93
81
410
411
150
403
162
22
369
641
389
986
47
75
33
34
26
31
229
204
197
26
78
922
895
764
805
624
888
891
774
133
127
86
97
47
87
98
22
764
944
1060
231
194
204
30
26
30
868
866
833
882
904
903
699
421
226
215
224
206
181
202
52
65
24
697
1192
1088
258
317
259
358
758
1107
768
1055
1040
1046
1041
1045
1042
1047
1048
1039
1044
1052
1056
1050
1054
1057
1049
1043
1053
1051
929
850
836
774
758
719
462
33
463
464
949
882
836
774
758
791
699
764
767
163
882
929
902
865
944
929
721
1031
24
888
929
836
774
463
758
764
699
464
767
711
820
773
202
788
687
688
906
805
16
5
263
331
328
338
330
332
333
336
327
339
337
335
329
334
180
358
351
300
868
916
833
830
831
832
866
829
827
758
766
592
369
627
823
760
764
773
699
804
27
786
929
836
774
758
462
718
836
774
764
1038
1036
1058
506
37
416
369
12
14
361
359
360
192
181
202
699
776
820
773
407
820
68
24
352
353
351
699
793
792
130
131
129
125
127
22
350
349
337
331
361
335
326
326
358
403
1030
1031
1237
27
1119
922
698
928
927
924
938
929
889
758
461
702
248
861
1013
946
848
841
918
896
1022
1026
1021
1028
1025
1023
724
787
1024
764
699
1027
1019
38
24
33
37
359
360
929
836
774
758
462
764
708
62
60
898
764
789
389
339
331
328
338
330
332
333
335
329
334
327
326
326
774
22
882
1061
929
714
699
772
68
69
776
83
28
77
26
950
701
47
74
1061
771
801
773
772
804
795
775
781
730
780
699
764
776
777
785
786
802
631
163
825
826
878
774
805
29
282
276
279
283
280
278
277
281
254
327
326
326
310
326
888
929
836
774
758
765
764
699
707
786
266
268
270
273
348
254
337
331
328
330
332
333
329
336
326
326
310
235
251
236
194
204
197
203
828
86
912
908
900
98
97
911
100
910
102
909
101
761
758
788
734
784
790
787
781
699
783
789
800
22
192
181
198
202
199
805
928
924
929
889
758
706
756
757
699
775
72
77
76
23
39
26
80
104
72
47
76
30
34
26
384
867
929
850
836
774
1024
1022
1020
462
764
1026
1021
1025
1028
1023
1027
1019
1019
39
344
273
346
331
328
311
321
317
329
326
326
310
645
1205
919
946
932
943
853
727
1024
764
699
1026
1021
1027
1023
1019
899
758
1107
699
768
643
331
328
338
330
332
333
336
327
339
337
335
329
334
326
300
326
26
914
915
735
737
740
736
738
739
699
788
33
846
774
773
764
742
413
846
826
774
773
764
699
2
2
300
253
1029
1029
22
148
1034
180
351
351
2
675
695
310
124
2
351
326
180
243
358
404
358
758
1107
768
1088
312
310
758
1107
768
1088
313
310
758
1107
768
1088
521
369
254
331
317
313
326
310
901
254
312
317
310
758
768
1112
1088
72
758
72
77
76
901
76
13
679
77
30
76
