2
3
4
5
6
7
8
9
10
11
12
13
14
15
16
17
3
19
10
21
22
23
24
25
26
27
28
29
30
31
33
34
35
36
37
38
39
40
41
42
43
44
45
46
47
48
49
50
51
52
53
54
55
56
57
58
59
60
61
62
63
64
65
66
67
68
69
70
71
72
73
74
75
76
45
78
79
80
81
82
83
84
85
86
87
88
89
90
91
92
93
94
95
96
97
98
99
100
101
102
103
104
105
106
107
108
109
110
111
112
113
114
97
116
96
91
90
98
121
122
123
124
125
126
127
128
129
130
131
132
133
134
135
136
137
138
139
140
141
142
143
144
145
146
147
148
149
150
151
152
153
154
155
156
157
158
159
160
161
162
163
164
165
166
167
168
169
170
171
172
173
174
175
176
137
138
139
179
180
155
157
151
184
185
186
153
158
167
190
166
192
154
168
196
197
198
199
200
201
202
203
204
205
206
207
208
209
210
211
212
213
214
215
216
217
218
219
220
221
222
223
224
225
226
227
228
229
230
231
232
233
209
235
237
238
239
240
241
242
243
244
245
246
247
248
249
250
251
252
253
254
255
256
257
258
259
260
262
263
264
265
266
267
268
269
270
271
272
273
274
275
276
277
278
279
280
281
282
283
284
285
286
287
288
289
290
291
292
293
294
295
296
297
298
299
300
301
302
303
304
305
306
307
308
309
310
311
312
313
314
315
316
317
318
319
320
321
322
323
324
325
326
327
328
329
330
331
332
333
334
335
336
337
338
339
340
341
342
343
344
345
346
347
348
349
350
351
352
353
354
355
356
357
357
356
218
203
126
126
347
135
134
133
278
269
351
216
140
126
134
272
85
134
273
37
46
52
51
272
33
100
101
60
52
295
329
17
52
91
70
90
7
3
268
322
33
80
35
202
197
126
309
104
99
107
105
310
4
3
80
80
84
82
132
300
323
33
323
33
351
85
141
197
203
126
346
307
331
353
269
331
308
307
154
353
143
167
152
168
346
352
151
349
283
138
137
127
126
268
322
126
331
128
327
324
33
82
33
320
171
166
173
174
170
268
322
126
213
211
230
212
201
197
33
135
57
65
56
130
131
311
166
228
221
200
198
202
197
199
203
268
322
229
200
203
126
126
285
277
15
4
5
268
322
277
226
69
33
283
337
333
331
55
325
323
33
46
303
52
33
6
3
80
300
129
132
128
268
37
287
11
141
62
317
63
209
97
70
315
295
12
96
47
230
14
46
140
61
157
111
110
4
7
5
3
33
126
196
81
127
135
277
147
146
293
269
331
202
126
35
35
34
36
38
103
104
99
100
105
101
102
81
84
83
82
85
352
269
331
81
61
62
83
33
39
128
212
33
157
268
33
263
261
65
39
288
33
128
331
85
345
336
338
335
337
334
333
332
290
292
331
331
84
33
112
33
272
89
99
80
80
353
133
98
83
82
33
35
41
40
38
63
83
33
336
130
337
98
84
82
33
58
225
33
66
35
43
303
302
272
68
53
37
42
33
274
142
218
126
81
127
134
84
82
33
33
103
85
13
16
106
10
14
110
7
3
268
322
33
80
171
140
173
229
230
141
174
170
203
126
266
261
52
56
129
301
130
127
129
132
128
268
173
229
170
200
277
46
330
33
322
102
85
47
81
86
33
148
143
126
126
65
39
67
52
50
35
34
36
37
43
39
83
33
112
33
347
276
278
275
270
274
269
273
272
331
331
42
272
46
156
152
297
130
129
127
132
268
33
262
261
149
126
126
150
129
128
34
307
327
169
176
143
170
127
126
268
322
126
273
41
150
138
129
132
128
58
33
47
324
323
33
33
42
85
80
34
82
33
112
33
331
40
146
143
126
126
142
58
173
215
217
170
60
227
218
206
205
201
204
33
126
272
331
274
337
219
203
329
287
33
322
33
58
172
60
175
33
352
133
171
347
174
130
131
137
138
129
132
135
134
133
136
331
54
36
335
277
334
130
65
39
338
46
303
33
73
63
61
47
62
71
57
60
56
33
46
330
33
322
73
71
33
270
57
52
312
331
35
269
331
269
331
294
269
331
130
346
291
331
3
80
147
126
126
129
83
33
264
261
272
65
39
81
128
33
6
37
333
304
275
331
331
274
300
130
129
132
128
268
58
39
307
268
65
64
43
39
140
141
202
197
126
346
292
331
270
267
261
313
307
327
317
48
319
270
322
37
347
276
269
271
331
265
261
295
49
296
33
214
203
295
208
210
173
176
230
174
170
223
46
171
222
224
200
198
197
199
33
126
331
331
126
33
112
33
196
80
126
268
33
112
322
33
112
126
237
33
2
268
322
80
331
126
89
99
80
84
83
82
157
351
351
42
35
47
71
315
12
96
47
230
141
14
46
140
97
157
70
4
7
126
46
315
12
97
70
4
7
315
46
47
4
7
166
198
202
91
3
295
329
52
91
70
90
3
33
80
295
52
90
3
6
137
138
138
136
300
138
46
297
295
287
47
70
4
7
209
84
301
300
