1
2
2
5
6
7
7
7
7
7
7
7
7
7
7
7
7
7
20
20
20
20
20
20
20
20
20
20
20
20
19
34
35
35
35
35
35
35
35
35
42
45
46
46
46
46
46
46
46
46
46
46
46
46
46
46
46
62
63
63
63
63
63
63
63
63
71
71
71
71
71
71
71
71
71
71
71
71
71
71
71
71
71
88
89
63
91
91
91
91
91
91
91
91
91
91
91
91
91
63
105
105
105
105
105
105
105
105
105
105
105
105
105
105
105
105
105
45
123
123
123
123
123
123
123
123
123
123
123
123
123
123
123
123
123
123
123
123
139
144
148
149
149
152
91
149
46
105
18
18
18
18
119
119
119
28
28
29
29
97
59
59
59
111
111
60
96
16
90
114
32
32
67
67
138
138
138
138
145
61
61
61
98
98
54
54
102
104
112
39
39
30
30
118
99
122
52
56
70
70
58
88
88
88
88
88
88
88
88
88
88
27
27
53
66
66
51
113
87
87
87
116
19
19
19
19
19
19
117
117
40
14
14
14
14
14
17
103
103
103
15
15
15
15
15
15
15
115
115
42
42
42
120
120
120
120
120
120
120
120
43
43
139
139
139
139
139
139
139
139
139
139
139
139
139
95
31
31
31
57
100
55
121
41
41
37
24
9
36
8
124
64
65
47
44
44
33
33
33
33
