1
2
2
4
7
8
8
8
8
8
8
8
8
8
8
8
8
8
8
8
8
8
8
8
13
28
28
31
1
32
32
4
1
37
37
37
37
37
37
37
37
37
37
37
37
37
37
37
37
37
37
37
37
37
37
37
37
37
37
37
37
37
37
37
37
37
37
37
37
37
75
76
77
78
79
79
79
82
7
85
85
85
85
85
85
85
85
85
85
85
85
85
85
85
85
82
78
104
104
104
104
104
104
104
104
104
104
104
104
104
104
104
104
104
104
104
104
104
104
104
104
104
104
104
131
131
104
134
134
104
137
137
137
137
137
137
137
137
137
137
137
137
137
137
137
137
114
154
154
157
78
158
158
158
158
158
158
158
158
158
158
158
158
158
158
158
158
158
158
158
158
158
179
163
163
1
183
183
183
183
183
183
183
190
190
190
190
192
26
27
25
16
169
169
23
64
64
49
49
177
147
156
156
191
194
51
51
51
44
44
99
99
63
63
17
124
162
170
170
65
65
56
56
73
73
73
54
54
55
55
60
60
118
123
61
61
74
74
74
53
53
122
160
69
69
98
98
98
19
19
19
67
67
22
81
81
68
68
47
47
48
48
45
45
59
59
95
189
189
174
129
129
129
129
94
101
43
43
175
175
21
127
34
57
57
57
18
18
50
50
50
96
96
128
128
62
62
52
52
192
30
30
30
100
100
100
58
58
66
66
117
15
24
24
24
29
82
20
20
119
121
72
72
116
172
188
70
70
173
163
163
163
155
87
97
97
46
46
120
125
168
168
168
42
42
71
71
193
80
80
91
114
115
13
9
9
9
9
9
14
102
102
102
83
83
83
