2
3
4
5
6
7
8
9
10
11
12
13
14
15
17
18
19
20
21
22
23
24
25
26
27
29
30
31
32
33
34
35
35
38
39
40
41
42
43
44
45
46
47
48
49
50
51
52
53
54
55
56
57
58
59
60
61
62
63
64
65
66
67
68
69
70
71
72
73
74
75
76
77
78
79
80
81
82
83
84
85
86
87
88
89
90
91
92
93
94
95
96
97
98
99
100
101
102
103
104
105
106
107
108
109
110
111
112
113
114
115
116
117
118
119
120
121
122
123
124
125
126
127
128
129
130
131
132
133
134
135
136
137
138
139
140
141
142
143
144
145
146
147
148
149
150
151
152
153
154
155
156
158
159
160
161
163
164
165
167
168
169
170
171
172
173
174
175
176
177
178
179
180
181
182
183
184
185
186
79
132
77
70
74
76
68
75
73
71
51
67
39
69
52
92
61
51
70
98
180
111
112
87
178
179
171
174
177
170
172
169
38
38
57
30
32
31
2
71
42
109
96
184
38
113
82
72
129
69
46
184
5
80
173
170
169
180
179
175
170
169
42
43
70
69
66
94
93
61
62
41
110
81
65
46
70
74
50
59
75
71
69
73
48
52
66
58
176
67
58
69
42
40
55
66
60
39
67
14
3
32
31
74
49
45
4
54
65
85
134
84
65
46
55
53
60
54
43
61
62
51
47
44
45
82
63
81
39
72
50
42
56
48
52
66
49
58
64
48
55
113
81
65
69
71
52
70
50
66
58
59
20
19
111
84
114
116
42
65
69
60
58
78
111
42
58
6
5
3
43
4
39
68
80
61
68
47
2
88
46
55
77
70
53
43
61
62
45
78
63
39
72
74
76
50
59
79
42
75
48
69
71
73
66
58
72
79
20
19
18
74
42
45
62
92
62
2
38
167
70
76
