2
3
4
5
6
7
8
9
10
11
12
13
14
15
16
17
18
19
20
21
22
23
24
25
26
27
28
29
30
31
32
33
34
35
36
37
38
39
40
42
43
44
45
46
47
48
49
50
51
52
53
54
55
56
57
58
59
60
61
62
63
64
65
66
67
68
69
70
71
72
6
4
7
6
4
7
56
57
6
4
7
43
6
7
6
7
6
7
6
5
6
4
7
6
37
7
6
7
56
57
6
4
7
6
4
7
7
34
6
7
6
37
7
6
4
7
37
34
43
6
7
6
7
6
7
6
7
6
5
3
7
6
4
7
6
7
6
7
34
57
43
6
56
56
57
