1
2
2
2
2
2
2
2
2
2
2
2
2
2
2
2
2
2
2
2
2
2
2
2
2
2
2
2
2
2
2
2
2
2
2
2
2
2
20
40
40
20
43
43
22
46
46
22
49
22
51
2
53
53
53
53
53
53
2
60
2
62
62
62
62
62
68
69
69
69
69
69
69
69
69
69
69
69
69
69
69
69
69
69
69
69
69
69
69
69
69
69
69
69
69
69
69
69
69
69
69
69
69
69
69
69
69
69
69
69
69
69
69
69
69
69
69
69
69
69
69
69
69
69
69
69
69
69
69
69
69
69
69
69
69
69
69
69
69
69
69
69
69
69
69
69
69
86
150
101
152
101
154
101
156
101
158
101
160
103
163
164
164
164
164
164
164
164
164
164
164
164
164
164
164
164
164
164
164
164
164
164
164
164
164
164
164
164
164
164
164
164
164
164
164
164
164
164
164
164
164
164
164
164
164
164
164
164
164
164
164
164
164
164
164
164
164
164
164
164
164
164
164
164
164
164
164
164
164
208
233
233
236
237
238
239
240
241
242
243
244
244
244
244
244
244
244
244
244
244
244
244
244
244
244
244
244
244
244
244
244
244
244
244
244
244
244
244
244
244
244
244
244
244
244
244
244
244
244
244
244
244
244
244
244
244
244
244
244
244
244
244
244
244
244
244
244
244
244
244
244
244
244
244
244
244
244
244
244
244
244
244
244
244
244
244
244
244
244
244
244
244
244
244
244
244
244
244
244
265
334
269
336
335
335
335
163
341
341
341
341
341
341
341
341
341
341
341
341
341
341
341
341
341
341
341
341
341
341
341
341
341
341
341
341
341
341
341
341
341
341
341
341
341
341
341
341
341
341
341
341
341
341
341
341
341
341
341
341
341
341
341
341
341
341
341
341
341
341
341
341
341
341
341
341
341
341
341
341
341
341
341
341
341
341
341
341
341
341
341
341
341
341
341
341
341
341
341
379
433
433
436
438
439
440
441
442
376
376
115
115
115
115
289
289
201
201
201
283
409
140
321
321
330
330
107
107
107
424
424
117
117
142
308
35
35
35
35
182
182
195
213
213
213
370
177
177
280
280
420
420
100
100
100
100
217
217
217
217
217
217
309
106
128
176
176
145
205
205
205
118
118
118
118
130
224
224
112
112
112
112
112
112
112
112
112
112
112
112
112
112
261
261
119
119
188
188
385
385
390
120
120
315
33
33
33
57
374
374
229
425
425
199
199
203
412
412
302
302
314
27
66
291
291
206
206
265
265
221
221
414
303
218
218
218
218
218
218
218
59
50
50
50
114
384
384
394
394
394
394
394
394
394
394
394
386
212
212
212
301
426
292
292
331
331
147
147
147
298
281
365
365
387
387
113
113
113
275
275
124
124
312
312
399
399
399
333
180
371
371
391
391
391
391
22
22
22
22
22
22
183
183
183
141
379
379
379
379
379
379
379
379
379
379
379
379
379
379
379
379
226
263
263
263
263
263
225
373
137
137
137
137
137
38
161
210
215
215
325
262
30
30
30
30
30
30
30
30
30
30
30
196
392
392
392
392
392
392
392
200
432
422
39
134
134
134
134
411
411
411
411
411
300
127
326
326
144
278
278
388
388
396
223
223
223
279
279
324
421
421
306
319
319
402
402
402
402
416
335
335
191
191
329
329
417
111
111
125
125
194
138
255
406
375
375
24
24
24
24
24
24
136
136
136
136
136
136
380
28
28
28
313
313
146
146
146
299
299
64
310
310
110
110
110
110
110
110
110
31
31
31
31
31
31
31
31
31
31
400
133
377
398
23
23
23
23
23
23
23
23
258
132
286
286
368
383
101
101
410
222
222
316
316
408
430
430
430
430
430
277
277
185
185
185
327
327
148
407
407
209
209
378
381
381
256
256
256
256
264
264
55
404
123
123
214
214
214
323
266
266
266
266
266
397
397
397
276
276
259
29
29
29
29
29
29
293
293
211
211
97
97
97
97
97
97
97
97
97
97
97
97
97
97
97
254
372
372
372
253
253
253
253
253
96
423
423
423
423
423
423
423
423
423
423
26
26
26
26
26
26
284
284
274
274
189
143
297
207
228
290
273
273
337
34
37
216
282
181
181
307
104
104
104
104
104
149
364
364
418
418
418
186
186
186
65
67
434
434
434
434
434
19
192
403
403
403
204
139
139
187
187
187
435
20
20
20
20
56
103
103
103
131
318
318
122
122
122
122
122
105
105
105
105
208
208
208
208
295
295
285
231
305
220
121
121
121
121
227
389
389
108
296
219
219
219
219
219
219
219
219
219
219
219
219
219
219
232
311
311
429
382
135
135
304
304
129
367
367
260
260
413
287
287
427
184
184
184
395
395
395
395
395
395
395
395
395
395
395
395
395
395
395
395
395
395
395
395
109
102
401
401
401
401
270
270
428
428
428
178
193
126
269
190
190
190
190
190
190
190
190
230
25
272
272
268
268
32
32
32
419
419
419
294
294
320
320
36
369
322
322
431
288
288
332
58
257
393
366
202
317
317
179
179
179
405
9
13
172
80
355
162
