1
2
2
2
2
2
2
2
2
2
2
2
2
2
2
2
2
2
2
2
2
2
2
2
2
2
2
2
1
31
31
31
31
31
31
31
31
31
31
31
31
31
31
31
31
31
31
31
31
31
31
31
31
31
31
31
31
31
31
31
31
31
31
31
31
31
31
31
31
31
31
31
31
31
31
31
31
31
31
31
31
31
31
31
31
31
31
31
31
31
31
31
31
31
31
31
31
31
31
31
31
31
31
31
31
31
31
31
31
31
31
31
31
31
31
31
31
31
31
31
31
31
31
31
31
31
31
31
31
31
31
31
31
31
31
31
31
31
31
31
31
31
31
31
31
31
31
31
31
31
31
31
31
31
31
31
31
31
31
31
31
31
31
31
31
31
31
31
31
31
31
31
31
31
31
31
31
31
31
31
31
31
31
186
187
188
189
150
150
150
161
161
161
120
120
120
120
120
80
80
80
80
117
117
117
117
117
153
153
153
135
135
135
135
135
135
90
90
90
90
104
104
104
104
104
180
180
180
78
78
78
78
131
131
131
144
144
144
126
126
126
126
126
48
48
48
155
155
155
119
119
119
119
119
122
122
122
122
122
7
7
152
152
152
56
56
56
56
182
182
182
182
182
40
40
40
40
40
183
183
183
183
183
141
141
141
128
128
128
128
128
164
164
164
173
173
173
167
167
167
92
92
92
92
132
132
132
138
138
138
86
86
86
86
165
165
165
64
64
64
64
54
54
54
54
66
66
66
66
62
62
62
62
147
147
147
74
74
74
74
102
102
102
102
102
123
123
123
123
123
44
44
44
50
50
50
50
60
60
60
60
41
41
68
68
68
68
134
134
134
134
134
134
52
52
52
52
177
177
177
156
156
156
96
96
96
96
94
94
94
94
98
98
98
98
179
179
179
174
174
174
159
159
159
114
114
114
114
168
168
168
143
143
143
137
137
137
108
108
108
108
108
84
84
84
84
43
23
5
5
140
140
140
176
176
176
112
112
112
112
112
70
70
70
70
149
149
149
46
46
46
88
88
88
88
25
82
82
82
82
116
116
116
116
116
100
100
100
100
171
171
171
146
146
146
125
125
125
125
125
129
129
129
129
129
110
110
110
110
110
158
158
158
106
106
106
106
106
72
72
72
72
170
170
170
76
76
76
76
162
162
162
58
58
58
58
