1
2
2
2
2
2
2
2
2
2
2
2
2
2
2
2
2
2
2
2
2
2
2
2
2
2
2
2
2
2
2
2
2
2
2
12
38
39
39
39
39
39
39
39
39
39
39
39
39
39
39
48
54
39
56
39
58
60
61
39
55
64
65
65
65
65
65
65
65
65
73
73
73
73
73
78
78
78
73
82
82
82
73
86
86
86
86
86
73
92
92
92
92
92
65
98
98
98
98
65
103
103
103
107
108
108
108
108
108
108
108
108
108
108
108
108
108
108
108
108
108
108
108
108
108
108
108
108
108
108
134
134
134
134
134
134
134
134
134
134
134
134
134
134
134
134
134
64
152
152
152
152
152
156
159
160
103
98
122
122
122
122
122
122
49
125
125
146
146
51
51
51
30
124
124
128
128
145
145
55
149
149
144
150
150
15
33
33
33
33
77
148
148
120
120
120
120
133
133
133
133
133
133
133
133
133
133
133
133
133
133
133
133
133
133
133
97
97
97
14
130
130
143
99
99
119
119
119
90
90
90
31
91
91
91
81
48
48
48
48
48
48
48
28
156
156
161
161
71
71
71
70
70
70
70
70
123
123
123
52
52
52
52
52
52
155
155
155
155
85
151
151
106
106
105
105
100
100
47
121
121
121
121
121
127
127
96
96
96
157
74
126
126
131
131
102
102
76
72
72
72
72
72
72
72
72
72
72
72
72
72
72
147
147
75
104
104
32
32
32
32
101
101
69
132
132
129
129
40
40
109
41
41
68
158
158
62
