1
2
2
2
2
2
2
2
7
11
12
12
12
12
12
12
12
12
12
12
12
12
12
12
12
12
12
12
12
12
12
12
12
12
12
12
12
12
12
12
12
12
12
12
12
12
12
12
12
12
12
12
12
12
12
12
12
12
12
12
12
12
12
12
12
12
12
12
12
12
12
12
12
12
12
12
12
12
12
12
12
12
12
12
12
12
12
12
12
12
12
12
12
12
12
12
12
12
12
12
12
12
12
12
12
12
12
12
12
12
12
12
12
12
12
12
12
12
12
12
12
12
12
12
12
12
12
12
12
12
12
12
12
12
12
12
12
12
12
12
12
12
12
12
12
12
12
12
12
151
12
153
155
156
157
158
158
158
158
158
158
158
158
158
168
169
170
170
170
170
170
170
170
170
170
170
170
170
170
170
170
170
170
170
170
170
170
170
170
170
170
170
170
170
170
170
170
170
170
170
170
170
170
170
170
170
170
170
170
170
170
170
170
170
170
170
170
170
170
170
170
170
170
170
170
170
170
170
170
170
170
170
170
170
170
170
170
170
170
170
170
170
170
170
170
170
170
170
170
170
170
170
170
170
170
170
170
170
170
170
170
170
170
170
170
170
170
170
170
170
170
170
170
170
170
170
170
170
170
170
170
170
170
170
170
170
170
170
170
170
170
170
170
170
170
170
170
170
170
170
170
170
170
170
170
170
170
170
170
170
170
170
170
170
170
170
170
170
170
170
170
170
170
170
170
170
170
170
170
170
170
170
170
170
170
170
170
170
170
170
170
170
170
170
170
170
170
170
170
170
170
170
170
170
170
170
170
170
170
170
170
170
170
170
170
170
170
170
170
170
170
170
170
170
170
170
170
170
170
170
170
170
170
170
170
170
170
170
170
170
170
170
170
170
170
170
170
170
170
170
170
170
170
170
170
170
170
170
170
170
170
170
170
170
170
170
170
170
170
170
170
170
170
170
170
170
170
170
170
170
170
170
170
170
170
170
170
170
170
170
170
170
170
170
170
170
170
170
170
170
170
170
170
170
170
170
170
170
170
170
170
170
170
170
170
170
170
170
170
1
474
474
474
474
474
474
474
474
474
474
474
474
474
474
474
483
490
487
492
495
496
496
496
496
496
496
496
496
496
496
496
496
496
496
496
496
496
496
496
496
496
496
496
496
496
496
496
496
496
496
496
496
496
496
496
496
496
533
533
533
537
538
538
538
538
538
538
538
537
546
546
546
546
546
546
495
553
553
553
553
553
553
553
553
553
553
553
553
553
553
553
553
553
553
553
553
553
553
553
553
553
553
553
553
553
553
583
583
583
583
553
588
588
553
591
591
591
591
591
591
591
591
591
591
591
553
603
603
603
603
553
608
608
608
608
608
169
614
614
614
614
614
614
614
614
614
614
614
614
614
614
614
614
614
614
614
614
614
614
614
614
614
614
614
614
614
614
614
614
614
614
614
614
614
614
614
614
614
614
614
614
614
614
614
614
614
614
614
614
614
614
614
614
614
614
614
614
614
614
614
614
614
614
614
614
614
614
614
614
614
614
614
614
614
614
614
614
614
614
614
614
614
614
614
614
614
614
614
614
614
614
614
614
614
614
614
614
614
614
614
614
614
614
614
614
614
614
614
614
614
614
614
614
614
614
614
614
614
614
614
614
614
614
614
614
614
614
614
614
614
614
614
614
614
614
614
614
614
614
614
614
614
614
614
614
614
614
614
614
614
614
614
614
614
614
614
614
614
614
614
614
614
157
780
780
780
780
780
780
780
780
780
780
780
780
780
780
780
780
780
780
780
780
780
780
780
780
780
780
780
780
780
780
780
780
780
780
780
780
780
780
780
780
780
780
780
780
780
780
780
780
780
780
780
780
780
780
780
780
780
780
780
780
780
780
780
780
780
780
780
780
780
780
780
780
780
780
780
780
780
780
780
780
780
780
780
780
780
780
780
780
780
780
871
871
817
861
829
875
830
863
831
879
835
881
858
159
537
884
884
884
884
884
884
884
884
884
884
884
884
884
884
884
884
884
884
884
884
884
884
884
884
884
884
884
884
884
884
884
884
884
884
884
884
884
884
884
884
884
884
884
884
884
884
884
884
884
884
884
884
884
884
884
884
884
884
884
884
884
884
884
884
884
884
884
884
884
884
884
884
884
884
884
884
884
884
884
884
884
884
884
884
884
884
884
884
884
884
884
884
884
884
884
884
884
884
884
884
884
884
884
884
884
884
884
884
884
884
884
884
884
884
884
884
884
884
884
884
884
884
884
884
884
884
884
884
884
884
884
884
884
884
884
884
884
884
884
884
884
884
884
884
1028
1028
1028
1028
1028
1028
1028
1028
1028
1028
1028
1028
1028
1028
1028
1028
1028
1028
1028
1028
1028
1028
1028
1028
884
1053
884
1055
1055
884
1058
884
1060
1060
1022
1064
1065
1021
1067
1068
1068
1068
1068
1068
1068
1068
1068
1068
1068
1068
1068
1068
1068
1068
1068
1068
1068
1068
1068
1068
1068
1068
1068
1068
1068
1068
1068
1068
1068
1068
1068
1068
1068
1068
1068
1068
1068
1068
1068
1068
1068
1068
1068
1068
1068
1068
1068
1068
1068
1068
1068
1068
1068
1068
1068
1068
1068
1068
1068
1068
1068
1068
1068
1068
1068
1068
1068
1068
1068
1068
1068
1068
1068
1068
1068
1068
1068
1068
1068
1068
1068
1068
1068
1068
1068
1068
1068
1068
1068
1068
1068
1068
1068
1068
1068
1068
1068
1068
1068
1068
1068
1068
1068
1068
1068
1068
1068
1068
1068
1068
1068
1068
1068
1068
1068
1068
1068
1068
1068
1068
1068
1068
1068
1068
1068
1068
1068
1068
1068
1068
1068
1068
1068
1068
1068
1068
1068
1068
1068
1068
1068
1068
1068
1068
1068
1068
1068
1068
1068
1068
1068
1068
1068
1068
1068
1068
1068
1068
1068
1068
1068
1068
1068
1068
1068
1068
1068
1068
1068
1068
1068
1068
1068
1068
1068
1068
1068
1068
1068
1068
1068
1068
1068
1068
1068
1068
1068
1068
1068
1068
1068
1068
1068
1068
1068
1068
1068
1068
1068
1068
1068
1068
1068
1068
1068
1068
1068
1068
1068
1068
1068
1068
1068
1068
1068
1068
1068
1068
1068
1068
1068
1068
1068
1068
1068
1068
1068
1068
1068
1068
1068
1068
1068
1068
1068
1068
1068
1068
1068
1068
1068
1068
1068
1068
1068
1068
1068
1068
1068
1068
1068
1068
1068
1068
1068
1068
1068
1068
1068
1068
1068
1068
1068
1068
1068
1068
1068
1068
1068
1068
1068
1068
1068
1068
1068
1068
1068
1068
1068
1068
1068
1068
1068
1068
1068
1068
1068
1068
1068
1068
1068
1068
1068
1068
1068
1068
1068
1068
1068
1068
1068
1068
1068
1068
1068
1068
1068
1068
1377
1377
1377
1377
1068
1382
1382
1382
1068
1386
1386
1386
1386
1386
1068
1392
1392
1392
1392
1392
1392
1392
1392
1392
1068
1402
1402
1402
1402
1068
1407
1407
1407
1407
1407
1407
1407
1407
1407
1407
1407
1407
1407
1407
1407
1407
1407
1407
1407
1407
1407
1407
1407
1407
1407
1407
1407
1407
1432
1436
1432
1438
1432
1440
1432
1442
1432
1444
1432
1446
1432
1448
1432
1450
1432
1452
1360
1356
495
1456
1456
1456
1456
1456
1456
1456
1456
1456
1456
1456
1456
1456
1456
1456
1456
1456
1456
1456
1456
1456
1456
1456
1456
1456
1456
1456
1456
1456
1456
1456
1456
1456
1456
1456
1456
1456
1456
1456
1456
1456
1456
1456
1456
841
841
841
1504
1505
1505
1505
1505
1505
1505
1505
1505
1505
1505
1505
1505
1505
1505
1505
1505
1505
1505
1505
1505
1505
1505
1505
1505
1505
1505
1505
1505
1505
1505
1505
1505
1505
1505
1505
1505
1505
1505
1505
1505
1505
1505
1505
1505
1505
1505
1505
1505
1505
1505
1505
1505
1505
1505
1505
1505
1505
1505
1505
1505
1505
1505
1505
1505
1505
1505
1505
1505
1505
1505
1505
1505
1505
1505
1505
1505
1505
1505
1505
1505
1505
1505
1505
1505
1505
1505
1505
1505
1505
1505
1505
1505
1505
1505
1505
1505
1505
1505
1505
1505
1505
1505
1505
1505
1505
1505
1505
1505
1505
1505
1
1616
1616
1616
1616
1616
1616
1616
1616
1616
1616
1616
1616
1616
1616
1616
1616
1616
1616
1616
1616
1616
1616
1616
1616
1616
1616
1616
1616
1616
1645
1645
1645
1645
1645
1645
1645
1645
1645
1645
1645
1616
1657
1657
1657
1657
1657
1657
1657
1657
1657
1657
1657
1616
1669
1616
1671
1671
1671
1671
1671
1671
1671
1616
1679
1679
1679
1679
1679
1679
1679
1679
1630
1067
1690
1690
1690
1690
1690
1690
1690
1690
1690
1690
1690
1690
1690
1690
1690
1690
1690
1690
1690
1690
1690
1690
1690
1690
1690
1690
1690
1690
1690
1690
1690
1690
1690
1690
1690
1690
1690
1690
1690
1690
1690
1690
1690
1690
1690
1712
1737
1738
1690
1690
1690
1742
1
1743
1743
1743
157
1747
1747
1747
1747
1747
1747
1747
1747
1747
1747
1747
1747
1747
1747
1747
1747
1747
1747
1747
1747
1747
1747
1747
1747
1747
1747
1747
1775
1747
1747
1016
1765
1780
1781
11
1784
1784
1784
1784
1784
1784
1784
1784
1784
1784
1784
1784
1784
1784
1784
1784
1784
1794
1
1803
1803
1803
1803
1803
1803
1803
1803
1803
1803
1803
1803
1803
1803
1803
1803
1803
1803
1803
1803
1803
1803
1803
1803
1803
1803
1829
1829
1829
1829
1829
1829
1803
1836
1836
1836
1836
1836
1836
1836
1836
1836
1836
1836
1836
1836
1836
1836
1836
1836
1836
1836
1836
1836
536
536
1860
1860
1822
1822
1863
1
1864
1864
1864
1864
1864
1864
1864
1864
1864
1864
1874
1874
1874
1870
1883
1870
1870
1886
1743
1803
533
1747
519
519
519
519
519
519
519
519
519
106
1367
1367
1367
1367
1201
1201
1717
986
986
574
1824
1824
1824
1824
1824
1824
1824
1824
1824
1824
1824
1824
1824
1824
1824
1824
1824
1824
1824
1824
1824
1824
605
993
1480
800
800
800
800
800
800
800
800
800
800
800
425
838
838
483
483
483
483
1183
1183
1183
1183
1183
1183
1183
1183
1183
1183
1183
1183
1183
1183
1183
1183
1183
1183
1183
1183
1183
1183
1183
1183
1183
1183
1183
1183
1183
1183
1183
1183
1183
1183
1183
1183
1183
1183
1183
1183
1183
1183
1183
1183
1183
1183
1183
1183
1183
1183
1183
1183
1183
1183
1183
1183
1183
1183
1183
1183
1183
1183
1183
1183
1183
1183
1183
1183
1183
1183
1183
1183
1183
1183
1183
1183
1183
1183
1183
1183
1183
1183
1183
1183
1183
1183
1183
1183
1183
1183
1183
1183
1183
1183
1183
1183
1183
1222
1613
1014
1014
1014
1014
1014
1014
1014
1014
1014
1014
1014
1014
1014
1014
1014
1014
560
560
560
560
560
1484
1484
1484
1484
1484
1484
1484
503
503
503
503
503
503
503
503
503
503
503
503
503
503
503
503
503
1580
1580
1580
1580
1303
1303
1303
1303
1303
1482
1267
1267
821
821
1612
543
91
91
91
91
91
1714
1553
1553
1601
863
1284
1284
1819
1819
1819
1819
1819
1819
1819
1819
1819
1338
1338
852
852
852
1199
586
586
1483
1486
1486
1486
1486
1486
1486
1486
1486
439
1792
1792
1792
1676
1676
1676
79
827
827
827
827
965
965
1344
1344
1344
1344
1344
463
531
531
531
531
531
531
531
531
531
531
531
531
531
531
531
531
531
460
1526
1526
1353
1353
1353
462
1469
1198
1495
457
1513
1513
1372
1372
1372
1372
1372
1372
1372
1474
1251
92
92
92
92
92
92
92
92
92
92
92
92
92
92
92
136
506
506
506
506
506
506
506
506
506
506
506
506
142
427
1491
1491
1491
1491
835
835
835
835
835
835
835
835
835
835
835
835
835
1499
127
127
127
127
127
127
127
1716
125
1197
1798
1798
1798
1798
1798
1554
1554
1554
1554
1554
1554
1554
1554
1554
1554
1554
1554
1554
1554
1307
1628
1628
1628
1628
1628
1628
1628
1628
1628
1628
1628
1182
1350
1350
1350
819
1728
851
1242
1242
1270
1270
1270
1270
1270
1270
97
473
473
459
525
525
1611
825
825
825
1603
452
1708
847
1733
90
90
90
90
90
90
90
90
90
90
90
90
90
90
90
90
90
90
90
90
90
90
90
90
90
90
90
82
82
562
948
948
1476
1476
84
84
84
84
84
84
84
464
990
990
866
458
1869
1869
124
807
501
501
501
1256
1051
1313
1313
1527
1666
1666
1666
1666
1666
1666
1666
1666
1666
1666
1666
466
1356
1356
1356
1356
1356
1356
1356
1356
1356
1356
1356
1356
1356
1356
1356
1356
1356
1356
1356
1356
1356
1356
1356
1356
1356
1356
1356
1356
1356
1356
1356
1356
1356
1356
1356
1356
1356
1356
1356
803
803
803
803
803
803
582
582
582
1057
1057
1057
1057
1057
1057
1057
1057
1057
1057
1057
1057
1057
1057
1057
1057
1057
1057
1057
1057
1057
1057
1057
1057
1057
1057
1057
1057
1057
1057
1057
1057
1057
1375
1375
1375
1533
1006
1006
1308
1308
1308
1308
1308
1308
1308
1308
1308
1308
1275
1275
1275
864
1766
85
85
85
85
85
85
85
85
85
85
85
85
85
85
85
85
85
85
862
564
454
1235
1235
1235
1329
1329
1329
1329
1329
1329
1329
1329
1329
573
573
573
573
573
573
563
1815
1815
1815
1815
450
966
1312
1515
1515
551
973
971
1374
983
972
566
826
826
826
1644
1644
1644
1644
1856
1856
1856
1856
1856
1856
1262
977
977
113
1643
1643
577
577
577
577
577
577
1320
1358
1850
1850
1369
1369
1369
1369
1369
1369
1369
1369
1369
1369
1369
1369
1369
1369
1369
1385
71
71
71
1718
1269
1269
1269
1269
1269
1269
550
964
964
999
999
1046
1046
1046
1525
1634
1634
1634
1634
1634
1634
1634
1634
1634
1634
1634
1634
1634
1309
1730
129
129
129
129
129
1340
1340
1551
461
858
858
858
858
858
936
1769
991
991
850
1276
430
1302
1302
1302
1302
1302
1496
859
859
859
1557
1557
68
68
68
68
68
68
68
68
68
68
68
68
68
969
945
779
1323
1323
1323
1323
1323
1323
1323
1323
1323
1323
1323
1323
1323
1323
1323
1323
1323
1323
1323
1323
1323
1323
1323
1323
1323
1323
1323
1323
1323
1323
1323
1323
1323
1323
1323
1323
1323
1323
1323
1323
1323
1323
1323
1323
1323
1524
433
1498
1729
1330
1330
1330
1330
1330
1330
1330
1770
1548
442
812
812
1823
1823
1823
1475
1475
435
1365
1365
1365
1365
1365
1365
1365
1365
431
447
1050
1050
974
974
1315
1315
1315
778
1248
1709
1709
1709
1709
1709
1709
1709
1709
1709
1709
1709
1709
1709
1709
1298
1298
1298
1298
1298
1298
1298
1298
1578
1578
846
846
846
846
76
76
524
524
524
524
524
524
524
524
524
524
524
1677
1677
1677
1677
1677
1677
1677
1655
1655
1655
1655
1655
1655
1774
855
855
849
1317
1317
1317
1317
1317
1543
1543
1543
438
443
1336
1336
1336
1336
1335
1335
1335
1335
1364
1364
1364
1364
1364
1364
1364
1294
1294
1294
1294
1294
1281
1319
1319
1319
1319
1319
1319
1319
1319
1319
1319
1319
1319
1319
1319
1319
1319
1319
1319
1319
1319
1319
1319
833
833
471
1316
1316
1316
1316
1316
1316
1316
1316
1316
1316
1316
1316
1316
1316
1316
1316
1316
1316
1316
956
1296
1870
1870
1870
1870
1870
1870
1870
1870
1870
1870
1870
1870
1870
1870
1870
1870
1870
1870
1870
1870
1376
1376
995
995
1185
1185
809
809
1759
1759
1759
426
1054
1054
1723
1487
1487
1487
975
975
1233
1233
1233
1233
518
518
518
518
518
518
518
518
518
518
518
518
518
1719
96
96
1731
815
815
815
1468
1056
1056
1056
1056
1056
1056
1056
1056
1056
1056
1056
1056
1056
1056
1056
1056
1056
1056
1056
1056
1056
1056
1056
1056
1056
1056
1056
1056
1056
1056
1056
1056
1560
1706
1706
1706
1706
978
1361
1361
1361
1361
1361
1361
1361
1361
1361
1361
1361
1361
1361
1361
65
65
65
65
65
65
65
65
65
479
479
479
479
479
479
479
479
479
479
1311
942
83
83
83
83
83
1061
1061
1061
1061
1061
1061
1061
1061
1061
1061
1061
1061
1061
1061
1061
1061
1061
1061
1061
1061
1061
1061
1061
1061
1061
1061
1061
1061
1061
1061
1061
67
67
67
67
67
67
67
67
67
67
67
67
67
67
1765
1765
1765
1765
1873
1873
1873
1873
1873
1873
1873
1873
1873
1873
1873
1873
1873
1873
1873
1873
1873
1873
1873
1873
1873
1873
1873
1873
1873
1873
1873
935
935
935
935
935
935
935
935
935
935
935
935
935
935
935
935
935
935
935
935
935
935
935
935
935
465
1814
1814
968
1215
941
1796
1796
1796
1796
1796
836
1259
1259
1259
1259
448
522
522
522
522
522
522
522
522
522
522
1252
1547
1547
1547
1547
484
484
484
484
933
933
933
933
933
933
933
933
933
933
933
933
933
933
933
933
933
933
933
933
933
933
933
981
981
869
869
869
869
869
869
869
869
1640
1640
857
857
857
857
857
1241
1241
1241
1292
1292
1292
1292
820
820
820
989
989
568
568
1433
1433
1433
1433
1433
1433
1433
1433
1433
1433
1433
1433
1433
1433
1433
1433
1433
1433
1433
1363
1363
1363
1363
1363
1363
1363
837
837
1297
1297
1314
1314
1314
1314
1314
1314
1314
1314
1314
1478
544
951
957
1334
1334
1334
1334
1334
1334
1334
1334
1334
1334
1334
1488
1488
1488
1488
1488
1488
1488
1250
1250
1295
1295
1295
1295
1295
1295
1295
1295
1295
1295
1295
1295
1295
1295
451
1348
1348
1348
1348
1348
1348
939
1592
854
1362
1362
1362
1362
1362
1362
1434
1434
1434
1231
1529
1339
1339
1771
1310
1310
1310
485
485
485
485
485
485
485
485
485
118
982
982
103
1763
1191
1293
1579
1579
1579
1760
1760
532
532
532
1632
1632
1632
1234
1234
1355
1355
1355
1355
1355
1355
1355
1355
1355
1355
1355
1355
1355
1355
1355
1355
1355
1355
1355
1355
1355
1355
1355
1355
1355
1355
1355
1605
817
817
806
818
818
979
979
1359
799
799
1023
1023
1023
1023
1023
1023
1023
1023
1023
1023
1023
1023
1023
1023
1023
1023
1023
1023
1023
1023
1023
1023
1023
1023
1023
1023
1023
1023
1023
1023
1849
1849
1849
1849
1849
1849
1849
1849
1849
1849
1435
1435
1351
1351
1351
1351
521
521
521
521
521
521
521
521
521
521
521
521
521
813
813
1667
1667
1667
1667
1667
1667
1337
1542
1321
1321
1321
1471
1471
1471
455
1877
86
86
86
86
86
86
86
86
86
86
86
86
86
123
123
123
123
123
123
1257
1556
536
1685
1685
1685
1685
1685
1685
517
517
517
517
517
517
517
517
517
517
517
517
517
517
517
517
517
517
517
517
1633
1327
1327
1327
1327
1327
1327
1210
1210
1343
1343
988
1045
1570
1570
1653
1653
1653
1653
1653
1653
1653
1653
1653
1653
1587
596
1566
1566
504
504
504
504
504
504
504
504
504
504
504
504
1545
1545
1545
1545
870
437
62
62
62
62
62
62
62
62
62
62
62
62
62
62
62
62
62
62
62
62
62
1272
1272
1272
1272
1272
6
467
1203
1203
1203
1203
1203
1203
1203
1203
1203
1203
1306
1306
1306
1306
1306
432
1305
1305
1305
1305
1305
1305
1573
1573
1573
1573
1573
1490
1490
1490
1490
1490
1254
958
822
1834
1834
1834
1834
1834
1834
1834
1834
943
1715
996
996
116
1735
1735
1735
1735
1735
1735
1735
1735
1735
1735
1735
1735
1735
1735
1735
1735
1735
1279
994
994
1285
1285
1285
1285
1285
502
1268
1268
1631
1631
1631
1631
1631
1631
1631
1631
1631
1631
1631
1631
1631
1631
1631
955
1636
1636
1636
1636
1636
1255
1255
1871
1871
1871
1871
1871
1871
1871
1871
1871
1871
1871
1871
1871
1871
1871
1871
1871
1871
99
99
99
99
99
75
75
75
1767
121
121
121
121
1684
1684
1684
1590
1590
1590
1590
1590
1590
1000
1000
1004
1004
1370
1370
1370
1370
1370
848
1562
1562
1562
1562
1562
1562
1202
1202
1202
141
967
1213
1213
1213
472
1223
104
104
104
104
104
104
493
493
1494
1494
1494
1494
1494
1494
1494
834
834
834
834
130
130
130
130
130
130
130
130
1271
1271
1271
1271
1271
1271
1764
1764
1764
1764
428
449
1853
1853
1853
1020
1020
469
1328
1328
1328
1328
1328
1328
1328
1328
1328
1328
1328
1328
1328
1328
1328
1328
1801
1801
1801
1801
1801
1710
1710
1265
74
74
74
74
74
74
1010
1010
1291
1291
1291
456
80
128
128
128
128
128
128
128
128
128
128
128
128
128
128
128
128
128
128
128
128
128
128
128
128
128
128
128
128
128
1734
527
1615
1615
1615
1615
1432
1432
1432
1432
1381
1381
1595
1595
1595
1595
58
58
58
949
949
520
520
520
520
520
520
520
520
520
520
1245
1493
1630
1630
1630
1630
1630
824
824
1007
1007
1001
1001
552
1725
1299
1299
823
1188
1188
1467
1467
1467
1467
1467
1467
1467
1467
1467
1467
997
997
1629
1629
1629
1283
1283
1283
954
1224
1224
1224
1537
1537
998
1470
1019
1019
1019
1019
1019
1019
1019
1019
1019
1019
1019
1019
1019
1019
1019
1019
1019
1019
1019
1019
1019
1019
1019
1019
1019
1019
1019
1019
1019
1019
1019
1304
114
1514
1514
1854
1854
1762
101
101
101
101
101
101
1572
1572
777
545
1799
1799
1799
1799
1799
1500
445
445
598
1608
1211
953
429
1585
1017
1017
1017
1017
1017
1017
1017
1017
1017
1017
1017
1017
1017
1017
1017
1017
1017
1017
1017
1017
1017
1017
1017
1017
1017
1017
1017
1017
1017
1017
1017
810
1047
1047
1220
511
511
511
511
1614
1584
1301
488
488
488
488
488
488
488
488
488
488
488
488
488
488
488
488
488
488
488
488
488
488
488
488
829
829
509
509
509
509
509
509
509
509
509
509
509
1059
1059
1852
1852
1852
61
61
1013
1013
1013
1013
1013
1013
1013
1013
1013
1013
1013
1013
1013
1013
1013
1013
1013
1013
1013
1013
1013
1013
1013
1013
1013
1013
1013
1013
1013
1013
1013
1575
960
72
72
72
72
72
72
72
72
72
72
861
861
861
861
1721
1589
606
1472
60
60
60
1384
8
8
8
8
8
8
8
8
8
8
8
8
8
8
8
8
8
947
947
69
69
69
69
69
69
69
69
69
1219
938
1277
1277
1277
1555
1555
1555
962
962
802
802
802
802
802
802
802
802
802
802
802
802
802
802
802
802
1324
1324
1512
1512
1244
1597
1253
1253
1253
984
984
487
487
487
487
1761
1761
1761
1761
1209
1598
1598
1598
1598
1598
1598
1598
1835
1835
1835
1835
1795
1795
1795
1795
853
853
1349
1349
1349
1349
1349
1349
1349
1581
1581
1581
1581
1581
1581
1264
1264
1264
1264
571
1722
1208
1218
1218
1218
1218
1218
1218
1218
816
1602
1552
1552
1552
1005
1005
946
100
100
100
446
987
987
1200
1200
1200
1520
1625
1625
1625
1625
1625
1625
1625
1625
1625
1625
1625
1625
1625
481
481
481
481
481
422
940
580
970
1015
1015
1015
1015
1015
1015
1015
1015
1015
1015
1015
1015
1015
1015
1015
1015
1352
1352
1352
1544
1857
1857
1857
1857
1857
1857
1857
1857
1497
1497
1497
1497
1497
1497
1497
1582
1549
1549
1549
1549
102
102
423
581
581
581
1855
1855
801
801
801
801
801
801
801
801
801
801
1326
1326
1326
1326
1326
1326
133
133
133
133
133
1656
1656
1656
523
523
523
523
523
523
523
523
523
523
1726
992
992
526
526
480
81
81
81
1002
1002
440
985
985
934
934
1333
1333
1333
1333
1333
1333
1333
1333
1637
1637
1637
535
535
535
89
89
89
89
89
89
89
89
561
561
561
561
561
561
561
561
561
561
561
516
516
516
516
516
516
516
516
516
516
516
516
1286
1354
1354
513
1794
1794
1794
1794
1794
1794
1794
1794
1794
1794
1794
1794
1794
1794
1794
1794
1794
1794
1707
1707
1707
117
1027
1027
1380
1380
594
1755
1755
1755
1755
1755
1755
1232
1232
1232
1232
1232
1232
1232
1016
1342
1342
1342
1342
1342
1342
1342
1745
1745
1745
1745
1745
1745
1745
1745
1745
1745
1745
1745
1745
1567
1567
959
1746
1746
1746
1746
1746
1746
1746
1746
1746
1746
1746
1521
1018
1018
1018
1018
1018
1018
1018
1018
1018
1018
1018
1018
1018
1018
1018
1018
1018
1018
1018
1018
1018
1018
1018
1018
1018
1018
1018
1018
1018
1018
937
578
578
578
578
578
137
1793
1793
1793
482
482
482
482
482
482
482
482
482
482
482
482
482
482
482
1477
436
1011
1011
557
557
1558
1558
1558
1558
1800
1800
1800
1800
1800
453
868
868
868
1757
1757
1757
1757
1757
1757
1821
1821
1821
1821
1821
1821
1821
1821
1821
1821
1821
1821
1821
1821
1821
1821
1821
1821
1821
1821
1821
1821
1821
1821
1821
1821
1821
1821
1821
1821
1686
1686
1686
1686
1473
1473
1705
1705
1705
1705
1705
1705
1705
1705
1705
1705
1705
1705
1705
1705
1768
77
77
1479
1341
1341
559
559
559
1368
1368
1368
1368
1008
1607
1607
1773
441
9
9
9
9
9
9
9
9
9
9
9
9
9
9
9
1818
1818
1818
1818
1818
1818
1818
514
514
514
514
514
514
514
514
514
514
514
514
1263
1263
1263
1820
1820
1246
64
64
64
64
64
64
64
64
64
64
64
64
64
107
107
107
107
107
107
107
66
66
66
66
66
66
66
66
66
66
66
66
66
66
66
66
66
66
66
1258
1258
1541
1541
486
486
486
486
1212
1212
1212
944
1190
1190
865
1756
1816
1816
1816
1816
575
575
575
1872
1872
1872
1872
1872
1872
1872
1872
1872
1872
1872
1872
1872
1872
1872
1872
1872
1872
1872
1872
1872
1872
1872
1872
1872
1872
1872
1872
1345
1345
1345
93
93
595
1485
1485
1485
1485
510
510
510
1322
1322
1535
1712
1712
1181
1274
1274
530
530
530
530
530
530
530
530
530
530
530
530
530
530
530
1546
1546
1546
1546
94
1559
1559
1357
844
844
844
844
844
844
844
844
844
839
839
839
1261
1261
1635
1635
1635
1635
1635
1260
1437
1437
1604
1678
1678
1678
1678
1678
579
579
579
805
434
1003
590
1180
1026
1026
1189
1189
1822
1822
1822
1822
1822
1822
1273
1273
1273
63
63
63
63
63
63
63
63
63
63
63
63
63
63
63
1876
1876
1583
572
572
1052
515
515
515
515
515
515
515
515
515
515
515
1371
1371
1371
7
7
7
7
7
7
7
7
7
7
7
7
7
7
7
7
7
7
7
7
1282
1366
1366
1366
1406
845
1346
1346
1530
1287
1009
1009
980
980
587
587
1758
1758
1817
1817
1817
1817
126
126
1247
1300
1300
1300
1851
808
565
1571
444
444
1797
1797
1797
1797
1797
1347
1347
470
122
122
122
122
122
122
122
1194
814
840
468
1405
1405
776
856
507
507
507
507
507
507
507
507
507
507
507
507
507
507
1791
1791
1791
1791
1791
1791
1289
1325
1325
1325
1325
1325
1325
1325
1325
1325
1574
1574
1574
1574
1574
1610
811
811
1687
1489
1489
1489
1489
1489
1489
1720
961
1654
1654
1654
1654
1654
1654
1654
1332
1332
1332
1332
1332
1332
1332
1596
1290
1290
1290
1290
1290
963
963
1266
1481
508
508
508
508
508
508
508
508
508
508
508
508
508
508
508
842
842
843
843
1012
1012
602
602
832
832
832
832
832
1373
1373
1373
1373
1373
1373
1373
1373
1373
1373
1373
1373
1373
1373
1373
1373
1373
1373
1539
1539
1539
1539
1539
1539
1539
1280
1280
1280
1280
1280
512
512
512
512
512
512
512
512
512
512
867
1561
1331
1331
1331
1331
1331
1331
1331
1331
1331
1642
1642
1642
1642
1642
1642
1642
1642
1642
1642
1642
1642
505
505
505
505
505
505
505
505
505
505
505
505
1062
1062
1062
1062
1062
1062
1062
1062
1062
1062
1062
1062
1062
1062
1062
1062
1062
1062
1062
1062
1062
1062
1062
1062
1062
1062
1062
1062
1062
1062
1062
1288
1288
1288
1288
1288
1288
1288
1288
1288
1288
1288
1288
1288
1288
1288
1288
1288
1288
1288
1288
1288
1288
1288
1288
1288
1288
1288
1288
1288
1249
1492
1668
1668
952
1025
70
70
70
70
70
70
70
70
70
70
70
70
70
70
70
70
70
70
70
70
70
70
1724
140
830
830
830
830
830
830
830
830
831
831
831
831
831
831
831
831
831
831
831
831
831
567
1727
424
1825
1825
1825
1825
1825
1825
1825
1825
1825
1825
1825
1825
1825
1772
1593
1240
1318
1318
1318
1318
1318
1318
1318
1318
1318
1318
1318
1318
1318
1318
1318
1318
1318
1318
1536
59
59
73
73
73
73
73
73
73
73
73
73
73
73
73
73
73
73
73
73
73
73
73
1192
1360
1360
1360
1360
1360
1360
1360
1360
1360
1360
1360
1360
1360
1360
1360
88
88
88
88
88
88
88
88
88
88
88
88
88
976
976
950
950
1732
860
860
860
841
1588
1647
1506
1648
3
1622
1457
1672
786
1806
1660
498
498
1623
758
497
931
1868
1868
56
56
57
57
1409
1409
930
781
1865
1174
795
554
1044
1162
1072
1744
475
1618
16
903
1659
1646
1617
902
1841
1748
1809
1459
1858
1859
1859
1859
1859
1861
1861
1861
10
1689
1862
1862
1454
1740
1740
1740
1741
1741
1741
1736
1502
1502
1885
1885
1885
1885
1885
1802
1802
1802
1802
1802
1802
872
872
873
873
873
873
1776
876
876
1777
1777
878
878
878
1778
1778
1779
1780
1781
879
880
880
880
880
880
880
882
883
883
