2
3
4
5
6
7
8
9
10
11
12
13
14
15
16
17
18
19
20
21
22
23
24
25
26
27
28
29
30
32
33
34
35
36
37
38
39
40
41
42
43
44
44
47
48
49
50
51
52
53
54
55
56
57
58
59
60
61
62
63
64
65
66
67
68
69
70
71
72
74
75
76
77
78
79
80
81
82
83
84
85
86
87
89
90
91
93
94
95
96
97
98
99
100
101
102
104
105
106
107
108
109
110
111
112
114
115
116
117
118
119
120
122
123
124
24
21
20
99
99
97
19
24
19
33
51
87
80
54
14
13
76
77
87
112
105
106
22
23
13
14
32
32
51
54
65
50
49
67
51
66
64
77
87
75
77
87
80
34
56
112
105
37
112
105
7
6
3
5
4
8
11
17
65
67
66
55
67
51
64
113
50
49
27
28
36
37
33
40
117
35
22
23
112
105
40
117
32
40
117
121
77
87
88
97
64
50
67
66
64
48
88
88
113
121
121
37
