2
3
4
5
6
7
8
9
10
11
12
13
14
5
17
19
20
21
22
23
24
25
26
27
28
29
30
31
32
33
34
35
36
37
38
39
40
41
42
43
44
45
46
47
48
49
51
52
53
54
55
56
57
58
59
60
61
62
63
64
65
66
67
69
70
71
72
73
74
75
76
77
78
79
80
72
83
85
86
87
88
89
90
91
92
93
94
95
96
97
98
99
100
101
102
103
104
105
106
107
108
109
110
111
112
113
114
115
116
117
118
119
120
121
122
123
124
125
126
127
128
129
130
131
132
133
134
135
136
137
138
139
140
141
142
143
144
145
146
147
148
149
150
151
152
153
154
155
156
157
158
159
160
161
162
163
164
165
166
167
168
169
170
171
172
173
174
175
176
177
178
179
180
181
182
183
184
185
186
187
188
189
190
191
192
193
194
195
196
197
198
199
200
201
202
203
204
205
206
207
208
209
210
211
212
213
214
215
216
217
218
219
220
221
222
223
224
225
226
227
228
97
98
99
100
203
203
107
163
127
100
85
80
73
71
6
4
119
156
93
55
212
207
208
205
206
90
134
158
156
93
90
222
204
24
93
153
162
91
139
158
19
94
143
158
58
87
89
85
85
158
152
111
214
214
210
222
221
85
221
123
223
149
164
107
168
216
151
90
85
19
41
25
27
23
26
22
20
36
40
144
151
155
93
155
93
155
93
94
156
93
90
221
221
53
57
54
55
56
141
158
121
107
163
85
113
210
215
214
85
214
104
107
149
85
162
164
107
135
168
85
115
107
163
85
207
208
205
206
85
203
19
162
164
107
144
168
85
6
156
93
6
4
107
125
163
97
85
156
93
104
162
142
164
107
140
168
85
135
156
93
6
5
14
6
4
104
107
40
162
138
164
107
168
85
22
20
123
107
163
85
104
107
96
113
107
163
85
73
21
22
151
85
119
107
86
85
22
20
104
117
107
163
85
86
88
85
85
130
158
104
107
73
72
111
107
163
85
142
24
73
71
104
95
119
157
35
36
162
142
164
107
168
85
146
115
164
107
168
151
99
90
85
55
148
158
117
23
155
93
73
71
103
146
164
107
98
85
54
156
93
104
138
215
19
41
25
27
23
26
22
20
127
104
142
140
102
87
91
85
156
93
57
121
155
93
155
93
137
156
93
153
162
95
91
93
88
92
89
90
80
73
71
92
36
40
137
158
14
6
4
93
125
107
103
156
93
58
57
214
85
85
85
69
221
2
5
2
6
5
25
72
69
73
72
