2
3
4
5
6
7
8
9
10
11
12
13
14
15
16
17
18
19
20
21
22
23
24
25
26
28
29
30
31
32
33
34
35
36
37
38
39
40
41
42
43
44
45
46
47
48
49
50
51
52
53
54
55
56
57
58
59
60
61
62
63
64
65
66
67
68
69
70
71
72
73
74
75
76
77
78
79
80
81
82
83
84
85
86
87
88
89
90
91
92
93
53
34
31
29
30
34
31
29
30
34
31
30
34
31
29
30
33
31
29
30
9
34
31
29
30
33
31
30
34
31
29
30
33
31
29
30
34
31
29
30
34
31
29
30
34
31
29
30
34
31
29
30
34
31
29
30
34
31
29
30
34
31
29
30
34
31
30
34
31
29
30
34
31
30
34
31
29
30
34
31
29
30
33
31
29
30
34
31
29
30
34
31
29
30
12
34
31
29
30
34
31
29
30
34
31
29
30
9
34
31
30
34
31
29
30
18
10
9
7
34
31
29
30
34
31
29
30
8
34
31
29
30
34
31
29
30
34
31
29
30
34
31
29
30
34
31
29
30
34
31
29
30
34
31
29
30
34
31
30
34
31
29
30
34
31
30
31
30
34
31
29
30
11
22
17
6
11
10
8
9
34
31
29
30
34
31
29
30
34
31
29
30
34
31
30
34
31
29
30
34
31
29
30
34
31
29
30
34
31
29
30
34
31
29
30
34
31
29
30
34
31
29
30
34
31
29
30
33
31
29
30
34
31
29
30
34
31
29
30
34
31
30
12
11
33
31
29
30
2
