2
3
4
5
6
7
8
9
10
11
12
13
14
15
16
17
18
19
20
21
22
23
24
25
26
27
28
29
30
31
32
33
34
35
36
37
38
39
40
41
42
43
44
45
46
47
48
49
50
51
52
53
54
55
56
57
58
59
60
61
62
63
64
65
66
67
68
69
70
71
72
73
74
75
76
77
78
79
80
81
82
83
84
85
86
87
88
89
90
91
92
93
94
95
96
97
98
99
100
101
102
103
104
105
106
107
108
109
110
111
112
113
114
115
116
117
118
119
120
121
122
123
124
125
126
127
128
129
130
131
132
133
134
135
136
137
138
139
140
141
142
143
144
145
146
147
148
149
150
151
152
153
154
155
156
157
158
159
160
161
162
163
164
165
166
167
168
169
170
171
172
173
174
175
176
177
178
179
180
181
182
183
184
185
186
187
188
189
190
191
192
193
194
195
196
197
198
199
200
201
202
203
204
205
206
207
208
209
210
211
212
213
214
215
216
217
218
219
220
221
222
223
224
225
226
227
228
229
230
231
232
233
234
235
236
237
238
239
240
241
242
243
244
245
246
247
248
249
250
251
252
253
254
255
256
257
258
259
260
261
262
263
264
265
266
267
268
269
270
271
272
273
274
275
276
277
278
279
280
281
282
283
284
285
286
287
288
289
290
291
292
293
294
295
296
297
298
299
300
301
302
303
304
305
306
307
308
309
310
311
312
313
314
315
316
317
318
319
320
321
322
323
324
325
326
327
328
329
330
331
332
333
334
335
336
337
338
339
340
341
342
343
344
345
346
347
348
349
350
351
352
353
354
355
356
357
358
359
360
361
362
363
364
365
366
367
368
369
370
371
372
373
374
375
376
377
378
379
380
381
382
383
384
385
386
387
388
389
390
391
392
393
394
395
396
397
398
399
400
401
402
403
404
405
406
407
408
409
410
411
412
413
414
415
416
417
418
419
420
421
422
423
424
425
426
427
428
429
430
431
432
433
434
435
436
437
438
439
440
441
442
443
444
445
446
447
448
449
450
451
452
453
454
455
456
457
458
459
460
461
462
463
464
465
466
467
468
469
470
471
472
473
474
475
476
477
478
479
480
481
482
483
484
485
486
487
488
489
490
491
492
493
494
495
496
497
498
499
500
501
502
503
504
505
506
507
508
509
510
511
512
513
514
515
516
517
518
519
520
521
522
523
525
526
528
529
530
531
532
533
534
535
536
537
538
539
540
541
542
543
544
545
546
547
548
549
289
467
210
144
389
465
447
143
467
138
140
389
479
395
414
424
160
428
459
143
472
137
132
130
389
80
76
77
337
336
319
452
465
453
11
8
292
465
420
394
393
425
92
89
90
91
460
15
11
14
18
12
8
13
10
9
389
532
202
467
389
432
425
482
421
501
476
411
195
90
91
431
180
466
426
120
116
115
112
110
143
467
210
389
501
476
411
416
476
470
465
458
443
107
121
117
114
116
101
113
100
389
110
497
493
202
236
501
395
411
76
477
395
185
205
143
467
389
469
143
389
465
487
415
444
286
308
309
389
306
285
307
421
337
336
177
467
144
132
389
465
415
426
202
479
476
414
143
467
389
99
469
143
389
465
470
447
8
295
208
459
451
211
132
130
389
11
18
17
7
20
16
19
180
469
210
144
389
160
411
418
92
90
89
91
107
114
116
110
138
327
456
141
143
392
467
144
327
328
389
326
202
327
328
308
303
443
92
501
15
411
18
8
20
16
9
535
536
532
467
286
289
308
139
288
389
307
306
303
285
469
207
405
389
142
160
132
135
389
159
205
419
466
483
489
478
480
15
12
8
13
10
9
2
459
143
210
209
137
132
130
389
532
469
286
289
308
319
405
295
320
288
389
307
306
294
335
318
285
327
237
532
160
488
138
139
15
11
14
17
18
20
16
76
2
389
308
291
422
532
10
327
202
163
143
131
389
219
140
188
517
499
143
467
498
464
389
420
188
501
395
411
469
143
389
530
185
414
202
448
8
301
467
211
141
133
389
194
444
8
145
467
389
143
467
389
298
535
536
532
194
490
227
144
389
433
465
468
517
389
309
494
493
180
156
121
426
13
142
267
482
446
8
392
139
114
111
113
115
112
502
145
160
135
389
485
395
414
469
143
140
389
174
430
467
286
289
308
139
288
389
307
306
303
285
160
389
308
306
429
417
444
467
286
308
309
389
303
285
307
195
143
464
389
465
443
106
122
117
114
116
101
100
389
110
465
470
395
465
3
8
13
6
465
470
490
389
319
532
531
530
532
159
143
472
389
427
237
532
319
320
453
11
8
308
294
469
405
389
465
442
423
398
406
433
396
420
431
424
418
421
401
412
434
422
402
432
517
430
403
400
404
411
419
427
426
414
415
416
428
435
429
405
410
436
399
425
397
516
482
145
469
389
327
466
489
487
478
486
435
421
465
498
60
62
327
319
308
288
469
405
389
308
297
465
15
11
5
17
8
13
20
105
455
109
454
445
104
8
98
75
160
144
136
389
160
144
135
389
156
493
495
277
138
139
285
423
108
103
98
98
143
469
467
144
389
389
308
300
101
111
116
115
286
307
174
143
117
99
101
111
100
110
434
114
111
113
115
112
110
160
469
144
135
389
464
139
389
465
488
465
503
451
486
15
8
16
395
180
4
411
160
144
135
389
237
476
485
414
55
55
163
304
532
444
286
389
285
85
83
84
219
140
531
319
529
469
143
389
177
472
139
389
469
143
389
83
84
117
101
116
100
110
467
139
389
285
448
412
143
490
236
227
411
389
532
467
405
139
389
58
2
110
58
2
134
389
110
307
389
58
2
389
58
2
2
392
411
392
392
392
