1
2
2
2
2
2
2
2
2
2
2
2
2
2
2
2
2
2
2
2
2
2
2
2
2
2
2
2
2
2
2
2
2
2
2
2
2
2
2
2
2
2
2
2
2
2
2
2
2
2
2
2
2
2
2
2
17
58
2
60
60
60
60
60
60
60
2
68
2
70
70
70
2
74
74
74
74
74
74
2
81
81
81
81
81
81
81
81
81
2
91
91
91
91
91
91
91
91
91
91
91
91
2
104
104
104
104
104
104
112
112
40
40
51
51
117
118
119
120
120
120
120
120
120
120
120
120
120
120
120
120
120
120
120
120
120
120
120
120
120
120
120
120
120
120
120
120
120
120
120
120
120
120
120
120
120
120
120
120
120
120
120
120
120
120
120
120
120
120
120
120
120
120
120
120
120
120
120
120
120
120
120
120
120
120
120
120
120
120
120
120
120
120
120
120
120
120
120
120
120
120
120
120
120
120
120
120
120
120
120
120
120
120
120
120
120
120
120
120
120
120
120
120
120
120
120
120
120
120
120
120
120
120
120
120
120
120
120
120
120
120
120
120
120
120
120
120
120
120
120
120
120
120
120
120
120
120
120
120
120
120
120
120
120
120
120
120
120
120
120
120
120
120
120
120
120
120
120
120
120
120
120
120
120
120
120
120
120
120
120
120
120
120
120
120
120
120
120
120
120
120
120
120
120
120
120
120
310
311
311
311
311
311
311
311
311
311
311
311
311
311
311
311
311
311
311
311
311
311
311
311
311
311
311
311
311
311
311
311
311
311
311
311
311
311
311
311
311
311
311
311
311
311
311
311
311
311
311
311
311
311
311
311
311
311
311
311
311
311
311
311
311
311
311
311
311
311
311
311
311
311
311
311
311
311
311
311
311
311
311
311
311
311
311
311
311
311
311
311
311
311
311
311
311
311
311
311
311
311
311
311
311
311
311
311
311
311
311
311
311
311
311
311
311
311
311
311
311
311
311
311
311
311
311
311
311
311
311
311
311
311
311
311
311
311
311
311
311
311
311
311
311
311
311
311
311
311
311
311
311
311
311
311
311
311
311
311
311
472
473
473
473
473
473
473
473
473
473
473
473
473
473
473
473
473
473
473
473
473
473
473
473
473
473
473
473
473
473
473
473
473
473
473
473
473
473
473
473
473
473
473
473
473
473
473
473
473
473
473
473
473
473
473
473
473
473
473
473
473
473
473
473
473
473
473
473
473
473
473
473
473
473
473
473
473
473
473
473
473
473
473
473
473
473
473
473
473
473
473
473
511
565
565
568
570
571
572
573
574
472
575
575
575
575
575
575
575
575
575
575
575
575
575
575
575
575
575
575
575
575
575
575
575
575
575
575
575
575
575
575
575
575
575
575
575
575
575
575
575
575
575
575
575
575
575
575
575
575
575
575
575
575
575
575
575
575
575
575
575
575
575
575
575
575
575
575
575
575
619
644
644
647
648
649
650
651
652
653
74
81
70
368
447
64
427
26
388
236
438
556
593
593
606
270
624
624
502
588
588
628
628
215
31
31
31
31
587
587
396
616
616
616
258
259
517
522
29
212
470
426
219
437
267
260
640
614
108
108
544
77
77
77
77
77
617
617
198
632
632
546
220
207
629
629
629
629
629
190
558
623
623
374
381
431
400
497
497
519
443
244
286
223
591
503
523
523
523
523
99
99
99
99
274
409
200
449
264
265
279
366
511
511
511
511
511
511
511
511
511
511
511
511
511
511
511
511
24
101
101
101
101
101
101
101
101
101
101
101
101
505
261
269
386
288
385
626
626
300
524
524
524
607
611
564
203
228
554
257
450
43
43
43
43
43
43
43
43
43
43
43
183
384
528
634
634
217
67
67
191
38
534
534
534
292
307
202
454
227
48
19
19
19
222
507
382
512
33
54
40
40
40
40
40
40
40
40
186
224
255
84
84
237
509
56
56
56
197
376
20
20
20
380
404
210
297
500
515
633
633
471
280
452
23
85
85
85
460
213
469
52
620
620
188
465
369
17
17
17
17
17
17
17
17
17
17
17
55
55
529
529
529
448
51
51
51
414
504
504
102
102
102
102
102
102
102
102
102
102
102
283
392
555
555
555
555
555
555
555
555
555
194
301
367
189
276
600
410
206
618
639
446
309
27
27
284
57
57
57
88
496
496
293
238
379
243
413
535
535
535
615
399
250
567
305
78
306
263
619
619
619
619
370
393
402
214
86
86
86
86
561
514
467
262
231
295
221
441
560
560
560
433
47
589
604
375
275
273
601
601
601
601
601
601
601
601
641
216
397
254
422
613
590
590
87
87
87
87
537
282
287
508
18
18
390
612
612
612
541
49
53
552
552
419
453
304
459
185
635
635
599
599
290
278
234
506
30
45
45
294
557
610
610
291
391
461
434
256
435
235
65
445
411
109
109
109
109
109
109
109
272
516
526
526
526
526
526
526
526
518
408
42
42
42
42
394
531
531
296
296
296
458
28
28
28
28
420
285
594
594
35
35
35
35
35
457
637
636
184
387
621
439
298
543
543
543
543
423
389
403
520
248
424
553
553
36
36
36
41
41
41
41
41
41
41
41
21
201
204
230
548
187
602
602
549
395
416
72
425
302
605
308
538
218
421
192
412
44
44
464
239
299
240
251
429
266
532
530
247
377
25
542
432
211
540
226
466
436
562
562
383
417
195
596
596
442
451
539
271
229
510
513
536
100
205
625
625
456
415
59
59
242
444
622
622
281
50
378
232
253
89
245
303
428
209
455
39
246
627
592
592
550
550
550
225
268
597
597
407
196
73
73
73
566
566
566
566
566
603
468
46
46
418
463
22
598
598
405
406
462
249
401
642
398
631
638
372
521
430
630
630
630
630
630
630
630
630
630
630
630
630
643
499
499
241
373
199
545
559
595
595
252
527
527
527
527
527
527
527
527
527
527
527
527
527
527
527
527
208
277
533
533
533
193
289
34
233
66
66
551
551
551
501
440
563
525
371
498
15
15
11
82
316
83
8
9
16
16
113
114
115
116
117
117
117
118
118
118
