2
3
4
5
6
7
8
9
10
11
12
13
14
15
16
17
18
19
20
21
22
23
24
25
26
27
28
29
30
31
32
33
34
35
36
37
38
39
40
41
42
43
44
45
46
47
48
49
50
51
52
53
54
55
56
57
58
59
60
61
62
63
64
65
66
67
68
69
70
71
72
73
74
75
76
77
78
79
80
81
82
83
84
85
86
87
88
89
90
91
92
93
94
95
96
97
98
99
100
101
102
103
104
105
106
107
108
109
110
15
16
113
114
115
116
56
57
120
121
122
123
124
125
126
127
128
129
130
131
132
133
134
135
136
137
138
139
140
141
142
143
144
145
146
147
148
149
150
151
152
153
154
155
156
157
158
159
160
161
162
163
164
165
166
167
168
169
170
171
172
173
174
175
176
177
178
179
180
181
182
183
184
185
186
187
188
189
190
191
192
193
194
195
196
197
198
199
200
201
202
203
204
205
206
207
208
209
210
211
212
213
214
215
216
217
218
219
220
221
222
223
224
225
226
227
228
229
230
231
232
233
234
235
236
237
238
239
240
241
242
243
244
245
246
247
248
249
250
251
252
253
254
255
256
257
258
259
260
261
262
263
264
265
266
267
268
269
270
271
272
273
274
275
276
277
278
279
280
281
282
283
284
285
286
287
288
289
290
291
292
293
294
295
296
297
298
299
300
301
302
303
304
305
306
307
308
309
311
312
313
314
315
316
317
318
319
320
321
322
323
324
325
326
327
328
329
330
331
332
333
334
335
336
337
338
339
340
341
342
343
344
345
346
347
348
349
350
351
352
353
354
355
356
357
358
359
360
361
362
363
364
365
366
367
368
369
370
371
372
373
374
375
376
377
378
379
380
381
382
383
384
385
386
387
388
389
390
391
392
393
394
395
396
397
398
399
400
401
402
403
404
405
406
407
408
409
410
411
412
413
414
415
416
417
418
419
420
421
422
423
424
425
426
427
428
429
430
431
432
433
434
435
436
437
438
439
440
441
442
443
444
445
446
447
448
449
450
451
452
453
454
455
456
457
458
459
460
461
462
463
464
465
466
467
468
469
470
471
473
474
475
476
477
478
479
480
481
482
483
484
485
486
487
488
489
490
491
492
493
494
495
496
497
498
499
500
501
502
503
504
505
506
507
508
509
510
511
512
513
514
515
516
517
518
519
520
521
522
523
524
525
526
527
528
529
530
531
532
533
534
535
536
537
538
539
540
541
542
543
544
545
546
547
548
549
550
551
552
553
554
555
556
557
558
559
560
561
562
563
564
565
566
567
569
539
559
486
526
527
575
576
577
578
579
580
581
582
583
584
585
586
587
588
589
590
591
592
593
594
595
596
597
598
599
600
601
602
603
604
605
606
607
608
609
610
611
612
613
614
615
616
617
618
619
620
621
622
623
624
625
626
627
628
629
630
631
632
633
634
635
636
637
638
639
640
641
642
643
644
645
646
629
630
634
582
601
618
622
68
68
68
357
346
61
335
27
312
147
341
487
591
586
580
166
591
583
503
576
580
583
577
143
30
32
4
7
579
577
321
610
577
578
161
161
487
491
31
142
364
335
138
342
164
162
582
586
105
106
487
79
78
4
75
76
618
577
125
577
586
480
139
141
612
583
577
576
582
177
486
591
583
354
351
323
314
479
482
487
344
140
131
134
582
487
550
480
479
489
95
93
94
92
169
328
126
347
167
167
170
358
513
514
512
478
495
494
475
474
481
477
488
480
479
490
492
476
6
32
103
95
4
92
93
94
98
5
3
7
96
480
162
166
343
121
325
628
577
129
525
480
487
577
586
493
128
152
480
159
350
56
42
109
41
6
4
10
7
11
14
104
175
325
480
591
583
122
62
63
173
6
480
487
481
174
145
127
338
151
12
8
9
7
134
487
349
486
13
6
56
42
41
6
4
10
7
14
176
135
158
82
60
147
492
16
7
15
125
353
8
9
7
351
326
133
180
484
489
591
585
364
171
337
6
82
83
60
359
143
363
6
601
621
178
361
357
8
6
9
10
7
11
74
111
81
91
70
7
14
480
481
491
347
56
6
4
322
487
481
103
95
97
93
4
94
92
98
5
7
96
172
319
549
545
480
487
483
481
490
492
493
123
129
358
177
165
601
331
132
619
584
346
149
6
7
160
16
7
15
85
480
485
174
148
352
136
332
480
479
489
577
317
156
513
130
74
145
163
591
602
577
584
356
319
315
143
66
65
83
60
481
489
362
163
153
179
139
329
561
480
493
339
7
590
577
354
169
168
591
606
602
604
605
577
584
580
582
122
321
158
333
586
591
583
89
86
85
4
492
172
131
487
6
4
316
591
585
586
490
12
4
532
481
318
337
130
348
176
576
581
617
577
146
170
144
487
4
47
6
179
487
604
577
146
316
359
340
159
340
144
61
345
331
110
32
4
107
3
105
106
168
487
551
486
480
487
479
481
493
492
328
67
4
7
60
320
532
487
264
271
180
348
29
6
4
7
324
160
591
583
36
29
6
4
7
330
585
585
175
343
577
341
181
544
545
487
481
333
312
315
487
155
334
532
481
4
3
7
84
67
8
4
9
7
60
81
6
127
128
153
480
178
577
586
481
320
313
70
334
182
580
149
493
138
324
173
332
46
45
361
148
181
150
156
336
167
481
491
137
353
6
490
339
142
481
151
362
342
545
487
349
313
124
591
583
344
350
487
168
152
492
487
481
94
132
591
583
330
322
104
104
136
345
619
621
171
6
352
154
157
81
140
182
336
133
338
14
137
585
591
585
541
489
481
135
164
591
583
327
124
72
4
71
513
519
516
517
518
586
363
6
7
318
360
6
591
583
326
327
360
155
314
578
317
577
584
355
487
323
615
631
632
586
582
579
585
583
577
576
584
581
586
479
484
150
355
126
480
486
591
583
157
531
554
530
529
528
485
481
488
482
493
486
480
479
487
492
490
141
165
480
487
481
123
121
13
154
62
63
512
481
492
484
329
493
480
356
484
111
111
104
60
365
60
68
68
111
111
56
57
56
57
16
7
15
16
7
15
