2
3
4
5
6
7
8
9
10
11
12
13
14
15
16
17
18
19
20
21
22
23
24
25
26
27
28
29
30
31
32
33
34
35
36
37
38
39
40
41
42
43
44
45
46
47
48
49
50
51
52
53
54
55
56
57
58
59
60
61
62
63
64
65
66
67
68
69
70
71
72
73
74
75
76
77
78
79
80
81
82
83
84
85
86
87
88
89
90
91
92
93
94
95
96
97
98
99
100
101
102
103
104
105
106
107
108
109
110
111
112
113
114
115
116
117
118
119
120
121
122
123
124
125
126
127
128
129
130
131
132
133
134
135
136
137
138
139
140
141
142
143
144
145
146
147
148
149
150
151
152
153
155
156
157
158
159
160
161
162
163
164
165
156
167
168
169
170
171
172
173
174
175
176
177
178
179
180
181
182
183
184
185
186
187
188
189
190
191
192
193
194
195
196
197
198
199
200
201
202
203
204
205
206
207
208
209
210
211
212
213
214
215
216
217
218
219
220
221
222
223
224
225
226
227
228
114
51
142
94
55
85
2
150
49
58
94
55
136
2
219
114
114
63
94
119
55
2
114
115
114
44
114
158
217
215
5
40
114
114
84
79
80
57
82
5
25
50
27
45
49
28
26
4
31
2
2
114
31
98
98
159
158
157
25
48
2
58
137
94
55
2
114
114
43
54
114
114
114
53
140
79
80
94
55
2
114
55
77
139
94
55
2
38
114
104
45
159
137
94
55
158
81
55
2
86
50
95
58
2
215
2
95
114
224
55
2
105
98
30
95
55
169
114
108
29
215
95
39
41
109
137
114
87
149
94
55
145
2
52
149
94
55
91
2
114
95
219
31
98
144
94
55
82
2
135
79
80
94
55
2
58
137
94
2
219
114
47
114
114
114
108
46
114
27
35
137
94
55
157
114
159
149
94
55
123
158
42
109
94
119
55
24
2
2
150
34
32
114
141
81
94
55
2
66
121
149
94
55
137
114
6
5
27
37
50
55
85
49
114
149
94
55
91
126
2
105
98
158
157
33
31
114
158
157
215
26
2
5
24
63
94
119
55
2
114
114
114
90
125
94
55
2
36
95
98
95
217
2
108
108
2
104
98
104
98
108
108
215
