1
2
2
2
2
2
2
5
6
7
8
1
13
13
13
13
13
13
13
13
13
13
13
13
13
13
13
13
13
16
17
19
20
21
22
23
23
24
25
30
8
28
27
26
1
46
46
46
46
46
46
5
6
7
8
1
57
57
57
57
57
57
5
6
7
8
1
68
68
68
68
68
68
68
24
27
28
8
1
80
80
80
80
80
80
5
6
7
8
85
59
74
8
60
75
5
24
18
49
20
7
6
52
82
51
15
28
29
21
73
26
62
61
19
48
70
71
63
50
72
23
27
86
4
22
25
17
16
30
83
84
41
31
32
33
34
9
36
