1
2
2
2
2
2
2
2
2
2
2
2
2
2
2
2
2
2
2
2
2
2
2
2
2
2
2
2
2
2
2
2
2
2
2
2
2
2
2
2
2
2
2
2
2
2
2
2
2
2
2
2
2
2
2
2
2
2
2
2
13
62
2
64
64
64
64
49
49
50
72
73
73
73
73
73
73
73
73
73
73
73
73
73
73
73
73
73
73
73
73
86
85
73
73
73
77
77
84
83
105
81
80
108
109
78
29
29
31
31
87
67
17
79
79
79
79
79
79
63
28
30
30
30
30
30
32
32
32
32
32
34
34
34
34
78
78
78
78
78
78
47
82
82
82
82
82
82
49
51
51
51
41
41
41
84
84
84
84
84
39
39
39
39
39
39
91
19
40
40
40
40
44
44
44
44
45
45
45
77
77
77
77
77
77
77
77
77
77
77
77
77
37
37
26
42
68
55
25
25
25
25
25
25
25
33
86
86
86
86
86
80
80
80
27
27
27
53
90
15
15
15
15
15
15
54
54
81
81
24
35
35
20
52
85
85
85
85
85
85
83
83
83
83
83
83
50
94
94
94
94
94
96
96
96
96
96
96
101
101
101
101
101
101
101
102
103
103
103
103
103
104
104
104
104
104
104
105
105
105
105
105
105
105
107
108
108
108
109
109
109
110
