2
3
4
5
6
7
8
9
10
11
12
13
15
16
17
18
19
20
21
22
23
24
25
26
27
28
29
30
31
32
33
34
35
36
37
38
39
40
41
42
43
44
45
46
47
48
49
50
51
52
53
54
55
56
57
58
59
61
62
63
64
65
66
67
68
69
70
71
73
74
75
76
77
78
79
80
81
82
83
84
85
86
87
88
89
90
91
92
93
94
95
96
97
98
99
100
101
102
103
104
105
106
107
108
109
110
111
112
113
114
115
116
117
118
119
120
121
122
123
124
125
126
127
128
129
130
131
132
133
134
135
136
137
138
139
140
141
142
143
144
145
146
147
148
149
150
151
152
153
154
155
156
157
158
159
160
161
162
163
164
165
132
167
169
170
171
172
173
174
175
176
177
178
179
180
181
182
183
184
185
186
187
188
189
190
191
192
193
194
195
196
197
198
199
200
201
202
203
204
205
206
207
208
209
210
211
212
213
214
215
216
61
26
172
12
204
159
30
175
169
108
38
44
177
86
20
30
117
187
20
137
149
148
157
147
38
76
137
212
197
99
80
73
56
76
172
76
141
46
8
5
123
20
76
47
56
51
54
19
210
214
18
75
124
208
106
177
187
187
172
76
131
133
135
132
202
40
17
50
28
212
187
176
171
169
66
65
68
134
133
32
187
210
197
122
148
159
197
184
187
174
210
34
12
6
4
18
76
77
134
76
78
206
76
19
36
177
124
141
197
204
84
91
92
76
78
79
76
67
176
169
187
121
104
76
121
177
175
187
200
8
6
101
170
36
151
156
152
120
187
153
77
187
17
85
76
77
104
76
36
204
117
76
151
137
155
175
171
169
16
148
30
121
117
122
134
76
187
146
76
73
132
46
66
76
78
