2
3
4
5
6
7
8
9
10
11
12
13
14
15
16
17
18
19
20
21
22
23
24
25
26
27
28
29
30
31
32
33
34
35
36
2
38
39
40
41
42
43
44
45
46
47
48
49
50
51
52
53
54
55
56
57
58
59
60
61
62
63
64
65
66
67
68
69
70
71
72
73
74
75
76
77
78
79
80
81
82
83
84
85
86
87
88
89
90
91
92
93
94
95
96
97
98
99
100
101
102
103
104
105
106
107
108
109
110
111
112
113
114
115
116
117
118
119
120
121
122
123
124
125
126
127
128
129
130
131
132
133
134
135
136
137
138
139
140
141
142
143
144
145
146
147
148
149
150
151
152
153
154
155
156
157
158
159
160
161
162
163
164
165
166
167
168
169
170
171
172
173
174
175
176
177
178
179
180
181
182
183
184
185
186
38
188
189
190
191
192
193
194
195
196
197
198
199
200
201
202
203
204
205
206
207
208
209
210
211
212
213
214
215
216
217
218
219
220
221
222
223
224
225
226
227
228
229
230
231
232
233
234
235
236
237
238
239
240
241
242
243
244
194
246
247
248
249
250
251
252
253
254
255
256
257
258
259
260
261
262
263
264
265
266
267
268
269
270
271
272
273
274
275
276
277
278
279
280
281
282
283
284
285
286
287
288
289
290
291
292
293
294
295
296
297
298
299
300
301
302
303
304
305
306
307
308
309
310
311
312
313
314
315
316
317
318
319
320
321
322
323
324
325
326
327
328
329
330
331
332
333
334
335
336
337
338
339
340
341
342
343
344
345
346
347
348
349
350
351
352
353
354
355
356
357
358
359
360
361
362
363
364
365
366
367
368
369
370
371
372
373
374
375
376
377
378
379
380
381
382
383
384
385
386
246
388
389
390
391
392
393
394
395
396
397
398
399
400
401
402
403
404
405
406
407
408
409
410
411
412
413
414
415
416
417
418
419
420
421
422
423
424
425
426
427
428
429
430
431
432
433
434
435
436
437
438
439
440
441
442
443
444
445
446
447
448
449
450
451
452
453
454
455
456
457
458
459
460
461
462
463
464
465
466
467
468
469
470
471
472
473
474
475
476
477
478
479
480
481
482
483
484
485
486
487
488
489
490
491
492
493
494
495
496
497
498
499
500
501
502
503
504
505
506
507
508
509
510
511
512
513
514
515
516
517
518
519
520
521
522
523
524
525
526
527
528
529
530
531
532
533
534
535
536
537
538
539
540
541
542
543
544
545
546
547
548
549
550
551
552
553
554
555
556
557
558
559
560
561
562
563
564
565
566
567
568
569
570
571
572
573
574
575
576
577
578
579
580
581
582
583
584
585
586
587
588
589
590
591
592
593
594
595
596
597
598
388
194
408
391
388
128
40
44
46
38
161
51
390
40
587
493
391
392
255
51
143
390
40
42
41
43
246
246
483
403
391
394
392
388
388
282
248
51
182
390
40
86
40
44
38
4
128
40
44
46
38
345
248
359
248
314
379
257
256
248
249
39
40
42
41
43
388
400
391
393
394
396
395
397
392
149
51
390
40
355
248
446
587
460
260
248
434
391
533
391
584
390
391
572
391
479
391
74
40
44
38
70
40
44
38
353
248
433
435
587
425
445
420
392
559
255
391
394
392
246
246
110
45
40
44
38
379
310
248
249
420
199
209
196
198
197
49
43
22
4
587
436
391
392
255
51
143
40
42
41
43
246
246
325
248
280
248
164
51
390
40
587
459
575
433
391
388
388
12
189
587
579
391
392
545
391
379
308
248
249
409
413
391
248
249
251
250
388
587
440
391
392
49
543
391
394
392
38
38
149
51
40
78
40
44
38
51
158
40
587
454
96
40
44
38
90
40
44
38
255
337
248
249
251
250
246
246
511
391
237
196
194
29
28
4
35
6
31
239
194
485
391
319
248
379
306
248
249
288
403
248
249
251
250
388
388
555
391
426
391
587
455
266
248
66
40
44
38
365
248
343
248
478
391
374
248
286
248
125
40
44
46
38
24
17
4
5
112
45
40
44
38
152
51
390
40
134
40
44
46
38
523
391
587
461
368
248
327
248
56
40
38
164
51
40
475
391
272
248
201
199
196
198
197
196
509
391
6
185
51
186
390
40
41
185
51
186
390
40
41
198
433
569
391
541
391
452
587
214
234
196
349
248
212
198
62
40
44
38
196
198
197
155
51
390
40
467
391
403
394
196
131
40
44
46
38
379
294
248
249
52
40
44
68
40
44
38
214
215
221
196
587
497
391
392
481
403
391
394
392
388
388
255
333
248
249
251
250
246
246
587
456
391
393
394
396
395
397
392
430
391
557
255
391
394
392
246
246
122
40
44
38
587
419
391
392
584
391
428
391
443
587
391
392
587
505
391
392
258
248
232
196
463
391
214
229
196
537
391
445
420
415
391
108
40
44
38
255
577
391
394
392
246
246
406
391
51
167
40
255
339
248
249
251
250
246
246
189
2
453
587
341
255
248
249
251
250
246
246
553
391
586
391
98
40
44
38
421
391
140
51
40
29
28
4
35
6
296
379
248
249
131
40
44
46
38
161
51
40
491
587
391
392
317
248
30
5
6
374
248
363
248
235
196
469
391
255
565
391
394
392
246
246
51
176
40
100
40
44
38
51
146
390
40
376
248
82
40
44
38
255
251
58
40
44
38
361
248
76
40
44
38
368
248
384
60
40
44
38
104
40
44
38
257
517
391
215
379
300
248
249
573
391
547
391
379
302
248
249
12
189
26
17
4
5
549
391
515
391
432
391
152
51
40
270
248
214
225
196
587
489
391
392
527
391
471
391
539
391
120
45
40
44
38
255
449
391
394
392
246
384
246
563
255
391
394
392
246
246
243
54
248
40
38
246
587
457
314
379
248
249
212
23
4
5
6
188
188
465
391
347
248
214
403
218
223
238
196
198
197
388
388
179
51
390
40
388
212
25
4
5
6
155
51
40
134
40
44
46
38
137
40
44
46
38
80
40
44
38
495
587
391
392
214
226
321
248
379
298
248
249
473
391
312
379
248
249
525
391
179
51
40
503
587
391
392
51
170
390
40
51
158
390
40
51
170
40
433
587
507
391
392
88
40
44
38
521
391
49
378
248
249
251
250
38
38
35
267
383
248
391
388
388
379
292
248
249
21
4
351
248
255
335
248
249
251
250
246
246
64
40
44
38
27
17
4
5
137
40
44
46
38
51
173
40
255
567
391
394
392
246
246
276
248
140
51
40
587
438
391
392
94
40
44
38
51
173
390
40
411
391
72
40
44
38
239
194
268
248
394
396
395
214
219
196
398
588
102
40
44
38
106
40
44
38
199
203
196
198
243
197
239
587
499
391
392
199
207
196
198
197
284
248
51
182
40
371
248
587
458
51
167
390
40
551
391
409
417
391
51
176
390
40
255
561
391
394
392
246
246
51
146
40
443
587
391
392
116
45
40
44
38
445
482
388
92
40
44
38
581
391
43
323
248
274
248
29
28
4
35
6
31
519
391
251
290
248
529
391
214
216
196
125
40
44
46
38
535
391
262
248
453
433
425
454
420
456
461
446
452
587
458
455
457
459
460
391
392
4
264
248
278
248
118
45
40
44
38
114
45
40
44
38
379
304
248
249
587
501
391
392
513
391
531
391
255
449
391
394
392
246
246
357
248
84
40
44
38
255
331
248
249
251
250
246
246
424
587
391
392
587
487
391
392
388
388
2
588
588
