1
2
2
2
2
2
2
2
2
2
2
2
2
2
2
2
2
2
2
2
2
2
2
2
2
2
2
2
2
2
2
2
2
2
2
2
2
2
2
2
2
2
2
5
45
38
47
2
49
2
51
51
51
51
51
51
51
51
51
51
51
51
51
51
52
66
30
69
70
70
70
70
70
70
70
70
70
70
70
70
70
70
70
26
26
26
26
26
26
26
26
26
26
81
81
62
62
62
62
62
62
62
65
65
65
65
79
38
38
38
38
38
38
38
38
38
38
38
38
33
35
24
24
24
42
67
67
61
25
25
25
25
25
78
78
78
48
27
27
27
27
27
27
27
27
27
27
21
21
21
44
44
22
22
22
30
30
30
30
30
30
30
30
30
30
43
43
43
43
43
43
43
43
32
34
37
37
28
28
28
28
28
28
36
19
19
19
19
19
19
19
19
63
63
63
63
63
20
20
20
20
20
20
20
20
39
18
64
64
64
64
64
64
64
64
64
40
29
29
29
9
8
14
77
54
7
4
52
16
86
