2
3
4
5
6
7
8
9
10
11
12
13
14
15
16
17
18
19
20
21
22
23
24
25
26
27
28
29
30
31
32
33
34
35
36
37
38
39
40
41
42
43
44
45
46
47
48
49
50
51
52
53
54
55
56
57
58
59
60
61
62
63
64
65
66
67
68
70
71
72
73
74
75
76
77
78
79
80
81
82
83
84
85
39
28
64
22
60
7
56
59
55
51
82
83
58
59
56
52
55
51
51
64
54
51
51
80
36
65
40
60
6
59
56
8
14
13
55
51
12
10
7
55
51
15
51
51
53
58
7
56
57
51
84
81
79
38
28
64
22
40
60
7
56
59
55
51
6
16
14
8
51
6
16
14
44
31
60
54
7
12
5
11
55
51
44
50
60
54
7
55
49
51
11
17
27
13
9
54
10
7
8
51
10
23
62
21
9
54
7
8
51
60
58
59
57
55
63
22
54
7
10
56
8
51
4
6
58
60
54
56
59
53
52
57
55
4
24
25
26
51
51
2
70
51
51
2
51
2
77
