2
3
4
5
6
7
8
9
10
11
12
13
14
15
16
17
18
19
20
21
22
23
24
25
26
27
28
29
30
31
32
33
34
35
36
37
38
39
40
41
42
43
44
45
46
47
49
50
51
52
53
54
55
56
57
58
59
60
61
62
63
64
65
66
67
68
69
70
71
72
73
74
75
76
77
78
79
80
81
82
83
84
85
86
87
88
89
90
91
92
93
94
95
96
97
98
99
100
101
102
103
104
105
106
108
109
110
111
112
113
114
115
116
117
118
119
120
121
122
111
112
113
125
126
127
128
114
131
132
133
134
135
136
137
138
139
140
141
142
143
145
146
147
148
149
150
151
152
153
154
155
156
157
158
159
160
161
162
163
164
165
166
167
168
169
170
171
172
173
174
175
176
177
178
179
180
181
182
183
184
185
186
187
188
189
190
191
192
193
194
195
196
197
198
199
200
201
202
203
204
205
206
207
208
209
210
211
212
213
214
215
216
51
149
150
186
168
9
7
4
3
8
2
2
2
2
9
7
4
6
5
3
8
185
179
181
180
178
189
9
7
4
3
8
2
2
2
2
132
103
104
174
149
150
102
102
2
51
55
215
189
213
186
6
5
204
2
56
187
168
16
6
207
56
51
84
9
7
4
3
8
2
2
2
191
170
186
145
132
188
103
104
203
199
200
201
7
5
2
2
3
114
51
2
6
4
3
132
193
183
169
170
172
2
2
180
178
4
6
5
3
98
184
169
171
188
207
2
205
170
189
205
145
175
149
9
7
4
3
8
2
2
2
149
150
186
168
132
155
176
112
2
110
50
203
199
189
200
201
186
71
184
169
149
148
179
192
170
149
145
168
7
4
3
8
2
2
2
189
187
188
168
74
2
51
176
149
16
6
132
174
149
145
145
175
149
16
9
179
181
93
4
3
189
207
194
170
149
6
193
184
183
169
170
172
177
177
186
168
186
145
186
168
168
168
114
6
5
2
