1
2
2
2
2
2
2
2
2
2
2
2
2
2
2
2
2
2
2
2
2
2
2
2
2
2
2
2
2
2
2
2
2
2
2
2
2
2
2
2
2
2
2
2
2
2
2
2
2
2
2
2
2
2
2
2
2
2
2
2
2
2
2
2
2
2
2
2
2
2
2
2
2
2
2
2
2
2
2
2
2
2
2
2
2
2
2
2
2
2
2
2
2
40
95
95
98
100
100
40
40
40
40
40
106
107
107
107
107
107
107
107
107
107
107
107
107
107
107
107
107
107
107
107
107
107
107
107
107
107
107
107
107
107
107
107
107
107
107
107
107
107
107
107
107
147
149
150
150
150
150
150
150
150
158
159
159
159
159
159
159
159
159
159
159
159
159
159
159
174
175
175
175
175
175
175
175
175
175
175
175
175
175
175
175
175
175
175
175
175
175
175
175
175
175
175
175
175
175
175
175
175
175
175
175
175
175
175
175
175
175
175
175
175
175
175
175
175
175
175
175
175
175
175
175
175
175
175
175
175
175
175
175
175
175
175
175
175
175
175
175
175
175
175
175
175
175
175
175
175
175
175
175
226
260
228
262
263
264
264
264
264
264
264
264
264
264
264
264
264
264
264
264
264
264
264
264
264
264
264
264
264
264
264
264
264
264
264
264
264
264
264
264
264
264
264
264
264
264
264
264
264
264
264
264
264
264
264
264
264
264
264
264
264
264
264
264
264
264
264
264
264
264
264
264
264
264
264
264
264
264
264
264
264
264
264
264
264
264
264
264
264
264
264
264
264
264
264
264
264
264
1
358
358
358
358
358
358
358
358
358
358
358
358
358
358
358
358
358
358
358
358
358
358
358
358
358
358
358
358
358
358
358
358
358
358
358
358
358
358
358
358
358
358
358
358
358
358
358
358
390
263
408
408
408
408
408
408
408
408
408
408
408
408
408
408
408
417
424
417
426
420
428
421
430
1
432
432
432
432
432
432
432
432
432
432
432
439
444
174
446
446
446
446
446
446
446
446
446
446
174
457
174
459
459
459
459
459
459
459
459
459
459
459
235
235
388
37
214
214
255
330
330
354
227
71
244
469
211
211
155
86
427
132
31
82
82
310
377
377
331
331
126
46
51
319
137
228
435
435
138
35
386
436
436
293
293
448
442
442
442
442
442
233
233
139
87
74
356
399
220
315
339
339
144
76
76
313
229
404
404
404
404
404
404
404
404
404
404
404
404
404
404
404
404
404
404
404
404
404
404
384
45
55
55
55
55
55
55
55
55
394
394
394
394
394
47
88
320
345
419
419
225
130
26
26
353
48
60
60
322
234
234
234
378
378
403
32
52
52
52
52
52
355
40
40
40
40
40
40
40
40
40
40
40
40
40
40
40
40
40
40
40
40
40
40
40
40
40
40
40
40
252
34
34
212
212
212
212
212
212
212
245
135
323
443
443
122
307
53
53
53
53
94
84
84
392
392
392
392
392
247
401
73
73
73
73
240
240
470
312
226
226
226
226
226
226
226
226
226
226
226
226
226
304
49
57
57
57
57
57
57
57
57
57
57
57
57
57
57
57
236
236
250
454
454
454
454
454
454
454
454
397
83
83
230
230
230
230
455
455
455
455
455
455
455
455
455
333
333
333
63
63
63
63
141
334
334
334
78
78
302
131
156
156
156
328
328
390
390
390
79
146
296
296
453
453
453
453
453
453
453
453
215
215
215
215
215
215
128
309
68
36
64
64
64
257
41
145
213
213
133
468
317
297
297
336
336
343
209
209
209
209
209
332
332
332
439
439
439
439
439
380
380
380
380
380
380
421
421
421
421
421
421
421
421
421
61
291
348
306
38
59
467
321
350
140
134
395
29
44
129
72
318
406
70
301
387
219
346
92
92
383
243
251
352
136
69
379
379
379
379
379
379
379
379
402
39
42
241
290
66
147
147
147
147
147
147
147
147
147
147
147
147
147
239
217
217
217
295
295
58
58
58
58
58
58
58
127
451
451
451
451
451
451
451
466
391
391
391
125
349
382
382
382
382
382
142
33
33
335
335
450
450
450
450
450
450
450
450
381
381
316
299
299
299
85
85
85
85
85
85
85
85
85
85
85
85
85
242
357
294
294
340
340
308
326
344
311
351
452
452
452
329
329
292
292
25
25
25
389
389
389
420
420
420
420
420
420
80
80
80
341
341
385
256
256
256
256
256
256
256
256
314
314
231
231
418
418
253
400
96
96
96
96
96
96
96
248
65
65
65
65
143
396
298
298
300
338
338
97
456
456
456
456
456
456
456
456
456
456
456
456
456
456
305
422
422
422
422
422
422
50
210
210
210
210
288
288
288
288
91
91
91
237
43
327
327
441
441
28
28
289
325
398
324
393
393
75
75
258
89
56
56
56
56
56
56
56
56
56
56
56
56
56
56
56
56
56
56
56
56
56
56
347
438
438
438
438
438
438
438
438
438
124
62
62
62
62
90
90
90
90
342
447
157
123
287
337
337
223
223
232
232
232
238
246
249
81
81
81
81
254
417
417
417
417
417
417
417
417
417
417
417
417
417
417
417
417
417
417
417
30
405
93
449
449
449
449
449
449
449
54
54
27
67
224
121
303
9
434
415
10
416
172
172
265
148
148
148
148
148
148
148
148
148
148
148
148
148
259
101
101
101
102
103
103
103
104
105
105
105
105
407
407
262
