2
3
4
5
6
7
8
9
10
11
12
13
14
15
16
17
18
19
20
21
22
23
24
25
26
27
28
29
30
31
32
33
34
35
36
37
38
39
40
41
42
43
44
45
46
47
48
49
50
51
52
53
54
55
57
58
59
60
61
62
63
64
65
66
67
68
69
70
71
72
73
74
75
76
77
78
79
80
81
82
83
84
85
86
87
88
89
90
91
92
93
94
95
96
97
98
99
100
101
102
103
104
105
106
107
108
109
110
111
112
114
115
116
117
118
119
120
121
122
123
124
125
126
127
128
129
130
131
132
133
134
135
136
137
138
139
140
141
142
143
144
145
146
147
148
149
150
151
153
154
155
156
157
158
159
160
161
162
163
164
165
166
167
168
169
170
171
172
173
174
175
176
177
178
179
180
181
182
183
184
185
186
187
188
189
190
191
192
193
194
195
196
197
199
200
201
202
203
204
205
206
207
208
117
126
116
114
171
114
43
41
42
63
104
126
42
115
126
62
170
9
10
10
126
164
9
172
10
2
208
9
8
164
59
62
58
60
61
63
6
8
10
208
58
58
133
60
63
8
10
62
118
114
59
58
117
147
126
59
6
9
8
204
100
6
9
7
8
10
59
204
203
208
42
100
140
41
126
127
5
9
10
60
170
114
60
173
164
155
171
173
172
169
126
164
5
126
9
8
10
9
59
58
60
63
57
126
9
126
126
7
100
133
5
126
126
204
203
208
61
61
104
155
155
