1
2
2
2
2
2
2
2
2
2
2
2
2
2
2
5
5
5
1
20
20
20
20
20
20
20
20
20
20
20
20
20
20
20
20
20
20
20
20
20
20
20
20
20
36
35
45
38
37
40
39
42
41
29
28
27
26
25
42
24
23
34
44
33
43
32
31
30
1
70
70
70
70
70
70
70
70
70
70
70
70
70
70
70
70
70
70
70
70
70
70
70
70
70
70
70
70
77
76
75
74
72
71
92
92
91
91
96
95
91
90
90
90
85
84
83
82
79
78
89
78
88
77
87
96
82
81
80
97
96
1
132
132
132
132
132
132
132
132
132
132
132
132
132
132
132
132
132
132
132
132
132
132
132
132
132
132
132
132
132
132
132
132
132
132
132
132
132
132
132
132
132
132
132
132
132
132
132
132
132
132
132
132
132
137
186
132
188
188
188
188
188
188
188
188
132
197
197
197
197
132
202
202
202
202
202
202
202
202
202
202
202
202
202
202
202
202
202
202
2
20
70
163
163
163
138
41
41
192
157
148
148
93
98
158
158
158
14
154
154
154
154
154
154
37
37
32
32
28
28
35
35
27
27
86
12
85
84
179
174
174
87
34
34
72
10
195
91
151
200
79
94
160
160
160
160
160
160
160
160
176
201
95
33
33
90
45
45
6
178
178
210
96
89
175
175
25
25
5
13
207
82
211
76
3
40
40
24
24
147
147
159
44
44
74
205
78
73
83
92
29
29
38
38
156
77
173
173
36
36
7
209
149
153
187
23
23
30
30
4
212
81
152
152
152
152
196
214
214
11
26
26
208
39
39
97
16
80
150
88
9
71
15
194
194
75
155
155
155
155
155
193
31
31
141
206
215
8
131
