2
3
4
5
6
7
8
9
10
11
12
13
14
15
16
17
18
19
20
21
22
23
24
25
26
27
28
29
30
31
32
33
34
35
36
37
38
39
40
41
42
43
44
45
46
47
48
49
50
51
52
53
54
55
56
57
58
59
60
61
62
63
64
65
66
67
68
69
70
71
72
73
74
75
76
77
78
79
80
81
82
83
84
85
86
87
88
89
90
91
92
93
94
95
96
97
98
99
100
101
102
103
104
105
106
107
108
109
110
111
112
113
114
115
116
117
118
119
120
121
122
123
124
125
126
127
128
129
130
131
132
133
134
135
136
137
138
139
140
141
142
143
144
145
146
147
148
149
150
151
152
153
154
155
156
157
158
159
160
161
162
163
164
165
166
167
168
169
170
171
172
173
174
175
176
177
178
179
180
181
182
183
184
185
186
187
188
189
190
191
192
193
194
195
196
197
198
199
200
201
202
203
204
205
206
207
208
209
210
211
212
213
214
215
216
217
218
219
220
132
132
132
152
164
135
135
155
21
190
152
141
147
92
96
173
174
136
153
160
174
171
156
135
136
155
21
155
21
155
21
155
21
155
21
155
153
155
155
136
171
135
155
155
21
155
153
191
155
141
198
155
92
196
195
162
193
161
135
136
188
135
198
155
155
21
155
155
21
153
177
135
211
155
155
173
174
155
21
153
153
214
155
204
155
153
155
21
155
21
141
147
160
155
21
155
203
155
155
155
155
155
21
155
21
157
155
171
135
155
21
153
204
143
154
178
155
21
155
21
153
203
155
172
171
139
135
189
203
204
153
155
21
209
155
21
96
153
155
151
155
153
155
153
190
189
155
158
171
159
156
135
191
155
21
142
204
203
153
155
