2
3
4
5
7
8
9
10
11
12
13
14
15
16
17
18
21
23
24
25
26
27
28
29
30
31
32
33
34
35
36
37
38
39
40
41
42
43
44
45
46
47
48
49
50
51
53
54
55
56
57
59
60
61
62
63
64
65
66
67
68
69
70
71
72
73
74
75
76
77
79
80
81
82
83
84
85
86
87
88
89
90
91
92
93
94
95
96
97
98
99
100
101
102
103
104
105
106
107
108
109
110
111
112
113
114
115
116
117
118
119
120
121
122
123
124
125
126
127
128
129
130
131
132
133
134
135
136
137
138
139
140
141
142
143
144
145
146
147
148
149
150
151
152
153
154
155
156
157
159
160
161
162
163
164
165
166
167
168
169
170
171
172
173
174
175
164
177
178
179
165
181
182
166
184
185
167
187
188
189
190
191
192
193
194
195
196
197
198
190
200
201
202
203
204
205
206
207
208
209
210
211
212
213
4
3
2
208
2
60
17
18
8
20
47
46
48
45
45
99
84
83
81
98
87
88
85
86
82
144
139
141
140
149
9
13
10
12
14
34
28
27
34
28
52
169
197
168
161
162
193
158
44
34
49
52
169
197
168
161
162
44
34
49
105
97
155
151
32
24
25
28
31
26
30
29
27
192
161
162
193
195
194
189
170
105
96
91
90
44
34
49
44
34
49
52
105
116
91
93
90
105
106
96
91
90
204
44
34
49
203
204
202
208
202
91
90
169
197
168
161
162
195
172
60
47
46
48
198
190
192
191
193
195
194
34
28
105
96
99
91
90
105
89
44
34
49
27
52
151
152
105
106
91
89
90
169
197
168
161
162
194
203
208
50
26
27
45
45
103
100
99
96
104
80
97
101
98
102
208
189
189
80
80
208
214
80
158
52
52
20
52
52
169
168
162
52
198
190
192
191
193
195
194
161
195
189
172
194
169
168
162
161
193
189
169
168
162
161
194
189
169
168
162
169
168
162
