1
2
4
5
5
5
5
5
5
5
5
5
5
5
5
5
5
5
5
5
5
5
5
5
5
5
5
5
5
5
5
5
5
5
5
5
5
5
5
5
5
5
5
5
5
5
5
5
5
5
5
5
5
5
5
5
5
5
5
5
5
5
10
65
5
67
67
67
67
67
67
67
67
5
76
76
76
76
5
81
81
81
81
81
81
81
81
81
81
81
81
81
81
81
81
81
81
34
101
102
53
104
31
106
1
107
107
107
107
107
2
25
11
57
57
74
3
111
79
53
53
56
56
56
75
23
110
89
22
22
66
66
86
27
27
27
27
27
84
93
93
38
38
38
87
24
29
29
29
29
29
29
12
12
88
90
91
34
34
34
40
40
32
72
33
54
31
31
31
31
31
41
41
41
15
71
94
35
28
58
36
36
36
36
36
36
36
36
21
21
73
73
85
80
100
103
105
