2
3
5
6
7
8
9
10
11
12
13
14
15
16
17
18
19
20
21
22
23
24
25
26
27
28
29
30
31
32
33
34
35
36
37
38
39
40
41
42
43
44
45
46
47
48
49
50
51
52
53
54
55
56
57
58
59
60
61
62
63
64
65
66
67
68
69
70
71
72
73
74
75
76
77
78
79
80
81
82
83
84
85
86
87
88
89
90
91
92
93
94
95
96
97
98
99
100
51
53
103
31
105
34
107
108
109
110
111
5
107
15
26
55
8
70
31
49
77
51
52
11
55
8
68
17
49
90
21
15
57
56
93
49
26
50
13
8
82
82
83
39
11
37
88
25
36
49
32
52
8
9
11
8
83
83
82
51
52
9
26
11
33
70
27
8
49
32
34
35
8
42
27
8
16
69
82
36
29
9
40
74
38
72
75
8
9
67
21
15
69
68
83
77
51
51
34
