1
2
2
2
2
6
6
6
2
10
10
10
10
2
15
15
15
15
15
3
22
23
23
23
23
23
23
23
23
23
23
23
23
23
23
23
23
23
23
23
23
23
23
23
23
23
23
23
23
39
52
41
54
31
56
45
58
48
60
60
60
60
60
66
66
66
50
70
51
72
72
23
75
75
75
75
75
75
75
84
85
86
86
86
86
86
86
86
86
86
86
86
86
86
86
86
86
86
86
86
105
105
105
105
105
105
105
105
86
114
114
114
114
114
114
114
114
86
123
123
123
123
123
123
123
123
123
87
133
136
85
137
137
137
137
141
141
141
78
78
95
95
95
95
38
53
53
53
53
53
112
112
112
112
112
121
121
121
121
121
8
127
9
39
39
49
36
119
119
100
100
100
111
111
111
13
13
129
130
130
130
130
32
50
80
80
98
98
51
96
96
96
96
43
43
99
99
19
19
19
19
37
42
42
42
103
103
103
103
103
41
41
45
45
140
140
20
20
20
101
101
101
101
101
3
44
44
40
40
40
128
128
14
14
14
74
134
110
110
110
110
34
131
48
97
97
59
5
5
102
102
102
102
4
4
4
4
4
4
4
55
33
120
120
139
139
139
132
35
104
104
104
143
65
138
138
138
113
113
113
113
113
113
106
106
31
16
92
124
124
94
94
107
88
109
109
90
30
