2
3
4
5
6
7
8
9
10
11
12
13
14
15
16
17
18
19
20
21
23
24
25
26
27
28
29
30
31
32
33
34
35
36
37
38
39
40
41
42
43
44
45
46
47
48
49
50
51
52
53
54
55
56
57
58
59
60
61
62
63
64
65
67
68
69
70
71
72
73
74
75
76
77
78
79
80
81
82
39
86
87
88
89
90
91
92
93
94
95
96
97
98
99
100
101
102
103
104
105
106
107
108
109
110
111
112
113
114
115
116
117
118
119
120
121
122
123
124
125
126
127
128
129
130
131
132
133
134
124
137
138
139
140
141
142
143
144
77
76
90
91
123
105
40
51
50
49
31
83
130
120
106
107
109
122
116
118
117
115
7
126
7
28
83
31
40
117
115
111
90
91
121
106
108
12
11
125
126
124
125
105
31
31
77
76
112
90
31
90
91
123
105
44
31
112
90
16
17
18
10
40
43
31
30
121
106
90
89
116
28
83
29
83
141
86
16
17
15
129
107
90
86
105
4
48
45
41
27
26
124
105
12
11
10
73
113
128
107
123
86
40
125
83
113
90
46
4
2
111
90
86
86
16
11
17
18
10
6
15
43
40
116
118
142
141
86
126
40
131
107
90
142
83
142
141
86
130
120
121
106
107
109
114
114
83
10
123
105
135
135
135
123
86
105
105
105
75
