2
3
4
5
6
7
8
9
10
11
12
13
14
15
16
17
18
19
20
21
22
23
24
25
26
27
28
29
30
31
32
33
34
35
36
37
38
39
40
41
42
43
44
45
46
47
48
49
50
51
52
53
54
55
56
57
58
59
44
61
62
63
64
65
66
67
68
69
70
71
72
73
74
75
76
77
78
79
80
81
82
83
84
85
86
87
88
89
90
91
92
93
94
95
96
97
98
99
100
101
102
103
104
105
106
107
108
109
110
111
112
113
114
115
116
117
118
119
120
121
122
123
124
125
126
127
128
129
130
131
132
133
134
135
136
137
138
139
140
141
142
143
144
145
146
147
148
149
150
151
152
125
155
156
157
158
159
160
161
162
163
164
165
166
167
168
169
170
171
172
173
174
175
177
178
179
180
181
182
183
184
185
186
187
188
189
190
191
192
193
194
195
196
197
198
199
200
201
202
203
204
205
206
207
208
209
210
211
212
213
214
215
216
217
218
208
220
221
222
223
224
225
226
227
228
229
230
231
232
233
234
235
236
237
238
239
240
241
242
243
244
245
246
247
248
249
250
251
245
254
255
256
257
258
259
260
261
262
263
264
265
266
267
268
269
270
271
272
273
274
275
276
277
278
279
280
281
282
283
284
285
286
287
288
289
290
291
292
293
294
295
296
297
298
299
300
301
302
303
20
22
14
12
26
16
18
10
24
212
215
214
213
211
215
181
180
5
4
56
247
248
246
7
212
215
214
213
211
39
50
51
49
55
52
54
56
53
47
110
119
131
143
136
142
145
134
139
144
130
135
146
138
149
132
133
137
141
147
140
129
148
128
293
291
257
256
50
51
49
55
52
54
56
48
53
64
141
63
284
273
280
283
282
275
278
285
263
270
265
268
264
266
290
271
274
277
287
286
272
288
279
269
260
259
255
258
64
247
248
246
257
5
55
4
257
256
149
64
63
181
180
213
247
223
222
49
5
4
185
189
187
191
259
258
256
64
142
63
276
281
291
259
258
256
212
215
214
213
211
276
281
291
259
258
256
5
6
4
56
64
63
146
159
161
160
159
161
160
247
248
246
259
201
64
139
63
49
56
48
50
51
55
52
54
53
47
47
5
5
181
64
147
63
5
64
136
63
155
155
5
4
48
5
52
4
64
63
130
247
248
246
257
256
5
64
139
63
131
143
136
142
145
134
139
144
130
135
146
138
149
132
133
137
141
147
140
129
148
276
281
291
259
258
256
118
64
144
63
64
136
63
128
138
64
63
212
215
214
213
181
178
64
145
63
49
5
4
64
63
148
119
131
143
136
142
145
134
139
144
130
135
146
138
149
132
133
137
141
147
140
129
148
128
165
156
176
5
4
54
47
5
52
4
132
64
63
64
140
63
211
223
64
63
130
64
137
63
212
215
214
213
211
33
2
35
259
258
256
224
246
5
2
64
145
63
50
5
4
64
131
63
247
223
222
223
50
5
4
294
289
260
259
258
256
259
258
256
50
51
49
55
52
54
56
48
53
47
64
63
135
133
64
63
64
131
63
64
144
63
5
4
53
291
258
181
180
176
5
4
54
247
248
246
64
63
37
50
51
49
55
52
54
56
53
47
149
64
63
181
180
213
65
41
292
29
182
132
64
63
214
181
180
64
142
63
133
64
63
123
259
258
256
111
121
131
143
136
142
145
134
139
144
130
135
146
138
149
132
133
137
141
147
140
129
148
128
51
5
4
181
39
50
51
49
55
52
54
56
53
47
212
181
180
64
141
63
64
134
63
5
55
4
64
147
63
260
257
259
255
258
256
64
61
138
64
63
131
143
136
142
145
134
139
144
130
135
146
138
149
132
133
137
141
147
140
129
148
128
257
256
247
248
246
246
64
63
129
181
214
181
180
223
222
5
4
53
64
63
148
121
131
143
136
142
145
134
139
144
130
135
146
138
149
132
133
137
141
147
140
129
148
128
223
248
222
51
5
4
291
258
256
257
256
64
63
129
215
181
180
64
63
146
276
281
291
259
258
256
293
267
255
256
157
155
155
80
102
88
74
68
94
90
92
98
100
104
86
70
84
96
106
108
82
78
72
76
212
215
214
213
211
211
159
160
115
257
64
63
135
64
140
63
5
4
64
137
63
260
259
258
256
212
215
214
213
211
302
301
64
64
247
248
42
36
2
143
142
144
146
138
132
133
131
136
145
134
139
130
135
149
137
141
147
140
129
148
128
128
37
50
51
49
55
52
54
56
53
47
223
248
222
292
291
257
256
212
181
180
256
35
64
143
63
116
28
64
134
63
117
239
64
143
63
34
246
211
128
47
164
