1
2
2
2
2
2
2
2
7
10
8
12
5
6
7
7
8
8
20
21
21
21
21
21
21
21
21
21
21
21
21
21
21
21
21
21
21
21
21
21
21
21
21
21
21
21
21
21
21
21
21
21
21
21
21
21
21
59
37
38
39
40
41
42
45
43
57
57
57
56
73
74
74
74
74
74
74
74
82
73
83
83
83
83
87
87
81
81
81
81
36
36
36
5
44
54
54
40
40
37
37
37
53
53
53
53
6
39
39
39
46
49
49
49
49
79
79
79
79
8
8
30
30
30
30
9
31
43
43
43
45
45
45
29
29
29
29
33
33
33
33
33
33
35
35
35
35
47
41
41
57
57
57
57
57
57
48
7
7
55
34
34
34
34
34
38
38
38
56
56
42
42
32
52
14
82
15
16
17
18
19
