1
2
2
2
2
2
2
2
2
2
2
2
2
2
2
2
2
2
2
2
2
23
2
25
25
25
25
25
25
25
25
25
25
25
25
25
25
25
25
25
25
25
25
25
25
25
25
25
25
25
25
25
25
25
25
25
25
25
25
25
25
25
25
25
25
25
25
25
25
25
25
25
25
25
25
25
25
25
25
25
25
25
25
25
25
25
25
25
25
25
25
25
25
25
25
25
25
25
25
25
25
25
25
25
25
25
25
25
25
25
25
25
25
25
25
25
25
25
25
121
121
124
125
125
125
125
125
125
125
125
125
125
133
136
136
132
5
11
132
132
132
13
18
21
39
134
134
134
134
20
131
131
131
131
131
14
16
27
12
17
57
6
133
133
133
19
9
10
15
8
4
138
