2
3
4
5
6
6
8
10
11
12
13
14
15
16
17
18
19
20
21
22
23
24
25
26
27
28
29
30
31
32
33
34
35
36
37
38
39
40
41
42
43
44
45
46
47
48
49
50
51
52
53
54
55
56
57
58
59
60
61
62
63
64
65
66
67
68
69
70
71
72
73
74
75
76
77
78
79
80
81
82
83
84
85
86
87
88
89
90
91
92
93
94
95
96
97
98
99
100
101
102
103
104
36
106
39
108
56
58
111
113
114
115
116
117
117
119
10
10
20
31
60
13
75
54
54
82
56
57
60
16
13
73
22
54
95
20
26
61
62
98
54
31
55
18
54
13
87
87
88
44
16
42
93
30
37
41
57
54
13
14
16
13
88
88
87
56
57
14
31
16
38
75
32
13
40
37
39
54
13
47
32
13
21
74
87
41
34
14
43
80
77
45
79
13
14
72
20
26
74
73
88
82
39
56
56
