2
3
4
5
6
7
8
9
10
11
12
13
14
15
16
17
18
19
20
21
22
23
24
25
26
27
28
29
30
31
32
33
34
35
36
37
38
39
40
41
42
43
44
45
46
47
48
49
50
51
52
53
54
55
56
57
58
59
60
61
62
63
64
65
66
67
68
69
70
71
72
73
74
75
76
77
78
79
80
81
82
83
84
85
86
87
88
89
90
91
92
93
94
95
96
97
98
99
100
101
102
103
104
105
106
107
108
109
110
111
112
113
114
115
116
117
118
119
120
121
122
123
124
125
126
127
128
129
130
131
132
133
6
135
136
137
138
139
140
141
142
143
144
145
146
147
148
149
150
151
152
153
154
155
156
157
158
159
160
161
162
163
164
165
166
167
168
169
170
171
172
173
174
175
176
177
178
179
180
181
182
183
184
185
186
187
188
189
190
191
192
193
194
195
196
197
198
199
200
201
202
203
204
205
206
207
208
209
210
211
212
213
214
215
216
217
218
219
220
221
222
223
224
225
226
227
228
229
230
231
232
233
234
235
236
237
238
239
240
241
242
243
244
210
246
247
248
249
250
251
252
253
254
255
256
257
258
259
260
261
262
263
264
265
266
267
268
269
270
271
272
273
274
275
276
277
278
279
280
281
282
283
284
285
286
287
288
289
290
291
292
293
294
295
296
297
298
299
300
301
302
303
304
305
306
307
308
309
255
311
312
313
314
315
316
317
318
319
320
321
322
323
324
325
326
327
328
329
330
331
332
333
334
335
336
337
338
339
340
341
342
343
318
345
332
335
348
349
350
351
352
353
354
355
356
357
358
359
360
361
362
363
364
365
366
367
368
369
370
371
372
373
374
375
376
377
378
379
380
381
382
383
384
385
386
387
388
389
390
391
392
393
394
395
396
397
398
399
400
401
402
403
404
405
406
407
408
409
410
411
412
413
414
415
416
417
418
419
420
421
422
423
424
425
426
427
428
429
430
431
432
433
434
435
436
437
438
439
440
441
442
443
444
445
446
447
448
449
450
451
452
453
454
455
456
457
458
459
460
461
462
463
464
465
466
467
468
469
470
471
472
473
474
475
476
477
478
479
480
481
482
483
484
485
486
487
488
489
490
491
492
493
494
495
496
497
498
499
500
501
502
503
504
505
506
507
508
509
510
511
512
513
514
515
516
517
518
519
520
521
522
523
524
525
526
527
528
529
530
531
532
395
534
535
536
537
538
539
540
541
542
543
544
545
546
547
548
549
550
551
537
553
554
555
556
557
558
559
560
561
562
563
564
565
566
567
568
569
570
571
572
573
574
557
553
135
553
135
139
141
465
466
140
152
142
150
394
442
554
135
135
282
198
4
5
6
2
282
198
4
5
6
2
282
198
4
5
6
2
255
4
5
6
9
3
7
178
172
180
532
531
351
139
147
391
394
198
180
178
172
173
180
169
554
179
181
282
198
4
5
6
2
351
186
174
198
4
2
282
198
4
5
6
2
135
255
210
4
5
6
9
3
7
169
296
289
201
292
264
253
251
246
282
198
4
5
6
2
2
327
312
135
351
179
312
282
198
4
5
6
2
332
351
139
146
481
142
394
467
554
383
387
352
135
163
198
4
2
139
155
154
142
144
394
537
570
554
157
392
198
180
293
201
276
253
251
180
246
198
4
2
5
2
135
180
139
141
465
399
140
392
394
442
292
253
2
282
198
4
5
6
2
143
139
155
154
156
144
394
233
135
537
282
198
4
5
6
2
480
384
352
198
4
5
518
181
180
282
198
4
5
6
2
135
282
198
4
5
6
2
282
198
4
5
6
2
178
179
181
180
143
139
144
394
153
394
255
210
4
5
6
3
8
169
198
4
2
282
198
4
5
6
2
139
492
394
483
198
180
135
351
2
179
181
198
4
5
351
166
167
351
207
4
9
3
284
198
4
5
6
3
198
4
2
8
139
519
394
507
201
257
253
251
246
282
198
4
5
6
2
135
233
235
234
231
232
169
198
180
5
537
351
232
536
282
198
4
5
6
2
282
198
4
5
6
2
282
5
6
2
2
282
198
4
5
6
2
393
392
395
394
390
198
175
180
252
253
251
169
142
391
394
136
329
318
313
135
351
282
198
4
5
6
2
154
394
554
139
149
155
146
154
142
505
148
394
494
332
180
137
219
253
251
246
135
198
4
5
12
180
537
198
4
2
282
198
4
5
6
2
351
135
137
138
392
395
351
228
462
198
180
257
253
337
327
332
135
518
2
282
198
4
5
6
2
253
246
180
282
5
6
2
137
158
393
392
2
179
181
313
480
462
463
289
291
292
253
246
537
536
535
179
180
235
179
351
282
198
4
5
6
2
139
153
155
154
142
505
156
394
494
198
4
5
2
282
198
4
5
6
2
142
144
394
156
394
179
2
2
142
537
135
198
4
2
180
257
253
137
158
393
392
210
4
5
6
9
3
7
198
4
2
401
438
282
5
6
2
137
289
290
253
251
180
246
135
5
2
252
135
351
135
282
198
4
5
6
2
282
198
4
5
6
2
382
335
328
313
331
351
284
198
4
5
6
351
163
198
180
198
213
4
7
8
282
198
4
5
6
2
289
290
253
139
141
140
142
145
492
392
394
483
537
255
210
4
5
6
9
3
8
169
351
282
198
4
5
6
2
284
198
4
5
6
282
198
4
5
6
2
139
153
141
465
466
151
140
142
394
442
252
141
198
4
2
282
198
4
5
6
2
139
141
140
142
148
519
392
394
507
491
330
313
351
351
292
253
282
198
4
5
6
2
385
352
351
282
198
4
5
6
2
139
142
144
394
491
173
169
139
465
152
142
394
442
393
198
4
5
2
2
537
2
282
198
4
5
6
2
198
4
5
12
180
282
198
4
5
6
2
231
169
570
554
159
394
198
4
5
282
198
4
5
6
2
2
2
282
198
4
5
6
2
198
4
2
282
5
6
2
282
5
6
2
139
156
148
537
135
282
198
4
5
6
2
135
253
146
394
210
203
186
198
4
12
7
180
169
198
4
2
135
282
5
6
2
463
282
198
4
5
6
2
282
198
4
5
6
2
135
262
259
283
390
246
198
180
137
198
181
135
284
198
4
5
6
3
296
137
139
142
505
148
393
394
494
198
4
2
192
292
253
186
198
180
139
481
142
145
394
467
198
4
2
352
139
149
391
394
282
198
4
5
6
2
385
352
351
135
292
253
257
253
289
201
291
292
253
251
246
135
351
282
5
6
2
139
141
140
392
394
438
164
253
251
246
163
282
198
4
5
6
2
282
5
6
2
253
570
554
159
394
395
137
289
290
253
251
180
246
135
282
198
4
5
6
2
327
332
135
351
284
198
4
5
6
3
135
135
139
149
142
505
148
394
494
230
230
180
234
351
135
198
4
5
3
181
388
352
386
352
135
137
537
135
352
198
4
2
253
198
4
2
198
4
2
270
246
504
282
5
6
2
289
201
290
291
292
253
251
246
135
143
391
394
135
135
257
253
135
198
4
5
12
180
2
2
351
135
198
4
5
12
180
282
198
4
5
6
2
351
255
210
4
5
6
3
8
135
198
4
2
180
169
198
4
2
282
198
4
5
6
2
327
322
312
135
139
156
148
537
135
198
4
2
198
4
2
198
180
268
287
292
265
282
198
4
5
6
2
152
394
287
286
288
250
253
249
166
167
246
165
351
198
4
5
285
294
253
198
175
180
233
235
234
231
232
537
5
2
272
253
246
139
147
146
481
142
394
467
253
504
289
291
292
253
246
289
291
253
198
4
2
137
537
135
135
178
171
143
139
391
394
284
198
4
5
6
3
282
198
4
5
6
2
135
169
243
243
165
135
165
135
169
351
246
135
169
335
351
382
351
318
351
351
