2
3
4
5
6
7
8
9
10
11
12
13
14
15
16
17
18
19
20
21
22
23
24
25
26
27
28
29
30
31
32
33
34
35
36
37
38
39
40
41
42
43
44
45
46
47
48
49
50
51
52
53
54
55
56
57
58
59
60
61
62
63
64
65
66
67
68
69
70
71
72
73
74
75
76
77
78
79
80
81
82
83
84
85
86
87
88
89
90
91
92
93
94
95
96
97
98
99
100
101
102
103
104
105
106
107
108
109
110
111
112
113
114
115
116
117
118
119
120
121
122
123
124
125
126
127
128
129
130
131
132
133
134
135
136
137
138
139
140
141
142
143
144
145
146
147
148
149
150
151
152
153
154
155
156
157
158
159
160
161
162
163
164
165
166
167
168
169
170
171
172
173
174
175
176
177
178
179
180
181
182
183
184
185
186
187
188
189
190
191
192
193
194
195
196
197
198
199
200
201
202
203
204
205
206
207
208
209
210
211
212
213
214
215
216
217
218
219
220
221
222
223
224
225
226
227
228
229
230
231
232
233
234
235
236
237
238
239
240
241
242
243
244
245
246
247
248
249
250
251
252
253
254
255
256
257
258
259
260
261
262
263
264
265
266
267
268
269
270
271
272
273
274
275
276
277
278
279
280
281
282
283
284
285
286
287
288
289
290
291
292
293
294
295
296
297
298
299
300
301
302
303
304
305
306
307
308
309
310
311
312
313
314
315
316
317
318
319
320
321
322
323
324
325
326
327
328
329
330
331
332
333
334
335
336
337
338
339
340
341
342
343
344
345
346
347
348
349
350
351
352
353
354
355
356
357
358
359
360
361
362
363
364
365
366
367
368
369
370
371
372
373
374
375
376
377
378
379
380
381
382
383
384
385
386
387
388
389
390
391
392
393
394
395
396
397
398
399
400
401
402
403
404
405
406
407
408
409
410
411
412
413
414
415
416
417
418
419
420
421
422
423
424
425
426
427
428
429
430
431
433
434
435
436
437
438
440
441
442
443
444
445
446
447
448
449
450
451
452
104
57
104
57
104
57
344
168
74
407
432
62
55
104
57
344
403
104
57
238
208
192
58
104
57
104
396
57
195
238
208
104
57
195
208
235
104
57
66
104
57
104
57
342
168
211
104
57
57
90
432
104
57
86
104
57
159
210
163
104
57
264
104
90
255
432
104
57
104
57
104
57
104
169
55
432
104
169
55
432
63
104
57
104
57
104
57
104
169
55
432
212
104
57
55
202
57
397
104
57
104
57
192
90
57
168
269
104
57
104
399
57
207
238
192
57
104
57
104
169
55
104
57
265
168
271
432
104
57
168
272
192
268
168
79
56
104
57
360
375
432
104
57
104
57
57
104
57
104
57
104
57
69
349
168
104
57
264
57
104
57
171
104
57
104
57
104
57
104
57
282
432
104
168
57
104
57
104
57
338
168
211
104
57
104
57
104
57
104
57
104
55
64
99
195
236
208
104
57
104
57
104
57
77
76
374
407
86
104
57
104
55
104
57
90
432
57
59
104
57
57
104
57
104
57
73
407
432
104
57
195
238
208
209
283
166
104
57
104
57
432
168
396
70
67
104
57
104
169
55
57
104
399
57
92
104
57
104
57
104
399
57
104
57
104
57
192
207
236
192
104
162
57
432
204
104
57
335
104
57
104
57
104
57
77
76
407
104
57
104
57
104
169
55
352
377
258
43
104
57
104
57
104
57
86
104
57
104
57
104
57
57
104
57
104
57
57
104
57
104
57
164
104
263
254
169
432
104
57
104
57
57
225
90
432
104
57
83
38
57
207
104
396
57
104
57
263
274
104
57
104
57
59
104
57
104
57
104
57
104
57
337
168
104
57
104
57
254
181
104
57
86
252
104
57
104
57
264
301
61
104
169
55
432
222
92
7
42
37
40
29
55
63
43
54
50
59
10
23
17
32
27
22
66
16
68
5
65
11
44
36
60
48
53
47
20
58
13
62
49
14
6
30
8
38
45
51
67
61
46
24
4
12
25
26
57
64
56
31
52
9
41
18
39
104
399
57
104
57
104
57
339
168
104
57
104
57
55
57
86
104
57
104
57
104
57
106
432
207
235
192
33
2
168
341
104
57
104
169
55
57
168
267
432
200
90
300
165
212
104
57
104
57
104
57
253
90
432
104
57
104
57
168
399
360
375
432
104
57
104
57
432
104
57
199
104
57
90
104
57
58
65
104
57
57
56
104
57
90
432
60
104
57
104
57
104
57
104
396
57
104
57
57
57
104
57
265
104
232
169
57
168
340
104
57
41
225
104
57
104
57
168
343
104
57
432
345
102
166
162
165
432
104
57
57
104
57
380
104
57
157
158
432
104
57
104
57
104
57
104
57
40
83
38
104
57
104
57
220
302
90
2
236
207
236
192
192
