1
2
2
2
2
2
2
2
2
2
2
13
12
15
16
16
16
16
16
16
16
16
16
16
16
16
16
16
16
16
16
16
16
16
16
16
16
16
16
16
16
16
16
16
16
16
16
16
16
16
16
16
16
16
16
16
16
16
16
15
62
62
62
62
62
62
62
62
62
62
62
65
65
69
15
77
77
77
77
77
77
77
77
77
77
77
77
77
77
77
77
77
77
77
77
77
77
77
77
77
77
77
77
77
77
77
77
77
77
77
77
77
77
77
77
77
77
77
77
77
77
77
77
77
77
77
77
77
77
77
77
77
77
77
77
77
77
77
77
77
77
77
77
77
77
77
77
77
77
77
77
77
77
77
77
77
77
77
77
77
77
77
77
77
77
77
77
77
170
170
77
173
173
173
173
173
77
179
179
179
77
183
183
183
99
187
77
189
189
189
189
189
189
189
189
189
189
189
189
189
189
189
189
189
189
189
189
189
189
189
189
189
189
189
189
189
189
189
189
189
189
189
77
225
201
162
57
57
57
57
57
20
159
30
30
30
30
30
70
204
204
204
215
35
35
35
35
35
202
202
202
218
218
150
208
208
208
12
66
66
134
146
169
169
224
224
224
224
224
224
224
224
224
224
224
224
224
224
224
224
224
221
8
8
8
138
138
138
164
29
29
29
29
29
157
192
223
210
149
168
198
213
199
24
24
24
24
24
24
167
209
21
31
31
31
31
31
151
194
194
9
9
9
9
9
39
39
39
153
160
160
65
28
28
69
69
69
73
207
207
207
19
19
182
182
137
137
18
18
216
216
68
68
143
145
147
185
33
33
33
33
33
33
212
212
25
25
25
25
25
163
72
193
193
32
32
32
32
32
158
158
23
23
23
23
23
23
27
27
27
27
71
219
155
196
195
217
217
154
220
132
141
7
7
7
7
10
10
10
10
10
10
200
37
37
37
148
186
130
130
130
130
152
140
206
206
206
38
38
38
38
38
22
22
22
22
22
211
211
135
136
166
144
161
56
56
156
222
26
26
26
26
26
26
181
181
6
6
133
139
203
203
203
11
11
67
165
188
131
131
36
36
36
36
36
197
205
205
205
34
34
34
34
34
214
142
91
105
180
87
92
86
63
63
89
99
125
125
85
17
88
106
106
106
90
82
124
124
76
