2
3
4
5
6
7
8
9
10
11
12
13
14
15
16
17
18
19
20
21
22
23
24
25
26
27
28
29
30
31
32
33
34
35
36
37
38
39
40
41
42
43
44
45
46
47
48
49
50
51
52
53
54
55
56
57
58
59
60
61
62
63
64
65
66
67
68
69
70
71
72
73
74
75
76
77
78
79
80
81
82
83
84
85
86
87
88
89
90
91
92
93
94
95
96
97
98
99
100
101
102
103
104
105
106
107
108
109
110
111
112
113
114
115
116
117
118
119
120
121
122
123
124
125
126
127
128
129
70
131
133
134
135
136
137
138
139
140
141
142
143
144
145
146
147
148
149
150
151
152
153
154
155
156
157
158
159
160
161
162
163
164
165
166
167
168
169
170
171
172
173
174
175
176
177
178
179
180
181
182
183
184
185
186
187
188
189
190
191
192
193
194
195
196
197
198
199
200
201
202
203
204
205
206
207
208
209
210
211
212
213
215
216
217
218
219
220
221
222
223
224
225
226
227
228
229
230
231
232
233
234
235
237
238
239
240
241
242
243
244
245
246
247
248
249
250
251
252
253
254
255
256
257
258
259
260
261
262
263
264
265
266
267
268
269
270
271
272
273
274
275
276
277
278
279
280
281
282
283
284
285
286
287
288
289
290
291
292
293
294
295
296
297
298
299
300
301
302
303
304
305
306
307
308
309
310
311
312
313
314
315
316
317
318
319
320
321
322
323
324
325
326
327
328
329
330
331
332
333
334
335
336
337
338
339
340
341
342
343
344
345
346
347
348
349
350
351
352
353
354
355
356
357
358
359
360
361
362
363
364
365
366
367
368
369
370
371
372
373
374
375
376
377
378
379
380
381
382
383
384
385
386
387
388
389
390
391
392
393
394
395
396
397
398
399
400
401
402
403
404
405
406
407
408
409
410
411
412
413
415
417
418
419
420
421
422
423
424
425
426
427
428
429
430
431
432
433
434
435
436
437
438
439
440
441
443
444
445
446
447
448
449
450
451
452
453
454
455
456
457
458
459
460
461
462
463
464
465
466
467
468
469
470
471
472
473
474
475
476
477
478
479
480
481
482
483
484
485
486
459
489
490
491
492
493
494
495
496
497
498
499
500
501
502
503
504
505
506
507
508
509
510
511
512
513
514
515
516
517
518
519
520
521
522
523
524
525
526
527
528
529
530
531
532
533
534
535
536
537
538
539
540
541
542
543
544
545
546
547
548
549
550
551
552
553
554
555
556
557
558
559
560
561
562
563
564
565
566
567
568
569
570
571
572
573
574
575
576
577
578
579
580
581
276
135
63
59
86
205
23
8
3
7
22
18
449
276
236
433
431
435
472
533
217
218
219
216
329
201
18
144
345
471
58
134
149
161
265
159
204
245
246
133
133
455
20
203
196
205
210
194
18
439
390
540
547
142
529
528
526
527
203
452
91
456
79
459
92
20
18
10
471
329
333
427
267
172
270
213
246
248
241
133
153
94
96
25
24
19
110
468
469
329
66
134
281
283
284
282
565
523
541
322
32
8
19
22
110
182
67
29
18
427
328
478
448
467
61
134
321
324
470
329
56
134
60
134
239
2
284
34
207
50
292
451
205
20
8
7
11
18
106
329
394
322
321
331
92
227
290
384
540
548
151
203
310
308
205
306
312
194
8
11
18
357
292
220
300
355
356
320
317
337
323
319
330
322
316
321
336
332
334
318
468
322
32
8
267
160
164
167
270
241
133
198
266
165
270
87
246
244
133
98
32
8
161
267
164
270
246
133
523
368
322
329
335
292
11
322
161
159
165
444
133
65
189
267
191
198
164
193
165
270
187
133
359
540
205
18
56
197
134
520
493
322
39
134
292
322
329
323
94
25
24
3
7
71
134
407
343
560
340
564
562
342
563
390
576
577
219
329
328
153
469
143
348
540
547
543
542
541
545
544
315
203
199
205
200
8
18
10
7
12
407
540
542
545
538
334
483
448
467
481
448
467
216
326
331
322
282
203
35
36
148
458
462
20
267
266
167
270
133
267
160
462
164
270
177
244
241
133
2
447
297
281
278
277
206
93
227
236
139
97
134
316
283
292
322
323
333
302
576
577
51
134
54
134
347
304
329
323
283
303
393
389
322
329
325
323
332
334
335
288
281
278
284
277
218
2
226
473
135
134
2
544
463
20
34
207
50
292
451
51
20
8
7
11
18
106
322
327
316
580
579
352
564
562
566
540
538
545
575
265
159
169
164
168
165
270
268
246
133
50
452
94
49
25
20
24
8
14
322
321
331
151
448
303
205
32
11
10
356
531
281
18
133
547
541
322
111
514
576
147
267
160
176
462
164
270
244
241
133
2
447
303
323
331
544
575
41
43
42
203
45
44
205
40
46
8
3
7
18
278
51
134
124
125
178
55
123
460
78
32
20
21
18
118
265
159
245
133
133
405
322
335
486
448
467
148
479
448
467
145
541
282
59
134
111
170
268
246
133
292
281
278
277
334
121
329
150
424
425
423
419
418
332
33
134
136
77
84
4
18
552
390
540
547
548
544
292
293
294
375
323
502
384
287
540
448
144
485
448
467
180
205
5
23
22
18
15
133
203
452
91
456
79
459
92
20
18
10
438
507
434
541
544
289
298
297
300
299
301
281
278
277
74
134
281
208
76
18
329
120
38
134
18
124
456
20
21
118
329
146
329
313
395
328
322
329
321
323
335
334
142
473
419
375
329
245
133
133
32
10
419
484
448
467
13
14
100
195
159
211
204
245
133
112
112
48
19
110
292
8
11
203
18
141
9
120
119
121
152
577
461
452
63
72
62
30
20
14
138
292
389
304
388
329
323
448
467
140
10
53
134
145
329
32
10
509
375
323
137
247
246
438
507
432
434
384
289
540
548
322
146
216
139
161
265
159
245
246
133
133
292
323
472
57
134
140
292
64
466
20
11
141
335
184
21
18
292
376
329
323
94
134
32
8
284
562
561
279
152
21
118
95
292
323
333
133
227
2
133
150
332
115
453
75
188
186
69
73
462
205
190
292
37
68
184
456
192
111
118
267
164
165
270
246
133
323
276
389
329
149
138
137
541
525
329
303
448
449
467
334
329
436
438
523
437
292
323
10
267
160
462
164
167
174
270
244
241
133
2
447
292
304
11
436
427
217
198
269
165
270
87
246
244
133
212
93
23
70
461
203
462
460
457
20
18
48
19
110
511
278
559
281
284
277
547
92
227
465
448
467
385
291
331
323
8
133
59
62
565
567
147
267
270
171
268
241
133
205
5
8
7
18
361
359
360
356
362
278
292
11
119
143
477
448
467
133
465
448
467
271
47
92
239
242
244
243
240
241
133
276
133
2
329
469
32
10
480
448
467
291
11
18
281
278
284
277
478
448
467
454
20
89
205
9
6
8
18
321
326
196
220
210
9
18
288
281
278
284
277
322
328
398
310
372
373
308
374
371
306
312
327
323
330
324
335
328
322
321
329
334
332
537
295
296
279
281
283
284
282
277
292
322
329
323
15
470
558
303
355
323
334
468
326
335
322
326
34
464
49
20
7
280
133
276
447
447
276
315
276
2
100
110
2
467
2
118
276
226
459
20
459
20
10
133
70
203
18
220
