2
3
4
5
6
7
8
9
2
12
13
14
15
16
17
18
19
20
21
22
23
24
25
26
27
28
29
30
31
32
33
34
18
37
38
39
40
41
42
43
44
45
46
47
48
49
50
51
52
53
54
55
56
57
58
60
61
62
63
65
66
67
68
69
70
71
72
69
74
75
76
77
78
79
80
81
82
83
84
85
86
87
88
89
90
91
92
93
94
95
96
97
98
99
100
101
102
103
104
105
106
107
108
109
110
111
112
113
114
115
116
117
119
120
121
122
123
125
126
127
128
129
130
131
132
133
134
135
136
137
138
139
140
141
142
144
145
146
147
148
149
150
151
152
153
154
155
156
157
158
159
160
161
162
163
164
165
166
167
168
169
170
171
172
173
174
175
176
177
178
179
180
181
182
183
184
185
186
187
188
189
190
191
192
193
194
195
192
197
198
199
200
201
202
203
204
197
206
207
208
209
210
211
212
213
214
215
216
217
218
219
220
221
222
223
224
225
226
227
228
229
230
231
232
233
234
235
236
237
238
239
240
241
242
243
223
217
214
247
248
249
250
251
252
253
254
255
256
257
258
260
261
262
263
264
265
266
267
268
269
270
271
272
273
274
275
276
277
278
279
280
281
282
283
284
285
286
287
288
289
290
291
292
293
294
295
296
297
298
299
300
301
302
303
304
305
306
307
308
309
310
311
312
313
272
315
316
317
319
320
321
322
323
324
325
326
327
320
329
330
331
332
329
12
12
12
177
261
12
211
209
185
261
261
261
49
211
210
209
86
86
16
270
86
211
209
211
209
211
210
209
211
209
211
209
211
209
264
157
211
210
209
211
209
86
170
86
86
211
209
134
141
12
145
211
209
211
209
86
211
209
12
211
209
211
209
251
254
285
272
261
261
12
145
18
210
208
247
211
210
209
13
12
134
141
86
75
145
254
75
12
12
12
135
141
12
86
14
283
12
268
263
71
70
289
251
134
141
265
86
261
210
209
211
210
254
122
286
15
75
86
86
211
209
194
193
254
86
254
134
141
211
209
38
211
209
282
178
261
86
49
145
267
211
209
269
283
12
12
75
12
122
286
211
209
330
331
49
168
49
75
281
168
12
294
38
157
211
210
209
38
261
261
211
209
211
209
49
86
211
209
211
209
266
18
12
12
157
12
272
38
157
211
210
262
211
209
274
280
12
287
145
261
38
145
12
157
211
209
86
274
280
261
31
261
261
12
69
192
329
12
261
30
31
29
12
157
18
17
12
86
329
192
69
86
86
86
86
86
272
271
261
