1
2
2
2
2
2
2
2
2
8
12
13
13
13
13
13
13
13
13
13
13
13
13
13
13
13
13
13
13
13
13
13
13
13
13
13
13
13
13
13
13
13
13
13
13
13
13
13
13
13
13
13
13
13
33
57
36
59
38
61
39
63
13
65
13
67
67
67
67
67
67
67
67
67
67
67
74
80
81
81
81
81
81
81
81
81
81
81
81
87
93
93
96
96
96
100
100
100
100
100
100
100
100
100
100
100
100
100
100
100
100
100
100
100
100
100
80
122
122
125
126
126
12
129
129
132
133
133
133
133
133
133
133
133
133
133
133
133
133
133
135
148
136
150
137
152
138
154
139
156
140
158
141
160
142
162
143
164
144
166
145
168
146
170
147
172
125
174
174
174
174
174
174
174
174
174
80
184
184
184
184
184
184
184
191
191
191
191
191
191
191
184
199
199
199
184
203
203
203
184
207
207
207
207
207
207
190
80
215
215
215
215
215
215
215
215
215
215
215
215
215
215
215
215
215
215
215
215
215
215
215
215
215
215
215
215
215
215
215
215
215
215
215
215
215
215
215
215
215
215
215
215
215
215
215
215
215
215
215
215
215
215
215
215
215
215
215
215
215
215
215
215
215
215
215
215
215
230
285
285
238
288
288
288
288
215
293
293
293
293
215
298
298
298
298
215
303
303
303
303
303
303
303
202
132
312
312
312
312
312
312
312
312
312
312
312
312
312
312
312
312
312
312
312
327
332
328
334
312
336
336
80
339
339
339
339
339
339
339
339
339
339
339
339
339
339
339
339
339
339
339
339
339
339
339
339
339
339
339
339
339
80
369
369
369
369
369
369
369
369
369
369
369
369
369
369
369
369
369
386
386
386
386
386
12
392
392
392
392
392
392
392
392
392
392
392
392
392
392
392
392
392
392
392
392
392
392
392
392
392
392
392
392
392
392
392
392
392
392
392
392
392
392
392
392
392
392
392
392
392
392
392
392
392
392
392
392
125
445
445
445
445
445
445
445
446
453
447
455
445
457
457
457
457
457
457
452
80
465
465
465
465
465
465
465
465
465
465
465
465
465
465
465
465
465
465
465
465
465
465
465
465
465
465
465
465
465
465
465
465
465
465
465
465
465
465
465
80
505
505
505
505
505
505
506
512
506
514
514
514
506
518
505
520
505
522
522
522
522
12
527
527
527
527
527
527
527
527
527
527
527
527
527
527
527
527
527
527
527
527
527
527
527
527
527
527
553
553
553
553
553
553
74
132
561
132
563
563
563
563
563
563
563
563
563
563
563
563
563
563
563
563
563
563
563
563
563
563
563
563
563
563
563
563
563
563
563
563
563
563
563
563
563
563
563
563
563
563
563
563
563
563
563
563
563
563
563
563
563
563
563
563
563
563
563
563
563
563
563
563
563
563
563
563
563
563
563
563
563
563
563
563
563
563
563
563
563
563
563
563
564
648
564
650
564
652
564
654
564
656
564
658
564
660
632
662
633
664
634
666
80
668
668
668
668
668
668
668
668
668
12
678
678
678
678
678
678
132
685
132
688
688
688
688
688
688
688
688
688
688
688
688
688
688
688
688
688
688
688
688
688
688
688
688
688
688
688
688
688
688
688
688
688
688
688
688
688
688
688
688
688
688
688
688
688
688
688
688
688
688
688
688
688
688
688
688
688
688
688
688
688
688
688
688
688
688
688
688
688
688
688
688
688
688
688
688
688
688
688
688
688
688
688
688
688
688
688
688
688
688
688
688
688
688
688
688
688
688
688
688
688
688
688
688
688
688
688
688
688
688
688
688
688
688
688
688
688
688
688
688
688
688
688
688
688
688
688
688
688
688
688
688
688
688
688
688
688
688
688
688
719
829
689
831
689
833
688
835
835
835
835
835
836
841
688
843
843
843
843
843
688
849
80
851
851
851
851
851
851
851
851
859
859
859
859
851
864
864
864
851
868
868
868
851
872
872
872
190
877
878
878
80
881
881
881
881
881
881
881
881
881
881
881
881
881
881
881
881
881
881
881
881
881
881
881
881
881
881
881
881
881
881
881
881
881
881
881
881
80
918
918
918
918
918
918
918
918
918
918
918
918
918
918
919
933
919
935
919
937
919
939
919
941
919
943
80
945
945
945
945
945
945
945
945
945
945
945
945
945
945
945
945
945
945
945
945
945
945
945
945
945
945
945
945
945
945
945
945
945
945
945
945
945
945
945
945
945
945
945
945
945
945
945
945
945
945
945
945
945
945
945
945
945
945
945
945
945
945
945
945
945
945
945
945
945
945
945
945
945
945
945
945
945
945
945
945
945
945
945
945
945
945
945
945
945
945
945
945
945
945
945
945
945
945
945
945
945
945
945
945
945
945
945
945
945
945
945
945
945
945
945
945
945
945
945
945
945
945
945
945
945
945
945
945
945
945
945
945
945
945
945
945
945
945
945
945
1085
1085
1085
1085
970
1090
1090
993
1093
1093
1093
1093
1093
1040
1099
945
1101
1101
1101
1101
1101
1101
1101
1101
1101
1101
1101
1101
1101
1101
1101
1101
1101
1101
1101
1101
1101
1101
1101
1101
1101
1101
1101
1101
1101
1101
1101
1101
1101
1101
1101
1101
1101
1101
1101
1141
1142
1142
1142
1142
1142
1142
1142
1142
1142
1142
1142
1142
1142
1142
1142
1142
1142
1142
1142
1142
1142
1142
1142
1157
1166
1162
1168
1162
1170
369
522
851
184
1028
1028
1028
1028
362
326
326
326
616
616
796
902
85
1027
1027
1027
1027
1027
1027
1027
1027
1027
780
780
1062
1062
56
785
785
785
785
1079
1079
1079
1079
1079
1079
1079
1079
1079
1079
1079
726
50
181
488
558
558
558
468
736
421
421
604
559
1023
1023
1023
1014
1014
6
811
811
811
592
90
40
296
296
296
296
296
296
476
1121
306
306
1162
494
277
469
870
870
372
372
372
372
372
1125
1125
1125
1125
1125
1125
1072
259
1061
1061
1061
1061
1061
1061
1061
1061
1061
1061
1061
1061
262
262
432
252
820
271
1124
1124
1124
1124
1124
7
404
404
1071
496
603
545
545
545
500
62
83
791
791
791
389
1154
519
519
519
885
598
493
911
734
1139
301
301
301
414
414
414
374
584
1004
589
1041
1041
1041
1041
1041
866
753
1123
249
23
999
52
737
320
743
743
743
324
324
1016
1165
816
816
240
240
240
240
240
240
240
240
240
240
240
240
240
240
240
240
246
483
247
543
543
543
42
42
884
264
264
349
1135
1135
490
554
894
827
37
376
772
857
1068
1112
448
874
600
856
856
803
1097
206
206
591
591
607
607
622
1150
761
471
627
627
627
627
627
627
627
627
627
917
917
752
1081
420
435
353
274
263
263
263
263
786
786
66
66
1158
308
308
308
308
308
871
871
1161
1161
1161
355
812
812
812
601
69
69
399
399
399
906
774
1038
1038
1038
781
781
777
43
89
89
929
1015
1015
461
461
1132
784
784
784
784
784
895
325
771
47
47
47
35
626
626
1020
1020
1020
1020
1020
1020
1020
1020
1020
1020
1020
1020
1020
1020
1020
1020
1020
243
337
267
267
995
995
460
460
723
250
373
373
373
373
727
748
202
202
1010
1010
1010
1010
783
783
783
783
783
188
188
887
597
645
912
360
751
1053
897
211
211
211
211
211
481
27
27
254
72
72
636
323
323
323
46
46
46
46
994
994
485
893
620
620
620
322
322
322
322
322
322
322
322
322
248
1059
1059
1059
474
1017
1017
1017
1017
1017
892
722
1074
641
363
265
265
265
265
269
773
1153
1153
930
463
463
463
463
463
776
638
602
260
1155
1155
801
617
427
427
183
486
931
205
205
503
1054
1054
1054
1054
1054
680
900
1115
1115
426
473
1160
1160
1160
1160
1160
1160
1160
720
1025
888
382
382
346
608
608
1001
361
176
497
401
401
401
39
39
377
605
605
32
535
535
535
1044
1044
1044
45
724
501
1096
1096
1096
429
74
74
74
1022
1022
1022
1022
1078
1078
1078
1078
1078
1078
1078
1078
1078
1078
1078
764
764
402
402
768
1117
858
858
858
858
858
858
858
858
858
858
858
858
590
590
590
538
729
1152
806
806
806
806
806
345
36
809
383
383
1092
1092
760
489
328
28
28
684
539
904
822
1111
798
814
1011
1011
1011
1011
583
890
799
9
9
9
60
352
738
258
1066
1066
1008
1008
1008
1008
1008
1008
499
928
64
78
998
998
998
390
390
1052
1052
1052
1052
1052
1052
1052
1052
1024
1024
1024
642
366
821
1064
1064
1064
615
615
307
307
307
309
309
309
309
309
637
793
793
793
793
793
886
1036
1036
1002
1039
1039
282
367
533
533
533
612
409
1032
763
908
993
993
993
993
993
993
993
993
993
993
993
993
993
993
993
993
993
993
993
993
993
993
993
993
993
993
993
993
993
993
993
993
755
354
739
284
358
905
178
280
750
750
789
789
789
789
462
462
1140
896
479
623
1083
342
913
1031
436
440
640
839
839
245
643
278
614
614
1055
84
84
417
276
740
740
644
644
644
639
534
534
253
731
251
1138
75
419
419
419
419
770
996
996
593
593
356
411
26
26
901
1159
619
619
863
863
863
863
38
38
484
625
625
927
1012
179
1084
1084
537
914
1029
1029
1029
275
456
456
1045
1045
1000
805
1060
449
302
302
556
556
754
807
88
88
20
177
628
628
628
769
281
295
439
599
8
31
31
1151
910
300
300
797
733
405
244
618
618
618
477
790
790
790
790
542
542
1069
594
495
1116
1003
400
1043
1043
1043
1043
1043
1043
434
498
97
1131
428
588
788
587
92
1063
1063
1063
1063
350
735
757
190
190
190
190
190
190
190
190
190
21
21
819
819
819
819
819
819
819
916
472
730
875
875
875
1164
609
1127
210
210
182
255
1156
1156
49
635
758
73
73
413
1007
778
365
239
239
359
611
55
55
55
55
55
430
1019
899
1114
34
491
379
1082
1082
1013
242
381
189
903
889
212
418
800
441
441
932
48
779
779
1098
898
682
1163
1163
1163
1163
1163
1163
1163
891
364
621
621
482
855
855
1050
1050
351
1034
431
431
1073
368
403
403
403
384
384
433
433
775
19
19
759
1118
766
826
71
71
1042
357
749
1065
1065
1065
1065
586
765
95
95
10
10
909
437
595
595
756
1126
287
544
1070
5
721
721
1100
51
1026
1026
1026
1026
77
1018
1018
54
54
297
840
840
762
1157
1157
201
171
44
815
815
792
792
792
792
1005
407
18
18
91
1030
1030
1030
1030
1030
725
624
624
266
1048
86
321
915
487
606
606
907
41
475
1167
1167
25
378
1037
1075
1075
867
867
671
470
375
613
613
478
504
76
480
408
408
502
438
1006
1006
1129
526
526
526
526
526
272
557
557
728
802
802
525
525
510
510
596
348
270
610
1009
1009
1009
1040
1040
347
406
180
412
415
415
997
997
997
1021
273
53
862
862
1119
1119
804
492
683
787
1047
1047
192
732
582
585
782
385
385
391
391
391
217
371
705
985
707
229
697
235
920
575
690
947
947
565
692
946
695
14
530
314
852
694
711
572
708
698
964
706
507
221
221
704
447
969
185
458
700
508
693
299
569
571
715
464
876
876
876
11
214
214
214
