2
3
4
5
6
7
8
9
10
11
13
14
15
16
17
18
19
20
21
22
23
24
25
26
27
28
29
30
31
32
33
34
35
36
37
38
39
40
41
42
43
44
45
46
47
48
49
50
51
52
53
54
55
56
57
58
59
60
61
62
63
64
65
66
67
68
69
70
71
72
73
74
75
76
77
78
79
81
82
83
84
85
86
87
88
89
90
91
92
93
94
95
97
98
99
101
102
103
104
105
106
107
108
109
110
111
112
113
114
115
116
117
118
119
120
121
122
123
124
126
127
128
129
130
131
133
134
135
136
137
138
139
140
141
142
143
144
145
146
147
148
149
150
151
152
153
154
155
156
157
158
159
160
161
162
163
164
165
166
167
168
169
170
171
172
173
174
175
176
177
178
179
180
181
182
183
184
185
186
187
188
189
190
191
192
193
194
195
196
197
198
199
200
201
202
203
204
205
206
207
208
209
210
211
212
213
214
215
216
217
218
219
220
221
222
223
224
225
226
227
228
229
230
231
232
233
234
235
236
237
238
239
240
241
242
243
244
245
246
247
248
249
250
251
252
253
254
255
256
257
258
259
260
261
262
263
264
265
266
267
268
269
270
271
272
273
274
275
276
277
278
279
280
281
282
283
284
285
286
287
288
289
290
291
292
293
294
295
296
297
298
299
300
301
302
303
304
305
306
307
308
309
310
311
312
313
314
315
316
317
318
319
320
321
322
323
324
325
326
327
328
329
330
331
332
333
334
335
336
337
338
339
340
341
342
343
344
345
346
347
348
349
350
351
352
353
354
355
356
357
358
359
360
361
362
363
364
365
366
367
368
369
370
371
372
373
374
375
376
377
378
379
380
381
382
383
384
385
386
387
388
389
390
391
392
393
394
395
396
397
398
399
400
401
402
403
404
405
406
407
408
409
410
411
412
413
414
415
416
417
418
419
420
421
422
423
424
425
426
427
428
429
430
431
432
433
434
435
436
437
438
439
440
441
442
443
444
445
446
447
448
449
450
451
452
453
454
455
456
457
458
459
460
461
462
463
464
465
466
467
468
469
470
471
472
473
474
475
476
477
478
479
480
481
482
483
484
485
486
487
488
489
490
491
492
493
494
495
496
497
498
499
500
501
502
503
504
505
506
507
508
509
510
511
512
513
514
515
516
517
518
519
520
521
522
523
524
525
526
527
528
529
530
531
532
533
534
535
536
537
538
539
540
541
542
543
544
545
546
547
548
549
550
551
552
553
554
555
556
557
558
559
560
561
562
563
564
565
566
567
568
569
570
571
572
573
574
575
576
577
578
579
580
581
582
583
584
585
586
587
588
589
590
591
592
593
594
595
596
597
598
599
600
601
602
603
604
605
606
607
608
609
610
611
612
613
614
615
616
617
618
619
620
621
622
623
624
625
626
627
628
629
630
631
632
633
634
635
636
637
638
639
640
641
642
643
644
645
646
647
648
649
650
651
652
653
654
655
656
657
658
659
660
661
662
663
664
665
666
667
668
669
670
671
672
673
674
675
676
677
678
679
680
681
682
683
684
685
686
688
689
690
691
692
693
694
695
696
697
698
699
700
701
702
703
704
705
706
707
708
709
710
711
712
713
714
715
716
717
718
719
720
721
722
723
724
725
726
727
728
729
730
731
732
733
734
735
736
737
738
739
740
741
742
743
744
745
746
747
748
749
750
751
752
753
754
755
756
757
758
759
760
761
762
763
764
765
766
767
768
769
770
771
772
773
774
775
776
777
778
779
780
781
782
783
784
785
786
787
788
789
790
791
792
793
794
795
796
797
798
799
800
801
802
803
804
805
806
807
808
809
810
811
812
813
814
815
816
817
818
819
820
821
822
823
824
825
826
827
828
829
830
831
832
833
834
835
836
837
838
839
840
841
842
843
844
845
846
847
848
849
850
851
852
853
854
855
856
857
858
859
860
861
862
863
864
865
866
867
868
869
870
871
872
873
874
875
876
878
879
880
881
882
883
884
885
886
887
888
889
890
891
892
893
894
895
896
897
898
899
900
901
902
903
904
905
906
907
908
909
910
911
912
913
914
915
916
917
918
919
920
921
922
923
924
925
926
927
928
929
930
931
932
933
934
935
936
937
938
939
940
941
942
943
944
945
946
947
948
949
950
951
952
953
954
955
956
957
958
959
960
961
962
963
964
965
966
967
968
969
970
971
972
973
974
975
976
977
978
979
980
981
982
983
984
985
986
987
988
989
990
991
992
993
994
995
996
997
998
999
1000
1001
1002
1003
1004
1005
1006
1007
1008
1009
1010
1011
1012
1013
1014
1015
1016
1017
1018
1019
1020
1021
1022
1023
1024
1025
1026
1027
1028
1029
1030
1031
1032
1033
1034
1035
1036
1037
1038
1039
1040
1041
1042
1043
1044
1045
1046
1047
1048
1049
1050
1051
1052
1053
1054
1055
1056
1057
1058
1059
1060
1061
1062
1063
1064
1065
1066
1067
1068
1069
1070
1071
1072
1073
1074
1075
1076
1077
1078
1079
1080
1081
1082
1083
1084
1085
1086
1087
1088
1089
1090
1091
1092
1093
1094
1095
1096
1097
1098
1099
1100
1101
1102
1103
1104
1105
1106
1107
1108
1109
1110
1111
1112
1113
1114
1115
1116
1117
1118
1119
1120
1121
1122
1123
1124
1125
1126
1127
1128
1129
1130
1131
1132
1133
1134
1135
1136
1137
1138
1139
1140
1142
1143
1144
1145
1146
1147
1148
1149
1150
1151
1152
1153
1154
1155
1156
1157
1158
1159
1160
1161
1162
1163
1164
1165
1166
1167
1168
1169
1170
1171
465
520
215
215
1026
964
992
963
341
328
327
314
576
567
728
917
82
1018
1024
1045
1061
1081
1029
1021
1042
986
620
704
1061
964
65
787
637
595
712
670
674
1081
726
1080
975
977
974
962
976
981
643
24
175
466
559
558
726
466
711
422
395
576
541
1063
1062
1021
955
990
3
800
690
691
570
82
14
297
266
726
1060
294
945
466
1123
305
304
1163
466
230
467
84
869
931
930
371
370
386
1057
1058
1126
1103
1104
881
1075
237
1059
1056
1025
1055
983
992
973
963
964
968
962
986
236
223
433
945
707
230
1127
1017
1081
1125
1066
8
399
392
971
466
576
139
541
13
466
39
82
587
728
625
387
1142
751
777
522
917
576
466
917
705
1109
1007
299
945
726
140
410
373
581
970
568
1045
1008
964
978
965
865
601
1112
252
16
970
24
636
322
726
561
843
724
318
1018
1146
596
728
246
241
229
228
227
225
231
223
219
234
220
224
232
233
221
226
228
466
252
541
726
531
24
726
882
236
223
341
1081
1105
466
527
917
825
38
373
613
854
981
986
445
873
576
858
854
690
1081
204
945
594
576
576
567
576
1142
718
466
630
628
629
631
576
567
577
579
578
883
882
598
966
410
437
341
230
236
235
223
303
713
714
24
23
1146
310
307
1060
305
945
869
945
1149
1148
1143
341
723
813
690
576
77
13
400
131
398
917
615
1031
1032
1034
623
704
600
24
87
82
923
990
991
450
458
1129
787
786
740
590
712
917
314
612
24
137
46
27
576
567
1059
1009
1061
1084
1021
1064
1025
1042
1019
1045
1063
1044
1062
1081
1029
1022
1023
225
726
510
726
1081
972
458
445
692
252
391
382
371
370
697
716
200
945
1084
740
982
963
787
591
786
740
712
190
187
917
576
646
917
341
597
986
917
212
1060
208
209
945
466
24
25
262
78
726
576
820
325
821
24
138
726
136
1081
962
466
917
643
621
576
337
324
323
724
330
321
326
316
315
252
1008
992
963
466
1014
990
980
991
962
917
639
962
643
341
261
236
223
234
238
614
1144
1143
921
452
726
458
459
174
617
576
576
261
1144
1143
726
576
431
424
175
466
924
84
204
466
1017
1061
1055
964
968
679
917
1081
1108
427
466
1164
1147
1149
1145
1148
1144
1143
589
1026
917
928
472
341
576
567
970
341
175
466
398
394
392
34
40
373
576
567
33
541
531
553
1008
946
962
46
693
466
672
673
1081
431
78
74
726
1045
1008
1042
968
671
1081
726
124
675
676
975
977
974
962
976
765
718
398
392
609
1081
284
726
270
281
278
267
853
215
868
872
864
859
595
594
576
531
698
1142
722
809
586
585
690
341
41
695
472
929
1008
276
608
466
329
24
25
678
541
917
710
1102
632
690
1014
1084
982
962
565
917
633
7
6
4
41
341
637
237
1067
962
983
966
979
962
963
978
466
922
40
24
1081
989
981
388
387
1081
949
948
950
954
951
952
953
1063
1062
1022
575
341
708
1065
1056
968
576
567
304
945
945
310
307
1060
305
945
576
765
767
766
629
764
917
1032
1027
970
1031
1032
283
341
532
529
527
576
410
987
718
882
1017
726
740
272
259
246
1075
261
245
1008
1052
980
969
947
231
981
223
234
982
983
972
236
235
985
984
232
233
989
986
215
339
1101
603
341
638
268
341
917
175
280
589
594
587
728
624
817
451
458
1109
917
466
576
967
341
917
1027
437
441
565
837
701
227
571
280
576
567
1081
726
81
410
230
588
728
645
640
565
572
532
527
247
699
252
1013
68
407
424
740
410
611
1081
962
574
570
341
410
24
25
917
1145
576
580
1060
860
861
945
32
39
466
576
567
922
990
175
749
728
528
917
1041
1043
965
230
457
457
979
963
970
723
992
447
299
945
559
726
602
694
87
82
13
175
629
579
578
610
280
294
400
576
3
24
726
1142
917
299
945
728
713
396
226
619
643
576
466
587
728
626
818
141
541
981
568
466
1115
970
726
1044
1081
1008
979
964
962
435
466
343
1057
429
576
712
581
82
1065
1056
968
963
341
706
605
284
270
278
267
215
207
203
191
199
16
67
630
762
628
761
629
631
763
917
466
584
1082
873
945
1144
576
1128
208
209
175
261
1158
1157
50
576
606
78
726
414
962
618
341
269
215
341
576
24
23
76
54
16
431
990
917
1102
36
466
373
677
977
1014
224
382
187
917
917
213
410
634
424
439
925
24
620
704
1081
917
678
1164
1147
1149
1145
1148
1144
1143
917
341
576
580
466
269
851
1081
1051
341
988
400
410
971
341
399
394
392
931
472
437
424
616
17
13
607
1081
718
825
77
67
978
341
595
1045
1081
1042
964
573
718
726
339
3
4
917
400
599
566
604
881
265
541
1075
3
593
717
1081
24
1008
946
964
992
75
964
962
75
16
945
837
701
718
1158
1163
200
726
24
635
728
819
587
728
627
970
396
15
13
82
1081
1008
964
962
986
696
576
567
881
1081
82
312
917
466
576
567
917
42
466
1158
1163
24
373
1032
981
222
865
945
672
467
373
576
567
466
466
68
466
410
396
466
439
964
986
1057
511
740
751
524
523
230
559
726
698
850
715
524
523
521
508
567
341
726
576
1084
982
962
1081
962
340
393
175
410
414
410
1081
989
981
1022
230
24
860
861
1112
1123
690
466
678
713
1081
1066
215
714
569
576
622
472
932
382
388
387
215
386
812
215
826
215
722
298
918
641
688
945
945
563
803
945
810
13
527
312
851
808
815
640
827
806
1085
814
505
215
215
816
457
945
184
445
811
520
804
945
583
644
849
174
270
868
864
3
270
203
199
