2
3
4
5
6
7
8
9
10
11
12
13
14
15
16
17
10
19
20
5
6
23
24
25
26
27
28
29
30
31
33
34
35
36
37
38
39
40
41
42
43
44
45
46
48
49
50
51
52
53
54
55
56
57
58
59
60
61
62
63
50
65
53
54
55
69
70
71
72
73
74
75
76
77
78
79
80
82
83
84
85
86
87
88
89
90
91
92
93
94
95
96
97
98
99
100
101
102
103
104
105
106
90
102
96
111
100
113
114
115
116
117
118
101
121
122
123
124
125
126
127
128
129
130
131
132
133
134
135
136
137
138
139
140
141
142
143
144
145
146
147
148
149
150
151
152
153
154
155
156
157
158
160
161
162
163
164
165
166
167
168
169
170
171
172
173
174
175
159
148
159
40
100
10
4
6
3
102
60
165
50
25
144
159
154
57
50
51
70
34
35
33
33
34
164
161
150
149
80
70
81
144
166
162
164
167
165
163
49
51
146
97
104
4
5
3
53
56
58
87
94
48
48
50
69
69
98
101
91
89
90
84
83
129
166
165
55
54
59
102
60
4
5
48
91
88
62
51
50
147
155
74
150
149
46
34
36
35
47
33
33
164
161
70
50
125
146
159
57
50
51
4
5
6
82
129
131
132
134
155
70
88
107
53
57
49
51
165
144
91
89
87
95
86
94
93
88
90
84
85
107
69
69
102
87
95
91
92
86
85
34
129
134
100
10
104
4
3
25
24
70
34
36
34
128
70
25
24
82
155
49
50
51
87
95
25
24
160
82
82
160
2
88
107
58
87
53
102
87
95
50
165
25
24
24
82
57
50
51
5
62
50
3
100
10
4
144
53
87
94
48
100
55
54
10
59
102
60
4
5
97
104
4
5
3
93
107
98
101
91
89
90
84
83
