2
3
4
5
6
7
8
9
10
11
12
13
14
16
17
18
19
20
21
22
23
24
25
26
27
28
29
30
31
32
33
34
35
36
37
38
39
40
41
42
43
44
45
46
47
48
49
50
51
52
53
54
55
56
57
58
59
60
61
62
63
64
65
66
67
68
69
70
71
72
73
74
75
76
77
78
79
80
72
73
3
4
5
7
19
20
46
46
61
19
46
70
19
76
46
52
49
47
51
48
48
78
77
50
49
64
19
21
46
63
19
21
46
49
52
19
17
18
46
54
76
50
80
54
76
59
29
58
19
46
65
67
19
46
68
19
76
46
59
19
46
27
63
69
19
76
46
76
21
22
51
19
57
19
46
62
19
46
78
77
54
76
53
56
46
65
67
19
22
46
17
18
19
64
19
46
53
51
60
29
57
19
46
12
11
71
29
46
66
19
46
48
54
76
47
19
17
18
46
46
72
72
76
46
