2
3
4
5
6
7
8
9
10
11
12
13
14
15
16
17
18
19
20
21
22
23
24
25
26
27
28
29
30
31
32
33
34
35
36
37
38
39
40
41
42
43
44
45
46
47
48
49
50
51
52
53
54
55
56
57
58
59
60
61
62
63
64
65
66
67
68
69
70
71
72
73
74
75
76
77
78
79
80
81
82
83
84
85
86
87
88
89
90
91
92
93
94
95
96
97
26
99
100
102
103
104
105
106
107
108
109
110
111
112
113
114
115
116
117
118
119
120
121
122
123
124
125
126
127
128
129
130
131
132
133
134
135
136
137
138
139
140
141
142
143
144
145
146
147
149
150
151
152
153
154
155
156
157
158
159
160
161
162
163
164
165
166
167
168
169
170
171
172
173
174
175
176
177
178
179
180
181
182
183
184
185
186
187
188
189
190
191
192
193
194
195
196
197
198
199
200
201
202
203
204
205
206
207
208
209
210
211
212
213
214
215
216
217
218
219
220
221
222
223
224
225
226
227
228
229
230
231
232
233
234
235
236
237
238
239
240
241
242
243
244
245
246
247
248
249
250
251
252
253
254
255
256
257
258
259
260
261
262
263
264
265
266
267
268
269
270
271
272
273
274
275
276
277
278
279
280
281
282
283
284
285
286
287
288
289
290
291
292
293
294
295
296
297
298
299
300
301
302
303
304
305
306
307
308
309
311
312
313
314
315
316
317
318
319
320
321
322
323
324
325
327
328
329
330
331
332
333
334
335
336
337
338
339
340
341
342
343
344
345
346
347
348
349
350
351
352
353
354
355
356
357
358
359
360
361
362
363
364
366
367
368
369
370
371
372
373
374
375
376
377
378
379
380
381
382
383
384
385
386
387
388
389
390
391
392
393
394
395
396
397
398
399
400
401
402
403
404
405
406
407
408
409
410
411
412
413
414
415
416
417
418
419
420
421
422
423
424
425
426
427
428
429
430
431
432
433
434
435
436
437
438
439
440
441
442
443
444
445
446
447
448
449
450
451
452
453
454
455
456
457
458
459
460
461
462
463
464
465
466
467
468
469
470
471
472
473
474
475
476
477
478
479
480
481
482
483
484
485
486
487
488
489
490
491
492
493
494
495
496
497
498
499
500
501
502
503
504
505
506
507
508
509
510
511
512
513
514
515
516
517
518
519
520
521
522
523
524
525
526
527
528
529
530
531
532
533
534
535
536
537
538
539
540
541
542
543
544
545
546
547
548
549
550
551
552
553
554
555
557
558
559
560
561
562
563
564
565
566
567
568
569
570
571
572
573
574
575
576
577
578
579
580
581
582
583
584
585
586
587
588
589
590
591
592
593
594
595
596
597
598
599
600
601
602
603
604
605
606
607
608
609
610
611
612
613
614
615
616
617
618
619
620
621
622
623
624
625
626
627
628
629
630
631
632
633
634
635
636
637
638
639
640
641
642
643
644
645
646
647
648
649
650
651
652
653
654
655
656
657
658
659
660
661
662
663
664
665
570
571
612
611
670
671
672
673
623
623
623
195
184
616
314
173
150
582
179
393
20
412
36
35
10
389
10
585
587
559
562
159
10
11
9
407
324
32
316
52
51
33
10
3
16
4
13
15
18
9
311
10
4
407
56
10
124
141
137
103
109
104
131
586
388
202
173
132
384
180
410
408
660
661
341
633
634
559
630
631
371
385
105
106
133
387
316
15
311
423
192
189
161
152
182
386
377
380
415
650
648
649
647
313
166
372
185
413
139
109
131
413
196
416
561
658
587
650
559
647
648
649
653
560
558
562
651
408
412
181
367
313
314
42
163
324
317
316
325
105
106
103
110
107
311
375
374
398
405
43
71
13
188
23
163
421
664
611
596
597
561
559
565
562
566
569
659
368
617
618
419
561
105
108
106
103
107
109
131
311
105
106
341
328
331
420
391
373
176
397
567
563
564
562
50
10
4
11
15
380
187
10
4
568
561
611
596
597
561
559
565
562
569
422
381
404
637
615
69
18
393
571
562
570
71
75
10
7
134
371
105
106
191
563
564
562
189
164
18
379
426
20
5
202
417
175
561
637
638
615
197
389
25
201
561
424
199
195
563
561
564
565
562
566
629
667
636
646
625
562
569
4
9
343
185
611
561
559
160
658
650
652
648
559
649
647
653
560
562
651
418
157
369
375
196
330
329
423
411
169
22
378
184
395
561
562
406
314
330
328
331
312
571
562
570
640
12
420
190
394
382
170
155
402
376
69
18
391
629
4
13
7
18
409
45
46
4
17
194
157
153
389
621
620
638
615
106
315
29
15
311
200
409
399
361
333
425
385
132
167
313
314
311
177
562
192
415
414
368
159
404
171
132
133
135
134
641
644
640
559
418
377
4
13
15
154
561
559
567
14
10
105
106
559
10
9
135
314
156
175
376
186
15
10
422
392
416
390
313
559
425
602
561
119
105
392
154
197
178
405
178
390
183
616
169
414
665
587
559
662
558
660
661
166
10
13
622
559
562
615
10
7
9
56
9
158
186
517
510
426
584
561
559
562
162
406
584
591
561
559
562
8
168
19
10
421
181
342
108
107
179
108
106
110
107
109
427
171
150
153
24
401
172
559
558
562
622
639
563
559
564
562
615
636
561
373
105
108
106
132
133
135
134
374
399
424
133
158
134
151
172
625
316
121
105
108
103
110
109
107
131
311
428
395
312
384
162
419
170
600
601
199
10
394
427
396
402
48
49
4
26
13
18
19
174
413
383
191
561
177
313
314
388
397
200
180
187
106
103
151
370
182
316
105
108
107
311
188
414
398
649
378
168
160
659
659
382
183
13
7
24
25
21
22
6
12
23
4
14
20
5
417
2
561
316
141
324
105
108
106
103
110
109
107
131
311
360
359
190
400
403
636
386
428
174
379
176
569
383
44
3
16
4
18
381
410
324
313
311
106
103
165
370
135
627
559
626
201
561
562
156
198
13
561
331
164
43
10
9
358
165
198
152
401
155
341
328
331
57
3
4
17
193
47
161
336
363
359
9
396
193
372
328
329
403
387
411
316
15
311
7
369
11
334
328
332
340
339
367
400
568
317
316
117
116
325
143
105
108
103
110
107
109
131
311
617
618
105
106
167
194
324
316
311
667
667
311
615
131
615
623
623
667
667
659
203
358
358
49
26
4
13
18
19
49
4
13
19
571
562
570
571
562
570
612
611
612
317
325
311
611
324
317
325
316
311
330
328
