1
2
2
2
2
2
2
2
2
2
2
2
2
2
2
2
2
2
20
21
22
23
24
26
27
24
30
31
31
31
31
34
36
24
39
40
24
1
43
43
43
43
43
43
43
43
43
43
43
43
43
43
43
43
43
43
43
43
43
43
43
43
43
68
68
68
68
68
68
68
68
77
78
79
24
82
83
83
83
83
83
83
83
83
83
83
83
83
83
83
83
83
83
83
83
83
83
83
83
83
83
83
107
107
112
113
113
113
113
113
113
113
113
113
113
113
119
125
113
127
113
129
129
129
129
129
129
129
129
129
129
129
129
62
62
62
62
62
62
62
62
62
97
97
97
124
98
98
103
8
8
58
101
101
107
107
107
34
16
16
16
100
109
109
106
106
106
106
106
106
106
106
106
106
121
33
104
59
11
11
17
17
17
105
105
105
105
138
138
137
136
136
136
136
136
136
64
64
64
64
64
64
64
64
64
64
123
123
14
14
14
122
122
10
10
12
12
13
13
13
65
65
61
66
63
99
99
99
139
139
139
139
108
108
35
35
60
60
60
60
9
9
96
96
96
15
15
15
126
57
18
18
18
86
52
119
134
115
85
110
110
20
111
21
21
