1
2
2
2
2
2
2
2
2
2
2
2
2
2
16
17
1
18
18
18
18
18
18
18
18
18
18
18
18
18
18
18
18
18
18
18
18
18
18
18
41
41
41
41
41
41
41
41
18
50
50
50
50
50
50
50
50
50
50
50
18
62
62
62
62
62
62
62
62
62
62
35
36
37
39
40
78
78
32
33
33
35
83
84
84
84
84
84
84
84
84
84
84
84
84
84
84
84
84
84
84
84
84
84
100
83
107
107
107
107
107
107
107
107
107
107
107
119
112
112
112
112
112
125
126
126
126
126
126
126
126
126
126
126
126
126
126
126
126
126
126
126
126
126
126
126
126
126
126
126
126
126
126
126
126
126
126
126
126
126
126
126
126
126
126
126
126
126
126
126
126
126
126
126
176
176
176
176
126
181
126
183
126
185
126
187
150
189
126
191
191
191
191
191
191
191
126
199
199
199
199
165
204
169
206
172
208
208
208
208
208
214
214
214
126
218
218
218
218
218
218
218
154
154
84
148
148
148
148
148
148
198
198
198
198
198
198
33
33
33
33
33
33
33
33
33
33
33
33
33
162
143
143
143
143
143
143
143
143
143
143
48
48
48
97
97
97
159
111
37
37
37
37
37
37
37
37
37
37
37
37
37
37
184
105
58
58
58
70
46
96
96
96
166
166
166
31
31
31
31
165
165
186
186
169
169
170
168
168
49
49
49
163
163
163
35
35
35
35
35
35
35
35
35
35
35
35
35
35
35
35
35
153
153
173
173
173
173
173
173
10
112
140
140
164
164
164
164
207
141
141
146
146
146
146
146
146
205
205
34
142
142
142
142
32
32
32
32
32
32
32
32
32
32
32
32
32
99
99
147
147
147
147
147
98
98
98
171
161
161
161
161
221
221
47
47
47
47
72
102
102
102
102
102
102
71
110
11
139
139
139
139
139
139
101
101
101
101
101
101
101
101
36
36
36
36
36
36
36
36
36
36
36
36
36
36
190
190
190
68
174
223
223
179
118
12
60
60
60
167
8
13
160
160
160
38
38
38
38
38
38
38
38
38
38
38
38
38
180
180
59
59
59
39
39
39
39
39
39
39
39
182
100
100
100
100
100
100
100
100
100
61
61
61
151
151
151
149
149
202
202
144
150
150
150
203
203
203
203
203
157
69
115
14
40
40
40
40
40
40
40
40
40
156
103
103
152
152
158
158
57
45
45
45
55
54
53
138
56
81
81
73
76
77
