1
2
2
2
2
2
2
2
2
2
11
12
2
14
14
14
14
14
14
14
14
14
14
14
14
10
28
29
29
29
29
29
29
29
29
29
29
29
29
29
29
29
29
29
29
29
29
29
29
29
29
29
29
29
29
29
29
29
29
29
29
29
29
29
29
29
29
29
29
29
29
29
29
29
29
29
29
29
29
29
29
29
29
29
29
29
29
29
29
29
29
29
36
95
29
97
97
97
48
101
29
103
103
29
106
106
106
106
49
111
111
50
114
114
51
117
117
52
120
120
53
123
56
125
58
127
60
129
29
131
131
131
131
135
135
135
135
137
140
131
142
142
142
142
142
142
71
149
72
151
29
153
29
155
155
29
158
158
158
158
158
29
164
29
166
29
168
168
29
171
171
171
171
171
177
105
179
62
181
182
182
182
182
186
186
186
182
190
190
190
190
182
195
195
195
195
195
183
202
203
203
203
203
203
203
203
203
203
203
203
203
203
203
203
203
203
203
203
222
222
222
222
222
222
222
222
203
231
231
231
231
231
231
231
231
203
240
240
240
240
240
240
240
240
240
204
250
252
254
255
255
255
255
255
255
255
255
255
255
255
255
255
255
255
255
255
255
255
255
255
255
255
255
255
255
255
255
271
284
273
286
263
288
277
290
280
292
292
292
292
292
298
298
298
282
302
283
304
304
255
307
307
307
307
307
307
307
316
317
318
318
318
318
318
318
318
318
318
318
318
318
318
318
318
318
318
318
318
318
318
318
318
318
318
318
318
318
318
318
318
318
318
318
318
318
318
318
318
318
339
360
361
361
361
361
361
361
361
361
361
361
361
361
361
361
361
361
361
361
361
361
361
361
361
361
361
361
361
361
361
370
391
371
393
372
395
361
397
399
400
400
400
400
400
400
400
400
400
202
410
410
410
410
414
414
414
166
164
142
135
49
49
369
369
369
369
369
369
351
351
351
351
212
212
212
212
57
57
57
229
229
229
229
229
285
285
285
285
285
188
244
350
350
350
350
124
116
247
247
247
247
113
338
338
338
338
338
338
48
48
48
48
48
216
216
274
274
274
93
273
273
78
50
50
176
176
176
102
370
62
86
333
333
333
333
333
333
227
227
227
227
280
132
132
132
138
377
377
377
377
287
52
52
52
337
337
337
337
337
411
411
411
348
348
348
348
137
148
148
148
367
367
367
367
367
367
60
382
382
382
382
382
382
341
385
99
228
228
228
246
58
58
122
122
122
146
146
146
312
312
213
213
213
213
331
331
331
331
331
331
331
331
331
365
365
365
365
365
365
89
183
374
374
374
374
374
374
80
91
194
194
194
24
392
65
65
65
65
65
65
65
65
65
65
336
266
340
340
340
340
340
376
376
376
376
376
376
409
85
237
237
79
23
23
23
23
23
23
23
23
23
23
249
345
345
345
345
44
297
51
51
352
352
352
352
371
270
238
238
238
238
238
88
281
268
217
217
217
69
69
264
282
381
283
368
368
368
368
368
368
10
10
10
10
10
10
10
10
10
10
53
53
199
199
199
199
72
72
347
347
347
349
349
349
63
90
277
277
372
200
200
200
276
276
272
272
272
245
245
22
22
378
68
68
68
68
248
291
346
346
354
354
354
396
412
412
412
54
54
394
128
110
310
310
379
353
353
353
353
358
358
358
358
358
358
55
55
383
383
383
383
383
366
366
366
366
366
366
384
384
384
384
384
189
271
271
130
160
339
339
339
339
339
339
236
236
100
100
100
193
193
81
332
332
332
332
332
332
215
215
84
275
275
344
344
269
220
220
220
220
220
175
175
175
413
413
218
218
218
218
218
364
364
364
364
364
386
87
94
94
43
380
306
355
355
355
71
71
251
375
375
375
375
375
375
373
373
373
373
373
373
373
373
56
56
161
214
214
356
356
356
185
185
219
219
219
219
47
184
184
184
184
184
184
184
265
334
334
334
334
334
334
335
335
335
335
335
335
335
267
221
221
221
70
70
70
416
45
45
45
45
230
230
230
230
230
230
223
223
209
241
241
39
39
38
38
32
205
401
207
262
40
40
263
196
211
211
37
37
224
226
226
33
178
359
359
359
