1
2
2
2
2
2
2
2
9
10
12
13
13
13
17
18
19
19
19
19
24
1
25
25
25
25
25
25
25
25
25
25
25
25
25
25
39
25
41
25
43
25
45
25
47
25
49
49
25
52
52
25
55
25
57
25
59
59
62
63
64
65
66
67
68
69
70
70
70
70
75
1
76
76
76
76
76
76
76
76
76
76
76
76
76
76
76
76
76
76
76
76
76
76
76
76
76
76
76
76
76
76
76
76
76
76
76
76
76
76
76
76
116
76
118
76
120
76
122
76
124
76
126
126
76
129
129
129
76
133
76
135
76
137
137
137
137
137
137
137
137
137
137
137
76
149
92
151
153
154
154
154
154
154
154
154
154
154
154
154
154
154
154
154
154
154
154
154
154
154
154
154
154
154
154
154
154
154
154
154
154
154
154
154
154
154
175
192
176
194
177
196
178
198
179
200
182
202
188
204
183
185
186
187
188
189
135
133
35
35
35
102
102
102
101
101
101
105
105
105
33
33
33
36
36
36
115
115
115
115
115
115
139
150
150
7
7
53
31
31
31
145
145
95
95
95
95
114
114
114
114
114
114
51
74
74
94
94
94
94
184
184
50
146
146
188
188
188
188
132
92
92
92
92
92
92
92
6
152
131
143
4
4
144
186
186
186
186
186
148
148
148
148
111
111
111
111
111
111
16
16
108
108
108
108
108
108
182
182
182
182
182
182
182
182
182
182
60
103
103
103
147
147
147
147
96
96
96
96
30
30
30
100
100
100
42
97
97
97
97
97
140
104
104
104
142
99
99
99
141
109
109
109
109
5
5
112
112
112
112
93
93
93
93
113
113
113
113
37
37
37
46
110
110
110
189
189
189
189
189
185
185
185
185
185
61
107
107
107
107
107
107
107
32
32
32
183
183
34
34
34
23
23
187
187
187
187
187
190
190
106
106
106
27
27
27
28
28
28
29
29
29
98
98
98
180
180
180
180
180
180
180
180
180
180
81
82
83
84
84
86
177
178
176
80
62
62
62
66
66
66
