2
3
2
6
7
8
9
10
8
7
14
15
16
17
18
19
20
21
22
23
24
25
26
27
28
29
30
31
32
33
34
35
36
37
38
39
15
41
42
44
45
46
48
49
50
51
52
53
54
55
56
57
49
60
61
62
63
64
65
66
67
68
69
62
72
73
74
75
76
77
78
79
80
81
82
83
84
85
86
87
88
89
90
91
92
93
94
95
96
97
98
99
100
101
102
103
104
105
106
107
108
109
110
111
112
113
114
115
116
117
118
119
120
121
122
123
124
125
126
127
128
129
130
131
132
133
134
135
136
137
138
139
140
141
142
143
145
146
147
148
149
150
151
152
153
154
155
156
157
158
159
160
161
162
163
164
165
166
167
168
169
170
171
172
173
174
175
176
177
178
179
180
181
182
183
184
185
186
187
188
189
190
191
192
193
194
195
196
197
198
199
200
201
202
203
204
205
206
207
208
209
210
211
212
213
214
215
216
217
218
219
220
221
222
223
224
225
226
227
228
229
230
231
232
233
234
235
236
237
238
239
240
241
242
243
244
245
246
247
248
249
250
251
252
253
254
255
256
257
258
259
260
261
262
263
264
265
266
267
268
269
270
271
272
273
274
275
276
277
278
279
280
281
282
283
284
285
286
287
288
289
290
291
292
293
294
295
296
297
298
299
300
301
302
303
304
305
306
307
308
309
310
311
312
313
314
315
316
317
318
319
320
321
322
323
324
325
326
327
328
329
330
331
332
333
334
335
336
337
338
339
340
341
342
343
344
345
346
347
348
349
350
351
352
353
354
355
356
357
358
359
360
361
362
363
364
365
366
367
368
369
370
371
372
373
374
375
376
377
378
379
380
381
382
383
384
385
386
387
388
389
390
391
392
393
394
395
396
397
398
399
400
401
402
403
404
405
406
407
408
409
410
411
412
413
414
415
416
417
418
419
420
421
422
423
424
425
426
427
428
429
430
431
432
433
434
435
436
437
438
439
440
441
442
443
444
445
446
447
448
449
450
451
452
453
454
455
456
457
458
459
460
461
462
463
464
465
466
467
468
469
470
471
472
473
474
475
476
477
478
479
480
481
482
483
484
485
486
487
488
489
490
491
492
493
494
495
496
497
498
499
500
501
503
504
505
506
507
508
509
510
511
512
513
514
515
516
517
518
510
522
523
524
525
526
527
528
529
530
531
532
533
534
535
536
537
538
539
540
541
542
543
544
545
546
547
548
549
550
551
552
553
554
555
556
557
558
559
560
561
562
563
564
565
566
567
524
569
570
571
572
573
574
575
576
577
578
579
580
581
582
583
584
585
586
587
588
589
590
591
592
593
594
595
596
597
598
599
600
601
602
603
604
605
606
607
608
571
610
611
612
613
614
615
616
617
618
619
620
621
622
623
624
625
626
627
628
629
630
631
632
633
634
635
636
637
638
616
640
641
642
643
644
645
646
647
648
649
650
651
652
653
654
655
656
657
658
659
660
661
662
663
664
665
666
667
668
669
670
671
672
673
674
675
676
677
678
679
680
681
682
683
684
685
686
687
688
689
690
691
692
693
694
695
696
697
698
699
700
701
702
703
704
705
706
707
708
709
710
711
712
713
714
715
716
717
718
701
702
703
720
721
722
723
724
725
726
727
721
729
730
731
732
733
734
735
736
737
738
739
740
741
742
734
744
570
570
134
131
642
78
642
526
581
376
493
84
642
365
363
364
667
634
620
622
140
89
642
78
642
692
642
578
601
543
524
93
642
658
642
721
555
558
556
554
540
602
543
537
524
544
603
601
560
642
711
642
669
643
642
701
665
712
711
642
22
23
20
19
571
572
467
359
659
642
596
602
603
16
721
18
736
735
602
601
629
618
659
111
110
112
89
652
6
642
72
602
620
622
422
473
102
642
642
667
525
447
534
712
131
138
644
645
642
642
135
642
642
642
642
10
75
457
655
642
736
711
98
642
642
374
145
371
642
643
642
62
388
137
642
483
642
477
571
579
580
576
712
716
481
113
117
703
703
140
95
642
642
134
131
642
131
104
642
642
712
678
642
487
22
23
87
562
561
8
671
711
642
133
642
642
655
642
643
642
372
632
619
666
642
459
22
23
15
20
19
98
642
642
488
462
511
145
655
642
393
104
642
642
655
642
712
711
131
138
74
644
645
642
128
123
124
121
669
712
678
642
473
7
667
6
72
475
653
642
642
465
712
658
667
727
721
664
642
504
642
128
494
63
559
544
485
17
113
122
381
128
109
113
119
120
115
116
114
127
118
125
130
126
108
74
365
73
363
364
75
473
504
712
711
131
138
644
645
642
100
642
642
373
559
596
578
576
573
601
595
104
143
642
642
89
142
141
642
642
463
547
549
530
531
533
542
537
543
536
535
540
538
541
532
544
539
534
615
720
489
597
45
493
448
620
618
619
617
621
462
50
44
145
386
370
559
562
561
392
735
67
547
564
736
528
561
734
61
560
634
361
530
536
535
531
533
532
644
643
645
72
78
107
642
72
503
515
513
703
20
17
19
469
692
642
461
369
642
78
642
378
22
23
63
62
541
669
135
642
671
711
138
643
644
645
642
712
678
642
9
75
655
642
712
711
131
138
644
645
642
597
104
642
642
375
145
602
603
446
655
642
580
572
576
574
575
573
581
527
671
642
455
701
529
667
93
642
642
377
643
642
95
642
642
78
107
54
642
52
72
503
712
711
131
138
644
645
642
89
642
471
665
642
548
625
547
626
618
616
601
712
678
642
643
629
630
628
616
621
655
642
540
132
139
712
131
644
645
93
642
642
133
643
73
642
642
526
665
642
562
561
712
711
131
138
644
645
642
132
131
133
712
131
138
644
645
642
134
131
652
642
642
504
136
642
642
74
73
75
6
479
712
644
643
642
642
16
84
642
22
23
20
19
78
642
95
642
642
74
73
713
703
711
131
136
645
642
642
642
382
712
678
642
381
22
23
20
19
692
642
129
712
655
642
491
450
664
642
665
642
22
72
615
6
61
733
14
48
570
509
601
523
720
736
734
734
734
504
669
703
15
510
15
49
721
721
616
721
543
524
616
721
62
524
616
62
524
616
616
616
