2
3
4
5
6
7
8
9
10
11
12
13
14
15
16
17
18
19
20
21
22
23
24
25
26
27
28
29
30
31
32
33
34
35
36
37
38
39
40
41
42
43
44
45
46
47
48
49
50
51
53
54
55
56
57
58
59
60
61
62
63
64
65
66
67
68
69
70
71
72
73
75
77
78
79
80
81
82
83
84
85
86
87
88
89
90
91
92
93
94
95
96
97
98
99
100
101
102
103
104
105
106
107
108
109
110
111
112
113
114
115
116
117
107
119
120
121
122
123
124
125
126
127
128
129
130
131
132
133
134
135
136
137
138
139
140
141
142
143
144
145
146
147
148
149
150
144
152
153
154
155
156
157
158
159
160
161
162
163
164
165
166
167
168
169
170
171
172
173
174
175
176
177
178
179
180
181
182
183
184
185
186
187
188
189
190
191
192
193
194
195
196
197
198
199
200
201
202
203
204
205
206
207
208
209
194
211
212
213
214
215
216
217
218
219
220
221
222
223
224
225
226
227
228
229
230
231
232
233
234
235
236
237
238
239
240
241
242
243
244
245
246
247
248
249
250
251
252
253
254
255
256
257
258
259
260
261
262
263
264
265
266
267
268
269
270
271
272
273
274
275
276
277
278
279
280
281
282
283
284
285
286
287
288
289
290
291
292
293
294
295
296
297
298
299
300
301
302
275
111
114
113
112
110
176
162
172
166
160
170
168
164
174
114
80
79
155
154
206
146
147
145
157
111
114
113
112
110
189
200
201
199
205
202
204
206
203
197
260
39
41
5
4
269
281
293
286
292
295
284
289
294
280
285
296
288
299
282
283
287
291
297
290
279
298
278
16
27
26
36
34
31
20
12
22
28
30
13
11
17
32
21
19
35
14
18
33
23
25
38
8
7
3
6
200
201
199
205
202
204
206
198
203
214
291
213
214
146
147
145
5
155
205
154
5
4
80
79
112
146
122
121
299
214
213
86
90
84
88
199
155
154
7
6
4
214
292
213
39
29
24
7
6
4
39
29
24
7
6
4
111
114
113
112
110
155
156
154
206
57
59
58
214
213
296
57
59
58
7
146
147
145
100
214
289
213
199
206
198
200
201
205
202
204
203
197
197
155
155
80
214
297
213
53
53
155
214
286
213
155
154
198
155
202
154
214
213
280
146
147
145
5
4
155
214
289
213
39
29
24
7
6
4
281
293
286
292
295
284
289
294
280
285
296
288
299
282
283
287
291
297
290
279
298
268
214
294
213
214
286
213
278
288
214
213
111
114
113
112
80
77
214
295
213
199
155
154
214
213
298
269
281
293
286
292
295
284
289
294
280
285
296
288
299
282
283
287
291
297
290
279
298
278
63
54
74
155
154
204
197
155
202
154
282
214
213
214
290
213
110
122
214
213
280
111
114
113
112
110
214
287
213
183
152
185
7
6
4
123
145
155
152
214
295
213
200
155
154
214
281
213
146
122
121
122
37
42
8
7
6
4
200
155
154
7
6
4
200
201
199
205
202
204
206
198
203
197
214
213
285
283
214
213
214
281
213
214
294
213
39
6
155
154
203
80
79
74
155
154
204
146
147
145
214
213
187
200
201
199
205
202
204
206
203
197
299
214
213
80
79
112
215
40
191
81
179
282
214
213
113
80
79
214
292
213
283
214
213
273
7
6
4
261
271
281
293
286
292
295
284
289
294
280
285
296
288
299
282
283
287
291
297
290
279
298
278
201
155
154
80
189
200
201
199
205
202
204
206
203
197
111
80
79
214
291
213
214
284
213
155
205
154
214
297
213
8
5
7
3
6
4
214
211
288
214
213
281
293
286
292
295
284
289
294
280
285
296
288
299
282
283
287
291
297
290
279
298
278
5
4
146
147
145
145
80
113
80
79
214
213
279
122
121
155
154
203
214
213
298
271
281
293
286
292
295
284
289
294
280
285
296
288
299
282
283
287
291
297
290
279
298
278
122
147
121
201
155
154
39
6
4
5
4
114
80
79
214
213
279
214
213
296
39
29
24
7
6
4
41
15
3
4
55
53
53
246
236
220
228
258
248
254
240
252
224
218
256
242
226
230
232
222
238
234
244
250
111
114
113
112
110
110
57
58
265
5
214
213
285
214
290
213
155
154
214
287
213
8
7
6
4
50
49
111
114
113
112
110
214
214
146
147
186
192
152
293
292
294
296
288
282
283
281
286
295
284
289
280
285
299
287
291
297
290
279
298
278
278
122
147
121
187
200
201
199
205
202
204
206
203
197
39
40
5
4
4
111
80
79
185
214
293
213
266
178
214
284
213
267
138
214
293
213
184
145
110
278
197
62
