1
2
2
1
5
5
5
5
5
5
5
12
12
12
12
12
12
12
5
20
20
20
5
24
24
24
5
28
28
28
28
28
28
11
1
36
36
36
36
36
36
36
36
36
36
36
36
36
36
36
36
36
36
36
36
36
36
36
36
36
36
36
36
36
36
36
36
36
36
36
36
36
36
36
36
36
36
36
36
36
36
36
36
36
36
36
36
36
36
36
36
36
36
36
36
36
36
36
36
36
36
36
36
36
36
36
36
36
36
36
36
36
36
36
36
36
36
36
36
36
36
36
36
36
36
36
36
36
36
36
36
36
36
36
36
36
36
36
36
36
36
36
36
36
36
36
36
36
36
36
36
36
36
36
36
36
36
36
36
36
36
36
36
36
36
36
36
36
36
36
36
36
36
36
36
176
176
176
176
61
181
181
84
184
184
184
184
184
131
190
36
192
192
192
192
192
192
192
192
192
192
192
192
192
192
192
192
192
192
192
192
192
192
192
192
192
192
192
192
192
192
192
192
192
192
192
192
192
192
192
1
232
232
232
232
232
232
232
232
232
232
232
232
232
232
232
232
232
232
232
232
232
232
232
232
232
232
232
232
232
232
232
232
232
232
232
232
232
232
232
1
272
272
272
272
272
272
272
272
272
272
272
272
272
272
273
287
273
289
273
291
273
293
273
295
273
297
299
300
300
300
300
300
300
300
300
300
300
300
300
300
300
300
300
300
300
300
315
320
316
322
300
324
324
299
327
327
327
327
327
327
327
327
327
327
327
327
327
327
327
327
327
327
327
327
327
327
327
327
327
327
327
327
327
327
327
327
327
327
327
327
327
327
327
327
327
327
327
327
327
327
327
327
327
327
327
327
327
327
327
327
327
327
327
327
327
327
327
327
327
327
327
327
327
327
327
327
327
327
327
327
327
327
327
327
327
327
327
327
327
327
327
327
327
327
327
327
327
327
327
327
327
327
327
327
327
327
327
327
327
327
327
327
327
327
327
327
327
327
327
327
327
327
327
327
327
327
327
327
327
327
327
327
327
327
327
327
327
327
327
327
327
327
327
327
358
468
328
470
328
472
327
474
474
474
474
474
475
480
327
482
482
482
482
482
327
488
1
490
490
490
490
490
490
490
490
490
490
490
496
502
502
505
505
505
509
509
509
509
509
509
509
509
509
509
509
509
509
509
509
509
509
509
509
509
509
531
532
532
532
532
532
532
532
532
532
532
532
532
532
532
532
532
532
532
532
532
532
532
532
532
532
532
532
532
532
532
532
532
532
532
532
532
532
532
532
532
532
532
532
552
576
555
578
557
580
558
582
532
584
532
586
586
586
586
586
586
586
586
586
586
586
593
531
599
599
599
599
599
599
599
599
599
599
599
599
599
599
599
599
599
599
599
599
599
599
599
599
599
599
599
599
599
599
599
599
599
599
599
599
599
599
599
599
599
599
599
599
599
599
599
599
599
599
599
599
531
652
652
1
655
655
655
655
655
655
655
655
655
655
655
655
655
655
655
655
655
655
655
655
655
655
655
655
655
655
655
655
655
1
685
685
685
685
685
685
685
685
685
685
685
685
685
685
685
685
685
702
702
702
702
702
1
708
708
708
708
708
708
708
708
716
716
716
716
708
721
721
721
708
725
725
725
708
729
729
729
11
299
734
299
736
736
736
736
736
736
736
736
736
736
736
736
736
736
736
736
736
736
736
736
736
736
736
736
736
736
736
736
736
736
736
736
736
736
736
736
736
736
736
736
736
736
736
736
736
736
736
736
736
736
736
736
736
736
736
736
736
736
736
736
736
736
736
736
736
736
736
736
736
736
736
736
736
736
736
736
736
736
736
736
736
736
736
736
737
821
737
823
737
825
737
827
737
829
737
831
737
833
805
835
806
837
807
839
841
842
842
842
842
842
842
842
842
842
842
842
842
842
842
842
842
842
842
842
842
842
842
842
842
842
842
842
842
842
842
842
842
842
842
842
842
843
879
844
881
842
883
863
299
886
889
890
890
890
890
890
890
890
890
890
890
890
890
890
890
890
890
890
890
890
890
890
890
890
905
914
910
916
910
918
299
920
920
920
920
920
920
920
920
920
920
920
920
920
920
922
935
923
937
924
939
925
941
926
943
927
945
928
947
929
949
930
951
931
953
932
955
933
957
934
959
961
962
962
962
962
962
962
962
962
968
972
973
973
976
977
977
531
980
980
980
980
980
980
1
987
987
987
987
987
987
988
994
988
996
996
996
988
1000
987
1002
987
1004
1004
1004
1004
976
1009
1009
1009
1009
1009
1009
1009
1010
1017
1011
1019
1009
1021
1021
1021
1021
1021
1021
1016
1
1029
1029
1029
1029
1029
1029
1029
1029
1029
1
1039
1039
1039
1039
1039
1039
1039
1039
1039
1039
1039
1039
1039
1039
1039
1039
1039
1039
1039
1039
1039
1039
1039
1039
1039
1039
1039
1039
1039
1039
1039
1039
1039
1039
1039
1039
1
1076
1076
1076
1076
1076
1076
1076
1076
1076
1076
1076
1076
1076
1076
1076
1076
1076
1076
1076
1076
1076
1076
1076
1076
1076
1076
1076
1076
1076
1076
1076
1076
1076
1076
1076
1076
1076
1076
1076
1076
1076
1076
1076
1076
1076
1076
1076
1076
1076
1076
1076
1076
1076
1076
1076
1076
1076
1076
1076
1076
1076
1076
1076
1076
1076
1076
1076
1076
1076
1091
1146
1146
1099
1149
1149
1149
1149
1076
1154
1154
1154
1154
1076
1159
1159
1159
1159
1076
1164
1164
1164
1164
1164
1164
1164
23
976
1173
1173
1173
1173
1173
1173
1173
1173
1173
531
1183
1183
1183
1183
1183
1183
1183
1183
1183
1183
1183
1183
1183
1183
1183
1183
1183
1183
1183
1183
1183
1183
1183
1183
1183
1183
1209
1209
1209
1209
1209
1209
593
685
1004
708
5
119
119
119
119
678
314
314
314
789
789
435
1060
494
118
118
118
118
118
118
118
118
118
419
419
153
153
575
170
170
170
170
170
170
170
170
170
170
170
424
424
424
424
365
569
1180
255
1214
1214
1214
235
375
628
628
777
1215
858
114
114
114
882
105
105
450
450
450
966
765
499
559
1157
1157
1157
1157
1157
1157
212
243
1167
1167
910
261
1138
236
727
727
688
688
688
688
688
216
216
216
216
216
216
163
152
152
152
152
152
152
152
152
152
152
152
152
1120
1123
1123
639
1113
459
1132
215
215
215
215
215
868
868
868
967
611
611
162
263
776
1201
1201
1201
267
581
430
430
430
492
705
902
1001
1001
1001
1043
771
260
1069
373
230
621
621
621
1162
1162
1162
690
757
95
762
132
132
132
132
132
723
873
873
873
392
214
1110
542
90
571
376
308
382
382
382
312
312
107
913
872
455
455
1101
1101
1101
1101
1101
1101
1101
1101
1101
1101
1101
1101
1101
1101
1101
1101
1107
250
1108
1199
1199
1199
561
561
1042
1125
1125
665
226
226
257
1210
1052
466
556
411
692
159
203
714
1012
731
773
713
713
188
442
27
27
764
764
780
780
795
898
400
238
800
800
800
800
800
800
800
800
800
866
1075
1075
391
172
627
642
669
1135
425
425
1124
1124
1124
1124
585
585
906
1169
1169
1169
1169
1169
728
728
909
909
909
451
451
451
671
774
588
588
606
606
606
1064
413
129
129
129
420
420
416
498
498
562
106
106
283
1025
1025
223
423
423
423
423
423
1053
313
410
566
566
566
554
799
799
111
111
111
111
111
111
111
111
111
111
111
111
111
111
111
111
111
1104
325
1128
1128
86
86
362
1024
1024
689
689
689
689
1111
366
387
23
23
101
101
101
101
874
874
874
422
422
422
422
422
9
9
1045
770
818
1070
676
144
390
1055
32
32
32
32
32
248
546
546
859
859
1115
591
591
809
876
876
876
311
311
311
565
565
565
565
85
85
252
877
1051
793
793
793
310
310
310
310
310
310
310
310
310
1109
150
150
150
241
108
108
108
108
108
1050
165
361
814
861
679
1126
1126
1126
1126
412
901
901
1130
284
415
1027
1027
1027
1027
1027
811
775
1121
903
903
440
790
634
634
253
1182
285
26
26
145
145
145
145
145
270
982
1058
206
206
633
240
871
908
908
908
908
908
908
908
359
116
1046
698
698
662
781
781
92
869
869
677
264
1175
608
608
608
558
558
693
778
778
551
135
135
135
1191
1191
1191
564
363
268
187
187
187
636
113
113
113
113
593
593
593
169
169
169
169
169
169
169
169
169
169
169
403
403
407
609
609
208
857
715
715
715
715
715
715
715
715
715
715
715
715
863
863
863
863
863
863
763
763
763
1194
368
900
445
445
445
445
445
661
555
448
699
699
183
183
399
256
316
547
547
986
1195
1062
461
202
437
102
102
102
102
453
756
1048
438
969
969
969
579
668
377
1119
157
157
99
99
99
99
99
99
266
282
89
89
89
583
597
706
706
143
143
143
143
143
143
143
143
115
115
115
815
682
460
155
155
155
788
788
1168
1168
1168
1170
1170
1170
1170
1170
432
432
432
432
432
810
1044
127
127
93
130
130
1143
683
1189
1189
1189
785
616
123
402
1066
84
84
84
84
84
84
84
84
84
84
84
84
84
84
84
84
84
84
84
84
84
84
84
84
84
84
84
84
84
84
84
84
394
670
378
1145
674
1063
1177
1141
389
389
428
428
428
428
1026
1026
231
1054
246
796
174
658
1071
122
643
647
813
478
478
1106
816
1139
787
787
146
493
493
624
379
379
1137
817
817
817
812
1190
1190
370
1114
1112
229
594
626
626
626
626
870
409
860
87
87
766
766
672
618
545
545
907
1059
792
792
720
720
720
720
557
557
251
798
798
281
103
1178
175
175
1193
1072
880
120
120
120
1136
1020
1020
136
136
91
444
151
1013
1163
1163
1212
1212
393
446
497
497
539
1176
408
801
801
801
1142
646
772
1156
968
550
550
899
1068
1161
1161
436
372
612
791
791
791
1105
244
429
429
429
429
1198
1198
160
767
262
207
94
607
134
134
134
134
134
134
641
265
506
222
635
761
427
760
501
154
154
154
154
666
374
396
11
11
11
11
11
11
11
11
11
540
540
458
458
458
458
458
458
458
1074
239
369
732
732
732
912
782
218
31
31
1181
1116
904
904
568
808
397
592
592
620
98
417
681
1100
1100
675
784
574
574
574
574
574
637
110
205
1057
553
258
695
173
173
104
1103
697
862
10
1061
1047
33
439
625
286
648
648
567
418
418
189
1056
984
911
911
911
911
911
911
911
1049
680
794
794
249
141
141
712
712
667
125
638
638
164
684
610
610
610
414
640
640
700
700
538
538
398
209
405
465
133
590
590
156
156
156
156
388
673
759
404
504
504
970
970
1067
644
395
768
768
217
1148
1200
161
965
360
360
191
570
117
117
117
117
596
109
109
573
573
1158
479
479
401
905
905
22
958
563
454
454
431
431
431
431
96
614
537
537
500
121
121
121
121
121
364
797
797
139
1127
495
309
1073
254
779
779
1065
560
242
915
915
544
694
128
166
166
724
724
1032
237
691
786
786
245
271
595
247
615
615
269
97
97
645
220
1008
1008
1008
1008
1008
1133
1213
1213
367
441
441
1007
1007
992
992
769
664
1131
100
100
100
783
865
865
865
865
865
131
131
663
613
1179
619
88
88
88
622
622
112
1134
572
719
719
210
210
443
259
426
985
138
138
13
371
755
421
758
701
701
707
707
707
1078
687
344
76
346
1090
336
1096
274
748
849
329
38
38
738
331
37
334
533
1186
302
709
333
350
347
745
844
337
55
843
345
989
1082
1082
343
1011
60
6
1022
339
990
332
1160
742
744
354
733
733
733
35
35
35
971
1028
