2
3
4
5
6
7
8
9
10
11
12
13
14
15
16
17
18
19
20
21
22
23
24
25
26
27
28
29
30
31
32
33
34
35
36
37
38
39
40
41
42
43
44
45
46
47
48
49
50
51
52
53
54
55
56
57
58
59
60
61
62
63
64
65
66
67
68
69
70
71
72
73
74
75
76
77
78
79
80
81
82
83
84
85
86
87
88
89
90
91
92
93
94
95
96
97
98
99
100
101
102
103
104
105
106
107
108
109
110
111
112
113
114
115
116
117
118
119
120
121
122
123
124
125
126
127
128
129
130
131
132
133
134
135
136
137
138
139
140
141
142
143
144
145
146
147
148
149
150
151
152
153
154
155
156
157
158
159
160
161
162
163
164
165
166
167
168
169
170
171
172
173
174
175
176
177
178
179
180
181
182
183
184
185
186
187
188
189
190
191
192
193
194
195
196
197
198
199
200
201
202
203
204
205
206
207
208
209
210
211
212
213
214
215
216
217
218
219
220
221
222
223
224
225
226
227
228
229
230
231
232
233
234
235
236
237
238
239
240
241
242
243
244
245
246
247
248
249
250
251
252
253
254
255
256
257
258
259
260
261
262
263
264
265
266
267
268
269
270
271
272
273
274
275
276
277
278
279
280
281
282
283
284
285
286
287
288
289
290
291
292
293
294
295
296
297
298
300
301
302
303
304
305
306
307
308
309
310
311
312
313
314
315
316
317
318
319
320
321
322
323
324
325
326
327
328
329
330
331
332
333
334
335
336
337
338
339
340
341
342
343
344
345
346
347
348
349
350
351
352
353
354
355
356
357
358
359
360
361
362
363
364
365
366
367
368
369
370
371
372
373
374
375
376
377
378
379
380
381
382
383
384
385
386
387
388
389
390
391
392
393
394
395
396
397
398
399
400
401
402
403
404
405
406
407
408
409
410
411
412
413
414
415
416
417
418
419
420
421
422
423
424
425
426
427
428
429
430
431
432
433
434
435
436
437
438
439
440
441
442
443
444
445
446
447
448
449
450
451
452
453
454
455
456
457
458
459
460
461
462
463
464
465
466
467
468
469
470
471
472
473
474
475
476
477
478
479
480
481
482
483
484
485
486
487
488
489
490
491
492
493
494
495
496
497
498
499
500
501
502
503
504
506
507
508
510
511
512
513
514
515
516
517
518
519
520
521
522
523
524
525
526
527
528
529
530
532
533
534
535
536
537
538
539
540
541
542
543
544
545
546
547
548
549
550
551
552
553
554
555
556
557
558
559
560
561
562
563
564
565
566
567
568
569
570
571
572
573
574
575
576
577
578
579
580
581
582
583
584
585
586
587
588
589
590
591
592
593
594
595
596
597
598
599
600
601
602
603
604
605
606
607
608
609
610
611
612
613
614
615
616
617
618
619
620
621
622
623
624
625
626
627
628
629
630
631
632
633
634
635
636
637
638
639
640
641
642
643
644
645
646
647
648
649
650
651
652
653
654
655
656
657
658
659
660
661
662
663
664
665
666
667
668
669
670
671
672
673
674
675
676
677
678
679
680
681
682
683
684
685
686
687
688
689
690
691
692
693
694
695
696
697
698
699
700
701
702
703
704
705
706
707
708
709
710
711
712
713
714
715
716
717
718
719
720
721
722
723
724
725
726
727
728
729
730
731
732
733
734
735
736
737
738
739
740
741
742
743
744
745
746
747
748
749
750
751
752
753
754
755
756
757
758
759
760
761
762
763
764
765
766
767
768
769
770
771
772
773
774
775
776
777
778
779
780
781
782
783
784
785
786
787
788
789
790
791
792
793
794
795
796
797
798
799
800
801
802
803
804
805
806
807
808
809
810
811
812
813
814
815
816
817
818
819
820
821
822
823
824
825
826
827
828
829
830
831
832
833
834
835
836
837
838
839
840
842
843
844
845
846
847
848
849
850
851
852
853
854
855
856
857
858
859
860
861
862
863
864
865
866
867
868
869
870
871
872
873
874
875
876
877
878
879
880
881
882
883
884
885
886
887
890
891
892
893
894
895
896
897
898
899
900
901
902
903
904
905
906
907
908
909
910
911
912
913
914
915
916
917
918
919
920
921
922
923
924
925
926
927
928
929
930
931
932
933
934
935
936
937
938
939
940
941
942
943
944
945
946
947
948
949
950
951
952
953
954
955
956
957
958
959
960
962
963
964
965
966
967
968
969
970
971
973
974
975
977
978
979
980
981
982
983
984
985
986
987
988
989
990
991
992
993
994
995
996
997
998
999
1000
1001
1002
1003
1004
1005
1006
1007
1008
1009
1010
1011
1012
1013
1014
1015
1016
1017
1018
1019
1020
1021
1022
1023
1024
1025
1026
1027
1028
1029
1030
1031
1032
1033
1034
1035
1036
1037
1038
1039
1040
1041
1042
1043
1044
1045
1046
1047
1048
1049
1050
1051
1052
1053
1054
1055
1056
1057
1058
1059
1060
1061
1062
1063
1064
1065
1066
1067
1068
1069
1070
1071
1072
1073
1074
1075
1076
1077
1078
1079
1080
1081
1082
1083
1084
1085
1086
1087
1088
1089
1090
1091
1092
1093
1094
1095
1096
1097
1098
1099
1100
1101
1102
1103
1104
1105
1106
1107
1108
1109
1110
1111
1112
1113
1114
1115
1116
1117
1118
1119
1120
1121
1122
1123
1124
1125
1126
1127
1128
1129
1130
1131
1132
1133
1134
1135
1136
1137
1138
1139
1140
1141
1142
1143
1144
1145
1146
1147
1148
1149
1150
1151
1152
1153
1154
1155
1156
1157
1158
1159
1160
1161
1162
1163
1164
1165
1166
1167
1168
1169
1170
1171
1172
1173
1174
1175
1176
1177
1178
1179
1180
1181
1182
1183
1184
1185
1186
1187
1188
1189
1190
1191
1192
1193
1194
1195
1196
1197
1198
1199
1200
1201
1202
1203
1204
1205
1206
1207
1208
1209
1210
1211
1212
1213
1214
1215
1216
232
1002
1076
1076
117
55
83
54
657
316
315
302
749
740
367
1075
491
120
136
133
112
152
115
172
109
77
793
343
152
55
584
1031
1035
365
172
171
66
68
65
53
67
72
810
768
426
351
816
543
1174
233
1214
365
1215
233
350
629
602
749
1197
850
112
153
154
878
46
81
439
329
330
963
743
491
533
1127
151
1158
365
1155
36
214
233
1166
1165
911
233
1091
234
493
726
285
284
687
686
702
149
148
217
194
195
1039
166
147
150
116
146
74
83
64
54
55
59
53
77
1098
1097
1084
640
36
346
1091
108
218
157
172
216
869
855
852
968
606
599
62
233
749
1197
926
532
233
558
367
798
760
491
703
890
390
416
1004
1075
749
233
1075
344
200
927
365
617
98
1160
36
689
754
61
741
136
99
55
69
56
722
874
877
848
774
203
1113
535
61
543
809
310
365
734
482
363
306
109
894
873
367
769
1102
1107
1090
1089
1088
1086
1092
1084
1080
1095
1081
1085
1093
1094
1082
1087
1089
233
1113
1197
365
1187
543
365
1040
1097
1084
657
172
196
233
1183
1075
464
557
786
689
72
77
711
1009
730
749
715
711
172
329
25
36
767
749
749
740
749
890
357
233
804
803
801
802
749
740
750
752
751
866
1041
1040
771
57
617
644
657
1091
352
353
1097
1096
1084
1164
542
543
894
1171
151
1168
1166
36
726
36
897
896
891
452
362
329
657
749
596
532
654
605
607
1075
788
122
125
123
796
343
773
496
491
543
81
82
277
1014
1022
220
763
425
426
379
351
1075
302
785
565
924
543
546
749
740
120
136
133
175
150
153
152
116
135
100
113
172
154
110
112
114
155
1086
365
992
365
172
63
331
1022
1009
707
698
687
686
1113
336
355
21
36
175
379
73
54
866
858
876
425
764
426
379
351
11
8
1075
749
819
1075
657
77
770
1075
33
151
29
30
36
233
544
543
849
883
1123
597
365
749
875
846
853
460
459
313
925
923
543
365
172
53
233
876
1075
794
816
749
314
311
318
363
325
309
312
304
303
1113
99
83
54
233
105
81
71
82
53
1075
53
812
816
862
657
1122
1097
1084
1095
787
892
891
1099
275
790
1016
365
1022
1023
1173
749
749
1122
892
891
365
749
638
631
233
1174
278
493
25
108
152
146
55
59
233
981
1075
172
199
634
233
872
912
895
897
893
896
892
891
762
117
1075
282
239
657
749
740
61
851
848
657
233
1174
605
601
599
559
553
689
749
740
552
99
37
53
1197
1187
1209
565
332
233
1034
1033
172
638
136
133
99
59
593
597
365
1032
1037
4
1036
365
172
66
68
65
53
67
404
357
782
605
599
172
850
1131
1145
1142
1128
1139
365
710
1076
725
729
721
716
864
846
853
847
848
855
768
767
749
1187
337
890
361
448
759
758
329
657
560
334
283
239
1137
99
781
233
317
544
543
980
1197
1075
349
193
805
175
105
73
53
329
738
1075
806
967
966
964
560
657
810
1098
158
53
74
57
70
53
54
69
233
276
172
80
72
559
543
704
703
172
40
39
41
45
42
43
44
153
113
154
748
657
347
147
156
59
749
740
1165
36
36
1171
151
1168
1166
36
404
403
406
802
405
749
1075
118
123
61
122
123
1144
657
1188
1185
1183
749
617
78
357
1040
1106
166
1107
1122
1120
108
1133
143
379
365
99
71
60
38
1092
72
1084
1095
73
74
63
1097
1096
76
75
1093
1094
80
77
1076
655
192
776
657
811
1129
657
1075
1174
1141
762
767
797
367
760
456
1015
1022
200
1075
233
749
58
657
1075
118
644
648
738
476
340
1088
744
1141
749
740
172
365
490
617
761
367
1091
813
818
738
745
1188
1183
338
1108
1113
104
587
379
614
617
631
872
784
854
172
53
747
743
657
617
544
543
893
1075
749
753
151
717
718
36
551
558
233
749
740
276
81
1174
388
367
1184
1075
878
134
132
56
1091
1021
1021
70
54
61
362
83
1011
1160
36
365
1215
775
333
496
491
532
1174
783
802
752
751
1141
607
749
1155
963
543
365
890
1075
1160
36
367
352
603
792
816
749
1087
233
367
799
760
457
1197
928
72
741
233
206
61
365
135
172
99
70
55
53
642
233
659
148
636
749
351
754
491
147
156
59
54
657
345
778
1131
1145
1128
1139
1076
28
24
12
20
535
586
401
400
804
803
801
802
402
1075
233
757
173
730
36
892
749
219
29
30
1174
1122
906
905
569
749
779
597
365
621
53
791
657
1130
1076
657
749
542
573
595
543
535
638
81
193
1075
555
233
689
1038
68
105
1085
698
848
8
1075
1075
34
807
617
279
646
631
543
793
343
172
1075
980
912
895
897
893
896
892
891
1075
657
749
753
233
142
172
1130
708
657
79
607
617
62
657
606
601
599
789
644
631
285
239
536
532
780
172
357
464
69
596
586
136
133
172
55
768
657
746
357
365
655
963
964
1075
607
777
772
739
1039
1126
1197
166
963
766
356
172
543
99
37
55
83
594
55
53
594
535
36
476
340
357
906
911
21
365
543
367
808
367
458
800
760
61
603
534
532
491
172
99
55
53
77
335
749
740
172
1039
491
300
1075
233
749
740
1075
561
233
906
911
543
689
123
72
1083
722
36
1033
234
689
749
740
233
233
587
233
617
603
233
55
77
646
148
993
390
379
1006
1005
1091
365
1215
337
489
354
1006
1005
1003
990
740
657
365
175
73
53
749
874
884
849
851
848
172
53
656
600
1174
617
172
80
72
621
617
113
1091
543
717
718
214
203
329
233
352
980
157
172
1076
353
742
795
749
286
239
698
704
703
1076
702
451
1076
465
1076
361
1159
272
814
883
327
36
36
736
442
36
449
532
1183
300
708
447
454
466
813
883
445
176
883
453
987
1076
1076
455
1021
36
5
1009
450
1002
443
36
756
817
488
1131
725
721
1131
24
20
963
1173
