1
2
2
2
2
2
2
2
2
2
2
2
2
2
2
2
2
2
2
2
2
2
2
2
2
2
2
28
28
28
28
28
34
1
35
35
35
35
35
35
35
35
35
35
35
35
35
35
35
35
35
35
35
35
35
35
35
35
35
35
35
35
35
35
35
35
35
35
35
35
35
35
35
35
35
35
35
35
35
80
80
80
80
80
80
80
80
80
80
80
80
93
94
94
94
94
94
94
94
94
94
94
94
94
94
94
94
94
94
94
94
94
94
94
94
94
94
94
94
94
94
94
94
94
94
94
94
94
94
94
94
94
106
135
106
137
106
139
94
141
1
143
143
143
143
143
143
143
143
143
143
143
143
143
143
143
143
143
143
143
143
143
143
143
143
143
143
143
143
143
143
143
143
143
176
176
176
176
176
176
176
1
184
184
184
184
184
184
184
184
184
184
184
184
184
184
184
184
184
184
184
184
184
184
184
184
184
184
184
184
184
184
184
184
184
184
184
184
184
184
184
184
184
184
184
184
184
184
184
184
184
184
184
184
184
184
184
184
184
184
184
184
184
184
184
184
184
184
184
251
251
251
251
251
251
251
251
251
251
251
251
251
251
251
251
251
251
251
251
251
251
251
251
76
76
76
76
76
76
76
76
76
169
169
169
169
169
157
157
157
60
60
60
23
23
23
65
167
167
167
167
167
73
73
73
73
73
73
73
73
73
73
233
112
112
112
112
242
242
242
242
242
242
242
242
242
242
242
242
242
242
242
242
242
242
242
242
242
242
242
90
90
90
90
90
90
90
90
90
102
102
102
102
102
102
102
102
102
102
102
102
102
102
102
102
102
102
102
102
102
102
102
102
102
102
102
102
215
215
215
189
22
22
22
131
58
58
58
111
111
9
9
9
153
153
153
231
231
231
45
45
45
172
172
172
172
122
122
122
217
217
217
120
120
120
120
120
120
119
119
119
119
119
119
182
182
182
182
182
59
59
59
59
226
226
226
25
25
25
121
165
211
211
211
63
63
63
63
63
63
63
63
63
63
63
77
44
174
227
227
227
78
205
205
205
43
43
43
51
51
51
194
194
194
24
24
24
127
127
41
212
212
212
117
117
117
117
117
117
273
273
273
273
273
273
273
273
273
273
273
273
273
273
273
273
273
273
273
273
273
240
222
222
222
206
206
206
275
210
210
210
181
181
181
181
175
175
223
223
223
46
46
46
229
229
229
243
243
243
243
243
243
243
243
243
243
243
243
243
243
243
243
243
243
243
243
243
243
243
55
55
55
92
52
52
52
198
198
198
214
214
214
7
183
193
193
193
168
168
168
168
168
207
207
207
66
66
69
124
124
124
17
33
79
79
224
224
224
47
47
47
196
196
196
10
10
10
27
48
48
48
128
128
128
128
128
128
130
130
130
91
91
91
91
91
91
91
91
91
91
203
203
203
200
200
200
195
195
195
221
221
221
53
53
53
108
108
149
149
56
56
56
32
32
32
190
190
71
71
71
71
71
71
71
71
71
71
232
232
232
152
152
152
237
74
133
62
162
197
197
197
155
155
155
218
218
218
199
199
199
246
123
123
123
234
245
245
245
245
245
245
245
245
245
245
245
245
245
245
245
245
245
245
245
245
245
245
245
49
49
49
173
72
72
72
72
72
72
72
72
72
72
151
151
151
216
216
216
202
202
202
57
57
57
228
228
228
101
101
101
101
101
101
250
250
209
209
209
274
274
274
274
274
274
274
274
274
274
274
274
274
274
274
274
274
274
274
274
274
274
110
110
15
15
15
15
148
154
154
154
191
191
191
8
8
54
54
54
230
230
230
244
244
244
244
244
244
244
244
244
244
244
244
244
244
244
244
244
244
244
244
244
244
244
11
11
11
50
50
50
104
104
104
125
125
156
156
156
192
192
192
225
225
225
118
118
118
118
118
118
106
106
106
106
247
247
247
247
247
247
247
247
247
247
247
247
247
247
247
247
247
247
247
247
247
160
160
160
160
160
160
238
113
204
204
204
213
213
213
42
42
208
208
208
115
115
115
115
107
107
170
170
170
170
170
249
248
31
31
68
68
68
235
235
235
235
235
235
235
235
235
235
235
235
235
235
235
235
235
235
235
235
235
235
235
12
12
12
70
70
70
70
70
70
70
70
70
70
103
103
103
103
126
150
150
150
75
220
220
220
239
61
201
201
201
241
20
219
219
219
67
4
145
186
37
