1
2
2
2
2
2
2
6
9
9
6
12
12
12
14
18
10
20
21
22
22
22
22
22
22
22
22
22
22
22
22
22
22
22
22
22
22
22
22
22
22
22
22
22
22
22
22
22
22
22
22
22
22
22
22
22
22
22
22
22
22
22
22
22
22
22
22
22
22
22
73
73
73
73
73
77
79
22
81
81
81
81
81
81
81
81
81
81
81
81
22
94
60
96
66
98
67
100
22
102
102
102
102
94
81
10
10
105
105
106
106
38
5
89
59
66
66
68
68
51
51
51
51
85
91
88
95
67
67
67
29
101
47
47
80
87
63
63
57
37
64
72
13
35
35
35
31
31
31
60
93
93
93
39
39
86
86
86
86
86
44
44
45
45
45
77
4
4
97
32
32
32
46
46
58
65
84
84
84
41
41
41
41
33
34
34
34
69
69
36
40
40
40
43
43
43
43
70
70
6
30
14
99
99
62
61
61
90
28
23
16
19
