1
2
2
2
2
2
2
2
2
2
2
12
14
15
15
15
15
15
15
15
15
24
23
23
1
27
27
27
27
27
27
27
27
27
31
41
42
35
44
36
36
1
47
47
47
47
47
47
47
47
47
47
47
47
47
47
47
47
47
47
66
67
67
67
67
67
67
67
67
67
67
75
78
78
74
14
82
82
82
84
1
87
87
87
87
87
87
87
87
87
87
87
87
95
96
97
98
99
85
85
97
97
97
34
34
34
34
9
58
58
58
58
58
58
58
10
10
60
60
60
60
60
60
60
60
57
57
57
57
57
57
57
94
59
59
59
59
59
59
59
75
75
75
23
23
23
23
55
55
55
55
55
55
55
74
74
74
12
12
21
62
61
61
61
61
61
61
61
61
73
73
73
73
73
35
35
35
56
56
56
56
56
56
56
54
54
54
54
54
54
54
98
98
98
99
99
99
11
11
96
96
96
22
36
36
36
36
95
95
95
76
76
76
76
80
93
93
25
25
13
100
101
102
103
42
42
42
104
45
45
45
46
46
