2
3
4
5
6
7
8
9
10
11
12
13
14
15
16
17
18
19
20
21
22
23
24
25
26
27
28
29
30
31
32
33
34
35
36
37
38
39
40
41
42
43
44
45
46
47
48
49
50
51
52
53
54
55
56
57
58
59
60
61
62
63
64
65
66
67
68
69
70
71
72
73
74
75
76
77
78
79
80
81
82
83
84
85
86
87
88
89
90
91
92
93
94
95
96
97
98
69
71
37
72
38
34
5
6
64
35
66
80
79
23
29
47
5
67
14
22
10
48
23
47
5
65
24
40
5
8
5
80
79
24
85
67
79
18
12
8
53
5
26
90
6
74
36
8
5
47
5
79
80
35
30
50
47
5
6
49
50
6
13
30
33
47
32
5
31
65
66
12
74
87
54
49
50
80
18
12
