1
2
2
2
2
2
2
2
2
2
2
2
2
2
2
2
2
2
2
2
2
2
2
2
2
2
2
2
2
2
2
2
21
34
2
36
36
32
40
41
41
41
41
41
41
41
41
41
41
41
41
41
41
56
57
58
58
58
58
58
58
58
58
58
58
58
58
58
58
58
58
58
58
58
58
58
58
58
58
58
58
58
83
86
58
88
88
88
88
88
88
88
88
88
88
88
88
88
92
102
92
104
101
106
108
109
109
109
109
109
109
109
109
109
109
109
109
109
109
109
109
109
109
109
109
109
109
109
109
109
109
109
109
109
109
109
109
109
109
109
109
109
147
147
135
149
150
151
151
151
151
151
151
151
151
151
151
151
151
151
32
32
13
30
7
7
107
9
159
159
159
159
55
55
74
79
101
101
101
101
101
28
135
135
135
135
135
135
135
135
135
90
12
26
52
134
134
49
15
82
143
80
127
127
53
83
50
50
78
78
78
78
35
44
44
129
129
129
129
129
73
73
145
8
8
71
10
10
100
100
142
141
141
141
141
141
141
141
21
156
81
87
158
27
140
140
146
19
19
139
139
139
139
139
139
139
70
37
48
48
48
72
51
51
131
95
95
95
95
45
54
54
29
46
96
22
47
47
47
47
32
31
25
68
92
92
92
91
20
160
160
157
67
67
67
24
23
75
69
112
148
148
166
