1
2
2
2
2
2
2
2
2
2
2
2
2
2
2
2
2
2
2
2
2
2
2
2
2
2
2
2
2
2
2
2
2
2
2
2
2
2
2
2
2
2
2
2
2
2
2
2
2
2
2
2
2
2
2
2
2
2
2
2
2
2
2
2
2
2
2
2
2
2
2
2
2
2
2
2
2
2
2
2
2
2
2
2
2
2
2
2
2
2
2
2
2
2
2
2
2
2
2
2
2
2
2
2
2
2
2
53
109
109
65
112
83
114
114
90
117
98
119
2
121
121
121
121
121
121
121
121
121
2
131
2
133
133
133
133
133
2
139
139
139
139
139
139
139
139
2
148
148
148
148
148
148
2
155
155
155
155
155
155
89
56
164
165
165
165
165
165
165
165
165
165
165
165
165
165
165
165
165
165
165
165
165
165
165
165
165
165
165
165
165
165
165
165
165
165
165
165
165
165
165
165
165
165
165
165
165
165
165
165
165
165
165
165
165
165
165
165
165
165
165
165
165
165
165
165
165
165
165
182
232
188
234
234
197
237
203
239
239
239
204
243
243
243
205
247
247
247
206
251
251
251
165
255
255
255
255
255
203
228
228
229
182
203
203
268
269
269
269
269
269
269
269
269
269
269
269
269
269
269
269
271
285
272
287
273
289
274
291
271
271
272
273
274
275
271
164
300
300
300
300
300
300
300
300
300
300
300
300
300
300
300
300
300
300
300
300
300
300
300
300
300
300
300
300
300
300
300
300
300
300
300
300
300
300
300
300
300
300
300
300
300
300
300
300
300
300
300
300
300
300
300
300
300
300
300
300
300
362
363
300
365
366
367
368
368
368
368
368
368
368
368
368
368
368
368
368
368
368
368
368
368
368
368
368
368
368
368
368
368
368
368
368
368
368
368
368
368
368
368
368
368
368
368
368
368
368
368
368
368
368
368
368
368
368
368
368
368
368
368
368
368
368
368
368
368
368
368
368
368
368
368
368
368
368
368
368
368
368
368
368
368
368
368
368
368
368
368
368
368
368
368
368
368
368
368
368
368
368
368
368
368
368
368
368
368
368
368
368
368
368
368
368
368
368
368
368
368
368
368
368
368
368
368
368
368
368
368
368
368
368
368
368
368
368
368
500
368
502
502
503
505
368
507
507
501
164
511
512
512
512
516
517
517
517
517
517
517
517
525
526
526
526
526
526
526
526
526
526
526
526
526
526
526
526
526
526
526
526
526
526
526
526
526
526
551
526
553
553
553
553
557
558
526
164
561
561
561
561
561
561
561
561
561
561
561
561
561
561
561
561
561
561
561
561
561
561
561
561
561
561
561
561
561
561
561
561
561
561
561
561
561
561
561
561
561
561
561
561
561
561
607
607
607
607
607
607
561
614
614
614
614
614
614
590
621
561
623
561
625
625
625
561
629
629
629
629
629
629
629
561
637
637
637
640
640
640
637
644
644
644
561
648
648
648
648
648
648
648
648
648
648
648
648
648
648
648
648
648
648
648
648
648
648
648
648
648
648
648
648
648
648
561
679
679
679
679
679
679
561
686
686
686
686
686
686
686
561
694
694
694
694
694
694
694
694
694
694
694
694
694
694
694
694
694
694
694
694
694
694
694
694
561
719
719
719
719
719
719
719
719
719
719
719
719
719
719
719
719
719
719
719
719
719
561
741
741
741
741
741
741
741
741
741
741
741
741
741
741
561
756
756
756
756
756
756
756
756
756
756
756
756
756
756
86
772
773
773
773
773
773
773
773
773
773
773
773
773
773
773
773
773
773
773
790
792
773
794
794
794
794
794
794
794
794
794
804
805
805
805
805
805
805
805
805
805
805
805
805
805
805
805
805
805
805
805
805
805
805
805
805
805
805
805
805
805
805
835
835
835
838
839
839
805
842
842
842
842
805
847
847
847
805
851
851
851
851
851
851
851
851
805
860
860
860
860
860
860
860
860
860
860
860
860
860
860
860
869
876
869
878
878
878
878
870
883
883
883
873
887
887
873
890
890
890
805
894
894
894
894
894
894
894
894
894
894
894
894
894
894
894
894
894
894
805
913
913
913
913
913
913
869
164
921
921
921
921
921
921
921
921
921
921
921
921
921
921
921
921
921
921
921
921
921
921
921
921
921
921
921
921
921
921
921
921
921
921
921
921
921
921
921
921
921
921
921
921
921
921
921
921
921
921
921
921
921
921
921
921
921
921
921
951
981
975
983
921
985
985
921
988
921
990
990
990
990
989
164
996
996
996
996
996
996
996
996
996
996
996
996
996
996
996
996
996
996
996
996
996
996
996
996
996
996
996
996
996
996
996
996
996
996
996
996
996
996
996
996
996
996
996
1018
1040
1040
1029
1043
228
182
228
1
1048
1048
1048
1048
1048
1048
1048
1048
1048
1048
1048
1048
1048
1048
1048
1048
1048
1048
1048
1048
1048
1048
1048
1048
1048
1048
1048
1048
1048
1048
1048
1048
1048
1048
1048
1048
1048
1048
1048
1048
1048
1048
1048
1048
1048
1048
1048
1048
1048
1048
1048
1048
1048
1048
1048
1048
1048
1048
1048
1048
1048
1048
1048
1048
1048
1113
1113
1113
1113
1048
1118
1048
1120
1120
1120
1120
56
1126
1127
1128
1128
1129
1131
1131
507
648
1048
1048
2
694
686
921
679
278
278
422
667
783
783
917
76
76
76
76
76
76
76
76
76
76
76
76
76
76
76
76
76
76
76
76
76
76
76
437
437
586
586
586
586
586
586
586
693
1087
1112
1112
1112
1112
1112
1112
1112
1112
707
1039
1039
1039
1039
1039
1039
1039
850
850
154
154
782
782
753
753
639
358
431
431
431
431
431
431
431
431
943
943
943
943
943
943
943
943
943
943
943
943
943
943
943
943
943
943
943
943
943
943
943
943
943
943
943
943
943
943
943
1021
977
977
461
480
480
480
480
480
480
480
480
480
480
480
480
480
480
480
480
480
689
994
994
994
205
205
205
205
205
205
205
205
205
205
205
704
704
704
704
704
704
704
704
704
580
523
217
217
217
217
217
217
217
217
592
592
592
592
905
905
905
905
905
905
905
905
68
68
68
68
68
138
464
202
202
202
202
202
202
202
202
202
202
202
202
202
827
59
59
59
59
59
59
59
59
1031
1031
1031
1031
1031
1031
1031
1031
1031
1031
1031
1031
1031
1031
1031
1031
1031
1031
1031
1031
460
948
948
948
948
948
948
948
948
948
948
948
1095
1095
222
222
222
222
222
222
222
222
222
222
222
874
874
606
606
606
1025
1025
1025
1025
497
497
857
258
258
1093
1093
1019
360
200
200
200
200
200
200
200
200
200
200
200
200
427
957
957
957
957
957
957
957
957
957
957
957
1123
1123
1123
1123
341
952
952
952
952
952
952
952
952
952
952
952
952
952
952
952
952
498
498
498
765
590
590
590
590
590
747
747
950
950
950
950
950
950
950
950
128
868
356
451
97
207
207
207
207
207
207
207
207
207
207
275
275
275
275
488
488
488
488
688
873
873
873
873
681
681
748
730
482
1099
1099
473
473
72
731
1104
1104
429
194
194
1105
1105
466
466
466
466
519
519
519
519
519
519
519
519
519
519
519
1116
1116
1116
984
984
984
770
770
444
444
444
444
444
444
444
444
599
277
337
244
55
79
79
79
79
147
102
212
212
212
212
212
212
212
212
717
867
867
867
231
231
231
231
231
231
231
231
231
231
231
231
231
231
231
1102
1102
57
339
581
856
190
190
556
184
221
221
221
221
221
221
221
221
221
221
361
195
195
195
195
195
93
93
93
638
471
471
73
73
73
73
73
834
834
834
60
60
60
60
60
1111
550
1082
1082
1082
1082
1082
1082
1082
1082
1082
1082
1082
1082
1082
1082
1082
1082
1082
1082
1082
1082
1082
1082
1082
1082
1082
1082
1082
1082
1082
1082
1082
210
210
210
210
210
210
210
210
210
210
1022
668
970
970
970
104
503
503
503
949
949
949
949
949
949
949
949
949
949
949
949
949
949
949
949
452
65
65
65
65
65
113
415
732
947
947
947
947
947
947
947
947
683
446
446
446
446
446
142
142
1020
215
215
215
215
215
215
215
215
215
215
215
215
215
520
440
440
440
440
440
1026
1026
1026
1026
1026
271
271
271
271
271
271
824
82
137
600
600
600
600
955
955
955
955
955
955
955
955
955
955
955
955
955
955
955
1027
577
612
612
612
245
245
245
245
1037
1037
1037
1103
1103
946
946
946
946
946
946
946
946
946
946
946
946
946
946
859
859
450
450
450
74
74
585
585
66
66
66
661
661
106
658
658
658
658
658
658
658
658
658
1013
1013
1013
1013
1013
1013
1013
1013
495
495
495
495
273
218
218
218
218
218
218
218
218
218
486
1089
1089
1089
559
559
559
736
224
224
224
224
224
224
224
224
224
224
224
578
578
578
968
968
465
465
465
469
469
469
469
976
976
710
51
51
51
51
1036
1036
1036
1036
1036
1036
1036
1036
1036
1036
1036
1036
1036
1036
1036
153
153
153
414
414
414
414
414
414
414
414
414
414
414
414
414
414
414
414
414
414
414
414
414
414
414
414
414
414
414
414
414
414
414
414
414
414
414
414
414
414
414
414
198
198
198
198
198
198
198
198
198
198
198
198
198
198
198
198
198
198
198
474
474
474
474
711
678
274
587
587
587
280
490
490
458
966
966
966
966
966
966
966
966
966
966
766
1033
1033
1033
1033
1033
1033
1033
1033
1033
1033
1033
1033
1033
1033
1033
1033
1033
1033
1033
1033
1033
1033
1033
1033
350
90
90
90
90
90
959
945
945
945
62
62
62
62
1097
1097
501
501
501
501
501
501
501
501
501
501
501
816
816
816
816
816
816
816
816
816
816
613
613
1085
1085
1085
1085
596
1086
1086
1086
1086
907
858
858
89
89
89
89
89
475
475
475
749
116
439
439
439
439
439
439
439
439
439
439
439
439
229
229
229
229
229
229
229
229
229
229
229
229
229
229
211
211
211
211
211
211
211
211
211
211
211
203
203
203
203
203
203
203
203
203
203
203
203
203
203
203
203
855
855
484
484
611
713
483
871
871
1100
1100
481
822
477
477
477
477
676
80
80
80
80
80
953
953
953
953
953
953
953
454
1124
1124
1124
1124
485
71
71
71
71
71
975
975
975
975
975
975
975
975
975
975
975
107
506
506
506
506
911
846
803
803
803
803
803
803
803
84
84
84
84
521
908
492
492
453
493
56
489
489
489
1117
1117
1117
1117
1117
1117
1117
1117
1117
684
1017
1092
1092
342
979
918
188
199
199
199
199
199
199
199
199
199
199
199
1029
1029
1029
1029
1029
1029
1101
1101
735
230
230
230
230
230
230
230
230
230
230
230
230
230
230
230
75
75
75
75
75
75
75
75
419
1090
1090
1090
1090
1090
1090
1090
1090
1090
1028
1028
1028
967
967
87
87
187
338
677
1083
768
768
192
755
755
496
496
496
189
189
449
787
787
354
354
843
978
1024
1024
81
81
81
1110
191
965
965
965
662
487
791
494
494
225
225
225
225
225
225
225
225
225
225
225
225
225
225
225
225
225
225
225
225
447
447
447
447
146
208
208
208
208
208
208
208
208
208
208
208
208
208
588
588
588
588
576
963
963
963
1094
1094
416
574
574
574
574
574
574
574
574
574
574
574
574
574
601
601
601
601
601
432
432
432
86
86
86
86
246
272
272
272
272
472
472
472
472
1032
1032
1032
1032
1032
1032
1032
1032
1032
1032
1032
1032
1032
971
964
964
964
964
964
964
718
127
213
213
213
213
213
213
213
213
213
734
785
785
152
152
201
201
201
201
201
201
201
201
201
201
201
201
201
201
201
201
201
201
201
201
201
201
201
201
201
201
793
793
793
793
69
69
69
69
136
1014
85
85
85
85
85
85
85
85
85
85
769
63
63
63
63
672
77
77
77
459
434
434
737
737
443
443
443
443
443
443
443
443
633
673
763
763
763
763
763
989
989
989
120
120
120
1096
1096
764
764
764
764
764
764
1091
1091
1091
1091
1091
1091
1091
1091
1091
1091
1091
1091
1091
1091
1091
1091
1091
1091
1091
1091
1091
666
823
987
987
987
987
345
733
692
219
219
219
219
219
219
219
219
219
671
872
872
872
872
872
872
1034
1034
1034
1034
1034
1034
1034
1034
1034
1034
1034
1034
1034
1034
1034
1034
1034
1034
1034
1034
1034
1034
1034
1034
1034
1034
685
204
204
204
204
204
204
204
204
204
204
204
632
632
214
214
214
214
214
214
214
214
214
670
670
750
635
455
1098
1098
478
144
144
144
103
100
100
351
663
1107
1107
705
705
716
418
340
691
435
435
435
435
752
206
206
206
206
206
206
206
206
206
206
206
349
512
512
512
512
512
512
512
512
512
512
512
50
50
50
50
50
50
50
50
50
50
50
50
50
50
50
50
50
50
50
50
50
50
50
50
50
50
50
445
445
445
445
445
445
445
445
227
227
227
664
659
659
92
92
602
602
602
448
962
962
962
962
962
712
712
343
1018
463
715
145
108
457
344
344
958
958
958
958
958
958
958
958
579
579
708
708
919
98
98
98
98
98
98
98
98
98
98
98
98
491
491
491
491
491
491
665
1084
1084
1084
357
916
582
53
53
53
53
53
53
53
53
53
53
53
53
53
53
767
353
906
909
433
433
433
470
470
802
802
802
802
802
802
197
197
197
197
197
197
869
869
869
869
869
788
788
740
714
335
335
335
335
335
335
335
335
335
335
335
335
335
335
335
335
335
335
335
335
335
335
335
335
335
335
335
335
335
335
335
986
70
70
70
70
70
70
70
70
751
751
479
479
479
479
479
479
479
549
549
549
196
196
196
1119
1088
1088
1088
1088
1088
1088
67
67
67
67
67
67
67
67
67
784
784
522
64
64
64
64
64
64
64
64
456
456
456
220
220
220
220
220
220
220
220
220
220
220
220
739
739
912
912
912
912
738
870
870
870
605
605
605
216
216
216
216
216
216
216
216
216
216
216
216
216
216
1035
1035
1035
1035
1035
1035
1035
1035
1035
1035
1035
1035
1035
1035
1035
426
956
956
956
956
993
993
993
143
143
441
441
441
441
441
441
441
441
441
441
441
441
790
790
790
790
790
790
790
790
790
790
790
347
99
99
420
980
754
954
954
954
954
954
1106
1106
729
729
729
729
729
729
729
729
729
982
424
132
132
105
111
359
675
709
336
583
126
126
126
223
223
223
223
223
223
223
223
223
223
421
425
428
961
961
961
961
961
961
961
961
961
961
961
961
961
961
961
660
476
476
476
476
476
476
476
436
706
706
706
706
706
706
706
706
706
193
253
253
253
253
253
182
182
182
182
182
182
182
182
182
182
182
182
182
182
182
182
182
182
182
182
182
182
182
182
135
355
969
969
969
1038
1038
1038
1038
1038
1038
1038
1038
1038
1038
1038
346
91
91
91
91
91
417
584
584
584
584
584
584
584
584
584
584
584
786
786
78
78
78
442
442
442
442
129
352
548
548
548
548
548
548
548
548
548
548
548
548
548
548
548
548
548
548
944
944
944
944
944
944
944
944
944
95
228
228
228
228
228
228
1012
1012
1012
1012
1012
1012
1012
1012
1012
1012
1012
1012
1012
1012
1012
1012
1012
1012
1012
1012
1012
1012
1012
1012
1012
1012
438
438
438
438
438
674
430
555
555
555
555
348
509
509
509
130
130
130
669
462
973
83
83
83
83
83
83
83
209
209
209
209
209
209
209
209
209
209
1023
467
467
467
58
183
183
183
183
183
183
183
468
468
468
61
61
61
61
61
61
61
61
829
423
101
101
951
951
951
951
682
682
286
286
286
960
634
761
175
174
1051
403
409
409
571
26
26
26
942
700
654
922
862
1050
151
923
39
39
567
29
27
27
27
49
1004
1073
406
406
608
726
149
149
149
1003
1115
564
150
150
539
547
547
402
762
762
572
1049
508
322
1125
162
163
163
560
560
771
771
771
771
771
771
995
995
995
995
995
995
364
364
524
524
524
510
510
510
510
510
366
265
265
265
265
514
514
266
266
266
515
515
1046
1046
1046
1046
293
293
262
262
294
294
263
263
295
295
264
264
264
296
296
297
297
298
298
