2
3
4
5
6
7
8
9
10
11
12
13
14
15
16
17
18
19
20
21
22
23
24
25
26
27
28
29
30
31
32
33
34
35
36
37
38
39
40
41
42
43
44
45
46
47
48
49
50
51
52
53
54
55
56
57
58
59
60
61
62
63
64
65
66
67
68
69
70
71
72
73
74
75
76
77
78
79
80
81
82
83
84
85
86
87
88
89
90
91
92
93
94
95
96
97
98
99
100
101
102
103
104
105
106
107
108
109
110
111
112
113
114
115
116
117
118
119
120
121
122
123
124
125
126
127
128
129
130
131
132
133
134
135
136
137
138
139
140
141
142
143
144
145
146
147
148
149
150
151
152
153
154
155
156
157
158
159
160
161
162
163
165
166
167
168
169
170
171
172
173
174
175
176
177
178
179
180
181
182
183
184
185
186
187
188
189
190
191
192
193
194
195
196
197
198
199
200
201
202
203
204
205
206
207
208
209
210
211
212
213
214
215
216
217
218
219
220
221
222
223
224
225
226
227
228
229
230
231
232
233
234
235
236
237
238
239
240
241
242
243
244
245
246
247
248
249
250
251
252
253
254
255
256
257
258
259
260
261
262
263
264
265
266
267
269
270
271
272
273
274
275
276
277
278
279
280
281
282
283
284
285
286
287
288
289
290
291
292
293
294
295
296
297
298
299
300
301
302
303
304
305
306
307
308
309
310
311
312
313
314
315
316
317
318
319
320
321
322
323
324
325
326
327
328
329
330
331
332
333
334
335
336
337
338
339
340
341
342
343
344
345
346
347
348
349
350
351
352
353
354
355
356
357
358
359
360
361
302
327
364
338
361
368
369
370
371
372
373
374
375
376
377
378
379
380
381
382
383
384
385
386
387
388
389
390
391
392
393
394
395
396
397
398
399
400
401
402
403
404
405
406
407
408
409
410
411
412
413
414
415
416
417
418
419
420
421
422
423
424
425
426
427
428
429
430
431
432
433
434
435
436
437
438
439
440
441
442
443
444
445
446
447
448
449
450
451
452
453
454
455
456
457
458
459
460
461
462
463
464
465
466
467
468
469
470
471
472
473
474
475
476
477
478
479
480
481
482
483
484
485
486
487
488
489
490
491
492
493
494
495
496
497
498
499
500
501
502
503
504
505
506
507
508
509
510
511
512
513
514
515
517
518
519
520
521
522
523
524
526
527
528
529
530
531
532
533
534
535
536
537
538
539
540
541
542
543
544
545
546
547
548
549
550
551
552
553
554
555
556
557
558
559
560
561
562
563
564
565
566
567
568
569
570
571
572
573
574
575
576
577
578
579
580
581
582
583
584
585
586
587
588
589
590
591
592
593
594
595
596
597
598
599
600
601
602
603
604
605
606
607
608
609
610
611
612
613
614
615
616
617
618
619
620
621
622
623
624
625
626
627
628
629
630
631
632
633
634
635
636
637
638
639
640
641
642
643
644
645
646
647
648
649
650
651
652
653
654
655
656
657
658
659
660
661
662
663
664
665
666
667
668
669
670
671
672
673
674
675
676
677
678
679
680
681
682
683
684
685
686
687
688
689
690
691
692
693
694
695
696
697
698
699
700
701
702
703
704
705
706
707
708
709
710
711
712
713
714
715
716
717
718
719
720
721
722
723
724
725
726
727
728
729
730
731
732
733
734
735
736
737
738
739
740
741
742
743
744
745
746
747
748
749
750
751
752
753
754
755
756
757
758
759
760
761
762
763
764
765
766
767
768
769
770
771
773
774
775
776
777
778
779
780
781
782
783
784
785
786
787
788
789
790
791
792
793
794
795
796
797
798
799
800
801
802
803
805
806
807
808
809
810
811
812
813
814
815
816
817
818
819
820
821
822
823
824
825
826
827
828
829
830
831
832
833
834
835
836
837
838
839
840
841
842
843
844
845
846
847
848
849
850
851
852
853
854
855
856
857
858
859
860
861
862
863
864
865
866
867
868
869
870
871
872
873
874
875
876
877
878
879
880
881
882
883
884
885
886
887
888
889
890
891
892
893
894
895
896
897
898
899
900
901
902
903
904
905
906
907
908
909
910
911
912
913
914
915
916
917
918
919
920
921
922
923
924
925
926
927
928
929
930
931
932
933
934
935
936
937
938
939
940
941
942
943
944
945
946
947
948
949
950
951
952
953
954
955
956
957
958
959
960
961
962
963
964
965
966
967
968
969
970
971
972
973
974
975
976
977
978
979
980
981
982
983
984
985
986
987
988
989
990
991
992
993
994
995
996
997
998
999
1000
1001
1002
1003
1004
1005
1006
1007
1008
1009
1010
1011
1012
1013
1014
1015
1016
1017
1018
1019
1020
1021
1022
1023
1024
1025
1026
1027
1028
1029
1030
1031
1032
1033
1034
1035
1036
1037
1038
1039
1040
1041
1042
1043
1044
1045
1046
1047
1048
1049
1050
1051
1052
1053
1054
1055
1056
1057
1058
1059
1060
1061
1062
1063
1064
1065
1066
1067
1068
1069
1070
1071
1072
1073
1074
1075
1076
1077
1078
1079
1080
1081
1082
1083
1084
1085
1086
1087
1088
1089
1090
1091
1092
1093
1094
1095
1096
1097
1098
1099
1100
1101
1102
1103
1104
1105
1106
1107
1108
1109
1110
1111
1112
1113
1114
1115
1116
1117
1118
1119
1120
1121
1122
1123
1124
1125
1080
1128
1129
1130
1131
1132
1133
623
637
623
561
561
637
648
561
648
280
281
390
651
775
773
914
98
77
75
86
79
136
78
99
68
19
36
17
39
11
46
40
37
30
38
28
4
33
48
401
374
587
578
603
562
565
629
629
687
1081
59
1053
1073
1059
1055
1057
1056
2
640
344
579
340
997
1007
1004
1006
849
848
151
149
776
773
745
741
644
320
593
437
496
395
401
374
400
368
944
347
353
351
975
352
346
348
562
936
928
930
929
937
938
931
563
922
927
926
932
565
942
923
924
925
300
990
985
607
988
997
613
942
387
438
496
581
440
444
580
582
410
401
648
644
686
694
648
561
679
637
644
977
991
992
947
959
184
186
606
226
966
174
179
180
679
700
698
695
701
699
702
696
697
644
679
518
947
186
226
669
185
174
179
679
600
603
562
565
903
898
904
899
896
895
897
805
79
9
11
10
14
137
392
947
184
958
636
186
226
586
953
174
179
694
679
629
805
77
9
8
5
3
28
12
7
1030
593
591
595
360
579
588
1016
1014
580
582
324
1009
1010
1011
1003
1005
1004
694
679
386
663
949
343
685
342
972
346
345
672
974
679
1084
67
959
186
226
692
950
185
953
174
179
686
694
864
862
604
566
563
1024
1027
997
1005
498
395
853
257
256
1084
64
997
305
591
595
186
596
226
581
185
168
179
169
176
686
383
734
736
958
735
967
730
927
562
930
934
719
100
1122
1121
2
305
343
342
671
674
346
974
669
665
663
661
664
972
693
670
562
686
404
403
561
757
587
576
634
586
629
742
743
587
661
951
967
952
562
934
686
123
866
301
379
102
947
186
226
671
669
185
174
179
175
679
278
282
536
327
369
397
398
502
644
866
862
805
805
680
644
742
720
483
90
1084
437
395
121
721
1084
83
385
168
169
84
1084
485
594
496
408
412
413
327
533
534
518
532
326
324
536
535
1114
1115
1048
577
562
629
636
761
489
373
371
378
372
719
644
719
625
278
307
959
4
94
40
10
14
140
102
186
226
950
669
185
174
179
686
703
865
861
862
947
958
636
186
226
671
669
185
586
635
174
179
175
679
629
1084
76
6
303
686
853
168
167
550
185
186
226
692
950
185
953
174
179
686
694
302
196
194
168
176
921
17
3
44
640
472
629
93
17
30
4
33
470
808
368
55
71
40
19
4
1081
541
1065
1053
1069
1079
1062
1067
1068
1049
1070
1072
1054
1057
1063
1050
1061
1059
1064
1066
1071
1060
1052
1056
1075
1051
1078
1055
1076
1077
1113
1118
1120
186
226
671
950
669
185
174
179
175
686
1021
651
932
930
937
12
504
496
592
663
661
685
671
664
674
672
669
665
670
927
562
930
937
925
679
380
47
40
6
31
14
75
375
724
587
661
948
951
967
562
934
679
680
585
496
482
756
741
140
141
997
713
947
186
226
950
669
185
953
174
179
686
694
679
518
371
401
686
644
686
1028
1024
997
1005
921
284
276
283
277
536
327
805
83
134
604
565
569
563
710
343
713
708
342
972
711
346
709
714
974
712
562
564
694
1029
576
610
608
609
959
226
950
686
579
356
1004
1084
82
584
587
748
754
749
752
750
927
562
762
937
756
741
756
852
853
471
634
629
34
28
756
741
96
94
4
654
644
7
653
650
655
649
654
652
656
651
644
606
1001
1000
999
1002
1003
1004
998
396
375
401
405
327
947
959
186
226
669
185
174
179
679
401
91
1073
2
466
550
436
725
947
959
184
186
226
174
179
257
256
255
679
565
563
629
930
937
471
634
629
487
496
599
625
612
942
696
76
6
28
3
1030
593
595
349
636
579
1016
1014
580
586
1009
1003
1004
679
629
151
149
150
412
411
404
373
409
393
413
371
401
386
330
378
396
376
379
384
370
397
375
390
392
372
406
388
385
394
374
391
381
377
380
369
410
387
389
403
383
382
325
300
969
947
959
184
958
360
186
226
579
588
953
174
324
179
180
181
176
694
679
437
395
374
368
697
657
327
566
562
573
279
409
623
383
587
628
967
602
627
626
927
562
936
625
758
1030
769
585
765
581
1016
1014
582
593
636
770
595
580
586
1015
1009
1003
1004
686
694
756
629
741
679
315
77
102
71
21
48
961
339
341
930
96
94
63
13
1084
71
360
338
342
341
447
361
359
324
327
326
502
808
815
814
810
809
813
807
812
811
806
610
608
58
1058
1073
2
597
51
1073
1054
2
896
852
853
77
88
102
40
28
402
401
405
743
81
661
484
496
664
674
677
665
662
580
379
410
679
523
344
579
340
979
174
168
324
326
177
178
327
921
517
186
226
950
669
185
174
179
644
686
637
561
947
959
184
958
636
186
226
966
586
174
179
180
176
327
629
679
852
853
401
644
610
698
401
866
805
1084
73
436
805
478
395
401
561
656
86
78
74
34
4
587
967
955
954
562
934
694
375
101
1122
1121
2
401
72
77
17
30
4
339
358
344
341
340
357
928
564
929
563
565
5
504
496
592
447
903
805
799
800
798
796
797
801
795
77
76
18
4
518
902
491
333
381
411
1080
373
371
391
1112
1053
1059
1114
1115
1052
1056
1055
1057
640
1017
1084
61
306
930
915
168
969
947
184
958
186
226
174
179
180
181
679
1023
1022
997
998
300
300
1084
75
725
947
958
636
186
226
671
669
185
586
635
174
179
175
679
629
77
93
73
68
47
42
28
4
389
91
1050
1063
1073
1069
1051
1074
1049
2
1029
921
921
600
930
31
4
188
302
657
1080
761
629
191
746
741
402
561
561
168
166
408
779
773
322
623
805
342
997
998
78
76
4
1054
168
587
961
562
651
401
781
495
375
593
585
186
765
337
226
579
581
185
582
168
180
176
644
686
694
756
561
741
637
486
593
496
407
140
947
186
226
671
669
185
174
179
175
644
679
637
561
587
576
575
589
576
961
562
930
1084
67
377
349
354
351
355
350
356
562
565
567
564
568
563
300
600
338
564
327
563
434
394
400
93
1079
5
3
959
277
282
536
327
483
496
586
629
1030
593
591
595
1016
1014
580
1009
1010
1011
1003
1004
679
932
587
967
963
562
930
933
703
122
959
186
226
950
669
185
174
179
686
723
777
773
144
151
947
769
958
765
767
606
226
959
184
636
770
186
946
950
185
586
953
174
179
180
686
694
756
629
741
679
799
797
795
794
96
94
14
4
134
1015
86
87
135
144
19
27
39
31
18
4
760
15
19
40
4
655
43
28
4
385
437
395
726
644
708
484
496
711
717
582
379
694
630
651
758
761
757
760
759
600
338
327
97
4
629
1084
60
758
761
757
760
759
629
1065
1053
1061
1064
1069
1059
1066
1071
1062
1067
1068
1060
1070
1056
1072
1058
1055
1054
1057
2
2
651
805
358
577
562
629
309
722
687
186
226
950
669
185
174
179
175
686
653
866
865
863
862
805
805
1030
769
585
765
767
581
1016
1014
582
593
636
770
595
586
580
1015
1009
1010
1003
1004
686
694
756
629
741
679
680
947
959
184
186
606
226
966
174
179
172
679
631
630
959
186
226
950
669
185
174
179
686
652
651
744
631
376
1084
89
405
146
141
139
9
153
49
316
650
1084
93
644
694
702
381
304
640
437
395
401
368
745
947
959
184
186
606
226
966
174
179
180
679
314
343
978
338
342
579
341
979
324
326
327
921
45
17
5
11
24
14
41
9
8
40
23
3
21
7
4
20
15
19
16
12
22
13
6
49
10
18
148
484
496
739
583
730
737
379
719
579
356
174
651
644
648
77
28
566
562
573
407
342
346
972
937
924
698
701
307
997
377
701
140
78
382
321
308
587
600
967
945
954
562
932
940
564
300
700
644
915
20
17
24
12
22
8
6
23
18
3
21
7
336
416
339
447
333
403
651
1073
2
2
319
914
694
98
86
99
19
40
17
32
46
31
30
28
3
4
48
759
318
895
901
434
394
400
600
496
799
798
796
797
801
795
192
193
168
169
300
300
866
863
861
864
862
790
774
728
699
313
331
312
315
309
323
301
321
327
306
326
310
302
322
318
317
320
324
316
304
314
303
308
329
332
319
334
328
305
311
623
300
75
86
34
19
36
28
4
33
744
741
593
488
496
337
478
377
403
546
538
547
197
921
921
1107
53
1091
1065
1073
1074
2
86
69
68
34
43
36
28
4
33
780
773
518
66
86
78
65
34
36
4
33
496
588
393
713
186
226
950
669
185
953
174
179
175
686
694
728
719
899
900
902
897
727
866
861
862
595
566
563
959
713
947
186
226
950
669
185
953
174
179
686
694
679
1030
593
636
595
1016
1014
586
580
582
1009
1003
1004
694
679
629
382
587
737
957
719
976
991
992
145
141
661
484
496
664
674
581
677
665
662
379
410
686
789
803
791
778
776
777
780
801
779
775
794
311
29
4
392
600
746
343
962
342
346
924
1084
85
725
721
727
720
724
726
723
722
644
958
391
97
4
8
110
306
651
695
303
719
123
122
124
947
959
184
186
226
174
179
256
255
679
393
380
384
343
962
958
945
980
587
967
562
936
930
934
941
927
939
935
649
494
337
497
396
403
401
405
401
710
715
713
708
716
711
709
694
694
170
947
184
186
226
679
344
337
579
190
187
189
195
979
168
324
177
323
173
176
169
327
329
171
174
170
326
172
175
178
134
312
590
929
941
1030
595
1025
1019
1016
1014
580
1008
1009
1003
679
310
40
31
30
3
28
379
754
749
634
586
752
562
762
756
741
756
629
778
773
43
28
4
371
694
644
694
123
317
545
546
538
543
531
544
530
540
528
529
539
542
547
537
527
541
368
553
967
980
927
562
930
937
931
941
939
94
606
579
189
195
361
921
1025
1019
1017
344
337
1020
579
1026
979
324
1001
1000
1007
999
323
1003
1005
998
327
329
1008
997
326
1002
1004
1006
371
401
679
644
679
651
400
557
556
436
554
313
624
508
623
123
125
124
652
385
972
86
78
81
34
35
14
4
186
226
671
950
669
185
174
179
175
686
999
487
597
496
11
171
174
170
173
175
172
169
598
496
401
86
78
65
62
34
36
4
33
805
371
154
49
339
346
940
937
644
679
415
436
368
961
631
629
921
921
1120
300
507
507
570
139
25
139
607
644
644
988
805
1113
139
990
133
133
623
131
139
25
139
148
561
2
500
500
614
644
139
139
155
561
1048
300
139
139
368
551
551
561
756
756
570
1118
623
623
1080
77
1080
1048
543
528
600
338
564
327
563
300
600
338
564
327
563
300
302
327
518
327
300
338
361
403
327
300
302
324
326
327
300
327
300
176
327
300
338
579
324
326
327
300
327
300
579
361
327
300
579
361
327
300
523
327
300
327
300
327
300
327
300
