2
3
4
5
7
8
9
10
11
12
13
14
15
16
17
18
19
20
21
22
23
24
25
26
27
28
29
30
31
32
33
34
35
36
37
38
39
40
41
42
43
44
45
46
47
48
49
50
51
52
53
54
55
56
57
58
59
60
61
62
63
64
65
66
67
68
69
70
71
72
73
74
75
76
77
78
79
80
81
82
83
84
85
86
87
88
89
90
91
92
93
94
95
96
97
98
99
100
101
102
103
104
105
106
107
108
109
110
111
112
113
114
115
116
117
119
120
121
123
124
125
126
127
128
129
130
131
132
133
134
135
136
137
138
139
140
141
142
143
144
145
146
147
148
149
150
151
152
153
154
155
156
157
158
159
160
161
126
36
30
41
40
39
36
52
81
30
33
134
38
39
30
95
36
159
158
157
36
36
40
41
36
30
22
7
36
9
22
29
30
40
58
152
54
126
9
36
36
36
30
29
99
95
29
36
32
30
39
41
42
143
36
101
35
29
36
28
30
42
41
35
28
31
36
81
36
36
100
29
28
38
29
34
91
38
30
61
63
62
27
44
43
24
23
30
26
37
29
28
39
41
25
66
62
67
65
68
29
29
28
38
66
9
62
74
155
29
36
42
29
146
94
95
36
30
36
36
152
126
29
81
30
30
38
58
9
29
36
30
28
33
29
29
35
14
91
58
96
9
79
80
77
78
104
34
30
37
31
42
35
29
28
36
41
39
30
29
36
30
111
29
42
42
36
82
36
30
35
61
30
41
33
42
29
33
41
106
9
8
22
7
152
54
126
9
123
152
126
29
123
