2
3
4
5
6
7
8
9
10
11
12
13
14
15
16
17
18
20
21
22
23
24
25
26
27
28
29
30
31
32
33
34
35
36
37
38
39
40
41
42
43
44
45
46
47
48
49
50
51
52
53
22
23
21
56
57
58
59
60
62
63
64
65
66
67
68
69
70
71
72
73
74
75
76
77
78
79
80
81
82
83
84
85
86
87
88
89
90
91
92
93
94
95
96
97
98
99
100
101
102
103
104
105
106
107
108
109
110
111
112
113
114
115
116
117
118
119
120
121
122
123
124
125
126
127
128
129
130
131
132
133
134
135
136
137
138
139
140
141
142
143
144
145
146
147
148
149
150
151
152
153
154
155
156
157
158
159
160
161
162
163
164
165
166
167
168
169
170
171
172
173
174
175
176
177
178
179
180
181
182
183
184
185
186
187
188
189
190
191
192
193
194
195
196
197
198
199
200
201
202
203
204
205
206
207
208
209
210
211
212
213
214
215
216
217
218
219
220
221
222
223
224
225
226
227
228
229
230
231
232
233
234
235
236
237
238
239
240
241
242
243
244
245
246
247
248
249
250
251
252
253
254
255
256
257
258
259
260
261
262
263
264
265
266
70
268
269
270
271
272
273
274
275
276
277
278
279
280
281
282
283
284
286
287
288
289
290
291
292
293
294
295
296
297
298
299
300
301
292
303
304
293
306
307
308
309
310
311
312
313
314
315
316
317
318
319
320
321
322
323
324
325
326
327
328
329
330
318
332
306
334
335
336
337
338
339
340
341
342
343
344
345
346
347
348
349
350
351
352
353
354
355
356
357
358
359
360
361
362
363
364
365
366
367
368
369
370
371
372
373
374
375
376
360
378
363
382
383
384
385
386
387
388
389
390
391
392
393
394
395
396
397
398
399
400
401
402
403
404
405
406
407
397
409
410
411
412
413
414
415
416
417
418
419
420
421
422
423
424
425
426
427
428
429
430
431
432
433
434
435
436
437
438
439
440
441
442
443
444
445
446
447
448
449
450
451
452
453
454
455
456
457
458
459
460
461
462
463
464
465
466
467
468
469
470
471
472
473
474
475
476
477
478
479
480
441
483
484
485
450
487
488
460
464
491
492
493
494
495
496
497
498
499
500
501
502
503
504
505
506
507
508
509
510
511
512
513
514
515
516
517
518
519
520
521
522
523
524
525
526
527
528
529
530
531
532
533
534
535
536
537
538
539
540
541
542
543
544
545
546
547
548
549
550
551
552
553
554
555
556
557
558
559
560
561
562
563
564
565
566
567
568
569
570
571
572
573
574
575
576
577
578
579
580
581
582
583
584
585
586
587
588
589
590
591
592
593
594
595
596
597
598
599
600
601
602
603
604
605
606
607
608
609
610
611
612
613
614
615
616
617
618
619
620
621
622
623
624
625
626
627
628
629
630
631
632
633
634
635
636
637
638
639
640
641
642
643
644
645
646
647
648
649
650
651
652
653
654
655
656
657
658
659
660
661
662
663
664
665
666
667
668
669
670
671
672
673
674
675
676
677
678
679
680
681
682
683
684
685
686
687
688
689
690
681
692
693
694
695
696
697
698
699
700
701
702
703
704
705
706
707
708
709
710
711
712
713
714
715
716
717
718
719
720
721
722
723
724
725
726
727
728
729
695
732
733
734
735
736
737
738
739
740
741
742
743
744
745
746
747
748
749
750
751
752
753
754
755
756
757
758
759
760
761
762
763
764
765
766
767
768
769
770
771
772
773
774
775
776
777
778
779
780
781
782
783
784
785
786
787
788
789
790
791
792
793
794
795
796
797
798
799
800
801
802
803
804
805
806
807
808
809
810
811
812
813
814
815
816
817
818
819
820
821
822
823
824
825
826
827
828
829
830
831
832
833
834
835
836
837
838
839
840
841
775
844
845
846
788
848
849
850
851
852
853
854
855
856
857
858
859
860
861
862
818
67
68
69
499
561
559
565
555
557
817
813
784
779
805
67
75
518
636
855
851
851
569
683
194
553
66
581
468
469
456
455
466
67
609
66
74
67
68
69
67
658
50
49
24
22
23
67
72
451
461
462
463
67
371
68
69
67
73
67
75
24
22
23
67
553
530
621
601
609
607
605
599
546
700
703
706
746
67
75
676
798
7
5
11
52
51
50
24
22
23
67
73
792
67
609
24
22
23
67
371
67
371
24
22
23
319
287
308
306
329
328
327
326
311
307
310
309
325
306
67
72
67
73
10
12
14
15
13
306
194
565
67
466
789
805
619
67
72
804
832
809
807
789
802
812
803
829
805
474
318
290
287
308
306
320
306
67
621
67
371
67
601
67
75
738
67
371
67
68
67
585
66
74
67
68
71
549
67
7
6
67
72
497
577
642
674
805
549
67
674
42
51
49
24
22
23
194
553
50
49
24
22
23
67
577
67
583
493
573
67
634
67
640
817
833
813
807
830
841
831
799
805
829
498
640
589
638
66
603
854
194
555
67
567
854
194
559
318
6
306
740
857
67
551
685
683
682
67
290
291
293
308
807
67
68
69
194
557
551
67
811
810
805
67
68
71
466
678
741
736
66
68
474
529
66
68
69
295
294
291
288
306
67
704
518
617
830
67
73
67
369
839
838
67
662
67
75
342
341
546
632
338
346
510
506
511
509
508
512
514
513
67
48
49
24
22
23
194
591
834
701
728
746
752
732
67
68
69
29
66
737
838
23
29
50
24
22
23
67
373
783
778
777
781
732
790
796
518
494
67
676
66
22
21
23
772
796
67
599
818
776
67
73
710
539
713
544
721
719
505
712
723
502
540
518
500
711
722
717
718
532
697
705
696
699
700
698
703
795
807
808
792
732
805
67
660
67
73
67
652
67
68
69
734
67
593
67
621
755
67
75
67
621
67
67
73
818
51
49
24
22
23
528
603
67
621
67
609
67
73
294
290
288
67
617
451
468
450
473
471
442
440
446
443
447
441
445
466
67
636
67
607
549
470
466
853
67
609
685
683
682
51
49
24
22
23
699
700
67
63
656
67
702
856
855
851
335
367
67
68
63
350
447
446
444
459
452
52
51
49
24
22
23
339
338
495
642
67
609
67
621
67
609
24
67
662
699
700
67
75
67
585
66
603
67
67
72
634
67
68
67
626
67
68
71
685
683
682
581
67
569
67
373
63
67
589
67
73
733
73
306
336
375
67
587
67
50
49
24
22
23
67
70
68
67
628
726
724
194
581
67
788
816
814
807
787
782
775
774
780
776
779
783
773
805
575
67
75
67
371
67
664
67
373
67
818
507
851
67
638
67
73
818
732
683
681
682
439
459
67
68
69
67
72
51
49
24
22
23
67
609
551
373
371
855
851
851
571
857
67
617
325
320
306
739
67
73
306
74
67
367
67
67
68
69
474
536
519
515
505
353
502
359
540
500
363
366
541
527
503
539
544
358
361
364
362
516
354
545
356
360
543
542
521
355
365
357
532
348
342
343
337
347
345
339
338
340
341
335
349
67
68
69
67
75
829
834
66
73
67
670
666
67
615
524
67
599
567
505
517
613
611
597
599
595
67
75
51
49
24
22
23
67
371
630
474
48
49
24
22
23
67
72
852
857
344
67
672
67
67
68
71
294
291
289
329
316
317
328
308
306
325
67
73
685
683
682
735
658
662
660
656
664
67
609
67
72
67
75
462
463
466
12
14
15
13
320
342
369
668
670
715
716
714
518
720
67
599
818
67
634
67
67
601
67
75
67
685
683
682
67
371
67
63
666
397
398
383
393
394
388
389
384
387
390
395
385
386
392
391
699
700
194
563
818
852
853
851
857
851
672
67
609
66
68
501
496
593
579
591
553
563
67
621
67
571
24
22
23
67
68
69
67
68
71
474
67
601
67
70
68
67
72
650
646
644
654
66
619
66
73
67
367
342
341
818
67
632
676
67
375
741
736
851
342
341
695
700
818
66
603
67
67
672
67
63
668
295
294
291
288
306
67
316
311
312
314
310
313
309
306
306
67
67
371
67
73
194
561
456
455
67
75
67
75
67
636
194
591
855
851
583
851
857
585
587
733
736
734
194
579
67
70
68
67
371
42
67
70
68
517
615
67
615
194
563
856
736
851
72
67
73
66
579
628
626
67
678
67
67
68
69
504
648
652
67
75
67
630
857
851
466
466
805
851
318
290
287
306
21
23
24
24
24
856
736
851
318
6
24
441
502
342
341
440
446
450
70
447
446
444
459
452
440
70
446
70
853
851
390
393
392
391
387
388
385
386
775
397
384
393
388
397
387
392
397
386
391
685
390
385
397
390
385
776
783
781
732
790
796
387
390
393
394
395
388
385
386
392
389
391
788
783
776
70
387
390
393
394
395
388
385
386
392
389
391
783
