1
2
2
2
2
2
2
2
2
1
11
11
11
11
11
11
11
11
11
11
11
11
11
11
11
21
27
11
29
29
29
29
11
34
34
11
37
37
24
40
6
6
44
45
45
45
45
45
45
45
45
45
45
45
45
45
45
45
45
45
45
45
45
45
45
56
68
70
61
72
72
62
74
75
63
77
78
78
78
78
78
78
78
85
85
85
85
85
85
85
85
85
85
85
85
78
98
98
78
101
101
101
101
104
106
78
108
108
78
111
111
111
111
111
111
117
117
117
117
117
117
117
117
78
126
126
78
129
129
78
132
132
132
78
136
136
78
139
139
78
142
142
142
142
78
147
147
78
150
150
78
153
153
153
78
157
157
157
78
161
78
163
78
165
78
167
78
169
78
171
78
173
78
175
175
78
178
78
180
180
78
183
78
185
78
187
187
78
190
190
78
193
78
195
78
197
78
199
78
201
78
203
203
78
206
78
208
78
210
78
212
212
78
215
215
78
218
78
220
220
78
223
223
223
223
223
223
223
223
223
223
78
234
234
78
237
237
78
240
240
78
243
243
78
246
246
78
249
249
78
252
252
252
252
78
257
78
259
259
259
259
259
259
259
259
259
259
259
259
259
259
259
259
259
259
259
259
78
280
280
280
280
280
280
78
287
287
287
287
287
287
78
294
78
296
78
298
298
78
301
78
303
78
305
305
78
308
78
310
310
78
313
78
315
78
317
78
319
319
78
322
78
324
78
326
78
328
78
330
78
332
332
78
335
335
78
338
1
340
340
340
340
340
340
340
340
340
340
340
340
352
352
340
355
355
340
358
358
358
358
363
364
365
365
365
365
368
370
370
370
369
44
375
375
375
375
375
375
375
375
375
380
385
375
387
387
387
387
387
387
387
387
387
375
397
397
375
400
400
400
400
375
405
405
405
1
409
409
409
409
409
409
409
416
416
416
415
420
1
422
422
422
422
422
422
422
422
422
425
432
432
432
422
436
436
436
436
436
431
442
1
444
444
444
444
444
444
444
448
452
452
444
455
455
455
455
455
455
451
462
6
465
466
466
466
466
466
471
471
474
475
475
1
476
476
476
476
476
476
476
476
481
485
485
476
488
488
488
488
488
488
484
495
6
498
44
499
499
499
499
499
499
499
499
499
499
499
499
499
499
499
499
499
499
499
499
499
499
499
499
499
499
499
499
527
527
527
527
527
527
499
534
534
534
534
534
534
526
542
543
543
543
543
543
543
543
543
543
543
77
554
554
554
554
554
554
554
554
554
554
554
554
554
554
554
554
554
554
554
554
554
554
554
554
554
554
554
554
554
554
554
554
554
554
554
554
554
554
554
554
554
554
554
554
554
554
554
554
554
554
554
554
554
554
554
554
554
554
554
554
554
554
554
554
554
554
554
554
554
554
554
554
554
554
554
554
554
554
554
554
554
554
554
554
554
554
554
554
554
554
554
554
554
554
554
554
554
554
554
554
554
554
554
554
554
554
554
554
554
554
554
554
554
554
554
554
554
554
554
554
554
554
554
554
554
554
554
554
554
554
554
554
554
554
554
554
554
554
554
554
636
695
77
697
697
697
697
697
697
697
700
705
77
707
707
707
707
707
707
77
714
714
714
714
714
714
714
714
714
714
714
714
714
95
1
729
729
729
729
729
729
729
729
729
729
729
729
729
729
729
729
729
729
729
729
729
729
751
751
751
183
332
352
326
178
193
169
308
330
139
157
167
328
416
215
422
199
210
298
405
206
444
436
37
296
98
240
257
313
252
319
400
249
243
218
29
324
190
203
132
355
173
246
180
171
234
338
223
165
358
208
150
476
322
197
142
212
259
187
34
310
175
201
305
101
108
136
294
163
153
195
220
237
301
317
129
488
147
111
126
315
185
335
455
303
161
540
278
278
278
278
278
278
278
278
278
278
278
300
300
300
430
430
430
674
357
286
286
286
524
524
524
524
639
724
724
724
724
724
615
233
233
233
233
233
233
233
233
233
233
233
233
233
233
233
612
648
676
421
737
599
642
236
236
236
135
135
135
135
702
680
629
242
242
242
426
617
483
483
483
483
279
279
104
104
104
104
104
104
104
104
104
200
200
339
339
600
613
519
519
519
519
20
20
597
630
276
276
276
276
276
650
578
578
578
578
578
578
578
578
578
578
578
578
578
578
578
578
578
578
285
285
96
96
636
644
644
258
258
258
59
59
59
59
603
638
711
309
309
22
22
22
22
22
22
678
687
624
740
740
740
740
740
740
170
170
205
205
205
449
449
449
449
449
449
449
619
741
582
380
380
380
607
209
209
105
105
105
105
105
105
105
105
105
105
105
105
105
105
105
67
601
668
550
743
743
538
538
538
583
583
128
128
128
128
239
239
239
652
659
692
404
433
433
433
691
710
710
412
412
412
412
412
412
461
461
586
593
712
712
351
351
351
351
581
26
618
65
65
65
65
318
318
362
362
362
69
69
69
69
655
179
179
350
350
350
350
350
350
350
350
350
350
350
350
350
350
350
350
350
350
649
80
80
80
80
80
80
80
80
80
80
80
80
80
80
80
80
80
80
80
80
80
80
80
80
80
80
80
80
80
80
80
80
80
80
80
80
80
80
80
80
80
80
80
80
80
80
80
80
80
80
80
80
80
80
80
80
80
80
80
80
80
80
80
80
80
80
80
80
80
80
80
80
80
80
633
670
739
739
207
207
284
610
602
589
589
589
589
589
292
292
292
292
441
441
441
575
575
575
575
575
700
700
700
156
156
156
156
156
156
427
427
427
427
427
427
590
138
138
138
138
138
592
295
295
525
525
525
381
381
381
381
381
381
381
620
672
726
726
726
726
726
726
196
196
551
666
684
331
331
331
604
604
162
162
62
95
95
95
95
95
95
57
245
245
245
588
588
588
588
588
608
685
325
325
622
675
56
56
56
56
60
60
60
703
64
64
64
159
159
159
159
159
159
694
634
671
753
493
493
61
61
61
61
61
61
61
61
533
533
533
297
297
396
396
396
396
396
396
402
122
122
122
122
548
548
548
723
723
723
125
125
41
214
214
214
408
487
614
248
248
248
480
480
480
480
480
480
480
480
480
480
657
383
383
383
58
549
553
307
307
307
307
628
25
454
522
522
522
522
522
522
522
587
379
379
379
379
379
494
494
494
494
494
211
211
211
177
177
177
177
217
217
217
682
8
8
8
334
334
334
334
669
679
727
727
727
727
727
727
727
651
450
450
450
450
110
110
110
110
110
110
110
110
665
302
302
747
747
747
747
747
693
579
7
7
7
7
481
481
667
677
689
312
312
312
447
447
447
447
447
23
23
23
4
4
39
321
321
321
591
596
5
174
174
738
744
744
744
744
184
184
580
637
470
646
584
584
635
63
520
520
337
337
337
539
539
539
539
643
643
186
186
605
251
251
251
149
149
149
149
149
384
384
384
384
384
384
384
384
384
384
384
384
384
384
658
115
115
115
115
115
115
115
115
115
115
115
115
164
164
471
471
471
725
725
725
725
725
482
482
482
482
482
482
482
742
742
275
275
275
275
275
275
275
275
275
275
275
275
275
275
275
275
275
275
275
275
275
275
275
275
275
275
275
275
275
275
275
275
448
448
606
141
141
141
141
141
683
378
378
382
382
611
84
84
84
84
84
94
662
460
496
91
91
91
91
91
91
440
440
314
314
100
100
100
100
100
100
100
100
100
100
100
100
100
100
100
100
625
621
746
746
654
124
419
419
664
585
585
595
577
577
577
577
123
123
123
123
316
316
413
413
413
413
429
656
632
653
219
661
749
745
745
21
21
21
21
21
21
21
21
21
21
21
21
21
21
21
21
21
21
754
647
256
256
256
256
256
414
414
627
518
518
518
518
518
518
518
518
202
202
202
327
327
463
368
395
395
395
395
395
395
395
395
395
395
681
304
304
283
329
329
616
641
182
182
182
152
152
152
152
152
66
66
194
194
146
146
146
146
146
146
146
645
403
189
189
189
192
192
192
172
172
407
688
532
532
532
532
640
443
626
626
36
576
576
576
609
428
428
428
428
428
428
428
293
293
531
531
531
531
531
673
349
349
521
521
521
323
323
631
277
660
168
168
598
486
486
686
222
222
222
222
222
594
198
198
166
166
166
166
166
623
750
663
552
552
552
131
131
131
131
131
529
389
32
32
359
359
353
353
53
53
467
30
30
361
361
393
437
356
356
530
528
489
491
491
509
31
31
360
360
354
354
35
35
479
418
418
417
417
439
439
281
42
42
42
42
42
497
497
497
497
497
464
464
728
728
728
728
728
728
728
728
728
728
43
43
43
43
43
472
473
71
71
71
71
71
71
73
