2
3
4
5
6
7
8
9
10
11
12
13
14
15
16
17
18
19
20
21
22
23
24
25
26
27
28
29
30
31
32
33
34
35
36
37
38
39
40
41
42
43
45
46
47
48
49
50
51
52
53
54
55
56
57
58
59
60
61
62
63
64
65
66
67
68
69
56
71
54
55
73
63
65
76
78
79
80
81
82
83
84
85
86
87
88
89
90
91
92
93
94
95
96
97
98
99
100
101
102
103
104
105
106
107
108
109
110
111
112
113
114
115
116
117
118
119
120
121
122
123
124
125
126
127
128
129
130
131
132
133
134
135
136
137
138
139
140
141
142
143
144
145
146
147
148
149
150
151
152
153
154
155
156
157
158
159
160
161
162
163
164
165
166
167
168
169
170
171
172
173
174
175
176
177
178
179
180
181
182
183
184
185
186
187
188
189
190
191
192
193
194
195
196
197
198
199
200
201
202
203
204
205
206
207
208
209
210
211
212
213
214
215
216
217
218
219
220
221
222
223
224
225
226
227
228
229
230
231
232
233
234
235
236
237
238
239
240
241
242
243
244
245
246
247
248
249
250
251
252
253
254
255
256
257
258
259
260
261
262
263
264
265
266
267
268
269
270
271
272
273
274
275
276
277
278
279
280
281
282
283
284
285
286
287
288
289
290
291
292
293
294
295
296
297
298
299
300
301
302
303
304
305
306
307
308
309
310
311
312
313
314
315
316
317
318
319
320
321
322
323
324
325
326
327
328
329
330
331
332
333
334
335
336
337
338
339
340
341
342
343
344
345
346
347
348
349
350
351
352
353
354
355
356
357
358
359
360
361
362
350
365
366
367
368
369
370
371
372
373
374
375
376
377
378
379
380
381
382
383
384
385
386
387
388
389
390
391
392
393
394
395
396
397
398
399
400
401
402
403
404
405
406
407
408
409
410
411
412
413
414
415
416
417
418
419
420
421
422
423
424
425
426
427
428
429
430
431
432
433
434
435
436
437
438
439
440
441
442
443
444
445
446
447
448
449
450
451
452
453
454
455
456
457
458
459
460
461
462
463
464
466
467
468
469
470
471
472
473
466
468
469
476
477
478
479
480
481
482
483
484
485
486
487
488
489
490
491
492
493
494
495
496
497
491
499
500
501
502
503
504
505
506
507
508
509
510
511
512
513
514
515
516
517
518
519
520
521
522
523
524
525
526
527
528
529
530
531
532
533
534
535
536
537
538
539
540
541
543
544
545
546
547
548
549
550
551
552
553
554
555
556
557
558
559
560
561
562
563
564
565
566
567
568
569
570
571
572
573
574
575
576
577
578
579
580
581
582
583
584
585
586
587
588
589
590
591
592
593
594
595
596
597
598
599
600
601
602
603
604
605
606
607
608
609
610
611
612
613
614
615
616
617
618
619
620
621
622
623
624
625
626
627
628
629
630
631
632
633
634
635
636
637
638
639
640
641
642
643
644
645
646
647
648
649
650
651
652
653
654
655
656
657
658
659
660
661
662
663
664
665
666
667
668
669
670
671
672
673
674
675
676
677
678
679
680
681
682
683
684
685
686
687
688
689
690
691
692
693
694
695
696
697
698
699
700
701
702
703
704
705
706
707
708
709
710
711
712
713
714
715
716
717
718
719
720
721
722
723
724
725
726
727
728
729
730
731
732
733
734
735
736
737
738
739
740
741
742
743
744
745
746
747
748
749
750
751
752
753
754
85
85
2
85
85
85
85
85
85
85
85
85
85
2
85
340
85
85
85
397
85
422
2
29
85
85
85
85
85
85
85
397
85
85
85
2
85
85
85
85
352
85
85
85
85
85
85
85
85
352
85
85
340
85
85
85
85
85
85
29
85
85
85
85
85
85
85
85
85
85
85
85
85
85
85
85
2
85
85
85
85
85
85
436
85
85
540
279
293
271
272
274
268
270
269
266
267
287
673
299
554
8
358
355
565
356
281
282
287
520
532
509
527
563
726
718
721
720
719
565
96
589
588
97
643
231
229
230
224
226
225
232
228
227
554
565
572
565
414
729
565
565
631
235
554
616
134
133
554
699
565
565
665
241
554
424
565
8
488
358
355
264
265
84
602
105
594
601
102
103
554
280
590
554
694
554
565
567
520
500
503
501
2
11
565
565
293
264
280
287
280
572
558
564
570
566
573
568
562
567
561
565
563
560
569
572
555
559
556
571
281
287
645
554
568
642
639
617
618
554
49
50
48
51
563
565
708
679
554
23
11
34
11
37
2
565
563
565
731
733
732
735
730
734
656
554
622
204
554
450
444
455
2
358
355
444
565
736
565
384
377
376
565
652
554
598
597
595
596
284
600
293
599
639
290
291
288
554
280
287
50
565
565
545
736
732
535
536
537
580
574
686
690
127
554
627
238
554
573
565
572
401
426
423
341
564
709
708
743
418
411
410
417
416
459
458
565
565
709
708
449
482
428
340
565
13
565
63
62
553
45
630
554
361
360
359
59
61
553
550
565
661
554
743
741
353
345
346
342
343
361
344
354
360
356
347
341
359
352
355
358
572
82
81
83
173
183
332
246
326
178
180
171
193
169
308
330
139
234
157
167
338
223
165
208
328
150
322
197
215
199
210
142
298
212
206
259
187
310
175
201
305
101
108
136
294
163
153
195
220
237
301
317
296
129
98
147
240
257
111
313
252
319
249
126
315
243
185
218
324
190
335
203
303
161
132
565
565
751
729
651
554
281
565
565
725
565
562
574
714
291
290
289
288
6
438
437
578
558
561
560
559
701
698
699
96
585
97
155
154
554
743
424
439
423
438
436
571
96
97
586
137
554
571
657
554
518
499
499
65
382
384
383
377
376
45
565
570
715
718
717
720
722
716
591
554
547
565
572
669
626
554
563
697
691
554
54
87
88
86
89
554
554
48
633
244
554
724
565
562
574
714
565
563
648
554
565
565
62
46
47
48
49
48
52
699
553
47
53
160
688
605
666
158
554
565
565
565
752
489
352
552
63
553
551
49
47
53
51
539
534
534
662
554
59
399
398
391
388
393
401
119
120
121
118
547
545
544
718
717
719
119
118
23
678
213
554
406
524
566
674
247
554
743
525
477
490
492
491
478
479
488
488
565
66
553
45
51
544
545
676
677
306
554
565
13
426
520
511
513
507
514
510
512
565
381
384
380
377
376
6
490
492
491
489
690
687
554
650
649
176
554
670
216
554
572
6
2
2
654
653
333
554
569
565
715
718
716
717
721
720
722
573
8
455
358
355
684
683
682
636
637
569
109
554
565
663
554
9
733
732
734
730
565
562
4
5
3
2
477
478
565
565
563
671
311
554
445
459
446
458
455
8
34
37
6
3
38
632
320
554
571
565
6
658
554
729
731
733
736
730
666
554
565
565
466
565
581
574
640
55
508
502
693
336
554
540
535
536
537
642
639
667
554
564
675
250
554
96
628
97
148
554
57
67
64
399
60
58
392
376
45
397
45
405
400
387
565
686
116
604
124
123
645
125
114
112
113
554
117
621
554
469
468
467
726
718
721
720
719
483
476
2
476
488
358
355
736
732
276
609
602
595
598
84
597
596
277
600
594
601
278
599
639
263
273
271
260
268
270
261
266
262
272
274
269
288
267
554
287
280
445
446
565
96
97
587
140
554
572
377
376
383
45
565
286
639
280
554
280
554
565
352
483
94
92
93
88
89
90
437
352
680
554
657
608
689
612
613
664
614
606
662
610
643
685
603
644
99
554
565
565
735
730
573
119
418
417
565
582
574
565
578
558
559
557
119
120
121
118
630
554
414
409
416
409
429
565
563
573
554
565
730
735
736
743
741
33
13
18
14
12
16
38
19
32
31
15
35
17
34
29
37
752
565
615
254
253
255
554
8
416
640
505
500
504
503
507
501
502
506
620
619
554
660
554
450
369
549
66
391
390
388
393
394
389
397
45
574
611
554
282
593
554
565
572
640
181
554
629
96
97
151
554
53
543
672
554
96
584
97
144
143
145
554
565
401
634
188
554
635
191
554
659
554
406
563
533
530
528
529
563
429
563
707
35
578
558
559
565
429
422
436
422
2
358
355
289
288
530
505
528
529
534
564
2
340
517
516
515
692
554
563
279
565
655
554
565
522
521
563
625
624
623
221
554
565
592
554
647
641
646
639
554
565
730
565
548
545
546
96
583
97
130
554
534
45
729
729
729
729
729
729
543
543
466
729
729
729
729
397
352
729
729
534
534
352
729
729
527
729
729
729
729
729
729
729
729
499
729
729
729
729
729
729
287
33
30
32
31
35
6
490
492
491
489
459
458
564
565
570
563
573
569
568
572
556
571
33
30
32
31
38
468
469
552
63
553
47
53
51
54
