1
2
2
2
2
2
2
2
10
7
12
13
13
13
13
13
13
13
13
13
13
13
13
13
13
13
13
13
13
13
13
13
13
13
13
13
13
13
13
13
13
13
13
13
13
13
13
13
13
13
13
13
13
13
13
13
13
13
13
13
13
13
13
13
13
13
13
13
13
13
13
13
13
13
13
13
13
13
29
81
38
83
75
85
76
87
37
90
91
91
91
91
91
91
91
91
91
91
91
91
91
91
91
91
91
91
91
91
91
91
91
91
91
91
115
120
104
90
122
122
122
122
122
122
122
122
122
122
122
122
122
122
122
122
122
122
122
122
122
122
122
137
137
122
91
41
76
51
32
32
111
6
42
137
137
137
137
137
137
137
61
61
75
75
112
112
112
106
106
106
106
107
107
107
38
38
54
36
46
82
82
9
9
67
63
52
140
70
142
142
78
64
77
117
117
40
40
68
68
8
8
132
44
44
62
62
37
55
55
43
141
141
113
60
60
109
56
56
73
73
45
80
80
80
48
66
66
66
58
105
105
135
135
135
135
134
39
72
72
144
144
50
131
131
47
47
104
104
104
104
104
104
104
102
102
74
71
71
69
69
69
34
34
35
35
33
33
53
108
143
115
115
115
116
133
133
133
133
133
139
139
139
49
49
65
65
79
79
7
7
7
59
59
57
57
136
29
29
29
29
29
29
29
29
29
29
29
29
29
29
14
92
123
118
11
11
11
147
147
