1
2
2
2
1
6
6
9
10
10
10
10
10
10
10
10
10
10
10
10
10
10
10
10
10
10
10
10
10
10
10
10
10
10
10
10
10
10
10
10
10
10
10
10
10
10
10
10
10
10
10
10
10
10
10
10
10
10
10
10
10
10
10
10
10
10
10
10
10
10
10
10
10
10
10
10
10
10
10
10
10
10
10
10
10
10
10
10
87
1
92
92
92
92
92
98
1
99
101
1
102
102
102
102
102
108
1
109
109
1
112
112
112
112
112
112
112
112
112
123
124
4
1
126
126
126
126
131
1
132
132
135
136
136
1
139
139
139
139
139
139
139
139
149
1
150
150
150
150
150
150
150
150
150
160
139
139
126
6
112
112
2
132
99
102
150
92
109
36
147
24
24
24
24
47
88
88
81
128
128
23
23
23
23
21
21
21
57
105
158
74
87
87
87
87
42
42
96
82
33
33
33
33
33
33
145
145
145
63
63
63
63
27
34
38
38
84
155
44
73
46
46
25
90
90
90
90
90
90
130
130
130
97
154
154
154
64
64
64
64
85
62
121
121
121
65
65
65
48
48
61
61
29
83
83
39
39
80
118
118
118
79
28
28
28
28
58
146
146
146
146
43
49
49
49
49
49
49
49
49
49
72
89
89
156
4
22
22
22
22
40
40
68
68
117
117
117
59
59
129
129
129
45
35
56
30
32
76
71
157
157
67
67
67
67
144
144
144
107
69
69
69
69
69
75
95
41
41
106
31
37
37
86
86
86
86
86
86
86
86
86
86
55
55
26
120
66
66
66
66
60
70
70
70
70
70
70
77
127
125
91
159
