1
2
2
2
2
2
2
2
2
2
2
2
2
2
2
2
2
2
2
2
2
2
2
2
2
2
2
2
2
2
2
2
2
2
2
2
2
2
2
2
2
2
2
2
2
2
2
2
2
2
2
2
2
2
2
2
2
2
2
30
61
30
63
33
65
33
67
33
69
33
71
33
73
34
75
34
77
34
79
51
81
51
83
52
85
52
87
53
89
54
91
54
93
95
56
97
56
99
58
101
58
103
58
105
60
107
17
17
111
112
112
112
112
112
112
118
1
120
120
120
120
120
120
120
120
120
120
120
120
120
120
120
120
120
120
120
120
120
120
120
120
120
120
120
120
120
120
120
120
120
120
120
120
120
120
120
120
120
120
120
120
120
120
120
120
120
120
120
120
120
120
120
120
120
120
120
120
120
120
120
120
120
120
120
187
187
187
187
187
187
187
187
187
187
187
187
187
187
187
187
187
187
187
187
187
187
187
187
1
212
212
212
212
212
212
212
212
212
212
212
212
212
212
212
212
212
212
212
212
212
212
212
212
212
212
212
212
212
212
212
212
212
212
212
212
212
212
212
212
212
212
212
212
212
212
212
212
212
212
212
212
212
212
212
212
212
212
212
212
212
212
212
212
212
212
212
212
212
212
212
212
212
212
212
212
212
212
212
212
212
212
212
212
212
212
212
212
212
212
218
224
1
305
305
305
305
305
305
305
305
305
305
305
305
305
305
305
305
305
305
305
305
305
305
305
305
305
305
305
305
305
305
305
305
305
305
305
305
305
305
305
305
305
305
305
305
348
350
349
352
1
354
354
354
354
354
354
354
354
354
354
354
354
354
354
354
354
354
354
354
354
354
354
354
354
354
354
354
354
354
354
362
385
363
387
364
389
365
391
365
393
366
395
366
397
367
399
401
368
403
369
405
369
407
370
409
371
411
371
413
371
415
372
417
372
419
421
373
423
425
373
427
429
374
431
375
433
435
376
437
376
439
441
377
443
377
445
447
377
449
378
451
453
455
378
457
379
459
354
461
462
463
380
465
380
467
381
469
471
382
473
383
475
383
477
383
479
384
481
384
483
384
485
374
1
488
488
488
488
488
488
488
488
488
488
488
488
488
499
502
500
504
1
506
506
506
506
506
506
506
506
506
506
506
506
506
506
506
506
506
506
506
506
506
506
506
506
506
506
506
506
506
506
506
506
506
506
506
506
506
506
506
506
506
506
506
506
506
506
506
506
506
555
555
555
506
559
559
559
559
559
559
559
559
559
559
559
559
559
559
559
559
559
559
559
559
559
559
559
559
506
584
584
584
584
584
584
584
584
584
584
584
584
584
584
584
506
600
600
600
600
600
600
600
600
600
600
506
611
611
611
611
611
611
611
611
611
611
611
611
506
624
624
624
624
624
624
624
624
624
624
624
624
624
517
638
517
640
517
642
544
644
545
646
506
648
650
651
652
653
654
655
655
655
655
655
655
655
655
655
655
655
655
655
655
664
670
670
673
675
655
677
672
111
680
680
680
680
680
1
686
686
686
686
686
686
686
686
686
686
686
686
686
686
686
686
686
686
686
686
686
707
707
709
710
694
712
712
712
716
718
695
720
720
720
686
724
724
695
728
729
729
729
729
729
729
729
729
729
729
729
729
729
729
729
729
729
729
729
729
729
729
729
729
729
729
729
729
729
729
729
729
729
729
729
729
729
729
729
729
741
770
741
772
741
774
729
776
1
778
778
778
778
778
778
778
778
778
778
778
778
778
778
778
778
778
778
778
778
778
778
778
778
778
778
778
778
778
778
778
778
778
778
778
778
778
778
778
778
778
778
778
778
778
778
778
778
778
778
778
778
778
778
778
778
778
778
778
778
778
778
778
778
778
778
778
778
778
778
778
778
778
778
778
778
778
778
778
778
778
778
778
778
778
778
778
778
778
778
778
778
778
778
778
778
778
778
778
778
778
778
778
778
778
778
778
778
778
778
778
778
778
778
778
778
778
778
778
778
778
778
778
778
778
778
778
778
778
778
778
778
778
778
778
778
778
778
778
778
778
778
778
778
778
778
778
778
778
778
778
778
778
778
778
933
933
933
933
933
933
933
933
933
933
933
933
933
933
933
933
933
805
951
812
953
813
955
814
957
845
959
853
961
854
963
856
965
857
967
859
969
861
971
862
973
868
975
879
977
881
979
882
981
886
983
888
985
889
987
891
989
892
991
906
993
995
997
907
999
907
1001
1003
907
1005
908
1007
908
1009
1011
908
1013
909
1015
909
1017
1019
909
1021
911
1023
913
1025
914
1027
1029
915
1031
917
1033
918
1035
919
1037
920
1039
921
1041
922
1043
922
1045
923
1047
924
1049
926
1051
927
1053
928
1055
929
1057
929
1059
930
1061
932
1063
923
66
1
1067
1067
1067
1067
1067
1067
1067
1067
1067
1067
1067
1067
1067
1067
1067
1067
1067
1067
1067
1067
1067
1067
1067
1067
1067
1067
1067
1067
1067
1067
1067
1067
1067
1100
1100
1100
1100
1100
1100
1100
1
1108
1108
1108
1108
1108
1108
1108
1108
1108
1108
1108
1108
1108
1108
1108
1108
1108
1108
1108
1108
1108
1108
1108
1108
1108
1108
1108
1108
1108
1108
1115
1139
1141
1115
1143
1116
1145
1147
1116
1149
1117
1151
1153
1117
1155
1118
1157
1159
1118
1161
1119
1163
1165
1119
1167
1120
1169
1171
1120
1173
1121
1175
1177
1121
1179
1122
1181
1183
1122
1185
1123
1187
1123
1189
1123
1191
1124
1193
1195
1197
1125
1199
1125
1201
1125
1203
1126
1205
1207
1209
1127
1211
1213
1127
1215
1128
1217
1219
1128
1221
1129
1223
1130
1225
1227
1130
1229
1131
1231
1233
1131
1235
1131
1237
1132
1239
1241
1132
1243
1132
1245
1133
1247
1249
1133
1251
1133
1253
1134
1255
1257
1134
1259
1134
1261
1135
1263
1265
1136
1267
1269
1137
1271
1273
1138
1275
1138
1277
1120
1
1281
1281
1281
1281
1281
1281
1281
1281
1281
1281
1281
1281
1281
1281
1281
1281
1281
1281
1281
1281
1281
1281
1281
1281
1281
1281
1281
1281
1281
1281
1281
1281
1281
1281
1281
1281
1281
1281
1281
1281
1281
1281
1281
1281
1281
1326
1326
1326
1326
1326
1326
1326
1326
1326
1326
1326
1326
1339
1340
1340
1340
1340
1340
1340
1340
1340
1340
1340
1
1351
1351
1351
1351
1351
1351
1351
1351
1351
1351
1351
1351
1351
1351
1351
1351
1351
1351
1351
1351
1351
1351
1351
1351
1351
1351
1351
1351
1351
1351
1351
1351
1351
1351
1351
1351
1351
1351
1351
1351
1351
1351
1351
1351
1351
1351
1351
1351
1351
1351
1351
1351
1351
1351
1351
1351
1351
1351
1351
1351
1351
1351
1351
1351
1351
1351
1351
1351
1351
1351
1351
1351
1351
1351
1351
1351
1351
1351
1351
1351
1351
1351
1351
1351
1351
1351
1351
1351
1351
1351
1351
1351
1351
1351
1351
1351
1351
1351
1351
1351
1351
1351
1351
1351
1351
1351
1351
1351
1351
1351
1351
1351
1351
1351
1351
1351
1351
1351
1351
1351
1351
1351
1351
1351
1351
1351
1351
1351
1351
1351
1351
1351
1351
1351
1351
1351
1351
1351
1351
1351
1351
1351
1351
1351
1351
1351
1351
1351
1351
1351
1351
1351
1351
1351
1351
1351
1351
1351
1351
1351
1351
1351
1351
1351
1351
1351
1351
1351
1351
1351
1351
1351
1351
1351
1351
1351
1351
1351
1351
1351
1351
1351
1351
1351
1351
1351
1351
1538
1538
1538
1538
1538
1538
1538
1538
1538
1538
1538
1538
1538
1538
1538
1538
1538
1538
1538
1538
1538
1538
1538
1538
1538
1538
1538
1538
1538
1538
1538
1538
1538
1538
1538
1538
1538
1538
1538
1538
1538
1538
1538
1538
1538
1538
1538
1538
1538
1538
1538
1538
1538
1538
1538
1538
1538
1538
1538
1538
1538
1538
1538
1538
1538
1538
1538
1538
1538
1538
1538
1538
1538
1538
1538
1538
1538
1538
1538
1538
1538
1538
1538
1538
1538
1538
1538
1538
1538
1538
1538
1538
1538
1538
1538
1538
1373
1635
1489
1637
1505
1639
1507
1641
1509
1643
1520
1645
1520
1647
1520
1649
1520
1651
1520
1653
1521
1655
1521
1657
1521
1659
1397
1390
1397
1385
1385
1381
1382
1388
1388
1386
1386
13
13
1370
1375
1375
1375
1377
1377
1377
1379
1410
1411
1397
1397
1420
1420
1
1688
1688
1688
1688
1688
1688
1688
1688
1688
1688
1688
1688
1688
1688
1688
1688
1688
1688
1688
1688
1688
1688
1688
1688
1688
1688
1688
1688
1688
1688
1688
1688
1688
1688
1688
1688
1688
1688
1688
1688
1688
1688
1688
1688
1688
1688
1688
1688
1688
1688
1688
1688
1688
1688
1688
1688
1688
1688
1688
1688
1747
1749
1748
1751
346
351
1755
1756
1756
1757
1759
1761
1763
1758
1765
1767
1769
1758
1757
1
1773
1773
1773
1773
1773
1773
1773
1773
1773
1773
1773
1773
1773
1773
1773
1773
1773
1773
1773
1773
1773
1773
1773
1773
1773
1773
1773
1773
1773
1773
1773
1773
1773
1773
1773
1773
1773
1773
1773
1773
1773
1773
1773
1773
1773
1773
1773
1773
1773
1773
1773
1773
1817
1826
1
1828
1828
1828
1828
1828
1828
1828
1828
1828
1828
1828
1828
1828
1828
1828
1828
1828
1828
1828
1828
1828
1828
1828
1828
1828
1828
1828
1828
1828
1828
1828
1828
1859
1
1862
1862
1862
1862
1862
1862
1862
1862
1862
1862
1862
1862
1862
1862
1862
1862
1862
1862
1862
1862
1862
1862
1862
1862
1862
1862
1862
1862
1862
1862
1862
1862
1862
1862
1862
1862
1862
1862
1862
1862
1862
1862
1862
1862
1862
1862
1862
1862
1862
1862
1862
1862
1862
1862
1862
1862
1862
1862
1862
1862
1862
1862
1862
1862
1862
1862
1862
1862
1862
1862
1862
1862
1862
1862
1862
1862
1862
1862
1862
1862
1935
1943
1936
1945
1940
1947
1940
1949
1941
1951
1941
1953
1942
1955
1942
1957
1930
461
60
1212
1212
1449
662
662
662
1730
1730
1455
1819
1819
1819
1819
223
1158
1158
886
667
1404
1404
1311
840
1410
1410
1442
1394
1394
298
298
696
1935
747
747
747
747
151
151
151
301
666
792
792
792
518
518
871
383
383
383
1734
1734
1734
1734
1116
1116
1116
1077
1077
1077
331
331
331
153
153
153
907
907
36
36
36
36
37
37
37
37
37
55
347
1376
1376
1376
1904
1904
18
48
48
896
896
24
24
1473
236
1746
1746
1746
1501
1501
1501
1256
1256
1906
1906
668
368
368
1323
1798
1798
1798
1798
1520
1520
1520
1520
1911
1911
1911
1129
1129
1129
1721
1721
805
805
130
130
130
875
902
902
521
521
521
49
49
209
209
209
209
209
209
209
209
209
209
209
209
209
209
209
209
209
209
209
209
209
824
880
1928
1928
1117
1117
1117
1725
1725
179
179
179
179
179
179
179
179
179
179
179
179
179
179
179
179
179
179
179
179
179
179
179
546
272
1737
1737
1787
1849
1849
1338
1837
1837
1837
1837
1837
839
542
1941
1941
1941
1941
1941
143
143
143
1092
1092
1092
1092
1092
1498
1498
598
1858
1858
29
29
334
334
334
636
360
360
366
366
1743
1743
1942
1942
1942
1942
1942
1712
231
1487
45
45
1783
1783
1783
1783
1783
1783
1929
1325
1325
498
498
1293
1293
1293
539
703
703
1200
1719
1719
1719
248
248
234
1529
1529
1800
1800
1800
1800
131
131
131
374
40
40
859
919
919
743
743
908
908
1073
1073
1926
1877
64
288
1871
1125
1125
1125
1722
1722
1722
855
1378
1378
1378
1519
1519
847
1525
1525
1525
1525
904
1346
1346
1346
1346
14
513
513
513
513
513
275
341
341
341
341
349
1851
1380
1086
229
133
133
133
876
663
663
663
663
552
868
1426
1530
1530
1917
758
758
758
28
28
170
315
1478
1454
181
181
181
181
181
181
181
181
181
181
181
181
181
181
181
181
181
181
181
181
181
181
181
1097
1318
1318
1318
1318
1318
1318
1318
1318
1318
1318
1646
1824
1824
1824
1824
164
164
164
273
1790
1790
1797
1797
1797
1797
706
745
745
723
637
1423
1423
1465
1465
1726
1726
1726
1218
1218
599
893
1436
1940
1940
1940
1940
1940
1072
1300
1300
1300
1818
1818
1818
1818
1892
721
297
297
297
297
370
370
739
739
739
31
31
1080
1080
1080
460
365
365
803
803
803
1805
1805
1805
1805
300
808
523
523
523
865
865
865
261
261
516
851
1414
1414
553
748
227
290
149
149
149
287
144
144
144
1706
925
1905
1905
864
864
864
864
225
544
544
232
517
517
501
1477
742
742
278
1409
1409
1479
1152
1152
115
115
1370
323
323
323
323
323
380
380
1138
1138
1138
1138
1138
25
25
820
820
1526
1526
699
698
175
1716
1716
1716
1794
1794
1794
1794
888
1705
903
86
900
1134
1134
1134
1134
42
42
155
155
155
1733
269
265
265
265
1901
1901
1392
1392
814
849
1306
1306
1306
1532
1532
327
327
327
1091
1091
1091
1091
1091
1148
263
1140
1140
1319
1319
1319
1319
1319
1319
1319
1319
1319
1319
1710
1710
737
737
737
737
737
737
737
737
737
737
737
737
737
737
737
737
737
737
737
737
737
737
737
737
737
737
737
737
1522
1522
1522
1522
857
858
1799
1799
1799
1799
797
835
1188
906
299
299
299
1918
1918
1918
812
1291
1291
1291
250
250
1348
609
252
252
1397
1397
1704
1704
1704
1704
1106
1106
1106
1106
1106
877
1446
337
337
337
337
337
1738
1910
1910
1910
329
329
329
162
162
162
1475
867
1806
1806
100
756
1844
1844
1844
1844
444
1853
1853
1853
1853
536
520
520
520
514
1389
1389
1389
217
1474
815
815
815
1698
1098
848
1524
1524
1524
1524
1891
1891
1742
794
794
1324
1398
1398
1507
1507
1507
1507
1507
1537
1137
1297
1297
1297
818
725
762
762
826
1885
1114
1114
1114
1400
1400
802
1287
238
176
158
158
158
881
1002
146
146
146
1747
344
344
344
344
1460
809
1099
1099
1801
1801
1292
1292
1292
549
43
43
1374
1374
1374
1895
1895
1534
1534
281
1936
1736
1736
1736
1491
1491
1491
1915
1915
583
302
379
379
1502
1502
1502
845
1312
1312
873
1194
895
895
1839
554
1412
1412
1724
1724
1724
1724
1315
831
816
1463
1463
527
527
527
527
1752
890
1447
1382
1505
242
1696
1401
1401
1294
1294
1294
765
765
765
1123
1123
1123
1908
1908
1908
529
529
529
931
1411
1411
136
136
136
694
878
266
700
700
700
1482
1482
1482
1899
1836
883
872
1766
800
800
800
800
533
533
789
789
789
789
117
117
117
117
1924
901
901
1406
1406
1317
1317
1317
1317
1317
1317
1317
1317
1317
1317
168
168
168
519
519
519
1796
1796
1796
1796
1796
1278
1407
1407
1381
173
1512
1512
768
1320
1842
372
372
1308
1369
1369
1369
1707
1931
1931
90
1857
1857
369
369
691
691
691
691
795
262
262
474
1170
1170
825
1366
1366
525
525
525
1295
1295
1295
1164
1164
846
846
1786
152
152
152
701
843
1303
1303
1303
922
922
829
829
928
210
210
210
210
210
210
210
210
210
210
210
210
210
210
210
210
210
210
210
210
210
210
1128
1128
1128
1430
1430
271
1817
1817
1817
1817
228
492
492
492
882
1437
1784
1458
1859
1859
1859
1859
887
1488
1815
1815
1815
1815
1815
1815
1815
1396
1396
166
166
166
1428
1921
1921
1018
1421
1421
1421
822
822
822
1296
1296
1296
806
806
82
128
128
128
1403
1403
753
753
753
753
753
753
183
183
183
183
183
183
183
183
183
183
183
183
183
183
183
183
183
183
183
183
183
499
1439
1855
35
35
35
35
276
493
801
1399
1399
1897
245
704
1795
1795
1795
1795
1496
1496
1496
1490
1490
1094
1094
1094
1094
1094
296
296
296
296
1912
1912
1912
807
807
807
854
1118
1118
1118
12
1697
1697
1697
1697
1697
1697
184
1383
1383
1383
1424
1424
1020
34
34
34
34
260
260
1386
1386
623
841
32
1316
1316
1316
1316
1316
1316
1316
1316
1316
1316
738
738
738
738
1788
452
1307
1729
1729
690
690
690
1814
1814
1814
1814
1814
1814
1814
1894
137
137
137
811
1717
1717
59
289
682
682
1384
672
672
672
500
1226
1226
346
346
1347
1347
66
531
531
531
531
1093
1093
1093
1093
1093
665
1883
1081
1081
1081
1933
1933
1433
1811
1811
1811
1860
1860
1860
280
1898
178
178
178
178
178
178
178
178
178
178
178
178
178
178
178
178
178
178
178
178
178
178
178
1336
1336
1336
1336
1336
1336
1336
1336
1336
1708
1349
1349
1349
1852
1923
1923
320
320
320
320
1371
1371
1371
1494
1494
1304
1304
1304
1431
1132
1132
1132
1132
1715
1715
1715
222
836
1723
1723
1723
167
167
167
535
535
1146
1146
15
1124
1124
1124
1206
1731
1731
1731
1902
1902
1907
1907
755
755
755
755
755
755
41
754
754
754
754
754
754
241
1305
1305
1305
1305
410
1489
1727
1727
1727
1467
1843
1843
1843
1843
1869
1869
1869
1869
1089
899
1309
1309
1309
1309
1309
1309
1309
1309
1309
1309
1309
1290
1528
1528
1440
869
1504
141
141
141
1476
1854
1934
1934
332
332
332
1289
1289
1289
283
850
284
827
827
804
828
1417
1417
1879
1443
713
713
713
713
292
292
292
752
752
752
752
752
752
336
336
336
336
909
909
916
17
142
142
142
76
382
382
382
1408
1408
1913
1913
1913
537
159
159
159
165
165
165
817
1456
226
1483
134
134
134
1298
1298
1298
348
515
515
515
515
515
863
884
1714
1714
1714
1368
1884
1232
1232
1927
1927
1434
1240
1240
52
52
52
52
759
759
759
1444
834
13
13
394
1919
1919
551
1135
279
522
522
522
763
763
763
763
763
763
1122
1122
1122
1337
1337
1337
1337
1337
1337
1337
1337
1337
1337
1377
1377
1846
1846
1846
1846
870
1466
1441
790
249
249
1825
1825
1825
1825
524
524
524
1880
1880
910
910
126
126
293
293
293
21
21
1739
1821
1821
1821
1821
373
11
11
11
11
813
538
538
1452
1079
1079
1079
282
532
532
532
1119
1119
1119
927
927
927
1508
1508
1508
1115
1115
1115
1735
274
1791
1791
1791
1791
918
918
1642
44
44
246
1938
94
1388
1388
138
138
138
892
892
446
255
255
543
543
361
693
693
363
1499
224
1889
1889
582
1636
1636
912
912
1395
1395
1459
367
862
930
277
545
545
243
581
581
53
53
53
1531
1531
318
1415
1415
127
127
127
810
810
810
47
47
1416
1416
1469
1838
1121
1121
1121
1121
1848
1848
39
39
39
39
760
760
1470
1427
328
328
328
161
161
161
404
1516
1516
251
251
406
1521
1521
1521
1521
1812
1812
1812
741
741
741
741
838
216
216
216
1760
1450
27
27
333
333
333
333
333
54
54
54
1856
140
140
140
1850
1387
1387
1387
715
1890
750
750
750
750
494
1425
1425
681
681
285
1385
1385
1461
1461
860
1932
1513
1513
1314
1314
1314
171
171
171
171
171
171
171
171
171
171
171
171
171
171
171
171
171
171
171
171
171
171
171
375
1486
338
338
338
338
338
324
324
324
324
324
844
1435
244
853
833
833
1393
1393
1321
1847
1847
1847
1847
1922
1922
796
1533
1533
1429
1429
1518
1518
1740
1939
1939
1939
295
295
295
295
1656
1176
1176
1515
1515
1870
1453
1131
1131
1131
1131
528
528
528
528
364
364
1313
1322
1322
1322
1322
1322
1322
1322
1322
1322
1497
1497
1497
343
343
343
821
821
1224
898
692
692
1896
256
256
169
1810
1810
1810
1810
240
1523
1523
1523
1523
1523
125
932
932
257
257
530
530
530
530
766
889
1375
1375
746
746
1509
1509
1509
1509
1509
1472
330
330
330
526
526
526
526
1096
1096
1096
1096
230
757
757
757
291
335
335
335
335
1484
1744
1744
1744
26
26
1514
1514
1506
1506
1506
58
58
58
58
610
689
1793
1793
147
147
147
1789
1909
1909
1909
1709
1709
1445
1136
1536
1462
1462
163
163
163
705
705
468
1457
51
51
51
51
1432
709
709
709
30
30
30
799
799
1713
497
497
148
148
148
339
339
339
339
897
897
377
377
377
722
247
211
270
270
270
548
1820
1820
1820
1820
1711
1711
1105
1105
1105
1105
905
842
1390
1390
1419
1419
16
16
1301
1301
1301
1920
1920
1930
1367
150
150
150
326
326
326
326
1010
1107
1258
1402
1402
1535
1535
233
129
129
129
316
316
316
316
316
316
830
237
496
239
1809
1809
1809
1782
267
1391
1391
1391
1822
1822
1822
1822
719
1893
160
160
160
1728
1728
1728
1120
1120
1120
1718
1718
1718
1803
1803
1373
856
132
132
132
371
371
1133
1133
1133
1133
1823
1823
1823
1823
139
139
139
1480
1420
1420
46
46
157
157
157
33
33
33
33
885
1299
1299
1299
1468
294
294
294
1302
1302
1302
1448
258
258
1422
1422
1808
1808
1808
1808
1937
286
1451
1076
1076
1076
1182
1182
268
268
1471
697
697
1802
547
547
235
345
345
345
852
852
317
154
154
154
1845
1845
135
135
135
1741
1741
182
321
321
321
321
321
321
1130
1130
1130
38
38
38
38
793
1075
1075
1075
1813
1813
1813
1517
1517
96
114
114
219
1807
1807
1807
1807
1807
1807
1872
736
736
736
736
736
736
186
186
1127
1127
1127
145
145
145
1248
1248
861
1418
1418
798
798
798
823
56
56
56
56
1372
253
253
894
917
470
866
837
1485
254
254
832
622
1078
1078
1078
1748
106
264
180
180
180
180
180
180
180
180
180
180
180
180
180
180
180
180
180
180
180
180
180
180
180
1644
540
540
1492
1492
1745
1745
879
1438
378
378
378
1925
1925
1914
1914
1914
384
384
1084
1084
1084
1084
1084
1084
1720
1720
1720
1379
1379
1804
1804
1804
1804
1792
1792
1792
1792
174
1699
362
1888
711
23
23
259
342
1916
1916
1288
1288
1481
22
22
1464
1464
1903
185
550
1900
1527
340
340
929
381
381
381
717
534
534
534
874
761
1074
1074
1074
156
156
156
1503
1503
1732
1126
1126
1126
541
541
1405
1405
57
177
1493
1493
1413
1413
495
322
322
322
322
322
788
1109
1109
1069
1356
1356
781
781
1283
687
687
1866
1866
356
356
113
8
8
122
109
110
1661
1350
1662
1663
1664
1665
1666
1667
1668
1669
1670
1671
1753
1754
1675
1676
1677
1678
1679
1680
1681
1682
1683
1684
1685
1686
1687
1861
