2
3
4
5
6
7
8
9
10
11
12
13
14
15
16
17
18
19
20
21
22
23
24
25
26
27
28
29
30
31
32
18
34
35
36
37
38
39
40
41
42
43
44
45
46
47
48
49
50
51
52
53
54
55
56
57
58
59
60
61
62
63
64
65
66
67
68
69
70
71
72
73
74
75
78
79
80
81
82
83
84
85
86
87
88
89
90
91
92
93
94
95
96
97
98
99
100
101
102
103
104
105
106
107
108
109
110
111
112
113
114
115
117
118
119
117
119
111
110
86
28
25
27
21
23
24
20
4
48
111
110
26
25
29
24
22
3
70
74
77
54
49
59
65
61
111
110
111
110
111
110
50
111
110
84
111
110
85
86
82
87
111
110
84
67
60
61
18
25
19
23
24
17
4
52
71
73
72
53
111
110
9
8
5
6
34
39
40
41
111
110
84
111
110
111
110
111
110
86
111
110
27
111
110
84
25
24
22
3
25
23
24
3
111
110
111
110
44
45
39
40
38
35
37
62
111
110
25
24
3
39
46
46
111
110
84
62
63
61
64
39
40
38
37
41
28
111
110
111
110
84
36
48
59
59
71
73
72
59
61
18
19
71
73
72
19
70
77
