1
2
2
2
2
2
2
2
2
2
2
2
8
15
16
16
16
16
16
16
16
16
16
16
16
16
16
16
32
33
33
33
33
33
33
33
33
33
33
33
44
32
46
46
46
46
46
46
46
46
46
46
46
46
46
46
46
46
46
46
46
46
46
46
52
70
71
72
73
73
73
73
73
73
73
73
73
73
73
73
73
73
73
73
73
73
73
73
73
73
73
73
73
73
73
73
73
73
73
73
73
73
73
73
73
73
73
73
73
73
73
73
73
73
73
73
73
73
73
73
73
73
73
73
73
73
73
73
73
73
73
73
73
73
73
73
141
141
73
144
144
144
144
144
144
97
125
114
12
12
58
66
128
117
117
13
13
13
136
136
10
60
113
113
113
113
135
135
111
111
111
111
111
111
111
111
111
111
111
111
111
111
111
6
6
54
29
29
29
29
29
29
29
29
29
29
29
120
149
149
47
109
108
108
108
108
108
108
8
8
49
138
138
51
122
122
53
67
62
64
129
61
137
137
121
127
127
127
127
127
127
127
133
134
112
112
50
124
124
11
11
126
110
110
59
52
119
48
150
150
150
150
150
63
9
131
115
115
115
115
56
118
118
118
118
118
132
55
68
57
65
123
130
7
7
7
147
97
97
97
31
31
151
