1
2
2
2
2
2
2
2
2
2
2
2
2
2
2
2
2
2
2
2
2
2
2
2
2
2
2
2
2
2
2
10
33
11
35
12
37
13
39
13
41
14
43
14
45
15
47
49
16
51
17
53
17
55
18
57
19
59
19
61
19
63
20
65
20
67
69
21
71
73
21
75
77
22
79
23
81
83
24
85
24
87
89
25
91
25
93
95
25
97
26
99
101
103
26
105
27
107
2
109
110
111
28
113
28
115
29
117
119
30
121
31
123
31
125
31
127
32
129
32
131
32
133
22
1
136
136
136
136
136
136
136
136
136
136
136
136
136
136
136
136
136
136
136
136
136
136
136
136
136
136
136
136
136
136
136
136
136
136
136
136
136
136
136
136
136
136
136
136
136
136
136
136
136
136
136
136
136
136
136
136
136
136
164
195
164
197
167
199
167
201
167
203
167
205
167
207
168
209
168
211
168
213
185
215
185
217
186
219
186
221
187
223
188
225
188
227
229
190
231
190
233
192
235
192
237
192
239
194
241
243
244
244
244
244
244
244
244
244
244
244
244
244
244
244
244
244
244
244
244
244
264
244
266
254
268
259
270
259
272
260
274
260
276
261
278
262
280
262
282
263
284
263
286
255
1
289
289
289
289
289
289
289
289
289
289
289
289
289
289
289
289
289
289
289
289
289
289
289
289
289
289
289
289
289
289
289
289
289
289
289
289
289
289
289
289
289
289
289
289
289
289
289
289
289
289
289
289
289
289
289
289
289
289
289
289
289
289
289
289
289
289
289
289
289
289
289
289
289
289
289
289
289
289
289
289
289
289
289
289
289
289
289
289
289
289
289
289
289
289
289
289
289
289
289
289
289
289
289
289
289
289
289
289
289
289
289
289
289
289
289
289
289
289
289
289
289
289
289
289
289
289
289
289
289
289
289
289
289
289
289
289
289
289
289
289
289
289
289
289
289
289
289
289
289
289
289
289
289
289
289
289
289
289
289
289
289
289
289
289
289
289
289
289
289
289
289
289
289
289
289
289
289
289
289
289
289
289
289
289
289
289
289
476
476
476
476
476
476
476
476
476
476
476
476
476
476
476
476
476
476
476
476
476
476
476
476
476
476
476
476
476
476
476
476
476
476
476
476
476
476
476
476
476
476
476
476
476
476
476
476
476
476
476
476
476
476
476
476
476
476
476
476
476
476
476
476
476
476
476
476
476
476
476
476
476
476
476
476
476
476
476
476
476
476
476
476
476
476
476
476
476
476
476
476
476
476
476
476
311
573
427
575
443
577
445
579
447
581
458
583
458
585
458
587
458
589
458
591
459
593
459
595
459
597
599
600
600
600
600
600
1
606
606
606
606
606
606
606
606
606
606
606
606
606
606
606
606
606
606
606
606
606
606
606
606
606
606
606
606
606
606
606
606
606
606
606
606
606
606
606
606
606
606
606
606
606
606
606
606
606
606
606
606
606
606
606
606
606
606
606
606
606
606
606
606
606
606
606
606
606
606
606
606
606
606
606
606
606
606
606
606
606
606
606
606
606
606
606
606
606
606
612
618
699
700
700
700
700
700
700
700
700
700
700
700
700
700
700
709
715
715
718
720
700
722
1
724
724
724
724
724
724
724
724
724
724
724
724
724
724
724
724
724
724
724
724
724
745
745
747
748
732
750
750
750
754
756
733
758
758
758
724
762
762
733
1
766
766
766
766
766
766
766
766
766
766
766
766
766
766
766
766
766
766
766
766
766
766
766
766
766
766
766
766
766
766
766
766
766
766
766
766
766
766
766
766
766
766
766
766
766
766
766
766
766
766
766
766
810
819
1
821
821
821
821
821
821
821
821
821
821
821
821
821
821
821
821
821
821
821
821
821
821
821
821
821
821
821
821
821
821
821
821
821
821
821
821
821
821
821
821
821
821
821
821
821
821
821
821
821
821
821
821
821
874
874
874
827
878
830
880
880
821
883
883
883
883
883
883
821
890
821
892
871
894
1
896
896
896
896
896
896
896
896
896
896
896
896
896
896
896
896
896
896
896
896
896
896
896
896
896
896
896
896
896
896
896
896
896
896
896
896
896
896
896
896
896
896
896
896
896
896
896
896
896
896
896
896
896
896
896
896
896
896
896
896
896
896
896
896
896
896
896
963
963
963
963
963
963
963
896
971
971
971
971
971
971
971
1
979
979
979
979
979
979
979
979
979
979
979
979
979
979
979
979
979
979
979
979
979
979
979
979
979
979
979
979
979
979
979
979
979
979
979
979
979
979
979
979
979
979
979
979
979
979
979
979
979
1028
1028
1028
979
1032
1032
1032
1032
1032
1032
1032
1032
1032
1032
1032
1032
1032
1032
1032
1032
1032
1032
1032
1032
1032
1032
1032
1032
979
1057
1057
1057
1057
1057
1057
1057
1057
1057
1057
1057
1057
1057
1057
1057
979
1073
1073
1073
1073
1073
1073
1073
1073
1073
1073
979
1084
1084
1084
1084
1084
1084
1084
1084
1084
1084
1084
1084
979
1097
1097
1097
1097
1097
1097
1097
1097
1097
1097
1097
1097
1097
990
1111
990
1113
990
1115
1017
1117
1018
1119
979
1121
1123
1124
1125
1126
1
1127
1127
1127
1127
1127
1127
1127
1127
1127
1127
1127
1127
1127
1127
1127
1127
1127
1127
1127
1127
1127
1127
1127
1127
1127
1127
1
1154
1154
1154
1154
1154
1154
1154
1154
1154
1154
1154
1154
1154
1154
1
1169
1169
1169
1169
1169
1169
1169
1169
1169
1169
1169
1169
1169
1169
1169
1169
1169
1169
1169
1169
1169
1169
1169
1169
1169
1169
1169
1169
1169
1169
1169
1169
1169
1169
1169
1169
1169
1169
1169
1169
1169
1169
1169
1169
1169
1169
1169
1169
1169
1169
1169
1169
1169
1169
1169
1169
1169
1169
1169
1169
1169
1169
1169
1169
1169
1169
1169
1169
1169
1169
1169
1169
1169
1169
1169
1169
1169
1169
1169
1169
1169
1169
1169
1169
1169
1169
1169
1169
1169
1169
1169
1169
1169
1169
1169
1169
1169
1169
1169
1169
1169
1169
1169
1169
1169
1169
1169
1169
1169
1169
1169
1169
1169
1169
1169
1169
1169
1169
1169
1169
1169
1169
1169
1169
1169
1169
1169
1169
1169
1169
1169
1169
1169
1169
1169
1169
1169
1169
1169
1169
1169
1169
1169
1169
1169
1169
1169
1169
1169
1169
1169
1169
1169
1169
1169
1324
1324
1324
1324
1324
1324
1324
1324
1324
1324
1324
1324
1324
1324
1324
1324
1324
1196
1342
1203
1344
1204
1346
1205
1348
1236
1350
1244
1352
1245
1354
1247
1356
1248
1358
1250
1360
1252
1362
1253
1364
1259
1366
1270
1368
1272
1370
1273
1372
1277
1374
1279
1376
1280
1378
1282
1380
1283
1382
1297
1384
1386
1388
1298
1390
1298
1392
1394
1298
1396
1299
1398
1299
1400
1402
1299
1404
1300
1406
1300
1408
1410
1300
1412
1302
1414
1304
1416
1305
1418
1420
1306
1422
1308
1424
1309
1426
1310
1428
1311
1430
1312
1432
1313
1434
1313
1436
1314
1438
1315
1440
1317
1442
1318
1444
1319
1446
1320
1448
1320
1450
1321
1452
1323
1454
50
1314
1
1458
1458
1458
1458
1458
1458
1458
1458
1458
1458
1458
1458
1458
1458
1458
1458
1458
1458
1458
1458
1458
1458
1458
1458
1458
1458
1458
1458
1458
1458
1458
1458
1458
1458
1458
1458
1458
1458
1458
1458
1458
1458
1458
1458
1458
1458
1458
1458
1458
1458
1458
1458
1458
1458
1458
1458
1458
1458
1458
1458
1458
1458
1458
1458
1458
1458
1458
1458
1458
1458
1458
1458
1458
1458
1458
1458
1458
1458
1458
1458
1531
1539
1532
1541
1536
1543
1536
1545
1537
1547
1537
1549
1538
1551
1538
1553
1555
1556
1556
1557
1559
1561
1563
1558
1565
1567
1569
1557
1558
1
1573
1573
1573
1573
1573
1573
1573
1573
1573
1573
1573
1573
1573
1573
1573
1573
1573
1573
1573
1573
1573
1573
1573
1573
1573
1573
1573
1573
1573
1573
1573
1573
1573
1573
1573
1573
1573
1573
1573
1573
1573
1573
1573
1573
1616
1618
1617
1620
599
1622
1622
1622
1622
1622
1622
1628
1
1630
1630
1630
1630
1630
1630
1630
1630
1630
1630
1630
1630
1630
1630
1630
1630
1630
1630
1630
1630
1630
1630
1630
1630
1630
1630
1630
1630
1630
1630
1630
1630
1630
1630
1630
1630
1630
1630
1630
1630
1630
1630
1630
1630
1630
1630
1630
1630
1630
1630
1630
1630
1630
1630
1630
1630
1630
1630
1630
1630
1690
1690
1690
1690
1690
1690
1690
1690
1690
1690
1690
1690
1630
1703
1703
1703
1703
1703
1703
1703
1703
1703
1703
1703
1703
1703
1703
1703
1703
1703
1703
1703
1703
1703
1703
1703
1703
1703
1703
1703
1703
1703
1703
1703
1703
1703
1703
1703
1641
1739
1662
1741
1664
1743
1664
1745
1666
1747
310
1
1750
1750
1750
1750
1750
1750
1750
1750
1750
1750
1750
1750
1750
1750
1750
1750
1750
1750
1750
1750
1750
1750
1750
1750
1750
1750
1750
1750
1750
1750
1750
1750
1750
1750
1750
1750
1750
1750
1750
1752
1790
1758
1792
1759
1794
1760
1796
1761
1798
1762
1800
1763
1802
1804
1764
1806
1765
1808
1766
1810
1767
1812
1768
1814
1769
1816
1770
1818
1771
1820
1772
1822
1773
1824
1774
1826
1774
1828
1775
1830
1776
1832
1777
1834
1777
1836
1778
1838
1778
1840
1779
1842
1779
1844
1780
1846
1780
1848
1781
1850
1781
1852
1782
1854
1782
1856
1783
1858
1783
1860
1784
1862
1784
1864
1785
1866
1785
1868
1786
1870
1786
1872
1786
1874
1787
1876
1787
1878
1787
1880
1788
1882
1788
1884
1788
1886
1789
1888
1789
1890
1789
1892
243
1894
1894
1894
1894
1894
1894
1894
1894
1894
1894
1
1905
1905
1905
1905
1905
1905
1905
1905
1905
1905
1905
1905
1905
1916
1919
1917
1921
1923
1924
1924
1924
1924
1924
1924
1924
1924
1924
1924
1924
1924
1924
1924
1924
1924
1924
1924
1924
1924
1924
1924
1924
1924
1924
1924
1924
1924
1924
1924
1924
1924
1924
1924
1924
1924
1924
1924
1924
1924
1924
1924
1924
1924
1924
1924
1924
1924
1924
1924
1938
1975
1939
1977
1940
1979
1924
1981
1
1983
1983
1983
1983
1983
1983
1983
1983
1983
1983
1983
1983
1983
1983
1983
1983
1983
1983
1983
1983
1983
1983
1983
1983
1983
1983
1983
1983
1983
1983
1990
2014
2016
1990
2018
1991
2020
2022
1991
2024
1992
2026
2028
1992
2030
1993
2032
2034
1993
2036
1994
2038
2040
1994
2042
1995
2044
2046
1995
2048
1996
2050
2052
1996
2054
1997
2056
2058
1997
2060
1998
2062
1998
2064
1998
2066
1999
2068
2070
2072
2000
2074
2000
2076
2000
2078
2001
2080
2082
2084
2002
2086
2088
2002
2090
2003
2092
2094
2003
2096
2004
2098
2005
2100
2102
2005
2104
2006
2106
2108
2006
2110
2006
2112
2007
2114
2116
2007
2118
2007
2120
2008
2122
2124
2008
2126
2008
2128
2009
2130
2132
2009
2134
2009
2136
2010
2138
2140
2011
2142
2144
2012
2146
2148
2013
2150
2013
2152
1995
1
2156
2156
2156
2156
2156
2156
2156
2156
2156
2156
2156
2156
2156
2156
2156
2156
2156
2156
2156
2156
2156
2156
2156
2156
2156
2156
2156
2156
2156
2156
2156
2156
2156
2156
2156
2156
2156
2156
2156
2156
2156
2156
2156
924
1
2201
2201
2201
2201
2201
2201
2201
2201
2201
2201
2201
2201
2201
2201
2201
2201
2201
2201
2201
2201
2201
2201
2201
2201
2201
2201
2201
2201
2201
2201
2201
2201
2201
2201
2201
2201
2201
2201
2201
2201
2201
2201
2201
2201
2201
2201
2201
2248
2248
2248
2248
2248
2248
2248
2248
2248
2248
2248
2248
1
2261
2261
2261
2261
2261
2261
2261
2261
2261
2261
2261
2261
2261
2261
2261
2261
2261
2261
2261
2261
2261
2261
2261
2261
2261
2261
2261
2261
2261
2261
2261
2261
2261
2261
2261
2261
2261
2261
2261
2261
2261
2261
2303
2303
2303
2303
2303
2303
2303
2303
2303
2303
2303
2303
2303
2303
2303
2303
2303
2303
2303
2303
2303
2303
2303
2303
2303
2303
2303
2303
2303
2303
1
2334
2334
2334
2334
2334
2334
2334
2334
2334
2334
2334
2334
2334
2334
2334
2334
2334
2334
2334
2334
2334
2334
2334
2334
2334
2334
2334
2334
2334
2334
2334
2334
2334
2334
2334
2334
2334
2334
2334
2334
2334
2334
2334
2334
2334
2334
2334
2334
2334
2334
2334
2334
2334
2334
2334
2334
2334
2334
2334
2334
2393
2395
2394
2397
1614
34
1
2401
2401
2401
2401
2401
2401
2401
2401
2401
2401
2401
2401
2401
2401
2401
2401
2401
2401
2401
2401
2401
2401
2401
2401
2401
2401
2401
2401
2401
2401
2401
2401
2432
2435
2436
2436
2436
2436
2436
2436
2436
2436
2436
2436
109
971
2087
2087
707
707
707
2376
2376
812
812
812
812
617
712
868
868
1231
1231
380
380
380
380
380
1769
1769
1769
1659
1659
1659
1659
1659
1659
734
1947
1947
1947
1947
1947
1947
1947
1947
251
1183
1183
1183
991
991
31
31
31
2176
2176
2176
2177
2177
2177
2177
2177
2177
2177
2177
2177
2177
2177
2177
2177
2177
1135
1135
1135
1135
1135
171
171
171
171
171
1615
1857
1801
411
411
630
2392
2392
2392
439
439
439
1502
1502
1502
2131
2131
16
16
1507
1507
1507
1507
2004
2004
2004
2367
2367
256
256
256
256
256
256
183
183
1271
1992
1992
1992
666
666
2383
2383
780
2260
1071
8
8
14
14
14
1538
1538
1538
1538
1538
2358
625
776
776
776
776
776
776
1525
2214
2214
2214
1012
1151
1151
741
741
2316
1976
2158
2365
2365
2365
467
467
793
793
793
793
22
22
22
174
174
1310
1310
1310
1942
1942
1299
1299
1522
1522
1473
1473
198
2182
2182
682
1467
1467
1467
316
316
316
1295
1295
1648
1648
1648
1648
1648
1648
1648
1648
1648
1648
1648
1648
1648
1648
1643
1643
1609
1609
1609
1609
318
623
1025
1583
1885
584
970
1118
1118
1118
667
667
783
783
920
744
1945
1945
361
361
1110
2025
2025
2372
2372
2372
1164
1164
1164
1164
1164
1072
1153
1153
1284
1284
1773
1773
1773
2221
2221
2221
1488
1488
759
261
261
261
261
261
261
1935
1935
1935
1935
165
165
1922
108
13
13
1194
1194
1194
798
798
798
798
924
924
924
924
924
1199
996
996
996
1256
1256
1256
989
1026
1641
1641
1641
621
684
2181
2181
1306
2352
1501
1501
1501
1255
1255
1255
1255
1255
1255
1255
1255
619
990
990
672
672
347
347
1781
1781
1625
1625
1591
1591
1591
1591
1591
1680
1680
1789
1789
1144
1144
1144
1144
912
1660
1660
1660
1660
159
159
1211
1211
464
464
736
787
787
787
787
1279
1294
910
967
2009
2009
2009
2009
1311
959
663
1653
1653
1653
1653
1653
1653
1653
1653
1653
1653
1653
1653
1653
1653
659
659
659
659
659
330
330
1667
1667
1667
1667
1667
1667
1667
1205
1205
1205
1595
1595
1595
2023
2189
2189
2189
2015
2015
1248
792
792
792
792
1675
1772
1772
1652
1652
1652
968
968
1203
1780
1780
2444
1767
1767
1767
335
335
646
646
646
2350
2350
2350
2350
1149
1268
1506
1506
1506
1506
1597
1597
1597
413
413
799
799
234
1317
611
462
462
462
462
1487
1487
1487
1684
1684
1684
445
445
445
445
445
250
778
475
2325
2325
2325
1686
1686
1686
2218
2218
2218
1209
763
1217
1217
1217
1193
1939
1939
1939
1272
1272
1272
1304
947
947
2393
1612
1612
1612
1612
2295
2295
2295
2295
2295
2295
2295
2295
2295
2295
2295
2295
2213
2213
2213
1682
1682
1658
1658
1658
2281
1548
177
177
312
312
312
1491
1491
472
472
696
696
27
27
1236
1236
1264
2069
2412
350
350
1027
1027
2370
2370
2370
2370
1674
1674
1674
401
401
1281
1938
1938
1938
1938
443
1765
1765
1765
2215
2215
2215
1969
1969
1969
1998
1998
1998
349
349
1322
1322
732
660
660
1495
1495
2409
1274
1263
1778
1627
1627
1627
1627
1292
1292
1951
2239
2239
2239
2239
2239
2239
2239
2239
2239
2239
2239
992
992
992
345
345
450
450
1973
2353
1527
1527
1527
1774
1774
17
17
729
729
729
729
122
2045
2045
304
304
304
998
998
998
2183
2216
2216
2216
779
930
930
2224
2224
2224
2291
1220
1220
1220
1220
1319
1319
2161
2161
2003
2003
2003
665
665
622
1273
1273
1273
1909
1909
1909
375
375
375
375
375
375
777
2432
2432
2432
2432
808
808
808
808
808
808
808
334
334
1517
1517
1517
1197
1197
216
341
341
1312
918
918
1916
1916
1771
1771
1771
2428
169
169
169
169
337
337
788
788
788
788
1649
1649
1649
1649
434
434
434
428
428
258
258
258
258
690
690
690
690
690
1198
1198
1198
321
321
321
1411
1640
1640
1640
1640
1640
1640
1640
1640
1640
1640
1640
1640
1640
1640
1640
1640
1640
1640
1640
1640
1640
1640
1640
1640
1640
1640
1640
1640
1640
1640
1640
1640
1640
1640
1640
1640
1640
1096
2286
2238
2238
2238
2238
2238
2238
2238
2238
2238
2238
2238
1934
1934
1934
1934
781
100
100
1146
909
909
909
909
2190
2190
728
728
728
957
1679
1679
1803
602
602
717
717
717
717
919
919
1143
1004
1004
1004
1004
710
1479
1479
262
262
262
262
262
262
1165
1165
1165
1165
1165
804
804
804
674
674
1494
1494
2317
2354
1787
1787
1519
1519
1519
309
309
309
2225
2225
2225
1943
1943
2361
2361
2361
616
1227
2021
2021
1999
1999
1999
2164
2164
2377
2377
2377
2280
2280
2280
2280
2280
2280
2280
2280
2280
2280
2280
2280
1959
1959
1959
1959
1959
1959
175
175
2167
2167
1958
1958
1958
1958
1958
1958
635
58
1302
969
969
969
2373
2373
2373
1465
1465
1465
1465
1465
1150
1150
1150
1150
1290
2211
378
378
1260
1260
1825
414
414
1665
1665
1665
1665
1665
1160
1160
1160
1160
2210
2210
2210
2165
677
678
1218
1218
1218
1218
1195
1482
1786
1786
751
751
751
751
1956
1956
1956
1956
1956
1956
1779
1779
210
1758
1758
30
30
30
1509
1509
1509
1509
961
895
1208
421
421
2219
2219
2219
838
838
838
838
838
838
1616
988
988
988
988
988
1655
1655
1655
1655
1655
1655
1655
1275
1275
2360
2360
2360
306
1480
1480
917
917
1523
1523
2115
2115
186
186
186
186
1963
1963
1963
1225
1225
147
147
42
914
914
673
995
995
995
1815
1815
1997
1997
1997
2259
2259
2259
2259
2259
2259
2259
2259
2259
2259
1683
1683
2419
2419
2419
2419
379
379
1181
643
643
643
908
908
908
908
1301
1301
921
155
155
2385
145
145
145
145
145
390
390
2178
1994
1994
1994
1994
446
446
446
2381
784
784
784
784
580
2290
178
178
640
1534
1534
1534
1763
1763
1763
1167
1167
1167
1167
1167
1167
1167
1016
1016
9
731
731
2300
1055
1668
1668
1668
1668
333
333
1303
1303
15
1321
1321
1321
671
671
1018
1018
1018
1018
1656
1656
1656
1656
637
1054
1054
469
469
353
353
181
181
1651
1651
1651
1651
1651
1651
1996
1996
1996
1996
1996
2421
2421
408
1964
1964
454
454
645
645
645
1152
1152
1601
1601
1601
1601
1601
2328
2328
188
188
188
1646
1646
1646
1646
325
325
325
753
2180
2180
1954
1954
1954
1954
1136
1911
601
601
871
323
323
1251
1528
1528
860
2194
424
424
1606
1606
1606
1606
1606
1235
1235
1592
1592
1592
1592
1592
1140
373
373
373
373
373
373
638
2420
2420
2420
2420
1518
1518
1518
471
471
1187
1535
1535
1535
1535
2386
1552
594
689
689
689
689
689
689
1001
1001
1001
1001
12
12
2244
2244
2244
2244
2244
2244
2244
2244
2244
435
435
435
1212
1212
1212
858
1289
1782
1782
1782
2196
2196
803
803
803
803
634
1003
1003
1003
1003
1971
1946
1946
855
855
855
80
410
410
624
685
1688
1688
1688
422
422
2284
444
444
444
2171
2171
2171
2171
2299
2299
2299
2299
2299
2299
2299
2299
2299
2299
1879
1083
1540
1505
1505
1505
1505
383
383
383
383
383
474
578
743
743
116
395
395
2162
185
185
185
185
747
747
747
1764
1764
1288
1288
1607
1607
1607
1607
760
1478
641
1021
1664
1664
1664
813
813
813
813
833
2357
2357
1296
1296
1296
328
328
357
357
2222
2222
2222
1516
1516
1516
305
1594
1594
1594
1594
2133
473
473
1550
627
1584
1584
1584
1584
1584
1584
1913
633
802
802
802
260
260
260
260
661
661
2364
2364
2364
936
936
19
19
816
816
816
816
418
418
2193
167
167
167
167
1276
1276
2220
2220
2220
360
360
652
652
652
801
801
801
801
916
916
916
1533
1533
1533
252
252
252
252
252
1669
1669
1669
1669
1669
1669
662
662
662
662
1657
1657
1657
1657
1657
1657
1657
1657
1657
1657
1657
1657
409
409
735
735
795
1020
1020
956
956
956
956
825
1654
1654
1654
1654
1654
1654
1654
1654
1654
1654
1654
1654
1654
1654
1654
1654
1654
1654
1654
1654
1654
1654
1654
1654
1654
1243
1243
1585
2387
2387
806
806
806
1546
800
800
800
800
800
800
1624
1624
2123
2123
2172
2172
2172
2172
356
356
1189
1189
1189
927
927
1285
1308
1308
1228
1228
423
423
582
2391
2391
1670
1670
1670
1670
1670
1670
1270
1270
1270
2292
26
26
26
1521
1521
2173
1510
1510
1510
1510
2366
2366
2366
797
797
797
797
785
785
785
785
1484
749
157
157
1512
1512
419
419
156
156
1762
1762
1762
402
402
1756
1756
1499
1499
2283
259
259
259
259
259
1608
1608
29
29
29
755
907
907
907
1965
2001
2001
2001
832
431
431
431
2185
2185
1912
1912
1912
1590
1590
1590
1590
1590
194
387
387
393
393
1305
2033
2033
1277
342
342
2233
348
348
332
332
692
692
692
692
1531
1531
1900
695
711
711
1262
2380
2380
2380
2380
2380
1991
1991
1991
1991
1991
1599
1599
1599
1298
1298
170
170
170
170
189
314
314
314
1500
1500
1500
152
182
182
1287
1287
158
158
1148
713
791
791
791
791
2245
458
458
458
458
1196
1196
2330
2330
1266
1293
1293
994
994
994
1215
1215
2282
865
872
1524
1524
2327
2327
834
834
2371
2371
1019
576
2422
2422
2410
2410
2410
2410
2410
1230
1015
1537
1537
1537
1537
1537
2332
2332
2332
2332
2332
2332
2332
2332
2332
2332
2332
2332
2332
2332
2332
2332
2332
436
436
2431
2431
163
163
1602
1602
1602
1109
1813
2389
2389
425
179
179
2163
2247
2247
1915
1915
1915
1915
1915
1915
935
2322
2322
836
836
2075
913
913
642
642
642
628
1250
2000
2000
2000
2368
2368
2368
1246
1746
1746
457
457
463
463
463
463
1238
1238
1120
1120
1120
1120
2442
2442
2442
2442
148
1145
986
986
986
986
986
986
669
669
1617
2424
1267
708
708
708
708
1259
1259
1259
1259
1259
1259
364
962
468
468
1513
1513
1962
1962
1962
162
162
416
392
392
2240
2240
2240
2240
2240
2240
2240
2240
2240
2240
2240
1162
1162
1162
1162
1162
882
817
817
817
817
1685
1685
1685
790
790
790
790
761
403
403
1831
2093
2093
1809
374
374
374
374
374
374
1536
1536
1536
1536
1536
1759
1759
1759
873
811
811
811
811
889
889
889
691
691
691
691
691
691
18
18
257
257
257
257
694
655
655
655
906
906
906
352
352
1242
1242
1952
681
1316
1017
1017
1017
1017
626
1918
415
415
1941
1941
417
417
1642
2027
2027
308
28
28
2013
2013
2013
2013
2013
737
2362
2362
2362
2351
2287
220
1291
176
176
2379
1497
1497
1315
1240
1240
470
470
2227
2227
2227
2227
2227
1768
1768
1768
1768
657
657
2241
2241
2241
2241
2241
2241
2241
2241
2241
2241
2241
2356
2356
1933
1933
1933
1933
1933
1933
1933
1933
1933
1933
1933
1933
1933
1933
1933
1933
1933
1933
1933
1933
1933
1933
1933
1933
1933
1933
1933
1933
1933
460
460
460
460
1873
1249
1188
1226
723
2063
1297
1297
693
693
693
693
693
1514
1514
1514
1514
2212
2212
2212
960
644
644
644
1082
1661
1661
1661
384
384
384
384
384
1605
1605
1605
1605
1605
2384
1137
1137
1138
1138
1258
1960
2417
2417
2417
2417
92
1902
2426
2426
2426
2426
1009
993
993
993
327
327
327
987
412
1206
1206
1206
2344
1239
1239
2388
1185
1185
1185
1185
1185
1185
2246
336
336
2012
2012
2326
2326
2326
1775
1775
1775
1889
1966
1966
1481
1481
1989
1989
1989
338
338
2208
632
1795
2168
2168
1393
1673
1673
1673
1673
398
398
1200
1785
1785
794
794
2175
2296
2296
2296
2296
2296
2296
2296
2296
2296
2296
2296
1022
2294
675
1532
1532
1532
2382
2382
2382
429
429
429
1511
1511
1056
2347
2347
440
440
440
2234
2234
1286
1286
2237
2237
1222
1207
1207
1207
958
1166
1166
1166
1166
1166
1817
2324
2324
2324
1000
1000
1000
1000
1760
1760
2398
385
385
320
2169
2169
636
2342
339
339
864
1504
1504
1504
1504
1002
1002
1002
1269
738
738
738
420
420
420
1161
1566
1191
1191
1191
1191
1006
1006
1180
1180
1180
1180
1904
1904
1904
1520
1520
344
344
1681
1681
1681
789
789
789
789
789
2153
319
110
2319
2319
1650
1650
1650
1650
1650
1650
2242
2242
2415
20
20
2230
307
307
307
224
2430
2430
1186
1186
1186
1647
1647
1647
1647
656
656
656
2170
2170
1770
1770
1216
1678
1678
1678
2039
2039
1237
1237
739
1234
1313
1313
1313
368
368
1821
911
810
810
810
810
810
1142
1163
1163
1163
1163
1163
396
396
1278
426
366
359
359
359
1409
1213
1213
1213
2217
2217
2217
1957
1957
1957
1957
1957
1957
2192
888
377
377
267
1470
1687
1687
670
1910
1192
1493
1493
639
742
1639
1639
1508
1508
1508
1508
1245
1993
1993
1993
146
2343
2343
2343
2343
2343
2343
2188
2188
362
362
168
168
168
168
654
654
654
324
324
1232
1232
1232
1232
1232
1940
1940
1940
166
915
915
2229
2375
2375
2159
807
807
807
807
807
807
807
1490
1202
2363
2363
193
683
322
1917
1917
2101
2101
242
1614
1614
1784
1784
2443
2443
944
200
1777
1777
1529
1529
1529
371
371
2433
2433
2433
2258
2258
2258
2258
2258
2258
2258
2258
2258
2425
2445
2445
2445
1588
1588
1588
1588
432
432
50
369
369
2007
2007
2007
2007
2369
2369
2369
2228
2228
1008
1008
149
2081
1498
1498
1503
1503
1503
2226
2226
2226
2226
2226
427
1544
1783
1783
405
405
2416
2416
2416
2416
1379
1671
1671
1671
1671
1671
1671
2231
2231
2231
2231
2231
2231
2231
2231
2231
2231
2231
466
466
442
1542
1542
1530
1530
1530
2427
1600
1600
1600
2191
954
1241
1241
887
355
355
1219
1219
1219
1475
1475
1677
1677
381
381
381
381
381
1474
1776
1776
686
686
686
686
686
1604
1604
1604
1604
1300
1300
1307
151
2321
2321
2321
346
346
1638
1638
1638
1638
1638
1638
1638
1638
1010
394
394
620
1254
1254
86
826
1949
1949
2107
2107
372
955
1740
1740
382
382
382
382
382
1891
1891
1515
1515
1515
1024
2010
2010
1967
1967
1967
1967
1967
1967
854
254
254
254
254
315
315
1788
1788
1261
1261
1903
1903
1903
404
818
818
818
818
997
997
997
1476
1476
687
687
687
687
2285
2289
814
814
814
814
1134
21
21
1204
1011
1011
2166
2166
1644
1644
1644
1644
676
1005
1005
1005
2293
1318
1318
1318
1318
1990
1990
1990
668
668
1309
1309
1309
228
326
326
1666
1283
1283
94
649
649
649
11
11
2414
437
618
1485
1485
574
574
397
397
1253
1253
1899
187
187
187
1586
1201
1201
1201
354
354
407
407
2411
2160
2160
2160
173
173
173
173
365
1596
1596
1596
52
54
459
459
459
459
805
805
805
1229
1662
610
610
610
610
1560
388
388
161
161
2429
2423
1486
1486
2348
2179
2179
363
363
679
679
2349
399
399
451
451
2236
2236
2236
23
23
1147
1244
1224
1224
1224
2297
2297
331
331
2243
2243
367
367
1554
456
456
1483
2051
2051
453
453
1466
391
391
263
263
263
263
263
2006
2006
2006
2006
2235
1950
1950
1611
1611
1611
870
2186
2099
730
730
1492
2329
2329
2329
2329
650
650
650
1645
2288
461
461
461
461
461
1323
1323
1323
1323
1323
1323
1323
1323
1323
651
651
651
1280
1280
1280
313
313
447
447
447
447
447
1598
1598
1598
999
999
999
999
1901
1961
1961
1961
1603
1603
1603
1603
2390
2390
2390
160
160
452
452
192
192
192
192
727
786
786
782
1676
1748
1748
2355
2355
1937
1937
1937
1937
2011
2011
400
400
1948
1948
1948
370
164
164
164
1190
1190
2359
1914
1914
1914
1914
1914
253
253
253
253
25
25
25
664
664
664
664
664
1233
1233
1233
1233
1233
1233
1314
1766
1766
24
150
150
1526
1672
1672
1672
1672
1672
1672
1672
1672
1672
1672
1672
1401
340
340
1221
1221
1221
1221
1221
1221
631
775
329
329
329
815
815
815
815
757
1489
1489
2374
2374
2374
1995
1995
1995
796
796
311
311
1247
2008
2008
2008
2008
1141
1141
1141
1761
1761
1663
1663
1663
1663
1663
1663
1978
358
358
1757
180
180
2174
406
406
1869
688
688
688
688
688
2223
2223
2223
386
386
953
953
2184
2187
680
680
2323
2323
389
389
1471
835
835
2331
2331
2331
2057
2057
629
2320
2320
1613
1613
1613
2418
2418
2318
2318
2318
2318
2318
2318
2318
2318
1589
1589
1589
1589
1589
1589
2198
2005
2005
2005
172
172
172
172
1184
1184
1184
1184
1184
455
455
230
613
1468
1468
1468
1932
1932
1932
1932
1932
1932
837
837
2002
2002
2002
1252
1252
1214
1214
1214
190
190
190
190
310
647
647
647
1689
1689
1689
2199
2199
118
1257
1257
648
648
648
1223
1095
2394
240
255
255
255
255
255
658
658
1013
1013
430
430
376
376
32
32
317
317
2345
10
10
653
1610
1610
2209
2209
876
1023
1496
1496
465
465
1320
1007
1007
1007
1265
441
441
2378
1014
1014
343
343
877
191
351
351
2195
2195
1179
1897
294
294
2203
725
725
1462
1462
4
4
142
142
1464
1752
2205
1896
1896
1984
1984
1637
1172
1172
7
703
1907
246
1178
1636
1623
245
2446
2399
2400
2434
