2
3
4
5
6
7
8
9
10
11
12
13
14
15
16
17
18
19
20
21
22
23
24
25
26
27
28
29
30
31
32
33
34
35
36
37
38
39
40
41
42
43
44
45
46
47
48
50
51
52
53
54
55
56
57
58
59
60
61
62
63
64
65
66
67
68
70
71
72
74
75
76
78
79
80
81
82
84
85
86
87
88
90
91
92
93
94
96
97
98
99
100
102
104
105
106
107
108
109
110
111
112
113
114
115
116
117
118
120
121
122
123
124
125
126
127
128
129
130
131
132
133
134
135
136
137
138
139
140
141
142
143
144
145
146
147
148
149
150
151
152
153
154
155
156
157
158
159
160
161
162
163
164
165
166
167
168
169
170
171
172
173
174
175
176
177
178
179
180
181
182
183
184
185
186
187
188
189
190
191
192
193
194
195
196
197
198
199
200
201
202
203
204
205
206
207
208
209
210
211
212
213
214
215
216
217
218
219
220
221
222
223
224
225
226
227
228
230
231
232
233
234
235
236
237
238
239
240
241
242
244
245
246
247
248
249
250
251
252
253
254
255
256
257
258
259
260
261
262
263
264
265
266
267
268
269
270
271
272
273
274
275
276
277
278
279
280
281
282
283
284
285
286
287
288
289
290
291
292
293
294
295
296
297
298
299
300
301
302
303
304
305
306
307
308
309
310
311
312
313
314
315
316
317
318
319
320
321
322
323
324
325
326
327
328
329
330
331
332
333
334
335
336
337
338
339
340
341
342
343
344
345
346
347
348
349
350
351
352
353
354
355
356
357
358
359
360
361
362
363
364
365
366
367
368
369
370
371
372
373
374
375
376
377
378
379
380
381
382
383
384
385
386
387
388
389
390
391
392
393
394
395
396
397
398
399
400
401
402
403
404
405
406
407
408
409
410
411
412
413
414
415
416
417
418
419
420
421
422
423
424
425
426
427
428
429
430
431
432
433
434
435
436
437
438
439
440
441
442
443
444
445
446
447
448
449
450
451
452
453
454
455
456
457
458
459
460
461
462
463
464
465
466
467
468
469
470
471
472
473
474
475
476
477
478
479
480
481
482
483
484
485
486
487
488
489
490
491
492
493
494
495
496
497
498
499
500
501
502
503
504
505
506
507
508
509
510
511
512
513
514
515
516
517
518
519
520
521
522
523
524
525
526
527
528
529
530
531
532
533
534
535
536
537
538
539
540
541
542
543
544
545
546
547
548
549
550
551
552
553
554
555
556
557
558
559
560
561
562
563
564
565
566
567
568
569
570
571
572
573
574
575
576
577
578
579
580
581
582
583
584
585
586
587
588
589
590
591
592
593
594
595
596
597
598
600
601
602
603
604
605
606
607
608
609
610
611
612
613
614
615
616
617
618
619
620
621
622
623
624
625
626
627
628
629
630
631
632
633
634
635
636
637
638
639
640
641
642
643
644
645
646
647
648
649
650
651
652
653
654
655
656
657
658
659
660
661
662
663
664
665
666
667
668
669
670
671
672
673
674
675
676
677
678
679
680
681
682
683
684
685
686
687
688
689
690
691
692
693
694
695
696
697
698
700
701
702
703
704
705
706
707
708
709
710
711
712
713
714
715
716
717
719
721
722
723
724
725
726
727
728
729
730
731
732
733
734
735
736
737
738
739
740
741
742
743
744
745
746
747
748
749
750
751
752
753
755
757
758
759
760
761
762
763
764
765
766
767
768
769
770
771
772
773
774
775
776
777
778
779
780
781
782
783
784
785
786
787
788
789
790
791
792
793
794
795
796
797
798
799
800
801
802
803
804
805
806
807
808
809
810
811
812
813
814
815
816
817
818
819
820
821
822
823
824
825
826
827
828
829
830
831
832
833
834
835
836
837
838
839
840
841
842
843
844
845
846
847
848
849
850
851
852
853
854
855
856
857
858
859
860
861
862
863
864
865
866
867
868
869
870
871
872
873
874
875
876
877
878
879
880
881
882
883
884
885
886
887
888
889
890
891
892
893
894
895
896
897
898
899
900
901
902
903
904
905
906
907
908
909
910
911
912
913
914
915
916
917
918
919
920
921
922
923
924
925
926
927
928
929
930
931
932
933
934
935
936
937
938
939
940
941
942
943
944
945
946
947
948
949
950
951
952
953
954
955
956
957
958
959
960
961
962
963
964
965
966
967
968
969
970
971
972
973
974
975
976
977
978
979
980
981
982
983
984
985
986
987
988
989
990
991
992
993
994
995
996
997
998
999
1000
1001
1002
1003
1004
1005
1006
1007
1008
1009
1010
1011
1012
1013
1014
1015
1016
1017
1018
1019
1020
1021
1022
1023
1024
1025
1026
1027
1028
1029
1030
1031
1032
1033
1034
1035
1036
1037
1038
1039
1040
1041
1042
1043
1044
1045
1046
1047
1048
1049
1050
1051
1052
1053
1054
1055
1056
1057
1058
1059
1060
1061
1062
1063
1064
1065
1066
1067
1068
1069
1070
1071
1072
1073
1074
1075
1076
1077
1078
1079
1080
1081
1082
1083
1084
1085
1086
1087
1088
1089
1090
1091
1092
1093
1094
1095
1096
1097
1098
1099
1100
1101
1102
1103
1104
1105
1106
1107
1108
1109
1110
1111
1112
1113
1114
1115
1116
1117
1118
1119
1120
1121
1122
1070
1081
1094
1108
1127
1128
1129
1130
1131
1132
1133
1134
1135
1136
1137
1138
1139
1140
1141
1142
1143
1144
1145
1146
1147
1148
1149
1150
1151
1152
1153
1154
1155
1156
1157
1158
1159
1160
1161
1162
1163
1164
1165
1166
1167
1168
1169
1170
1171
1172
1173
1174
1175
1176
1177
1178
1179
1180
1181
1182
1183
1184
1185
1186
1187
1188
1189
1190
1191
1192
1193
1194
1195
1196
1197
1198
1199
1200
1201
1202
1203
1204
1205
1206
1207
1208
1209
1210
1211
1212
1213
1214
1215
1216
1217
1218
1219
1220
1221
1222
1223
1224
1225
1226
1227
1228
1229
1230
1231
1232
1233
1234
1235
1236
1237
1238
1239
1240
1241
1242
1243
1244
1245
1246
1247
1248
1249
1250
1251
1252
1253
1254
1255
1256
1257
1258
1259
1260
1261
1262
1263
1264
1265
1266
1267
1268
1269
1270
1271
1272
1273
1274
1275
1276
1277
1278
1279
1280
1281
1282
1283
1284
1285
1286
1287
1288
1289
1290
1291
1292
1293
1294
1295
1296
1297
1298
1299
1300
1301
1302
1303
1304
1305
1306
1307
1308
1309
1310
1311
1312
1313
1314
1315
1316
1317
1318
1319
1320
1321
1322
1323
1324
1325
1326
1327
1328
1329
1330
1331
1332
1333
1334
1335
1336
1337
1338
1339
1340
1341
1342
1343
1344
1345
1346
1347
1348
1349
1350
1351
1352
1353
1354
1355
1356
1357
1358
1359
1360
1361
1362
1363
1364
1365
1366
1367
1368
1369
1370
1371
1372
1373
1374
1375
1376
1377
1378
1379
1380
1381
1382
1383
1384
1385
1387
1389
1390
1391
1392
1393
1395
1396
1397
1398
1399
1400
1401
1403
1404
1405
1406
1407
1408
1409
1411
1412
1413
1414
1415
1416
1417
1418
1419
1421
1422
1423
1424
1425
1426
1427
1428
1429
1430
1431
1432
1433
1434
1435
1436
1437
1438
1439
1440
1441
1442
1443
1444
1445
1446
1447
1448
1449
1450
1451
1452
1453
1454
1455
1456
1457
1458
1459
1460
1461
1462
1463
1464
1465
1466
1467
1468
1469
1470
1471
1472
1473
1474
1475
1476
1477
1478
1479
1480
1481
1482
1483
1484
1485
1486
1487
1488
1489
1490
1491
1492
1493
1494
1495
1496
1497
1498
1499
1500
1501
1502
1503
1504
1505
1506
1507
1508
1509
1510
1511
1512
1513
1514
1515
1516
1517
1518
1519
1520
1521
1522
1523
1524
1525
1526
1527
1528
1529
1530
1531
1532
1533
1534
1535
1536
1537
1538
1539
1540
1541
1542
1543
1544
1545
1546
1547
1548
1549
1550
1551
1552
1553
1554
1556
1557
1558
1559
1560
1562
1564
1565
1566
1568
1570
1571
1572
1573
1574
1575
1576
1577
1578
1579
1580
1581
1582
1583
1584
1585
1586
1587
1588
1589
1590
1591
1592
1593
1594
1595
1596
1597
1598
1599
1600
1601
1602
1603
1604
1605
1606
1607
1608
1609
1610
1611
1612
1613
1614
1615
1616
1617
1618
1619
1620
1621
1622
1623
1624
1625
1626
1627
1628
1629
1630
1631
1632
1633
1634
1635
1636
1637
1638
1639
1640
1641
1642
1643
1644
1645
1646
1647
1648
1649
1650
1651
1652
1653
1654
1655
1656
1657
1658
1659
1660
1661
1662
1663
1664
1665
1666
1667
1668
1669
1670
1671
1672
1673
1674
1675
1676
1677
1678
1679
1680
1681
1682
1683
1684
1685
1686
1687
1688
1689
1690
1691
1692
1693
1694
1695
1696
1697
1698
1699
1700
1701
1702
1703
1704
1705
1706
1707
1708
1709
1710
1711
1712
1713
1714
1715
1716
1717
1718
1719
1720
1721
1722
1723
1724
1725
1726
1727
1728
1729
1730
1731
1732
1733
1734
1735
1736
1737
1738
1739
1740
1741
1742
1743
1744
1745
1746
1747
1748
1749
1750
1751
1752
1753
1754
1755
1756
1757
1758
1759
1760
1761
1762
1763
1764
1765
1766
1767
1768
1769
1770
1771
1772
1773
1774
1775
1776
1777
1778
1779
1780
1781
1782
1783
1784
1785
1786
1787
1788
1789
1790
1791
1792
1793
1794
1795
1796
1797
1798
1799
1800
1801
1802
1803
1805
1806
1807
1808
1809
1810
1811
1812
1813
1814
1815
1816
1817
1818
1819
1820
1821
1822
1823
1824
1825
1826
1827
1828
1829
1830
1831
1832
1833
1834
1835
1836
1837
1838
1839
1840
1841
1842
1843
1844
1845
1846
1847
1848
1849
1850
1851
1852
1853
1854
1855
1856
1857
1858
1859
1860
1861
1862
1863
1864
1865
1866
1867
1868
1869
1870
1871
1872
1873
1874
1875
1876
1877
1878
1879
1880
1881
1882
1883
1884
1885
1886
1887
1888
1889
1890
1891
1892
1893
1894
1895
1896
1897
1898
1899
1900
1901
1902
1903
1904
1905
1906
1907
1908
1909
1910
1911
1912
1913
1914
1915
1916
1917
1918
1919
1920
1921
1922
1924
1925
1926
1927
1928
1929
1930
1931
1932
1933
1934
1935
1936
1937
1938
1939
1940
1941
1942
1943
1944
1945
1946
1947
1948
1949
1950
1951
1952
1953
1954
1955
1956
1957
1958
1959
1960
1961
1962
1963
1964
1965
1966
1967
1968
1969
1970
1971
1972
1973
1974
1975
1976
1977
1978
1979
1980
1981
1982
1983
1984
1985
1986
1987
1988
1989
1990
1991
1992
1993
1994
1995
1996
1997
1998
1999
2000
2001
2002
2003
2004
2005
2006
2007
2008
2009
2010
2011
2012
2013
2014
2015
2017
2018
2019
2020
2021
2023
2024
2025
2026
2027
2029
2030
2031
2032
2033
2035
2036
2037
2038
2039
2041
2042
2043
2044
2045
2047
2048
2049
2050
2051
2053
2054
2055
2056
2057
2059
2060
2061
2062
2063
2064
2065
2066
2067
2068
2069
2071
2073
2074
2075
2076
2077
2078
2079
2080
2081
2083
2085
2086
2087
2089
2090
2091
2092
2093
2095
2096
2097
2098
2099
2100
2101
2103
2104
2105
2106
2107
2109
2110
2111
2112
2113
2114
2115
2117
2118
2119
2120
2121
2122
2123
2125
2126
2127
2128
2129
2130
2131
2133
2134
2135
2136
2137
2138
2139
2141
2142
2143
2145
2146
2147
2149
2150
2151
2152
2153
2154
2156
2157
2158
2159
2160
2161
2162
2163
2164
2165
2166
2167
2168
2169
2170
2171
2172
2173
2174
2175
2176
2177
2178
2179
2180
2181
2182
2183
2184
2185
2186
2187
2188
2189
2190
2191
2192
2193
2194
2195
2196
2197
2198
2199
2200
2201
2202
2203
2204
2205
2206
2207
2208
2209
2210
2211
2212
2213
2214
2215
2216
2217
2218
2219
2220
2221
2222
2223
2224
2225
2226
2227
2228
2229
2230
2231
2232
2233
2234
2235
2236
2237
2238
2239
2240
2241
2242
2243
2244
2245
2246
2247
2248
2249
2250
2251
2252
2253
2254
2255
2256
2257
2258
2259
2260
2261
2262
2263
2264
2265
2266
2267
2268
2269
2270
2271
2272
2273
2274
2275
2276
2277
2278
2279
2280
2281
2282
2283
2284
2285
2286
2287
2288
2289
2290
2291
2292
2293
2294
2295
2296
2297
2298
2299
2300
2301
2302
2303
2304
2305
2306
2307
2308
2309
2310
2311
2312
2313
2314
2315
2316
2317
2318
2319
2320
2321
2322
2323
2324
2325
2326
2327
2328
2329
2330
2331
2332
2333
2334
2335
2336
2337
2338
2339
2340
2341
2342
2343
2344
2345
2346
2347
2348
2349
2350
2351
2352
2353
2354
2355
2356
2357
2358
2359
2360
2361
2362
2363
2364
2365
2366
2367
2368
2369
2370
2371
2372
2373
2374
2375
2376
2377
2378
2379
2380
2381
2382
2383
2384
2385
2386
2387
2388
2389
2390
2391
2392
2393
2394
2395
2396
2397
2398
2399
2400
2401
2402
2403
2404
2405
2406
2407
2408
2409
2410
2411
2412
2413
2414
2415
2416
2417
2418
2419
2420
2421
2422
2423
2424
2425
2426
2427
2428
2429
2430
2431
2432
2433
2434
2436
2437
2438
2439
2440
2441
2442
2443
2444
2445
2446
722
963
712
2155
706
703
704
2335
2340
780
767
773
772
608
705
867
869
839
1176
842
844
848
846
298
1755
1752
703
2185
2188
2169
2171
1633
2156
726
1971
1970
1948
1949
1951
1950
1928
1927
245
1182
1176
1170
1122
1121
710
701
4
2177
2190
2157
2184
2181
2183
2187
2178
2185
2188
2189
2182
2179
2180
2186
2156
896
1137
1130
1131
1132
1129
166
710
142
137
143
1616
896
710
851
298
608
2393
2394
2339
438
298
302
1463
1461
896
712
2155
701
4
1468
1463
1461
896
1984
701
706
2335
2340
247
245
246
248
266
264
154
143
1176
1984
701
706
856
608
2339
2340
771
2248
1070
7
5
6
7
874
710
1535
1464
701
1462
2339
608
778
767
773
769
772
771
1463
2251
2204
2203
984
1128
1132
726
724
2303
1973
2157
2347
2339
2338
448
298
778
773
772
771
858
830
7
153
143
858
1183
1170
1971
1929
701
1172
1463
896
1463
896
710
2199
2157
608
1459
896
896
306
298
297
1176
2156
2167
2168
2163
2166
2172
2169
2170
2161
2164
2171
2162
2165
2156
1690
1636
2156
1610
1580
1579
1574
298
608
984
1579
710
710
966
2180
2162
2156
856
608
767
773
904
726
1928
1927
307
298
1108
2169
2156
2346
2339
2338
1155
1159
1158
1156
1157
1070
1128
1132
1173
2261
701
1755
1752
2204
2203
2254
1463
896
600
247
249
245
248
266
264
1971
1925
1929
1927
138
143
874
710
701
4
1183
1176
1170
773
772
770
771
902
904
905
903
901
1176
1095
984
1084
1173
1174
1176
984
984
858
1634
2156
608
608
2199
2157
858
2339
1459
1463
896
828
2283
1183
2293
1173
1176
1170
2261
608
991
1028
856
608
334
298
1755
1754
1623
1628
1586
1578
1581
1579
1574
2175
1636
1752
703
1138
1130
1131
1128
903
2188
1633
1632
2156
153
143
1210
1176
448
298
726
780
781
773
772
1176
1176
904
964
1984
701
706
2155
858
900
608
2185
2188
2189
2184
2181
2182
2183
2178
2179
2180
2170
2186
2156
1690
826
861
613
608
609
306
298
2189
2172
1633
1636
1632
2156
896
885
1176
883
1578
1581
1579
710
2157
2156
896
712
2155
1176
778
773
772
771
1674
1755
1754
1651
1634
2156
965
964
1176
1755
1754
2441
701
1755
1752
309
298
861
609
608
2337
2335
2338
2340
1132
1176
1468
1463
1461
896
1578
1580
1579
852
298
779
773
710
858
608
448
710
298
294
1467
1459
896
2195
1633
2156
306
295
701
294
706
245
896
298
2311
2306
2303
2194
1633
2156
2204
2253
2203
1176
724
828
1173
2261
1176
1973
1941
1927
865
864
1176
871
904
905
2339
1580
1581
1579
1574
2269
2275
2274
2273
2272
2276
2277
2268
2270
2278
2279
2261
2250
2204
2203
2174
1636
2190
1634
2156
2268
896
153
143
306
298
297
1459
1463
448
298
826
608
701
4
858
1176
1176
710
2402
336
298
980
2261
2349
2339
2335
2338
2176
1634
2156
399
298
1176
1973
1941
1926
1927
298
1755
1754
896
2251
2204
2203
1930
1929
1927
1984
701
706
335
298
1173
2261
762
826
608
1463
896
2405
1176
1176
1754
1629
1626
1623
1628
1174
1176
1970
2238
2251
2252
2250
2256
2253
2255
2257
2254
896
2248
982
984
1028
333
298
448
298
1972
2339
1459
1463
896
1755
1754
701
4
735
736
724
724
710
712
2155
298
292
2261
1095
984
1084
2157
2252
2204
2203
772
905
903
2204
2256
2203
2271
1182
2293
1173
2261
858
1178
2193
2157
1984
701
706
856
608
608
865
864
1176
1906
1908
1907
840
842
844
848
846
298
772
2413
2407
2406
2405
778
780
809
767
773
772
771
309
298
1468
1461
896
1196
1324
710
331
298
858
905
903
858
1907
701
1755
1752
2407
153
710
142
143
309
298
782
781
773
772
1653
1637
1636
1690
433
300
298
306
298
247
245
266
264
861
614
615
608
609
1183
1176
1170
307
295
298
710
2184
2187
2190
2174
2161
2164
2162
2173
2167
2168
2185
2188
2176
2179
2175
2195
2192
2163
2166
2181
2183
2169
2178
2194
2171
2189
2172
2182
2191
2180
2170
2186
2165
2196
2156
1703
896
1094
2275
2238
2251
2252
2250
2256
2253
2255
2257
2254
896
2248
1971
1972
1928
1927
771
858
710
1132
902
904
900
903
2199
2157
735
724
724
904
2173
1636
710
600
600
860
723
707
722
905
903
1132
1055
1056
984
1032
704
1463
896
247
249
245
248
266
264
1155
1159
1158
1156
1157
780
773
772
856
608
1463
896
2318
2339
1752
703
1468
1461
896
308
298
296
2204
2256
2203
1925
1927
2347
2339
2338
608
1176
712
2155
1984
701
706
2193
2157
2339
2335
2340
2269
2275
2274
2273
2271
2272
2276
2277
2268
2270
2278
2279
1971
1955
1960
1930
1929
1927
857
143
2193
2157
1971
1955
1960
1930
1929
1927
608
710
871
966
965
964
2346
2339
2338
1460
1459
1463
1464
2261
1139
1130
1131
1132
1176
2204
840
298
826
1176
710
850
298
1634
1636
1632
2156
896
1155
1159
1157
2261
2204
2203
2249
2164
608
608
828
1182
1173
2261
1176
896
701
1752
752
753
731
724
1971
1955
1960
1930
1929
1927
1755
1754
710
1755
1754
701
706
4
1468
1463
1461
896
900
893
1207
849
298
2204
2253
2203
2319
2320
2321
2332
2261
2303
1580
1055
989
982
984
1032
2173
2188
2190
2171
1633
2156
1690
1176
896
2346
2339
2338
297
1461
896
905
903
1459
1463
712
2155
184
701
706
142
1930
1929
1927
1176
896
165
137
710
905
903
608
1082
984
1073
710
896
1984
701
706
2251
2252
2250
2256
2253
2255
2257
2249
2254
2248
2192
1636
2413
2407
2406
2405
840
298
1176
861
609
608
904
900
901
903
701
1172
904
153
143
2340
147
144
140
143
2261
849
298
2157
861
1984
701
706
306
295
298
2340
778
773
772
771
710
2271
153
143
608
1463
2156
896
701
1755
1752
1168
1155
1159
1158
1156
1157
2261
982
985
6
724
724
2267
1052
2176
1633
1636
1632
309
298
701
1172
7
858
1173
2261
856
608
2180
983
982
2156
2190
1633
2156
1690
608
1052
1053
448
298
337
298
153
143
2185
2182
2181
2179
2180
2156
861
1984
701
1988
706
2407
2402
298
1928
1927
307
298
861
609
608
1128
1132
1586
1578
1581
1579
1574
2315
2303
701
706
142
1648
1637
1636
1690
306
298
297
724
2199
2157
1931
1930
1929
1927
1131
1907
600
600
892
306
298
1176
1463
896
858
2157
849
298
1586
1578
1581
1579
1574
1176
896
1586
1578
1581
1579
1574
1132
840
842
844
848
846
298
608
2413
2407
2406
2405
1468
1461
896
448
298
1176
1459
701
1462
896
2340
896
710
861
825
614
615
609
608
1082
982
984
1073
6
7
2214
2218
2210
2216
2226
2220
2224
2212
2222
433
300
298
1173
1176
2261
859
1176
1755
1754
896
2175
2157
780
773
772
770
608
1055
1056
984
1032
1928
1928
1927
2185
2181
2156
862
850
298
608
608
2196
1634
2156
849
298
2273
306
295
298
2193
2157
2156
2156
2269
2264
2275
2274
2273
2272
2276
2277
2268
2270
710
1081
896
1468
1463
1461
896
842
844
848
846
298
298
896
735
726
710
849
298
2164
184
701
706
142
740
746
724
1755
1754
1183
1176
1610
1580
1579
1574
600
896
608
984
2172
1634
2156
780
767
773
772
822
2339
2335
1176
2156
896
306
298
339
298
2204
2203
2255
1468
1461
896
298
1593
1578
1580
1579
710
449
298
896
608
1586
1577
1580
1581
1579
1574
1907
608
780
773
772
247
245
266
264
826
608
2346
2339
2338
905
903
701
4
780
767
773
772
850
298
2157
153
701
706
142
1176
896
2204
2203
2254
306
298
861
609
608
767
773
772
771
2191
904
903
1463
2156
896
247
245
246
248
266
2176
1633
1636
1632
2156
896
861
825
608
609
2168
2188
2185
2189
2187
2169
2170
2171
2186
1633
2156
1690
852
298
744
726
773
984
985
904
896
2156
896
822
2163
2166
2184
2181
2183
2187
2178
2169
2161
2164
2171
2162
2167
2168
2185
2188
2182
2179
2180
2170
2186
2165
1633
2156
1690
1174
1176
1580
2339
2340
782
781
773
896
782
780
781
767
773
772
1623
1628
712
2155
2193
2157
2156
896
339
298
1183
1176
1170
905
903
1176
858
1176
1176
896
849
298
710
2338
2340
2172
2191
2169
1633
2156
896
865
864
1176
2277
712
701
4
1459
1464
2157
1468
1463
1461
896
2348
2339
2338
782
781
773
772
778
773
772
771
1463
736
153
143
1463
1464
851
298
153
143
701
1755
1752
399
298
1754
1753
1463
896
2272
247
245
248
266
264
1580
1581
701
706
4
764
900
905
903
1927
1984
701
706
832
306
298
896
2199
2157
829
1906
2261
1586
1578
1581
1579
1574
143
849
298
849
298
858
712
2155
1176
332
298
2207
335
298
309
298
861
825
609
608
858
1463
2261
608
858
704
1176
2339
2335
2338
2340
896
2185
1984
706
703
2156
1578
1580
1579
701
1172
153
710
142
143
144
306
298
297
1459
1463
896
143
153
143
1183
1176
153
143
1132
705
780
773
772
770
2204
448
701
294
706
1176
1324
2333
2312
1176
1174
1176
1071
984
1057
1176
2261
2269
866
872
1459
1463
2314
2303
835
2261
2335
2340
982
2261
2407
2402
2412
2407
2406
2405
2403
1176
984
710
1535
1464
701
1462
2300
2301
2297
2313
2311
2309
2312
2315
2314
2305
2307
2304
2306
2308
2310
2261
2261
301
298
2407
2402
154
143
1578
1581
1579
1108
710
2339
2340
298
153
143
2164
2204
2201
833
2281
827
1906
1908
2261
903
2308
2303
838
2261
710
905
903
861
609
608
608
1176
1984
701
706
2347
2339
2338
1176
2172
2156
449
298
710
449
298
294
839
1176
2185
2188
2156
2156
2443
2439
2441
2440
143
1132
983
982
985
984
980
2261
856
608
1580
2407
1176
702
701
706
703
858
2320
2332
1173
2303
2261
298
900
448
298
1467
896
1930
1929
1927
153
143
298
849
298
2240
2251
2252
2250
2256
2253
2255
2257
2254
896
2248
1155
1159
1158
1156
1157
881
780
767
773
772
2195
1633
1636
767
773
772
771
600
399
298
710
712
2155
896
840
842
844
848
846
298
710
1535
1464
701
1462
701
1755
1752
822
780
767
773
772
885
884
886
861
825
614
615
609
608
701
4
247
245
266
264
608
861
609
608
900
905
903
337
298
847
1176
1928
608
1176
2180
983
982
2156
608
1907
851
298
1982
1981
852
298
2156
712
2155
297
701
4
712
1984
701
706
2155
726
2348
2339
2338
2339
2276
710
1176
153
143
2340
1463
1461
858
843
1176
307
298
2204
2203
2257
896
896
701
1755
1752
896
608
890
2240
2251
2252
2250
2256
2253
2255
2257
2254
896
2248
2339
2335
1936
1943
1967
1964
1942
1966
1962
1956
1953
1963
1954
1945
1957
1944
1935
1961
1958
1969
1959
1965
1947
1934
1946
1952
1937
1931
1930
1926
1929
448
710
298
294
710
1176
1176
1176
2261
710
858
1176
861
825
612
609
608
1468
1463
1461
896
2250
2204
2203
900
861
609
608
1081
1634
1636
1632
842
844
848
846
298
1586
1578
1581
1579
1574
2340
1131
1128
1128
896
1176
1930
2413
2407
2406
2405
710
2261
2414
2407
2406
2405
984
1055
984
1032
306
298
297
983
298
1183
1176
1170
2339
841
1176
2340
2319
2320
2332
1173
1175
2303
2204
309
298
858
2155
2330
2312
2303
1755
1752
703
2156
1928
1927
1463
896
1986
1988
1987
309
298
2204
608
710
2193
2157
712
2176
1633
2156
1690
832
298
1176
1755
1754
767
773
2157
2269
2275
2274
2273
2272
2276
2277
2268
2270
2278
2279
984
2278
608
858
1463
2156
2346
2339
2338
306
307
298
1463
1464
1053
852
896
438
298
302
2234
2201
1174
1176
2236
896
1176
2293
1173
2261
900
1155
1159
1158
1156
1157
710
2306
2310
2303
1095
983
984
1084
1755
1754
2345
849
298
298
2193
2157
608
2338
309
298
866
1468
1463
1461
896
1071
984
1057
1176
747
725
726
306
295
298
1158
724
1179
1183
1177
1176
981
984
1173
1175
1176
1178
1897
1896
1894
1468
896
333
298
831
2174
1636
781
767
773
772
771
710
298
2261
2305
2303
1653
1633
1634
1637
1636
1690
2242
896
2407
701
4
2230
306
295
298
710
2407
2402
870
1173
2261
1648
1637
1636
1690
861
608
609
2193
2157
1755
1754
1176
2173
1633
2156
712
2155
1174
1176
726
1176
858
1183
1170
307
298
710
904
858
780
767
773
772
1132
1155
1159
1158
1156
1157
849
298
1176
298
298
306
298
297
712
1173
1174
1176
2252
2204
2203
1971
1955
1960
1930
1929
1927
2157
884
840
298
264
896
2196
1636
608
1907
1176
1463
896
608
726
1633
1634
1468
1463
1461
896
1176
1984
701
706
143
2345
2339
2335
2338
2340
2336
2157
2156
306
298
153
701
706
142
861
608
609
306
298
845
847
841
843
1176
1973
1941
1927
139
905
903
2229
2335
2340
2157
778
780
809
767
773
772
771
1463
1176
2335
2340
143
608
298
1907
874
713
2155
896
1581
1579
1755
1754
2437
2441
903
710
858
1754
1459
1463
896
849
298
2407
2405
2404
2251
2252
2250
2256
2253
2255
2257
2249
2254
2407
2441
2439
2440
1578
1581
1579
1574
306
298
862
298
896
1984
701
706
2155
2348
2339
2338
2204
2206
981
984
143
710
1459
1463
1459
1463
896
2204
2205
2203
2257
896
298
896
1755
1754
852
298
2413
2407
2406
2405
858
2176
2172
1633
2156
1690
896
2250
2257
2249
2251
2252
2256
2253
2255
2254
2248
2248
448
298
298
2156
896
1459
1463
896
2407
1578
1580
1579
2157
902
845
1176
883
338
298
2293
1173
2261
1463
896
2173
1636
842
844
848
846
298
896
1755
1754
861
613
825
609
608
1578
1581
1579
1574
701
1172
1176
144
2264
2307
2303
334
298
1633
1631
1634
1637
1636
1635
2261
2156
984
849
298
608
829
1173
858
822
1970
1973
712
2155
298
901
1640
1703
842
844
848
846
298
710
2156
1468
1461
896
984
858
2155
1974
1968
1931
1930
1929
1927
854
247
245
246
266
306
298
701
1752
1176
2156
1897
1896
1894
298
780
767
773
772
1109
984
1097
1463
1464
861
613
608
609
2274
2279
780
767
773
772
1130
858
7
1176
981
984
2193
2157
1633
1635
1632
2156
608
1095
984
1084
2270
858
1183
1170
1178
1984
701
706
856
608
858
1183
1170
712
306
298
858
1176
1178
710
861
609
608
7
874
896
298
608
1459
1463
310
476
849
298
858
1176
2261
701
706
142
1580
1183
1176
1170
338
298
851
298
2406
2172
2171
2157
154
710
142
143
298
1578
1580
1579
710
710
448
701
294
706
780
773
772
1176
858
607
609
608
2261
724
849
298
153
143
2407
2407
1467
896
896
2199
2157
307
298
608
890
896
299
298
448
298
2243
2237
2201
858
7
1132
1176
1173
1176
2261
2298
2266
309
298
2236
896
295
298
896
448
298
896
712
2155
448
298
1463
849
298
247
245
248
266
264
1984
701
706
2155
2235
1970
1973
1587
1580
1579
2261
2157
710
724
724
1463
2311
2306
2310
2303
861
609
608
2156
2277
306
710
295
298
294
873
2319
2320
872
2332
1175
1176
2303
2261
861
609
608
858
1173
2261
306
298
306
295
701
294
706
1578
1580
1579
1109
982
984
1097
2261
1930
1929
1927
1587
1578
1580
1579
2345
2338
2340
147
143
448
298
712
701
706
142
726
779
773
771
1674
2156
896
2339
2335
1940
1938
1939
1927
858
2155
399
298
1970
1973
1927
298
166
701
142
1182
1176
2340
833
827
1906
1908
2261
247
245
246
266
701
706
4
861
613
825
609
608
845
847
841
839
843
1176
858
1755
1754
858
137
143
1463
2167
2163
2176
2166
2170
2161
2164
2162
1633
2156
1690
712
331
298
2319
2320
2332
1175
2303
2261
608
771
306
298
297
780
767
773
772
763
1463
896
2348
2339
2338
1984
701
706
767
773
858
298
1176
1984
701
706
2155
1128
1132
1129
1755
1754
2185
2189
2172
1633
2156
896
1973
306
298
1754
147
143
2157
850
298
2156
861
613
825
609
608
2204
2203
2255
849
298
904
903
2157
2157
826
608
2309
2303
849
298
896
835
2261
2313
2312
2303
712
2155
608
2304
2303
1587
1580
1579
2407
2402
2311
2309
2312
2305
2307
2304
2308
2310
1578
1581
1579
1574
1576
1575
2157
1984
701
706
153
710
142
143
2319
2320
2332
1173
2303
448
298
710
608
1463
896
896
1931
1928
1930
1926
1929
1927
837
2261
1984
701
706
858
1176
2293
1173
2261
712
701
706
142
476
861
609
608
2166
1633
2156
2191
2157
710
1173
2261
861
609
608
1176
1094
2339
710
247
245
246
266
264
826
608
981
984
307
298
840
298
6
7
306
298
2339
7
874
608
1574
896
2204
2203
875
984
1463
896
857
298
1176
1071
984
1057
1176
298
303
2340
981
984
332
298
875
144
336
298
2157
2156
1177
1894
700
700
2248
745
745
700
700
700
700
700
700
896
700
896
1894
1894
700
700
2156
700
700
2261
2261
2261
264
2261
2156
1628
266
2441
2340
2340
2407
