1
2
2
2
2
2
2
8
8
11
12
12
12
12
12
12
12
12
12
12
12
12
24
24
28
29
29
29
29
29
29
29
29
29
29
29
29
29
29
29
45
46
46
46
46
46
46
46
46
46
46
46
46
58
58
58
58
58
58
58
58
58
58
58
70
71
71
71
71
71
71
71
71
71
71
71
71
71
71
71
71
71
71
71
71
71
93
94
94
94
94
94
94
94
101
101
101
101
101
101
108
108
108
108
108
108
108
108
108
108
108
108
108
108
70
109
109
109
109
109
109
109
109
109
109
109
109
109
123
119
119
119
127
128
128
128
128
128
128
127
135
135
135
135
135
135
135
135
135
135
135
135
135
135
135
135
152
153
153
153
153
153
153
153
153
153
153
153
153
153
153
153
153
153
153
153
153
153
153
153
153
153
153
153
153
153
153
153
153
153
153
153
153
153
153
153
153
153
153
153
153
153
153
153
153
153
153
153
153
153
153
153
153
153
153
153
153
153
153
153
153
153
153
153
153
153
153
153
153
153
153
153
153
153
153
153
153
153
153
153
153
153
153
153
153
153
195
197
245
246
246
246
246
246
246
246
246
255
256
256
256
127
260
260
260
260
260
260
260
260
260
260
260
260
273
274
274
274
274
274
274
274
274
282
282
274
285
285
274
288
288
274
291
291
294
295
295
295
295
295
295
295
295
295
295
295
295
295
295
295
295
295
312
312
312
312
312
312
312
312
312
312
312
312
312
312
312
312
330
331
331
331
331
331
331
331
331
331
331
331
331
331
331
331
331
331
331
331
331
331
331
331
331
331
331
331
331
331
331
331
331
331
331
331
331
331
331
331
331
331
331
331
331
331
70
378
378
378
378
378
378
378
378
378
378
386
390
391
391
391
391
391
391
391
391
391
391
391
391
70
405
405
405
405
405
405
405
405
405
405
405
405
405
405
405
405
405
405
405
405
405
405
405
405
405
431
424
424
158
435
436
437
425
425
440
70
441
441
441
443
443
70
447
447
447
447
447
447
452
450
450
457
449
459
460
453
462
463
463
463
463
463
463
463
463
463
463
473
473
463
463
463
463
463
463
481
481
481
484
484
484
484
484
463
463
491
491
491
491
491
496
496
463
499
499
499
499
499
499
499
499
499
499
463
463
511
511
511
511
511
511
463
463
519
519
519
463
523
523
523
523
463
528
528
463
463
127
533
533
533
533
533
533
533
541
542
542
542
542
542
542
542
542
542
542
542
542
542
542
542
542
542
542
542
542
542
28
564
564
564
564
569
570
570
570
570
570
570
570
570
570
570
570
570
570
570
570
570
570
570
570
570
570
570
570
592
594
596
597
597
597
597
597
597
597
597
597
598
607
609
610
610
610
610
610
610
610
610
610
610
610
610
610
610
610
610
610
610
628
628
628
628
628
628
628
628
628
628
628
628
628
628
628
628
628
70
646
646
646
646
646
646
646
646
646
646
646
646
646
646
646
646
646
663
646
665
667
668
668
668
668
671
609
675
675
675
679
480
478
479
481
533
135
510
291
491
285
476
288
518
499
490
473
477
20
20
20
644
644
644
644
644
644
292
200
336
427
427
427
427
427
427
427
427
579
579
475
170
265
265
453
453
453
453
453
453
453
272
550
657
657
657
657
657
657
657
171
241
33
7
7
7
7
7
194
194
289
90
90
270
314
582
582
325
373
216
216
103
362
402
75
219
219
317
144
86
86
365
231
401
62
469
67
622
249
249
185
185
634
132
334
359
269
269
269
540
215
215
188
188
220
220
637
539
250
250
222
232
203
87
57
252
577
577
186
186
63
322
88
88
201
167
465
465
176
176
168
168
168
168
168
168
32
279
104
148
148
148
81
266
266
549
367
599
34
80
80
80
506
522
143
105
221
286
671
237
177
177
37
140
140
140
358
121
589
589
470
64
650
650
650
650
141
311
198
204
267
267
507
199
580
580
183
183
370
624
624
624
624
624
624
624
624
624
205
315
640
643
643
672
672
180
180
159
576
576
578
578
281
281
281
281
281
281
293
293
5
5
426
426
426
426
426
426
223
658
658
658
658
658
658
658
636
179
179
213
213
428
428
428
428
428
428
428
428
366
639
517
517
227
516
516
196
196
19
19
326
192
253
253
253
651
651
651
651
651
443
583
583
423
652
652
652
652
68
320
212
212
568
360
242
429
429
429
429
429
429
429
429
593
229
602
42
466
466
466
660
660
660
660
660
660
660
209
119
119
119
119
119
119
119
119
119
119
119
119
119
119
119
290
290
210
151
182
182
515
361
606
584
584
218
218
527
387
387
318
184
184
368
575
575
224
147
211
211
536
328
623
193
187
187
346
280
280
146
146
146
645
588
649
649
649
649
649
649
649
649
649
649
649
649
649
649
364
632
35
84
467
181
181
357
191
574
574
590
590
149
356
60
163
163
163
234
678
678
678
678
678
678
172
369
573
573
145
145
145
206
202
268
268
268
386
386
386
386
386
386
386
386
386
386
468
468
468
468
95
102
233
175
175
483
483
638
529
65
526
495
61
656
656
656
656
656
656
107
217
271
271
240
165
581
581
324
66
239
586
586
21
21
21
21
316
208
452
452
452
452
452
79
79
59
585
585
197
197
424
424
424
424
424
424
424
424
424
424
424
424
424
424
444
6
608
608
608
641
591
591
494
494
207
83
225
631
677
677
677
677
677
425
425
425
425
425
425
425
425
425
425
425
425
425
425
425
425
226
214
214
604
313
106
287
287
166
85
161
161
161
161
161
39
189
189
134
134
654
654
654
654
654
422
422
422
422
422
422
422
422
422
422
422
422
422
422
422
422
422
422
422
635
635
230
278
278
150
150
150
164
164
131
131
505
471
471
661
661
661
661
661
661
661
195
195
363
653
653
653
653
653
653
659
659
659
659
659
659
659
236
238
319
626
605
327
508
508
89
89
228
655
655
655
655
655
655
321
142
133
601
160
633
627
627
627
627
178
178
323
603
509
509
69
600
600
600
23
587
587
587
551
642
642
82
174
190
512
3
409
381
492
482
382
421
17
449
449
598
598
262
262
116
464
418
504
647
647
261
513
503
450
450
275
445
432
432
433
434
434
434
434
454
454
454
438
438
439
673
455
455
455
124
124
124
124
124
124
124
124
458
458
458
125
125
126
389
389
389
389
389
389
389
461
461
461
461
461
