1
2
2
2
2
2
2
2
2
2
2
2
2
2
2
2
2
2
15
20
16
22
17
17
26
27
27
27
27
27
27
27
27
27
27
27
27
40
41
41
41
41
41
41
41
41
49
49
45
53
54
54
54
54
54
54
54
54
54
54
54
54
54
54
54
54
54
54
54
54
54
54
54
77
77
77
77
77
77
77
77
77
77
77
77
54
90
90
90
90
90
90
90
90
54
54
36
36
36
36
36
36
36
96
36
96
36
36
113
114
114
114
114
114
114
114
114
114
114
114
114
114
114
114
114
114
131
131
121
134
134
127
137
128
139
128
141
114
143
143
143
143
143
143
143
143
143
143
114
154
154
1
157
157
157
157
157
157
157
157
157
157
157
157
157
157
157
157
157
157
157
157
157
157
157
157
157
157
157
184
184
184
157
188
188
157
191
191
191
191
194
196
181
198
157
200
200
203
204
204
204
204
204
204
204
204
204
204
204
204
204
204
204
204
220
220
220
212
224
224
224
214
228
228
228
216
232
232
232
217
236
236
236
218
240
240
240
219
244
244
244
244
1
249
249
249
249
249
249
249
249
249
249
249
249
249
249
249
249
249
249
249
249
249
249
249
249
249
249
249
249
249
260
279
264
281
266
283
267
285
268
287
266
40
290
290
290
290
290
290
290
290
290
290
290
290
290
290
290
290
290
307
307
307
307
290
312
312
312
312
312
312
312
312
312
312
323
323
290
326
326
326
326
326
203
332
332
332
332
332
332
332
332
332
332
332
332
332
332
332
332
332
332
332
332
332
332
332
332
332
332
332
332
360
360
360
360
360
360
360
360
332
369
369
369
369
369
369
369
369
332
378
378
378
378
378
378
378
378
378
332
388
332
390
390
390
390
390
390
390
390
390
390
390
332
402
402
402
402
402
402
402
332
410
410
410
410
410
410
410
332
418
418
418
400
424
425
425
425
425
425
425
429
429
429
429
429
429
438
439
439
439
439
439
439
439
439
439
439
439
439
439
439
439
454
454
454
454
454
454
448
448
463
464
464
464
464
464
464
464
464
464
464
464
464
464
464
464
464
464
464
464
464
464
464
464
464
464
464
464
464
464
464
464
464
464
464
464
464
464
464
464
464
464
464
464
464
464
464
464
464
464
464
464
464
464
464
464
464
464
464
464
464
464
464
464
464
464
464
464
464
464
464
464
464
464
464
464
464
464
464
464
464
464
464
464
464
464
464
464
464
464
464
464
464
464
464
464
464
464
464
464
464
464
464
464
464
481
569
464
571
523
573
534
575
575
578
579
580
580
580
580
580
580
580
580
580
580
580
580
580
580
580
580
580
580
580
580
580
580
580
580
580
580
580
580
580
580
580
580
580
580
580
580
580
580
580
580
580
580
580
580
580
580
580
580
580
580
580
580
580
580
580
580
580
580
580
580
580
580
580
580
580
580
580
580
580
580
580
580
580
580
580
580
580
580
580
580
580
580
580
580
580
580
580
580
580
580
580
580
580
580
580
580
580
580
580
580
580
580
580
580
580
580
580
580
580
580
580
580
580
580
580
580
580
580
580
580
580
580
580
580
580
580
580
580
580
580
580
580
580
580
580
580
580
580
580
580
580
580
580
580
580
580
580
580
580
580
580
580
580
580
580
580
580
580
580
585
740
580
586
743
580
745
745
745
745
607
750
618
752
580
754
754
754
754
754
580
760
760
760
760
760
760
760
669
768
770
770
770
770
770
770
580
777
777
777
777
777
782
777
784
777
786
580
788
580
790
790
790
790
790
790
790
790
790
790
790
790
790
790
790
790
804
807
580
809
809
809
809
809
809
809
809
809
809
809
816
821
580
823
817
826
816
816
816
817
831
832
832
832
832
832
832
832
832
832
832
832
832
832
832
832
832
832
832
832
832
832
832
832
832
832
832
832
832
832
832
832
832
832
832
832
832
832
832
832
832
832
832
832
832
832
832
832
832
832
832
832
832
832
832
832
832
832
832
832
832
832
832
832
832
832
832
832
832
832
832
832
832
832
832
832
832
832
832
832
832
832
832
832
832
832
832
832
832
832
832
832
832
832
832
832
832
832
832
832
832
831
933
933
933
933
933
933
933
831
941
941
941
941
941
941
914
914
913
784
782
188
786
191
648
926
709
622
622
622
905
267
267
267
267
346
346
346
346
717
731
731
731
193
690
931
931
931
931
931
931
306
306
321
532
759
269
320
400
400
400
400
400
400
652
652
652
629
629
629
174
174
174
174
174
174
496
135
215
711
816
816
816
38
38
38
38
38
38
38
561
524
524
524
524
524
524
524
524
524
524
923
923
923
923
923
923
521
521
521
521
521
528
640
640
640
640
664
664
913
913
913
913
913
913
913
913
913
913
913
913
913
913
913
913
913
913
913
913
913
913
913
913
913
542
542
542
542
542
542
542
542
542
542
820
820
820
820
820
820
173
173
173
173
173
173
173
173
173
173
173
173
87
87
365
365
365
365
672
672
738
738
738
738
738
738
738
738
409
409
409
409
409
409
669
669
431
714
724
724
47
262
262
733
733
733
44
44
723
723
647
549
681
681
914
914
914
914
914
819
295
295
295
295
568
429
429
429
789
789
892
181
181
181
181
775
366
366
366
199
199
195
890
890
890
890
890
890
890
890
890
890
357
357
357
357
357
357
357
357
357
357
689
818
818
818
553
608
608
608
608
608
275
275
275
275
275
72
72
72
430
75
75
75
616
616
616
616
616
616
616
616
616
612
612
572
572
572
572
572
572
175
148
148
148
71
399
399
898
719
17
633
633
633
69
69
69
69
69
69
69
69
69
69
218
218
218
218
218
218
218
550
550
550
550
550
550
550
550
325
701
349
349
676
676
802
802
802
802
802
802
802
802
802
802
802
802
802
802
730
150
150
150
505
505
505
505
505
387
639
639
639
734
734
734
98
613
613
530
530
548
548
548
548
548
663
563
84
84
182
182
182
268
268
268
509
509
509
297
513
513
513
513
513
680
680
680
559
559
559
559
559
559
557
271
265
265
265
265
265
376
376
376
376
376
658
567
567
151
151
151
151
660
758
758
303
264
537
537
537
537
537
537
537
537
710
37
751
187
187
187
296
296
296
296
421
421
421
35
35
35
35
538
538
176
176
176
176
176
670
670
670
670
383
383
565
715
888
888
659
555
555
555
634
634
634
634
527
527
527
298
494
631
631
631
631
631
631
631
631
631
655
673
126
322
938
938
896
896
896
896
661
554
706
722
722
534
534
183
183
183
695
695
316
316
522
522
726
726
300
300
649
675
675
367
367
367
367
367
716
560
374
374
526
674
674
674
674
96
96
96
412
413
413
413
413
502
502
502
502
502
502
687
687
687
946
389
545
611
611
511
511
511
511
667
408
408
408
408
408
408
408
408
539
539
355
355
355
355
355
309
766
766
766
766
766
766
273
273
353
353
353
353
353
707
68
68
124
16
16
16
491
491
491
500
618
618
650
704
908
908
261
261
261
348
348
531
354
354
354
354
665
635
635
635
535
535
535
535
535
15
15
15
414
920
356
356
356
448
448
448
448
74
219
219
219
219
219
219
219
720
729
382
516
305
705
891
891
891
718
911
911
911
911
623
623
623
499
627
627
688
503
503
886
887
887
887
277
178
178
178
178
178
178
178
178
696
614
614
498
556
556
556
556
280
280
804
804
508
211
211
123
123
123
449
806
564
666
610
610
736
736
736
736
736
122
122
36
36
415
310
529
558
558
894
894
643
643
643
643
939
939
518
518
518
278
459
459
459
459
39
642
642
642
642
642
642
642
642
642
642
642
642
515
515
515
515
515
915
927
519
519
741
741
51
945
945
945
945
213
213
702
270
270
645
645
645
645
645
645
328
208
208
208
547
311
903
903
45
45
615
615
615
615
615
615
615
615
615
615
615
698
628
817
889
621
621
621
621
621
621
637
637
18
18
18
18
18
636
636
725
725
358
358
358
358
358
358
358
358
358
358
384
654
654
654
767
767
767
767
767
767
657
302
347
347
347
347
691
691
721
626
626
684
684
644
644
644
644
644
644
644
644
644
644
700
127
677
683
803
803
620
620
620
620
329
385
385
385
385
918
918
918
918
918
918
918
918
918
918
918
918
918
918
918
918
918
918
918
918
918
918
918
918
918
918
918
918
918
918
918
918
918
918
918
918
918
918
918
918
918
918
125
947
929
737
737
737
737
492
682
682
375
375
507
662
728
641
641
641
641
551
551
551
551
735
735
735
70
544
638
638
638
904
294
294
179
179
901
460
460
460
460
566
520
520
520
520
619
619
619
619
619
619
619
619
619
619
352
352
352
95
95
95
46
46
46
216
216
216
216
216
216
216
304
753
753
757
757
906
906
906
906
906
97
97
97
543
543
713
301
525
525
824
824
510
510
510
420
420
420
420
900
260
685
685
685
685
685
685
685
540
540
315
86
909
805
902
330
330
330
386
940
21
910
523
523
523
501
83
209
209
209
493
493
48
899
899
899
899
194
703
266
266
266
266
266
506
506
506
506
506
506
506
401
401
401
88
699
552
930
651
739
617
73
73
73
73
73
73
73
73
73
73
73
272
272
416
212
212
212
212
212
212
212
317
317
317
350
350
180
180
180
180
180
180
217
217
217
217
217
217
217
359
129
129
129
129
129
299
299
897
897
67
67
214
214
214
214
214
214
214
517
577
536
536
536
536
514
514
907
907
907
907
907
907
907
907
562
177
937
937
937
937
210
210
546
774
774
774
607
607
607
607
607
607
916
893
893
893
23
632
632
632
632
632
630
263
263
263
263
686
686
686
274
495
85
912
912
912
912
912
912
912
912
912
912
912
912
912
912
912
912
912
912
912
912
912
912
912
912
912
912
912
912
912
912
912
912
912
912
912
912
912
14
14
14
14
14
14
14
14
712
276
276
533
533
533
708
815
815
222
744
368
368
368
368
368
368
512
512
591
121
334
336
795
4
344
582
172
119
364
364
28
426
440
485
763
379
590
590
250
942
586
799
799
475
800
587
796
761
361
361
340
483
850
934
55
403
810
810
603
603
778
778
362
476
476
935
592
171
779
779
80
780
780
159
589
407
604
604
604
604
61
115
62
585
432
52
434
950
950
950
435
112
112
112
112
112
827
423
828
828
829
830
101
101
825
104
25
106
106
109
111
