1
2
2
2
2
2
2
2
2
2
2
2
2
2
15
15
1
18
18
18
18
18
18
18
18
18
18
28
30
31
32
32
32
32
32
32
32
32
32
32
42
42
45
46
46
46
46
46
46
46
46
46
46
46
46
46
46
46
46
46
46
46
46
46
46
46
46
46
46
58
73
59
75
60
77
60
79
79
62
82
63
84
64
86
65
88
90
91
91
91
91
91
91
91
91
91
91
91
91
91
91
91
91
91
91
91
91
91
91
91
91
91
109
117
109
119
111
121
123
124
124
124
124
124
124
124
124
124
124
124
135
124
139
140
140
140
140
140
140
140
140
140
140
140
140
140
140
140
140
140
140
140
140
140
140
140
140
140
140
140
140
140
140
140
140
140
140
140
140
140
140
140
140
140
140
140
140
140
140
140
140
140
140
140
140
140
140
140
140
140
140
140
140
140
140
140
140
140
140
140
140
140
140
140
140
140
140
140
140
140
140
140
140
140
140
140
140
140
140
140
140
140
140
140
140
140
140
140
140
140
140
140
140
140
140
140
140
140
140
140
140
221
249
221
251
221
253
248
255
140
257
140
259
140
261
261
261
261
261
261
261
261
261
261
261
261
261
261
261
140
277
277
277
277
140
282
282
282
282
282
282
140
289
289
289
289
289
289
289
289
289
296
296
181
181
181
181
181
181
181
181
181
181
181
181
183
223
223
175
175
175
175
175
175
175
175
175
184
217
112
112
112
134
210
243
297
297
297
245
111
111
111
111
111
111
178
235
281
109
109
109
109
109
109
109
109
109
109
109
109
109
109
109
109
179
280
280
65
65
65
208
208
208
89
36
258
39
204
188
191
213
197
218
294
8
59
59
59
59
59
59
59
192
3
133
133
133
133
133
133
133
133
180
239
63
63
63
63
220
220
274
274
274
274
274
83
23
198
198
198
229
78
215
215
215
24
193
193
200
200
194
174
238
291
231
231
246
254
182
9
219
57
57
57
57
57
57
58
58
58
58
58
58
58
232
172
172
172
172
172
172
172
172
172
172
172
172
172
172
172
172
172
172
172
172
172
176
176
176
176
176
176
176
176
176
207
207
224
285
285
285
285
268
268
268
287
202
195
195
195
222
222
222
222
221
221
56
56
56
56
56
56
293
293
55
55
279
279
279
20
173
173
173
173
173
272
241
34
87
38
25
212
276
203
203
186
186
201
201
201
201
227
10
64
131
131
131
131
131
131
6
206
206
206
170
170
170
170
170
170
170
170
170
170
170
242
244
62
62
62
62
211
110
205
205
205
74
190
190
190
190
190
190
240
292
296
296
296
296
296
187
21
72
72
234
41
177
177
177
26
295
22
214
271
271
286
286
286
286
286
236
120
199
199
199
199
196
196
225
225
225
225
209
209
247
298
85
226
226
226
35
35
35
35
35
35
60
60
60
60
60
60
19
171
171
171
171
171
171
171
171
171
171
171
171
171
171
171
171
171
171
171
169
185
275
270
270
270
270
270
61
61
61
61
61
61
269
269
269
269
233
216
273
273
168
168
168
168
168
168
168
168
168
168
168
168
168
168
168
168
168
168
168
168
168
168
168
168
228
189
237
230
248
146
147
128
145
150
299
300
300
138
