2
3
4
5
6
7
8
9
10
11
12
13
14
15
16
17
18
19
20
21
22
23
24
25
26
27
28
29
30
31
32
33
34
35
37
38
39
40
41
42
43
44
45
46
47
48
49
50
51
52
53
54
55
56
57
58
59
60
61
62
63
64
65
66
67
68
59
47
40
58
47
40
25
12
40
45
18
40
46
27
13
34
2
2
44
42
40
43
41
64
65
42
40
40
46
10
11
9
12
13
7
8
4
15
3
6
5
14
16
61
47
40
21
22
17
11
40
46
13
3
62
47
40
31
32
2
40
40
40
45
39
40
46
40
46
11
13
15
14
40
60
47
40
40
39
25
12
25
66
12
13
15
28
18
15
34
33
64
