1
2
2
2
2
2
8
9
9
9
9
9
9
9
9
9
9
9
9
9
9
9
9
9
9
9
9
9
9
9
9
9
9
9
9
9
9
9
9
9
9
9
9
9
9
9
9
49
33
51
51
51
33
55
55
55
55
60
60
30
64
65
65
65
65
65
65
65
65
65
65
65
65
65
65
65
65
65
65
65
65
65
65
65
65
65
65
65
65
65
65
65
65
65
65
65
65
65
65
65
65
65
65
65
88
64
110
110
110
110
110
110
110
110
110
110
110
110
113
123
123
123
123
121
128
110
130
113
33
31
114
32
32
19
100
4
5
85
85
85
85
85
85
85
85
85
85
85
85
85
85
47
7
108
108
14
14
14
35
41
30
30
42
27
115
29
15
18
38
17
92
92
94
24
24
103
39
105
122
36
25
25
40
104
87
87
118
54
86
116
23
23
53
95
99
102
98
6
88
88
88
88
88
88
119
26
97
16
16
22
22
106
106
106
106
45
46
90
120
120
120
121
121
121
93
93
93
93
28
28
37
37
34
34
113
91
91
91
91
117
96
10
63
