1
2
2
2
2
2
2
2
2
2
2
2
2
2
2
2
2
2
2
2
2
2
2
2
2
2
2
2
2
2
2
2
2
2
2
2
2
2
2
41
42
42
42
42
42
42
42
42
42
42
42
42
42
42
42
42
42
42
42
42
42
42
62
65
65
65
65
65
72
73
73
73
73
73
76
79
81
82
82
82
82
82
82
82
82
82
82
82
82
82
82
76
85
85
91
91
16
53
89
68
69
59
58
58
83
84
84
67
55
55
62
93
90
5
5
87
87
51
86
86
37
37
88
88
49
49
49
49
49
49
49
49
49
49
49
92
92
