1
2
2
2
2
2
2
2
2
2
2
2
2
2
2
2
2
2
2
2
2
2
2
2
2
2
2
2
2
2
2
2
2
2
2
2
30
39
40
40
40
40
40
40
40
40
40
40
40
40
40
40
40
40
40
40
58
58
58
58
58
58
40
65
65
65
40
69
69
69
40
73
73
73
73
73
40
79
79
79
79
79
79
79
79
79
79
79
79
79
79
79
79
79
79
79
79
79
79
79
79
40
104
104
104
40
108
40
110
110
40
113
113
113
113
113
113
113
40
121
121
40
124
124
40
127
127
127
40
131
131
131
131
131
131
131
40
139
40
141
141
141
40
145
145
145
145
145
40
151
151
40
154
154
40
157
157
160
161
162
162
162
162
162
162
162
162
162
162
162
162
162
162
162
162
162
162
162
162
162
162
162
162
162
162
162
162
162
162
162
162
162
162
162
162
162
162
162
162
162
162
162
162
162
162
162
162
162
162
162
39
214
214
214
214
214
214
214
214
214
214
214
214
214
214
214
214
214
214
214
214
214
214
214
214
214
214
214
214
214
214
214
246
214
248
248
248
248
248
248
248
248
248
248
248
248
248
248
248
248
248
248
248
248
248
248
248
248
248
248
248
248
248
248
248
248
248
248
248
248
248
248
248
248
248
248
248
248
248
248
248
248
248
248
248
248
248
248
248
248
248
248
248
248
248
248
248
248
248
248
248
248
248
248
248
248
248
248
248
248
248
248
248
248
248
248
248
248
248
248
248
248
248
248
248
248
248
248
248
248
248
248
248
248
248
248
248
248
248
248
354
354
357
358
359
359
359
359
359
359
359
359
359
359
359
359
359
359
359
372
376
377
378
359
359
371
358
382
382
382
382
382
382
382
382
382
382
382
382
382
382
382
382
382
382
382
382
382
384
385
165
165
395
395
397
395
397
395
397
395
398
396
398
398
398
396
398
396
399
396
396
161
427
427
427
427
427
427
427
427
427
427
427
427
427
427
427
427
427
427
427
427
427
427
427
427
427
427
427
427
427
427
427
427
427
427
427
427
427
427
427
427
427
427
427
427
427
427
427
427
427
427
427
427
427
427
427
427
427
427
427
427
427
427
427
427
427
427
427
427
427
427
427
427
427
427
427
427
427
427
427
427
427
427
427
427
427
427
427
427
515
515
515
515
515
515
515
515
515
515
427
526
526
526
526
427
531
531
531
531
531
531
537
427
539
539
539
539
539
539
539
539
539
539
539
539
539
539
539
539
539
539
539
539
539
539
539
539
539
539
539
539
539
539
539
539
572
37
37
37
37
37
37
37
37
37
37
37
37
37
37
37
37
37
37
37
37
37
37
37
37
37
37
37
37
37
37
37
37
37
37
37
37
37
37
37
37
37
37
37
37
37
37
37
37
37
37
37
37
37
37
37
37
37
37
37
37
37
37
37
571
330
330
330
230
327
327
327
558
351
351
351
553
553
320
320
320
488
284
284
284
284
316
316
316
472
223
279
279
279
285
285
285
543
280
280
280
34
544
236
236
341
341
341
323
323
323
240
490
258
258
258
258
398
398
398
398
343
566
468
513
513
331
331
331
261
499
499
494
559
175
175
175
175
175
175
326
326
326
476
179
179
179
179
179
242
546
166
166
166
486
536
536
552
552
301
301
301
254
254
254
477
477
555
225
340
340
340
340
371
371
371
371
371
226
283
283
283
350
350
350
503
503
503
503
503
503
503
503
503
503
503
503
503
503
503
503
503
503
503
503
503
503
503
503
503
503
503
503
489
373
373
373
547
569
400
400
400
400
400
167
508
508
198
198
198
471
296
296
296
493
342
342
342
397
397
397
397
397
397
397
397
397
473
332
332
332
496
275
275
275
492
492
181
181
181
181
181
315
315
315
315
368
368
368
368
368
368
483
231
309
309
309
233
235
239
182
182
182
182
182
281
281
281
281
469
300
300
300
548
548
348
348
348
221
550
504
485
253
253
253
344
344
344
335
335
335
241
347
347
347
234
481
481
481
481
372
372
372
372
507
346
346
346
556
176
176
176
176
176
176
257
257
257
535
535
229
374
374
374
374
541
512
512
570
328
328
328
314
314
314
314
479
219
317
317
317
399
399
399
399
399
345
345
345
561
561
524
557
251
251
251
369
369
369
369
495
510
510
337
337
337
565
252
252
252
183
183
295
295
295
165
165
165
165
165
165
165
165
282
282
282
506
506
256
256
256
551
394
394
394
394
394
394
394
394
394
394
273
273
273
334
334
334
334
542
220
249
249
249
545
549
549
178
178
178
178
178
178
174
174
174
174
174
174
250
250
250
274
274
274
396
396
396
396
396
396
396
232
177
177
177
177
177
177
500
500
349
349
349
290
290
290
475
310
310
310
237
498
218
218
218
218
218
567
567
538
538
352
352
352
470
514
514
514
209
209
564
171
171
171
171
171
291
291
291
325
325
325
278
278
278
277
277
277
474
487
563
305
305
305
482
35
568
511
511
336
336
336
484
491
505
497
333
333
333
333
227
480
480
324
324
324
501
353
353
353
562
562
560
560
228
339
339
339
339
478
478
525
208
208
208
208
255
255
255
238
313
313
313
184
184
184
338
338
338
395
395
395
395
395
395
395
224
180
180
180
180
180
199
199
199
47
433
51
153
57
49
41
50
43
44
54
138
55
52
431
48
458
5
46
163
216
45
430
437
4
438
53
56
42
217
388
357
357
357
357
357
379
380
381
381
381
381
375
