1
2
2
2
2
2
2
2
2
2
2
2
2
2
2
2
2
2
2
2
2
2
2
2
2
2
2
2
2
2
2
2
2
2
2
2
2
2
2
2
2
2
2
2
2
33
33
38
37
33
36
33
25
25
25
39
39
39
23
43
23
42
23
65
42
23
42
69
21
25
25
25
25
25
25
25
25
79
80
80
81
2
83
21
21
25
33
33
32
32
31
31
93
94
94
94
94
94
94
94
94
94
94
94
94
94
94
94
94
94
94
94
94
94
94
94
94
94
94
94
94
94
109
113
1
126
126
126
126
126
126
126
126
126
126
126
126
126
126
126
126
126
126
126
126
126
126
126
126
126
126
126
126
126
126
126
126
126
126
126
126
162
162
162
162
162
162
169
169
169
173
173
173
177
177
177
126
181
126
183
183
126
186
186
186
153
152
133
134
136
137
140
142
143
155
151
148
147
145
144
31
31
31
31
31
31
31
31
46
46
46
46
46
46
32
32
32
32
32
32
32
32
112
112
100
100
100
38
38
38
38
38
38
17
148
148
148
148
148
148
148
148
148
148
148
148
148
40
40
40
40
40
121
23
23
23
23
23
23
23
26
26
26
26
26
29
29
29
29
29
29
29
152
152
152
152
152
152
152
152
152
152
152
22
22
22
22
22
22
22
116
147
147
147
147
147
147
147
147
147
147
147
147
153
153
153
153
150
150
150
150
150
150
150
150
182
139
139
139
139
139
139
139
139
139
139
139
106
106
106
30
30
30
30
30
104
104
149
149
149
149
149
149
149
149
43
43
43
133
133
133
133
133
133
133
113
113
37
37
37
155
155
155
155
155
155
155
155
155
155
155
155
18
123
138
138
138
138
138
138
138
138
138
138
138
138
34
34
34
34
34
34
34
33
33
33
33
33
135
135
135
135
135
135
135
135
135
135
135
144
144
144
144
144
144
144
144
144
144
144
144
144
143
143
143
143
143
143
143
143
143
143
143
143
143
28
28
28
28
28
141
141
141
141
141
141
141
141
141
141
141
141
36
36
36
154
154
154
154
154
154
154
154
154
154
154
25
25
25
25
25
25
25
136
136
136
136
136
136
136
136
136
136
136
136
136
136
184
118
115
27
27
27
27
27
27
27
35
35
35
35
35
35
35
35
109
109
142
142
142
142
142
142
142
142
142
142
142
142
142
24
24
24
24
24
20
20
20
145
145
145
145
145
145
145
145
145
145
145
145
145
146
146
146
146
146
146
146
146
146
146
146
140
140
140
140
140
140
140
140
140
140
140
140
140
140
114
117
110
19
19
19
19
19
19
19
19
39
39
39
39
39
39
101
101
151
151
151
151
151
151
151
151
151
151
151
21
21
21
21
21
137
137
137
137
137
137
137
137
137
137
137
137
137
134
134
134
134
134
134
134
134
134
134
134
134
159
159
159
159
158
158
119
190
190
190
191
191
191
47
47
47
47
47
48
48
48
48
48
49
49
49
49
200
200
200
50
50
201
201
201
51
51
51
51
51
51
202
202
202
52
52
203
203
203
204
204
204
53
53
53
53
53
53
54
54
54
55
55
55
55
55
56
56
56
56
56
192
192
192
192
193
193
193
194
194
194
195
195
195
196
196
196
197
197
197
57
57
57
198
198
198
199
199
199
58
58
58
59
59
59
59
60
60
60
62
62
62
62
62
64
64
64
65
65
65
67
67
67
67
67
70
70
70
70
70
70
71
71
71
71
71
72
72
72
73
73
73
73
73
74
74
74
75
75
75
76
76
76
76
76
77
77
77
77
77
78
78
78
82
82
83
83
83
84
84
84
85
85
85
86
86
86
87
87
87
88
88
88
89
89
89
89
89
89
90
90
90
90
90
90
91
91
91
91
91
91
92
92
92
92
92
92
