1
2
2
2
2
2
2
10
11
8
1
13
13
13
18
19
1
20
20
20
20
26
27
28
1
29
29
29
29
29
29
29
29
29
29
29
29
29
29
29
29
29
29
29
29
29
29
29
49
55
56
57
58
59
60
61
62
50
64
65
66
67
52
69
51
1
71
71
71
71
71
71
78
80
81
82
83
1
84
84
88
89
90
29
20
84
2
13
71
43
43
46
51
76
76
45
15
23
44
44
52
36
36
7
7
7
7
39
48
37
37
24
75
75
73
47
22
34
34
34
38
40
77
77
16
16
41
33
8
8
8
8
35
35
35
12
12
12
12
