2
3
4
5
6
7
8
9
10
11
12
13
14
15
16
17
18
19
20
21
22
23
24
25
26
27
28
29
30
31
32
33
34
35
36
37
38
39
40
41
42
43
44
45
46
47
48
49
50
51
52
53
54
55
56
57
58
59
60
61
62
63
64
65
66
67
68
69
70
71
72
73
74
75
76
77
78
79
80
81
82
83
84
85
86
87
88
89
90
91
92
93
94
95
96
97
98
99
100
101
102
103
104
105
107
108
110
111
112
113
114
115
116
117
118
119
120
121
122
123
124
125
126
127
128
129
130
131
132
133
134
135
136
137
138
139
140
141
142
143
144
145
146
147
148
149
150
151
152
153
154
155
156
157
158
159
160
161
162
163
164
165
166
167
168
169
154
154
106
56
12
47
56
43
59
30
13
12
83
99
16
12
106
156
74
32
30
106
34
106
89
106
150
111
147
115
154
154
57
56
31
12
114
58
59
30
37
36
125
166
106
106
106
88
113
115
154
129
111
49
32
12
47
12
106
136
111
146
114
155
154
165
156
125
111
141
111
106
130
111
136
111
89
106
18
24
106
120
111
80
81
78
13
7
12
106
73
106
144
111
166
13
106
106
106
89
88
106
106
106
106
106
106
20
157
156
106
106
76
157
156
18
106
76
96
39
40
106
63
106
83
152
157
166
156
155
154
154
154
162
165
75
74
106
130
146
155
154
162
154
154
122
111
89
136
141
111
111
116
114
115
112
106
28
106
38
45
56
43
12
42
44
129
62
9
8
10
12
106
47
58
59
30
13
106
126
111
106
106
151
160
157
156
114
115
154
38
56
12
94
150
111
114
106
75
106
106
62
12
106
136
135
111
166
142
111
116
12
106
112
115
154
154
19
135
111
88
88
142
111
135
11
6
12
106
116
18
24
106
120
113
106
154
106
2
106
106
4
106
