2
3
4
5
6
7
8
9
10
11
12
13
14
15
16
17
18
19
20
21
22
23
24
25
26
27
28
29
30
31
32
33
34
35
36
37
38
39
40
41
42
43
44
45
46
47
48
49
50
51
52
53
54
55
56
57
58
59
60
61
62
63
64
65
66
67
68
69
70
71
72
73
74
75
76
77
78
79
80
81
83
84
85
86
87
88
89
90
91
92
93
94
95
96
97
98
99
100
101
102
103
104
105
106
107
108
109
110
111
112
113
114
115
116
117
118
119
120
121
122
123
124
125
126
127
128
129
130
131
132
133
134
135
136
137
138
139
140
141
142
143
144
145
146
147
148
149
150
151
152
153
154
155
156
157
158
159
160
161
162
164
165
166
167
168
169
170
171
172
173
174
175
176
177
178
179
180
181
182
183
184
185
186
187
188
189
190
191
192
193
194
195
196
197
198
199
200
201
202
203
204
205
206
207
208
209
210
211
212
213
214
215
216
217
218
219
220
221
222
223
224
225
226
227
228
229
230
231
232
233
234
235
236
237
238
239
240
241
242
243
244
245
246
247
248
249
250
251
252
253
254
255
256
257
258
259
260
261
262
263
264
265
266
267
268
269
270
271
272
273
274
275
276
277
278
279
280
281
282
283
284
285
286
287
288
289
290
291
292
293
294
295
296
297
298
299
300
301
302
303
304
305
306
307
308
309
310
311
312
313
314
315
316
317
318
319
320
321
322
323
324
325
326
327
328
329
330
331
332
333
334
335
336
337
338
339
340
341
342
343
344
345
346
347
348
349
350
351
352
353
354
355
356
357
358
359
360
361
362
363
364
365
366
367
368
369
370
371
372
373
374
375
376
377
378
379
380
381
382
383
384
385
386
387
388
389
390
391
392
393
394
395
396
397
398
399
400
401
402
403
404
405
406
407
408
409
410
411
412
413
414
415
416
417
418
419
420
421
422
423
424
425
426
427
428
429
430
431
432
433
434
435
436
437
438
439
440
441
442
443
444
445
446
447
448
449
450
451
452
453
454
455
456
457
458
459
460
461
462
463
464
465
466
467
468
469
470
471
472
473
474
475
476
477
478
479
480
481
482
483
484
485
486
487
488
489
490
491
492
493
494
495
496
497
498
499
500
501
502
503
504
505
506
507
508
509
510
511
512
513
514
515
516
517
518
519
520
521
522
523
524
525
526
527
528
529
530
531
532
533
534
535
536
537
538
539
540
541
542
543
544
545
546
547
548
549
550
551
552
553
554
555
556
557
558
559
560
561
562
563
564
565
566
567
568
569
570
571
572
573
574
575
576
577
578
579
580
581
582
583
584
585
586
587
588
589
590
591
592
593
594
595
597
598
203
203
176
536
176
570
564
462
282
235
564
110
122
309
86
282
72
6
221
57
478
593
479
296
430
62
374
282
310
571
564
374
284
305
282
298
557
310
28
302
12
334
284
18
94
79
57
426
398
357
352
409
479
486
395
297
284
310
298
415
310
91
306
282
298
564
551
59
58
221
310
398
352
593
333
282
551
423
413
593
297
284
296
298
222
229
226
236
230
277
480
282
464
57
114
101
593
479
296
86
305
152
282
551
60
238
236
298
593
150
452
297
91
296
86
152
282
149
418
419
36
302
32
39
34
30
181
282
8
350
245
310
302
221
308
221
431
559
282
107
87
561
551
566
551
263
262
144
282
297
91
86
282
331
316
559
297
298
282
53
53
560
310
298
348
9
6
221
221
59
58
60
63
64
62
57
57
282
342
61
60
57
503
500
501
472
98
307
87
306
308
354
20
302
4
108
122
282
374
571
399
282
308
305
282
91
284
298
94
48
373
282
282
342
299
298
282
282
537
299
235
269
236
298
282
74
32
6
57
6
57
357
524
297
284
523
310
324
349
282
103
87
152
239
234
240
235
233
298
9
101
152
282
9
302
101
479
152
282
441
486
298
570
589
480
325
282
551
59
58
61
60
577
296
297
310
310
310
374
559
282
58
221
57
309
572
593
282
6
57
31
48
17
374
537
538
221
541
221
369
76
26
5
6
57
310
301
537
298
256
59
58
60
63
64
62
57
221
221
57
92
263
262
310
5
310
67
345
12
302
221
309
310
593
5
297
310
296
3
593
412
247
222
234
227
248
278
235
226
231
233
221
74
33
6
57
23
98
302
87
59
58
61
60
63
64
62
221
53
228
267
559
282
349
297
284
509
557
296
302
506
317
67
12
254
347
253
221
282
551
282
439
429
574
44
487
570
336
551
282
551
310
155
298
298
305
9
4
298
570
581
556
551
282
551
118
400
409
397
486
396
297
310
298
74
39
34
33
6
57
369
466
98
593
122
144
297
296
22
593
300
310
304
296
307
298
302
306
305
312
297
309
299
284
311
308
551
2
94
64
57
91
421
98
87
308
352
355
117
373
362
341
21
309
94
296
298
86
282
310
298
282
356
298
218
217
4
304
310
541
562
67
43
71
5
6
221
221
57
284
425
102
87
152
28
5
6
282
96
418
422
310
288
310
290
292
295
291
593
486
297
284
296
91
86
374
593
297
304
296
203
310
317
67
345
12
480
307
298
302
306
308
305
282
310
503
500
502
501
346
509
302
506
356
58
64
286
309
310
310
48
373
17
106
310
593
441
299
296
298
235
310
299
429
559
297
282
310
560
309
302
2
23
12
593
304
296
298
302
305
297
309
284
299
310
310
6
593
5
297
310
296
3
561
551
298
39
34
30
218
217
308
59
58
60
63
64
62
57
57
333
282
551
67
446
373
12
344
236
305
282
221
308
298
305
176
282
180
187
181
405
404
299
298
310
308
40
31
16
310
66
12
256
302
239
226
233
405
404
299
537
298
538
523
536
310
14
253
368
510
507
509
508
502
236
302
221
151
104
87
152
441
189
188
190
305
310
59
58
221
92
282
270
269
268
67
373
12
297
284
305
221
568
551
189
188
190
282
298
67
345
12
480
302
282
309
61
60
69
12
302
64
536
536
57
92
57
367
48
374
302
262
427
480
284
537
296
282
79
57
94
92
579
593
582
556
557
555
310
61
347
559
309
298
116
177
176
571
564
339
551
466
91
86
282
581
559
296
558
303
282
310
27
302
310
317
236
241
298
231
282
310
466
48
373
99
140
480
87
282
13
480
510
507
509
508
302
558
282
499
221
466
465
593
297
91
296
95
86
282
143
358
418
419
59
58
60
63
64
62
57
221
221
57
4
221
355
276
593
251
342
297
296
553
305
472
307
306
92
404
537
538
540
540
536
29
300
310
4
298
308
56
5
6
221
57
298
310
310
310
566
562
553
551
351
559
305
555
282
310
593
441
297
296
305
91
86
282
439
326
26
301
298
302
308
312
305
91
86
94
282
369
73
74
40
32
16
5
6
221
57
298
347
561
551
75
6
61
60
57
237
38
373
4
369
403
428
432
398
431
593
122
313
94
541
296
298
297
314
299
537
86
282
540
282
198
526
235
426
349
541
37
302
585
111
466
298
305
555
554
282
4
115
97
21
117
373
362
179
178
220
479
309
94
298
86
305
176
282
216
307
41
119
19
373
341
374
593
296
86
282
298
275
368
272
309
269
268
203
559
282
282
29
299
57
466
398
479
282
570
589
282
282
551
74
39
6
61
57
270
310
12
284
302
53
278
282
67
12
66
244
61
302
57
361
297
234
310
593
297
296
6
54
53
47
59
58
61
60
64
63
62
57
221
221
57
53
91
310
399
297
472
307
306
12
309
284
299
298
302
243
297
234
236
233
309
47
59
58
61
60
63
57
53
57
91
310
59
58
221
310
486
298
564
374
349
445
322
298
305
282
74
39
6
57
4
10
302
221
203
211
551
203
209
83
551
282
282
221
57
57
91
92
53
53
2
282
2
221
221
282
282
282
221
282
551
282
299
203
203
57
282
499
282
83
53
233
369
5
308
99
140
87
83
