2
3
4
5
6
7
8
9
10
11
12
13
15
16
17
18
19
20
21
22
23
24
25
26
27
28
30
31
32
33
34
35
36
37
38
39
40
41
42
43
44
45
46
47
48
49
50
51
52
53
54
55
56
57
58
59
60
61
62
63
64
65
66
67
68
69
70
71
72
73
74
75
76
77
78
79
80
81
82
83
84
85
86
87
88
89
90
91
92
93
94
95
96
97
98
99
100
101
102
103
104
105
106
107
108
109
110
111
112
113
114
115
116
117
118
119
120
121
122
123
124
125
126
127
128
129
130
131
132
133
134
135
136
137
138
139
140
141
142
143
144
145
146
147
148
149
150
151
152
153
154
155
156
157
158
159
160
161
162
163
164
165
166
167
168
169
170
171
172
173
174
175
176
177
178
179
180
181
182
183
184
185
186
187
188
189
190
191
192
193
194
195
196
197
199
200
201
202
203
204
205
206
207
208
209
210
211
212
213
214
215
216
217
218
219
220
221
222
223
224
225
226
227
228
229
230
231
232
233
234
235
236
237
238
239
240
241
242
243
244
245
246
247
248
249
250
251
252
253
254
255
256
257
258
259
260
261
262
263
264
265
266
267
268
269
270
271
272
273
274
275
276
277
278
279
280
281
282
283
284
285
286
287
288
289
290
291
292
293
294
295
296
297
298
299
300
301
302
303
304
305
306
307
308
309
310
311
312
313
314
315
316
317
318
319
320
321
322
323
324
325
326
327
328
329
330
331
332
333
334
335
336
337
338
339
340
341
342
343
344
345
346
347
348
349
350
351
352
353
354
355
356
357
358
359
360
361
363
364
365
366
367
368
369
370
371
372
373
374
375
376
377
378
379
380
381
382
383
384
385
386
387
388
390
391
392
393
394
395
396
397
398
399
400
401
402
403
404
405
406
407
408
409
410
411
412
413
414
415
416
417
418
419
420
421
422
423
424
425
426
427
428
429
430
431
432
433
434
435
436
437
438
439
440
441
442
443
444
445
446
447
448
449
451
452
453
454
455
456
457
458
459
460
461
462
463
464
465
466
467
468
469
470
471
472
473
474
475
476
477
478
479
480
481
482
483
484
485
486
487
488
489
490
491
492
493
494
495
496
497
498
499
500
501
502
503
504
505
506
507
508
509
510
511
512
513
514
515
516
517
518
519
520
521
522
523
524
525
526
527
528
529
530
531
532
533
534
535
536
537
538
539
540
541
542
543
544
545
546
547
548
549
550
551
552
553
554
555
556
557
558
559
560
561
562
563
564
565
566
567
568
569
570
571
572
573
574
575
576
577
578
579
580
581
582
583
584
585
586
587
588
589
590
591
592
593
594
595
596
597
598
599
600
601
602
603
604
605
606
607
608
609
610
611
612
613
614
615
616
617
618
619
620
621
622
623
624
625
626
627
628
629
630
631
632
633
634
635
636
637
638
639
640
641
642
643
644
645
646
647
648
649
650
651
652
455
454
531
656
530
529
528
660
661
662
663
664
665
666
667
668
669
670
671
672
673
674
675
676
677
678
679
680
681
686
687
688
689
690
691
692
693
694
695
696
697
698
699
700
701
702
703
704
705
706
707
708
709
710
711
712
713
714
715
716
717
718
719
720
721
722
723
724
725
726
727
728
729
730
731
732
733
734
735
736
737
738
739
740
741
742
743
744
745
746
747
748
749
750
751
752
753
754
755
756
757
758
759
760
761
762
763
764
765
766
767
768
769
770
771
772
773
774
775
776
777
778
779
780
781
782
783
784
785
786
787
788
789
790
791
792
793
794
795
796
797
798
799
800
801
802
803
804
805
806
807
808
809
810
811
812
813
814
815
816
817
818
819
820
821
822
823
824
825
826
827
828
829
830
831
832
833
834
835
836
837
838
839
840
841
842
843
844
845
846
847
848
849
850
851
852
853
854
855
856
857
858
859
860
861
863
864
865
866
867
868
869
870
871
872
873
874
875
876
877
878
879
880
881
882
883
884
885
886
887
888
889
890
891
892
893
894
895
896
897
898
899
900
901
902
903
904
905
906
907
908
909
910
911
912
913
914
915
916
917
918
919
920
921
922
923
924
925
926
927
928
929
930
931
932
933
934
935
936
937
938
939
940
941
942
943
944
945
946
947
948
949
950
951
952
953
954
955
956
957
958
959
960
961
962
963
964
965
966
967
968
969
970
971
972
973
974
975
976
977
978
979
980
981
982
983
984
985
986
987
988
989
990
991
992
994
995
996
997
998
272
931
931
451
876
30
931
945
754
720
728
723
734
733
726
900
272
49
478
803
804
624
531
529
552
535
586
533
396
451
451
730
497
261
264
262
258
263
259
260
166
176
242
241
247
248
730
623
827
451
308
78
379
373
378
474
631
867
868
699
698
295
732
200
202
903
135
905
878
881
492
735
261
248
492
52
808
746
606
124
810
749
814
773
528
625
815
631
798
125
526
790
794
795
792
793
718
802
904
473
624
531
68
590
623
67
529
552
607
588
37
37
451
240
158
158
41
135
354
130
76
298
297
341
340
342
292
293
339
469
624
68
590
552
646
336
531
77
650
623
67
529
607
652
648
588
37
37
451
112
91
272
165
43
495
493
895
69
31
33
124
528
336
34
308
80
106
32
77
338
79
37
291
976
977
922
918
40
41
851
281
272
718
61
789
133
538
569
621
124
573
941
942
878
938
939
456
116
893
106
623
190
799
871
42
62
45
40
38
49
50
46
63
58
39
48
52
51
47
59
54
64
470
623
39
575
133
124
571
180
181
854
853
827
826
822
821
472
803
804
802
179
508
848
166
176
44
43
544
39
54
88
69
31
33
124
528
34
80
106
32
79
37
720
292
879
877
300
158
293
319
764
723
719
724
471
462
465
500
966
964
965
963
457
498
498
825
822
823
824
275
501
919
111
278
40
272
439
132
143
278
279
438
428
432
429
37
272
880
548
66
754
774
124
71
776
902
880
878
881
718
867
866
905
974
101
966
878
963
964
965
969
879
877
881
967
780
774
720
719
733
726
493
497
452
531
590
529
607
588
37
37
451
771
764
719
725
803
804
802
395
400
393
394
401
727
72
243
249
244
246
245
240
295
460
295
459
483
55
692
689
688
218
216
217
219
490
850
111
846
847
827
821
739
727
722
732
721
731
730
733
726
315
316
292
299
294
295
272
551
88
89
124
623
39
49
50
294
295
187
506
915
764
145
980
752
124
130
914
526
76
880
878
889
884
881
885
888
975
718
740
720
722
721
730
733
726
453
946
947
504
83
846
847
849
294
295
880
925
124
581
577
162
722
553
579
124
617
293
735
294
505
476
112
91
272
101
298
458
482
127
901
908
128
40
531
590
529
588
826
822
821
37
858
451
886
124
631
882
883
881
377
372
371
378
18
17
465
41
768
774
806
790
792
802
22
16
898
579
171
124
170
577
617
557
163
164
169
167
168
38
742
887
880
441
915
764
145
135
124
751
130
914
526
76
880
878
889
884
881
888
718
507
466
48
295
292
489
41
54
718
953
944
668
667
672
478
771
720
731
733
272
272
894
40
806
718
456
41
727
723
726
124
631
882
883
881
69
70
124
623
240
451
464
511
53
726
502
850
111
846
847
821
53
441
895
40
880
953
954
944
700
701
694
689
688
292
474
880
509
846
272
272
357
551
528
606
129
124
546
639
882
880
883
884
889
881
885
37
937
952
962
933
296
68
67
437
431
433
432
37
37
451
101
881
888
755
880
878
889
718
41
319
867
866
517
733
974
101
966
968
964
878
965
963
969
879
881
967
528
124
503
980
285
284
454
530
124
240
460
295
720
730
733
726
411
412
78
395
402
403
405
404
163
38
159
508
496
514
48
463
480
853
827
178
177
38
528
124
766
880
881
272
272
718
491
781
116
923
623
71
39
40
45
410
402
403
405
404
762
769
720
727
732
730
956
505
72
436
37
479
237
211
204
205
743
741
467
980
285
284
541
624
531
590
529
552
607
588
37
26
451
39
451
487
541
624
545
580
68
590
552
556
531
257
67
529
554
607
256
588
249
242
241
250
240
37
266
451
268
624
531
529
552
535
586
533
430
451
451
461
926
918
40
38
41
476
937
494
874
51
409
68
143
67
399
397
398
37
37
451
624
531
590
529
552
588
284
37
962
451
876
911
40
926
40
38
41
411
412
78
395
402
403
394
405
404
474
848
827
61
366
376
899
124
918
904
279
651
109
520
920
278
282
192
599
137
187
272
805
133
950
949
954
944
515
240
174
174
494
182
184
124
540
38
180
439
77
132
899
904
278
438
428
429
37
272
484
727
728
723
724
530
126
623
124
39
38
510
470
804
528
124
881
500
163
499
453
680
679
668
661
667
662
666
357
895
69
31
88
33
124
617
528
336
898
34
80
106
89
32
77
338
618
79
37
291
124
627
599
804
274
276
275
273
718
489
760
771
762
720
727
728
733
725
663
665
664
662
666
957
956
960
878
743
741
503
462
9
880
878
112
278
272
72
385
383
377
366
373
376
583
39
851
4
70
623
124
987
886
193
195
38
878
873
747
729
728
863
624
590
552
529
704
701
588
697
690
696
689
691
451
803
806
718
124
918
559
175
5
771
731
733
272
272
895
112
278
279
114
40
272
138
461
919
40
272
907
40
261
264
262
258
259
260
166
176
242
241
247
248
507
7
918
40
798
801
790
224
69
70
623
374
373
516
477
501
805
865
867
864
475
878
510
754
920
880
718
49
912
124
518
477
112
38
46
789
848
112
846
827
490
723
726
346
348
345
347
475
25
24
19
16
945
831
827
825
824
848
827
355
905
348
351
347
349
339
339
499
853
623
124
739
831
857
827
826
821
905
981
878
978
877
976
977
318
299
272
89
77
546
917
39
298
609
124
951
599
134
878
881
944
624
531
135
68
67
614
529
552
535
586
533
374
369
373
368
367
365
375
370
376
37
451
386
606
599
511
733
4
491
906
40
514
848
112
278
846
281
827
272
795
37
202
213
506
995
996
700
704
599
705
451
512
848
112
278
846
281
827
272
528
647
649
553
579
124
623
546
617
645
292
293
297
294
296
295
37
344
600
677
624
594
552
678
668
665
673
664
670
667
669
451
594
700
693
688
451
486
133
124
585
619
776
878
877
881
718
895
187
955
606
609
124
951
631
882
878
883
881
944
952
243
244
880
342
340
341
458
223
222
215
200
216
219
459
484
509
753
191
47
515
215
216
347
517
933
513
262
258
263
259
260
176
261
264
166
242
241
247
248
895
88
117
906
140
918
892
128
188
651
118
106
189
599
42
58
62
39
48
40
38
47
50
41
63
480
112
469
724
504
50
919
918
278
272
72
408
394
37
479
727
723
726
623
739
631
870
651
42
62
40
45
55
49
43
46
50
41
39
44
48
61
51
47
57
56
451
789
291
154
863
174
179
186
156
158
876
51
863
512
481
487
77
240
876
895
113
919
112
583
279
281
76
524
920
278
115
114
40
38
55
50
58
39
52
272
112
927
40
41
69
70
402
396
725
498
74
913
599
76
58
39
60
40
52
38
50
548
909
66
754
774
124
776
902
109
520
71
137
880
878
881
718
279
281
236
278
235
200
225
232
231
228
229
227
226
230
272
746
863
468
852
826
732
141
865
867
866
928
40
174
516
720
730
733
726
880
225
226
276
473
482
112
563
565
567
561
39
455
895
187
853
827
803
804
261
264
262
97
258
263
259
260
166
176
242
241
247
248
240
274
106
991
68
67
987
734
499
483
40
876
541
531
590
529
607
588
451
623
739
39
38
551
555
124
623
160
164
161
38
965
463
427
428
429
435
434
899
58
40
38
272
530
623
124
39
41
124
546
975
975
77
278
917
272
467
848
112
278
846
281
827
272
16
187
850
852
827
821
502
37
186
723
299
880
768
304
303
774
748
718
74
916
546
599
76
58
39
60
40
52
38
50
112
278
279
58
272
485
488
952
808
874
124
810
814
631
798
637
599
125
812
790
791
794
795
792
793
718
802
872
761
759
720
729
728
723
724
726
471
513
323
782
250
718
464
895
192
187
695
888
468
204
205
10
7
5
112
272
356
132
246
245
240
204
201
205
203
202
224
213
466
495
753
721
315
292
299
295
272
163
895
48
40
455
551
451
935
124
641
635
643
878
934
83
280
278
900
45
40
38
272
528
124
765
880
881
272
718
69
623
124
987
64
274
275
848
851
281
827
272
880
827
37
585
486
671
451
37
88
123
121
122
623
799
891
39
40
45
38
49
46
59
624
594
650
552
529
700
701
652
646
648
451
451
919
278
40
272
272
52
705
912
77
522
39
53
919
278
40
272
728
723
724
481
59
848
827
924
58
40
38
47
457
41
528
633
865
867
866
868
451
186
488
472
496
803
725
454
452
278
281
232
226
228
230
747
485
887
723
946
947
553
124
38
50
770
66
772
754
757
774
749
776
304
763
769
299
293
879
294
295
300
718
273
731
411
78
395
402
394
405
404
541
531
590
529
607
588
37
858
451
447
272
37
802
37
174
344
213
179
975
975
944
37
186
37
37
944
224
158
931
931
37
451
863
451
451
158
718
876
686
975
718
451
174
789
863
451
802
528
124
293
528
866
531
529
531
529
249
531
529
530
124
240
455
531
529
455
531
529
531
529
454
201
528
124
881
454
531
529
374
369
368
531
529
528
124
531
529
88
528
124
531
529
531
529
528
124
795
528
129
124
530
124
528
124
881
529
530
124
528
124
881
529
696
528
124
528
124
881
720
730
720
730
531
529
