1
2
2
2
2
2
2
2
2
2
2
2
2
2
2
2
2
2
2
2
2
2
2
2
2
2
2
2
2
2
2
2
2
2
2
2
2
2
2
2
2
2
2
2
2
2
2
2
2
2
2
2
2
2
2
2
2
2
2
2
2
2
2
2
2
2
2
2
2
2
2
2
2
2
2
2
2
2
2
2
2
2
2
2
2
2
2
2
2
2
23
92
27
94
96
97
97
97
97
97
97
97
97
97
97
97
97
97
97
97
97
97
97
97
97
97
97
97
97
97
97
97
97
97
97
97
97
97
97
97
97
97
97
97
97
97
97
97
97
97
97
97
97
97
97
97
97
97
97
97
97
97
97
97
97
97
97
97
97
97
97
97
97
97
97
97
97
97
97
97
97
97
97
97
97
97
97
97
97
97
97
97
97
97
97
97
97
97
97
97
97
97
97
97
97
97
97
97
97
97
97
97
97
97
97
97
97
97
97
97
97
97
97
97
97
97
97
97
97
97
97
97
97
97
97
97
97
97
97
97
97
97
97
97
97
97
97
97
97
97
97
97
97
97
97
97
97
97
97
97
97
97
97
97
97
258
259
259
259
259
259
259
259
259
259
259
259
259
259
259
259
259
259
259
259
259
271
280
273
282
277
284
278
286
279
288
259
290
290
290
290
290
281
297
298
298
298
298
298
298
298
298
298
298
298
298
298
298
298
298
298
298
298
298
298
298
298
298
298
298
298
298
298
298
298
298
298
298
298
298
298
298
298
298
298
298
298
298
298
298
298
298
298
298
298
298
298
298
298
313
354
298
356
356
356
356
356
356
356
298
364
298
366
366
366
298
370
370
370
370
370
370
298
377
377
377
377
377
377
377
377
377
298
387
387
387
387
387
387
387
387
387
387
387
387
298
400
400
400
400
400
400
408
408
336
336
347
347
413
414
415
416
416
416
416
416
416
416
416
416
416
416
416
416
416
416
416
416
416
416
416
416
416
416
416
416
416
416
416
416
416
416
416
416
416
416
416
416
416
416
416
416
416
416
416
416
416
416
416
416
416
416
416
416
416
416
416
416
416
416
416
416
416
416
416
416
416
416
416
416
416
416
416
416
416
416
416
416
416
416
416
416
416
416
416
416
416
416
416
416
416
416
454
508
508
511
513
514
515
516
517
415
518
518
518
518
518
518
518
518
518
518
518
518
518
518
518
518
518
518
518
518
518
518
518
518
518
518
518
518
518
518
518
518
518
518
518
518
518
518
518
518
518
518
518
518
518
518
518
518
518
518
518
518
518
518
518
518
518
518
518
518
518
518
518
518
518
518
518
518
562
587
587
590
591
592
593
594
595
596
258
597
597
597
597
597
597
597
597
597
597
597
597
597
597
597
597
597
597
597
597
597
597
597
597
597
597
597
597
597
597
597
597
597
597
597
597
597
615
635
635
615
638
638
617
641
641
617
644
617
646
597
648
648
648
648
648
648
597
655
597
657
657
657
657
657
663
664
664
664
664
664
664
664
664
664
664
664
664
664
664
664
664
664
664
664
664
664
664
664
664
664
664
664
664
664
664
664
664
664
664
664
664
664
664
664
664
664
664
664
664
664
664
664
664
664
664
664
664
664
664
664
664
664
664
664
664
664
664
664
664
664
664
664
664
664
664
664
664
664
664
664
664
664
664
664
664
681
745
696
747
696
749
696
751
696
753
696
755
698
758
759
759
759
759
759
759
759
759
759
759
759
759
759
759
759
759
759
759
759
759
759
759
759
759
759
759
759
759
759
759
759
759
759
759
759
759
759
759
759
759
759
759
759
759
759
759
759
759
759
759
759
759
759
759
759
759
759
759
759
759
759
759
759
759
759
759
759
759
759
759
759
759
759
759
759
759
759
759
759
759
759
759
759
759
759
759
759
759
759
759
759
759
759
759
759
759
759
759
759
759
759
759
759
759
759
759
759
759
759
759
759
759
759
759
759
759
759
759
759
759
759
759
759
759
759
759
759
759
759
759
759
759
759
759
759
759
759
759
759
759
759
759
759
759
759
759
759
759
759
759
759
759
759
759
759
759
759
759
759
759
759
759
759
759
759
759
759
759
759
759
759
759
759
759
759
759
759
759
759
759
759
759
759
759
759
759
759
759
759
366
370
377
597
154
47
47
233
360
213
88
88
174
322
224
875
499
499
737
536
536
549
567
567
567
909
445
531
531
695
695
695
695
571
571
571
571
571
571
67
701
854
723
327
327
327
327
530
530
182
559
559
559
713
713
713
713
897
707
707
707
707
707
707
707
707
707
707
707
707
707
707
714
714
460
460
465
898
715
715
73
325
851
628
628
628
628
256
212
858
223
906
899
583
557
404
404
487
487
287
373
373
373
373
373
49
49
622
560
560
837
575
575
489
859
846
572
572
572
572
572
572
572
654
709
59
501
566
566
566
829
50
50
160
647
167
217
186
440
440
462
462
33
33
658
70
70
229
91
883
925
534
862
446
446
466
466
466
466
395
395
395
395
913
195
839
235
903
904
152
454
454
454
454
454
454
454
454
454
454
454
454
454
454
454
454
918
320
397
397
397
397
397
397
397
397
397
397
397
397
448
900
908
172
927
633
171
756
569
569
20
939
467
467
467
467
467
467
467
550
554
507
842
867
497
634
896
729
729
729
729
58
236
84
84
722
170
339
339
339
339
339
339
339
339
339
339
339
471
822
37
37
577
577
577
856
363
363
830
64
334
77
77
477
477
477
477
272
272
272
931
946
93
93
841
240
866
344
315
315
315
706
706
720
720
733
861
450
450
168
455
731
731
731
731
731
731
71
71
623
623
623
623
329
350
336
336
336
336
336
336
336
336
825
863
894
57
57
68
68
380
380
728
876
452
352
352
352
836
618
618
618
618
618
618
618
618
162
316
316
316
166
190
727
849
936
443
458
696
696
576
576
257
919
74
74
238
319
381
381
381
246
85
85
852
743
255
348
563
563
827
251
155
22
22
313
313
313
313
313
313
313
313
313
313
313
351
351
718
718
81
472
472
472
34
34
17
624
624
624
624
624
624
273
234
347
347
347
200
447
447
447
11
11
11
11
11
398
398
398
398
398
398
398
398
398
398
398
922
178
498
498
498
498
498
498
498
498
498
498
833
940
153
267
267
32
32
828
915
543
196
738
845
48
561
582
232
948
95
323
323
923
278
278
278
40
65
353
353
353
384
439
439
744
932
165
877
660
660
882
199
478
478
478
558
185
889
510
944
615
615
615
615
651
76
76
374
726
945
717
717
717
717
717
902
562
562
562
562
700
700
700
700
43
156
179
188
853
54
382
382
382
382
295
504
457
253
730
730
901
656
870
269
269
934
860
227
503
503
503
219
343
532
547
161
914
27
544
544
544
544
544
544
544
544
912
584
30
30
620
855
627
627
627
627
183
893
208
631
556
533
533
533
383
383
383
383
480
921
926
451
451
176
314
314
710
710
710
710
41
555
555
555
484
345
79
79
735
702
702
702
349
712
712
66
630
630
630
630
38
38
495
495
205
239
943
245
740
725
578
578
824
19
19
542
542
929
917
873
652
449
449
326
341
341
933
500
500
553
553
60
60
72
930
661
661
23
23
177
247
220
895
61
221
874
231
361
197
405
405
405
405
405
405
405
459
459
469
469
469
469
469
469
469
469
469
645
645
645
911
461
194
89
89
742
742
742
56
39
338
338
338
338
294
294
294
708
708
708
180
719
719
474
474
474
244
935
935
935
324
324
324
324
206
924
617
617
617
617
617
617
537
537
537
331
331
331
331
331
736
243
21
21
21
21
21
580
579
732
732
732
732
732
823
173
564
83
625
625
625
625
625
625
625
625
625
625
625
281
225
937
486
486
486
486
486
209
175
189
36
36
463
463
739
887
82
210
496
496
332
332
332
337
337
337
337
337
337
337
337
317
840
843
869
491
826
87
87
545
545
492
181
202
211
368
548
941
13
481
947
857
207
619
619
619
619
619
619
831
198
340
340
250
741
741
741
878
938
879
890
659
659
705
705
705
705
705
705
705
626
626
626
626
626
626
626
626
626
626
215
905
475
473
886
163
16
44
44
321
485
218
850
483
865
252
222
505
505
505
505
505
169
35
35
203
834
539
539
539
228
237
482
482
910
453
456
456
868
14
14
14
14
650
479
396
844
568
568
568
24
24
24
24
24
242
201
355
355
51
51
881
230
565
565
692
692
692
692
692
692
692
692
692
692
692
692
692
692
692
12
920
691
346
621
621
621
621
621
621
164
871
892
42
42
385
884
942
55
214
848
31
31
241
629
335
885
632
570
535
535
699
699
699
699
699
493
493
493
864
907
540
540
540
193
662
662
835
369
369
369
509
509
509
509
509
546
614
254
342
342
204
249
318
734
734
541
541
541
277
191
293
293
698
698
698
192
248
187
888
53
53
585
63
184
574
276
276
276
716
716
716
716
581
158
464
464
703
216
573
573
573
573
573
573
573
573
573
573
573
573
573
573
586
69
69
62
62
724
442
442
18
18
880
159
488
838
45
45
279
279
502
538
538
538
470
470
470
470
470
470
470
470
470
470
470
470
470
470
470
470
470
470
470
470
891
847
916
704
697
476
476
476
476
28
28
832
271
271
271
721
270
270
928
26
26
330
872
362
362
494
494
494
52
52
78
78
444
80
80
226
506
46
46
90
15
468
653
157
441
75
75
604
311
311
526
378
379
304
265
265
305
312
312
430
307
102
608
675
296
409
410
411
412
413
413
413
414
414
414
757
