2
3
4
5
6
7
8
9
10
11
12
13
14
15
16
17
18
19
20
21
22
23
24
25
26
27
28
29
30
31
32
33
34
35
36
37
38
39
40
41
42
43
44
45
46
47
48
49
50
51
52
53
54
55
56
57
58
59
60
61
62
63
64
65
66
67
68
69
70
71
72
73
74
75
76
77
78
79
80
81
82
83
84
85
86
87
88
89
90
91
92
93
94
95
97
98
99
100
101
102
103
104
105
106
107
108
109
110
111
112
113
114
115
116
117
118
119
120
121
122
123
124
125
126
127
128
129
130
131
132
133
134
135
136
137
138
139
140
141
142
143
144
145
146
147
148
149
150
151
152
153
154
155
156
157
158
159
160
161
162
163
164
165
166
167
168
169
170
171
172
173
174
175
176
177
178
179
180
181
182
183
184
185
186
187
188
189
190
191
192
193
194
195
196
197
198
199
200
201
202
203
204
205
206
207
208
209
210
211
212
213
214
215
216
217
218
219
220
221
222
223
224
225
226
227
228
229
230
231
232
233
234
235
236
237
238
239
240
241
242
243
244
245
246
247
248
249
250
251
252
253
254
255
256
257
259
260
261
262
263
264
265
266
267
268
269
270
271
272
273
274
275
276
277
278
279
280
281
282
283
284
285
286
287
288
289
290
291
292
293
294
295
296
298
299
300
301
302
303
304
305
306
307
308
309
310
311
312
313
314
315
316
317
318
319
320
321
322
323
324
325
326
327
328
329
330
331
332
333
334
335
336
337
338
339
340
341
342
343
344
345
346
347
348
349
350
351
352
353
354
355
356
357
358
359
360
361
362
363
364
365
366
367
368
369
370
371
372
373
374
375
376
377
378
379
380
381
382
383
384
385
386
387
388
389
390
391
392
393
394
395
396
397
398
399
400
401
402
403
404
405
406
311
312
409
410
411
412
352
353
416
417
418
419
420
421
422
423
424
425
426
427
428
429
430
431
432
433
434
435
436
437
438
439
440
441
442
443
444
445
446
447
448
449
450
451
452
453
454
455
456
457
458
459
460
461
462
463
464
465
466
467
468
469
470
471
472
473
474
475
476
477
478
479
480
481
482
483
484
485
486
487
488
489
490
491
492
493
494
495
496
497
498
499
500
501
502
503
504
505
506
507
508
509
510
512
482
502
429
469
470
518
519
520
521
522
523
524
525
526
527
528
529
530
531
532
533
534
535
536
537
538
539
540
541
542
543
544
545
546
547
548
549
550
551
552
553
554
555
556
557
558
559
560
561
562
563
564
565
566
567
568
569
570
571
572
573
574
575
576
577
578
579
580
581
582
583
584
585
586
587
588
589
572
573
577
525
544
561
565
597
598
599
600
601
602
603
604
605
606
607
608
609
610
611
612
613
614
615
616
617
618
619
620
621
622
623
624
625
626
627
628
629
630
631
632
633
634
635
636
637
638
639
640
641
642
643
644
645
646
647
648
649
650
651
652
653
654
655
656
657
658
659
660
661
662
664
665
666
667
668
669
670
671
672
673
674
675
676
677
678
679
680
681
682
683
684
685
686
687
688
689
690
691
692
693
694
695
696
697
698
699
700
701
702
703
704
705
706
707
708
709
710
711
712
713
714
715
716
717
718
719
720
721
722
723
724
725
726
727
728
729
730
731
732
733
734
735
736
737
738
739
740
741
742
743
744
745
746
747
748
749
750
751
752
753
754
755
756
757
759
760
761
762
763
764
765
766
767
768
769
770
771
772
773
774
775
776
777
778
779
780
781
782
783
784
785
786
787
788
789
790
791
792
793
794
795
796
797
798
799
800
801
802
803
804
805
806
807
808
809
810
811
812
813
814
815
816
817
818
819
820
821
822
823
824
825
826
827
828
829
830
831
832
833
834
835
836
837
838
839
840
841
842
843
844
845
846
847
848
849
850
851
852
853
854
855
856
857
858
859
860
861
862
863
864
865
866
867
868
869
870
871
872
873
874
875
876
877
878
879
880
881
882
883
884
885
886
887
888
889
890
891
892
893
894
895
896
897
898
899
900
901
902
903
904
905
906
907
908
909
910
911
912
913
914
915
916
917
918
919
920
921
922
923
924
925
926
927
928
929
930
931
932
933
934
935
936
937
938
939
940
941
942
943
944
945
946
947
948
364
364
364
259
143
10
6
132
357
121
10
6
98
323
127
786
430
664
681
534
529
523
735
534
526
805
446
519
523
697
14
696
16
727
734
44
739
526
520
68
672
782
672
328
326
300
303
522
520
107
553
520
521
17
672
673
671
800
694
57
712
711
56
693
672
665
678
666
675
677
680
671
672
666
738
430
434
800
716
672
6
327
781
624
619
279
613
150
121
777
128
803
801
525
529
401
402
735
430
273
375
374
300
371
372
10
6
606
561
520
764
520
529
423
778
780
555
715
713
526
520
519
525
649
677
6
429
735
534
526
816
10
6
140
276
137
109
100
422
425
738
430
10
6
269
10
6
130
6
779
770
525
773
735
430
493
423
422
432
391
389
390
388
808
114
765
133
806
806
144
456
457
455
421
438
437
418
417
424
420
431
423
422
433
435
419
809
302
328
399
391
300
388
389
390
394
301
299
303
392
423
801
805
129
760
613
111
702
571
520
21
768
468
727
734
44
739
423
430
520
529
436
767
791
423
610
798
703
33
730
675
6
136
10
6
684
111
405
337
352
338
302
300
306
303
307
310
400
423
814
10
6
735
534
526
761
358
359
812
6
302
10
6
700
423
430
424
273
260
263
813
784
25
24
766
124
790
308
304
305
303
710
672
666
673
677
773
735
430
135
429
478
483
480
672
666
416
10
6
277
624
619
613
309
302
337
352
338
302
300
306
303
310
815
774
797
4
6
10
6
378
356
680
786
435
312
303
311
764
653
619
604
610
612
602
605
648
139
304
305
303
137
112
680
772
819
427
432
681
667
534
528
150
810
75
6
123
302
378
379
356
145
10
6
782
686
149
302
564
544
817
147
143
25
6
304
302
305
306
303
307
370
407
377
387
366
303
310
666
671
6
423
424
434
10
6
6
626
653
625
651
604
648
275
133
352
302
300
108
703
430
424
10
8
6
7
597
399
391
393
389
300
390
388
394
301
303
392
811
105
488
743
492
423
430
426
424
433
435
436
762
768
144
262
261
10
6
816
804
544
117
683
771
49
562
527
132
788
29
302
303
799
262
260
263
6
6
312
303
311
381
423
428
674
813
138
787
269
621
775
118
423
422
432
520
103
795
456
769
600
610
602
611
649
10
6
370
680
784
40
666
675
669
680
802
534
545
520
527
706
705
666
679
6
142
105
101
782
6
361
362
379
356
290
424
432
148
690
677
802
270
792
293
265
818
778
115
504
423
436
125
303
533
520
140
808
6
549
534
545
547
548
520
527
523
807
525
10
6
613
761
624
619
278
613
107
797
119
606
529
735
534
526
385
381
382
300
435
811
770
735
430
102
302
300
73
666
675
677
6
534
528
529
433
308
10
6
676
503
672
416
300
672
671
6
651
652
604
648
10
6
475
424
104
123
769
134
677
672
519
524
815
10
6
560
520
785
809
783
649
735
430
300
343
302
818
430
664
547
520
10
6
6
785
269
621
6
664
102
145
126
798
6
126
783
131
357
117
328
406
300
403
299
401
402
743
430
494
715
713
429
423
430
422
424
436
600
657
655
807
435
114
10
6
13
672
675
6
6
363
300
303
356
268
295
291
672
669
671
106
716
671
703
475
430
134
910
903
819
325
302
300
303
110
799
600
601
612
602
605
611
735
534
526
325
332
302
300
303
670
116
22
23
5
6
664
528
528
579
452
672
416
518
814
129
520
6
626
653
651
604
599
606
607
598
609
608
648
274
127
820
488
487
731
430
424
119
98
101
10
6
735
430
685
794
6
120
475
424
300
299
303
380
363
304
300
305
303
356
377
302
766
767
792
423
817
10
6
520
529
424
106
99
120
366
523
821
6
436
788
777
110
653
599
604
598
603
648
812
118
342
341
147
506
672
416
787
820
789
795
269
621
39
708
709
666
687
675
680
654
653
651
604
599
601
600
598
603
648
122
806
424
434
776
139
6
10
6
302
433
125
781
424
790
148
128
488
734
57
71
430
135
10
6
99
763
735
534
526
130
136
735
430
807
435
738
430
791
15
9
4
7
649
424
390
771
735
534
526
727
24
23
4
664
116
108
400
400
10
6
775
131
564
562
15
675
669
685
686
682
683
668
674
684
666
676
681
667
2
6
810
664
302
653
599
604
598
603
648
138
793
796
10
6
377
779
821
6
122
772
10
6
124
610
310
776
611
528
534
528
704
665
678
666
680
484
432
424
774
803
735
534
526
113
269
621
763
368
300
367
462
456
460
459
461
529
597
149
302
303
104
146
302
675
2
735
534
526
263
112
291
292
703
672
671
113
146
100
794
10
6
521
6
103
520
273
260
263
717
665
666
679
527
141
735
430
707
109
714
558
695
575
574
529
525
522
528
526
520
519
527
524
529
10
6
10
6
671
422
427
10
6
789
141
423
765
10
6
260
261
429
735
534
526
471
472
714
695
497
473
722
474
700
428
424
431
425
436
429
423
422
430
435
433
796
780
804
677
669
700
423
430
424
29
6
762
266
260
264
673
271
272
760
28
27
309
793
358
359
455
424
435
10
6
10
6
427
10
6
115
436
10
6
6
6
423
649
142
427
10
6
648
407
407
664
356
356
364
290
290
364
407
407
664
400
151
616
2
260
352
353
352
353
312
303
311
312
303
311
666
