1
2
2
2
2
2
2
2
10
11
11
11
11
11
11
11
11
11
11
11
11
11
11
11
11
11
11
11
11
11
23
33
26
35
26
37
37
37
41
26
43
26
45
47
27
49
28
51
29
53
29
55
55
29
58
30
60
30
62
11
64
64
64
64
64
64
64
64
64
64
64
64
64
40
40
80
81
81
81
81
81
81
81
81
81
81
81
86
94
95
96
96
96
96
96
96
96
96
96
96
96
96
96
96
96
96
96
96
96
96
96
96
96
96
96
96
96
96
96
96
96
96
96
96
96
96
96
96
96
96
96
96
96
118
140
140
129
143
138
112
138
95
148
148
148
148
148
148
148
148
148
148
148
148
148
148
148
148
148
148
148
148
148
148
148
148
148
148
148
148
148
148
148
148
148
148
148
148
148
148
148
148
148
148
148
148
148
148
148
148
148
148
148
148
148
148
148
148
148
148
148
148
148
210
211
212
148
214
215
216
216
216
216
216
216
216
216
216
216
216
216
216
216
216
216
216
216
216
216
216
216
216
216
216
216
216
216
216
216
246
246
246
249
250
250
216
253
253
253
253
216
258
258
258
216
262
262
262
262
262
262
262
262
216
271
271
271
271
271
271
271
271
271
271
271
271
271
271
271
280
287
280
289
289
289
289
281
294
294
294
284
298
298
284
301
301
301
216
305
305
305
305
305
305
305
305
305
305
305
305
305
305
305
305
305
305
216
324
324
324
324
324
324
280
332
333
333
333
333
333
333
333
333
333
333
333
333
333
333
333
335
349
336
351
337
353
338
355
335
335
335
337
336
339
338
95
364
364
364
364
364
364
364
364
364
364
364
364
364
364
364
364
364
364
364
364
364
364
364
364
364
364
364
364
364
364
364
364
364
364
364
364
364
364
364
364
364
364
364
364
364
364
410
410
410
410
410
410
364
417
417
417
417
417
417
393
424
364
426
364
428
428
428
364
432
432
432
432
432
432
432
364
440
440
440
443
443
443
440
447
447
447
364
451
451
451
451
451
451
451
451
451
451
451
451
451
451
451
451
451
451
451
451
451
451
451
451
451
451
451
451
451
451
364
482
482
482
482
482
482
364
489
489
489
489
489
489
489
364
497
497
497
497
497
497
497
497
497
497
497
497
497
497
497
497
497
497
497
497
497
497
497
497
364
522
522
522
522
522
522
522
522
522
522
522
522
522
522
522
522
522
522
522
522
522
364
544
544
544
544
544
544
544
544
544
544
544
544
544
544
364
559
559
559
559
559
559
559
559
559
559
559
559
559
559
404
95
575
575
575
575
575
575
575
575
575
575
575
575
575
575
575
575
575
575
575
575
575
575
575
575
575
575
575
575
575
575
575
575
575
575
575
575
575
575
575
575
575
575
575
575
575
575
575
575
575
575
575
575
575
575
575
575
575
575
575
605
635
629
637
575
639
639
575
642
575
644
644
644
644
95
649
650
650
650
654
655
655
655
655
655
655
655
655
655
655
655
655
655
655
655
655
655
655
655
655
655
655
655
655
655
655
655
655
655
655
655
655
655
655
655
655
655
655
655
655
655
655
655
655
655
655
655
655
655
655
655
655
655
655
655
655
655
655
655
655
655
655
655
655
655
655
655
655
655
655
655
655
655
655
655
655
655
655
655
655
655
655
655
655
655
655
655
655
655
655
655
655
655
655
655
655
655
655
655
655
655
655
655
655
655
655
655
655
655
655
655
655
655
655
655
655
655
655
655
655
655
655
655
655
655
655
655
655
655
655
655
655
787
655
789
789
790
792
655
794
794
788
95
798
798
798
798
798
798
798
798
798
798
798
798
798
798
798
798
798
798
798
798
798
798
798
798
798
798
798
798
798
798
798
798
798
798
798
798
798
798
798
798
798
798
798
798
798
798
798
798
798
798
798
798
798
798
798
798
798
798
798
798
798
798
798
798
798
798
815
865
821
867
867
830
870
836
872
872
872
837
876
876
876
838
880
880
880
839
884
884
884
798
888
888
888
888
888
10
894
894
894
894
894
894
894
894
894
894
894
905
905
905
905
905
905
900
912
904
914
916
894
918
918
894
921
921
921
894
925
925
925
894
929
929
929
894
933
933
933
894
937
937
937
894
941
941
941
894
945
945
945
945
249
10
951
951
951
951
951
951
951
951
951
951
951
951
951
951
951
951
951
951
951
951
951
951
951
951
951
951
951
951
951
951
951
951
951
951
951
951
951
951
951
951
951
951
951
951
951
996
996
951
1000
1001
1001
1001
1001
1001
1001
1001
1001
1001
1001
1001
1001
1001
1001
1001
1001
1001
1001
1001
1001
1001
1001
1001
1001
1001
1001
1001
1001
1001
1001
1001
1001
1001
1001
1001
1001
1001
1001
1001
1001
1001
1001
1001
1001
1001
1001
794
451
497
11
489
575
482
342
342
709
75
470
328
76
76
76
76
724
724
389
389
389
389
389
389
389
496
139
139
139
139
139
139
139
510
261
261
556
556
442
206
597
597
597
597
597
597
597
597
597
597
597
597
597
597
597
597
597
597
597
597
597
597
597
597
597
597
597
597
597
597
597
718
718
718
718
718
718
718
718
121
631
631
748
767
767
767
767
767
767
767
767
767
767
767
767
767
767
767
767
767
492
648
648
648
1035
1036
1036
1046
507
507
507
507
507
507
507
507
507
838
838
838
838
838
838
838
838
838
838
838
34
34
383
8
316
316
316
316
316
316
316
316
395
395
395
395
850
850
850
850
850
850
850
850
751
72
72
72
72
72
72
72
72
835
835
835
835
835
835
835
835
835
835
835
835
835
238
131
131
131
131
131
131
131
131
131
131
131
131
131
131
131
131
131
131
131
131
747
602
602
602
602
602
602
602
602
602
602
602
855
855
855
855
855
855
855
855
855
855
855
1027
285
285
334
334
125
125
125
125
409
409
409
784
784
268
891
891
119
1016
1016
1016
1016
1016
1016
1016
984
208
833
833
833
833
833
833
833
833
833
833
833
833
714
611
611
611
611
611
611
611
611
611
611
611
189
606
606
606
606
606
606
606
606
606
606
606
606
606
606
606
606
63
63
63
63
785
785
785
568
393
393
393
393
393
550
550
604
604
604
604
604
604
604
604
279
904
904
904
904
904
204
738
840
840
840
840
840
840
840
840
840
840
339
339
339
775
775
775
775
491
990
284
284
284
284
484
484
551
533
769
760
760
534
716
827
827
986
753
753
753
753
46
46
46
46
46
4
4
4
4
4
4
638
638
638
573
573
731
731
731
731
731
731
731
731
402
185
341
877
845
845
845
845
845
845
845
845
520
278
278
278
864
864
864
864
864
864
864
864
864
864
864
864
864
864
864
982
982
187
267
384
823
823
209
817
854
854
854
854
854
854
854
854
854
854
828
828
828
828
828
441
758
758
245
245
245
994
122
843
843
843
843
843
843
843
843
843
843
471
624
624
624
790
790
790
1038
603
603
603
603
603
603
603
603
603
603
603
603
603
603
603
603
739
702
535
601
601
601
601
601
601
601
601
486
733
733
733
733
733
1045
1045
1045
1045
120
5
848
848
848
848
848
848
848
848
848
848
848
848
848
30
30
30
30
30
30
30
30
30
126
126
126
126
126
727
727
727
727
727
335
335
335
335
335
235
127
403
403
403
403
609
609
609
609
609
609
609
609
609
609
609
609
609
609
609
380
415
415
415
878
878
878
878
137
137
137
1043
600
600
600
600
600
600
600
600
600
600
600
600
600
600
270
270
737
737
737
388
388
464
464
461
461
461
461
461
461
461
461
461
113
113
113
113
113
113
113
113
995
782
782
782
782
337
851
851
851
851
851
851
851
851
851
773
539
381
381
381
857
857
857
857
857
857
857
857
857
857
857
622
622
752
752
752
756
756
756
756
981
981
981
981
981
981
981
981
981
981
981
981
981
981
981
981
981
981
981
981
981
981
981
981
981
630
630
84
513
136
136
136
136
136
136
136
136
136
136
136
136
136
136
136
1039
701
701
701
701
701
701
701
701
701
701
701
701
701
701
701
701
701
701
701
701
701
701
701
701
701
701
701
701
701
701
701
701
701
701
701
701
701
701
701
701
831
831
831
831
831
831
831
831
831
831
831
831
831
831
831
831
831
831
831
514
761
761
761
761
481
903
903
338
390
390
390
344
28
28
28
28
28
28
28
28
28
28
777
777
1034
50
50
50
50
50
745
620
620
620
620
620
620
620
620
620
620
1025
1025
1025
1025
1025
1025
1025
569
133
133
133
133
133
133
133
133
133
133
133
133
133
133
133
133
133
133
133
133
133
133
133
133
198
1024
1024
1024
1024
1024
1024
1024
1024
1024
1024
1024
613
599
599
599
788
788
788
788
788
788
788
788
788
788
788
227
227
227
227
227
227
227
227
227
227
416
416
399
318
948
269
269
762
762
762
993
85
85
552
726
726
726
726
726
726
726
726
726
726
726
726
862
862
862
862
862
862
862
862
862
862
862
862
862
862
844
844
844
844
844
844
844
844
844
844
844
836
836
836
836
836
836
836
836
836
836
836
836
836
836
836
836
266
266
414
516
771
771
770
282
282
768
233
479
764
764
764
764
607
607
607
607
607
607
607
741
772
629
629
629
629
629
629
629
629
629
629
629
793
793
793
793
913
322
983
257
6
319
779
779
740
900
900
900
900
900
900
900
900
900
900
900
900
900
900
900
900
900
900
1042
780
776
776
776
944
487
1037
1037
117
985
190
633
329
821
832
832
832
832
832
832
832
832
832
832
832
129
129
129
129
129
129
538
863
863
863
863
863
863
863
863
863
863
863
863
863
863
863
706
128
128
128
1041
27
27
27
27
27
27
27
27
621
621
186
820
480
571
571
825
558
558
356
783
783
783
736
822
822
202
202
254
632
88
124
124
824
619
619
619
465
774
781
781
734
734
734
734
858
858
858
858
858
858
858
858
858
858
858
858
858
858
858
858
858
858
858
858
841
841
841
841
841
841
841
841
841
841
841
841
841
391
391
391
391
379
617
617
617
377
377
377
377
377
377
377
377
377
377
377
377
377
404
404
404
404
404
703
719
719
719
879
336
336
336
132
132
132
132
132
132
132
132
132
132
132
132
132
759
759
759
759
1015
1015
1015
1015
1015
1015
625
618
618
618
618
618
618
521
31
846
846
846
846
846
846
846
846
846
537
834
834
834
834
834
834
834
834
834
834
834
834
834
834
834
834
834
834
834
834
834
834
834
834
834
834
114
572
475
1026
1026
1026
1026
746
721
721
540
540
730
730
730
730
730
730
730
730
436
476
566
566
566
566
566
643
643
643
567
567
567
567
567
567
234
469
641
641
641
641
193
536
992
495
852
852
852
852
852
852
852
852
852
283
283
283
283
283
283
474
134
134
134
134
134
134
134
134
134
134
134
134
134
134
134
134
134
134
134
134
134
134
134
134
134
134
991
77
77
488
837
837
837
837
837
837
837
837
837
837
837
435
435
473
473
847
847
847
847
847
847
847
847
847
989
553
438
86
86
86
86
86
742
59
765
1028
987
199
466
508
508
519
705
188
494
555
722
722
722
722
839
839
839
839
839
839
839
839
839
839
839
197
650
650
650
650
650
650
650
650
650
650
650
732
732
732
732
732
732
732
732
860
860
860
467
462
462
405
405
405
616
616
616
616
616
735
988
515
515
191
118
750
518
744
192
192
612
612
612
612
612
612
612
612
330
382
382
511
511
83
83
468
778
778
778
778
778
778
205
327
385
570
1044
1044
1044
1044
201
317
320
947
720
720
720
757
757
997
280
280
280
280
280
830
830
830
830
830
830
543
517
183
183
183
183
183
183
183
183
183
183
183
183
183
183
183
183
183
183
183
183
183
183
183
183
183
183
183
183
183
183
183
24
24
24
24
24
24
24
24
24
24
24
24
24
640
554
554
766
766
766
766
766
766
766
1018
42
829
829
829
1029
1029
1029
1023
1023
1023
1023
1023
1023
7
1033
743
743
743
853
853
853
853
853
853
853
853
853
853
853
853
323
323
323
323
542
542
541
281
281
281
354
408
408
408
135
135
135
135
135
135
135
135
135
135
135
135
135
135
135
849
849
849
849
849
849
849
849
849
849
849
849
849
849
1040
713
610
610
610
610
647
647
647
26
26
26
26
26
26
26
26
26
26
26
26
728
728
728
728
728
728
728
728
728
728
728
728
195
901
634
707
557
608
608
608
608
608
532
532
532
532
532
532
532
532
532
636
711
207
478
512
184
386
708
856
856
856
856
856
856
856
856
856
856
712
715
902
902
902
902
902
902
902
902
615
615
615
615
615
615
615
615
615
615
615
615
615
615
615
463
763
763
763
763
763
763
763
74
74
509
509
509
509
509
509
509
509
509
723
826
886
886
886
886
886
815
815
815
815
815
815
815
815
815
815
815
815
815
815
815
815
815
815
815
815
815
815
815
815
203
138
138
138
138
138
138
138
138
138
138
138
623
623
623
194
704
387
387
387
387
387
387
387
387
387
387
387
729
729
729
729
200
598
598
598
598
598
598
598
598
598
861
861
861
861
861
861
112
112
112
112
112
112
112
112
112
112
112
112
112
112
112
112
112
112
112
112
112
112
112
112
112
112
477
725
725
725
725
725
717
196
796
796
796
472
40
40
40
40
40
40
40
40
749
627
52
52
52
842
842
842
842
842
842
842
842
842
842
949
949
123
754
754
754
32
816
816
816
816
816
816
816
755
755
755
25
240
710
605
605
605
605
485
485
350
350
350
29
29
29
29
29
29
29
614
437
564
71
808
807
690
696
696
374
897
596
503
457
576
273
577
370
104
693
693
17
411
529
103
367
689
13
565
565
375
795
170
651
651
78
79
79
574
574
574
574
574
574
950
950
212
653
653
9
9
9
213
213
797
797
797
797
797
1047
1047
1047
146
146
146
146
358
358
359
359
360
360
361
361
362
362
363
363
93
93
94
999
