1
2
2
2
2
2
2
2
2
2
5
13
6
6
16
17
17
17
17
17
17
17
17
17
17
17
17
17
17
17
17
17
17
17
17
17
17
17
17
17
17
17
17
17
17
17
17
17
17
17
17
17
43
55
46
57
17
59
59
59
59
17
64
64
44
66
16
69
69
69
69
70
74
70
76
71
78
71
80
72
82
73
84
69
86
86
86
86
69
92
73
73
56
96
97
98
98
98
98
98
98
98
98
98
98
98
98
98
98
98
98
98
98
98
98
98
98
98
98
98
98
122
125
98
127
127
127
127
127
127
127
127
127
127
127
127
127
131
141
131
143
140
145
147
148
148
148
148
148
148
148
148
148
148
148
148
148
148
148
148
148
148
148
148
148
5
5
5
173
6
6
6
6
178
179
179
179
179
179
179
179
179
179
179
179
179
179
179
179
179
179
179
179
199
200
200
200
200
200
200
200
200
200
200
200
200
200
213
213
213
213
213
213
213
213
213
213
204
206
209
208
228
212
146
5
5
5
5
5
5
5
196
196
209
4
47
43
118
140
140
140
140
140
211
129
6
53
163
191
220
121
164
119
194
194
194
194
194
194
194
194
194
194
194
194
222
165
165
165
165
165
165
165
165
165
71
122
197
197
197
197
197
117
117
117
117
54
54
54
54
54
54
70
51
26
48
50
207
34
111
35
35
159
139
139
156
212
212
212
212
212
212
212
205
28
219
89
62
120
157
49
126
223
161
161
161
161
161
161
161
161
161
61
110
29
112
160
38
166
134
134
134
134
135
25
25
25
25
25
190
108
131
131
131
130
63
158
107
107
107
193
193
73
73
73
198
198
198
198
109
221
221
72
72
72
192
33
52
170
171
12
172
172
224
174
225
14
175
226
15
176
227
229
229
92
94
94
