1
2
2
2
2
2
2
2
2
2
2
2
2
2
2
2
2
2
2
2
2
2
2
2
2
2
2
2
2
2
2
2
2
2
2
2
2
2
2
2
2
2
2
2
2
2
2
2
2
2
2
2
2
2
2
2
2
2
2
60
60
60
60
65
66
66
66
66
66
66
66
66
66
66
66
66
66
66
66
66
66
66
66
66
66
66
66
66
66
66
66
66
66
66
66
66
66
66
66
66
66
66
66
66
66
66
66
66
66
66
66
66
66
66
66
66
66
66
66
66
66
66
66
66
66
66
66
66
66
66
66
66
66
66
66
66
138
138
66
141
141
141
141
141
141
148
148
148
148
104
28
28
122
116
30
30
107
107
63
113
113
113
16
125
114
114
114
27
29
29
29
29
29
133
133
106
106
106
106
106
106
132
132
104
104
104
104
104
104
104
104
104
104
104
104
104
104
104
31
31
31
31
33
33
33
33
146
146
45
102
101
101
101
101
101
101
47
49
49
49
39
39
39
39
39
150
21
21
38
38
38
38
38
38
18
135
135
119
119
119
117
42
42
42
42
115
115
115
115
115
115
115
43
43
43
36
36
25
126
40
64
134
134
134
134
118
53
51
24
24
24
24
24
24
24
32
124
124
124
124
124
124
124
130
131
105
105
110
110
121
121
123
103
103
103
103
26
26
26
151
14
14
14
14
14
14
52
52
52
147
147
147
147
147
23
34
34
19
128
108
108
108
108
108
50
129
120
120
127
20
20
48
144
89
89
89
153
