1
2
2
2
2
2
2
2
2
2
2
2
14
6
17
18
18
18
18
18
18
18
18
18
18
18
18
18
18
18
18
35
36
36
36
36
36
36
36
36
36
36
36
36
36
36
36
36
36
36
36
36
36
36
36
52
60
56
62
56
64
55
67
68
68
68
68
68
68
68
68
68
68
68
68
81
6
84
85
85
85
85
85
85
85
85
85
85
85
85
85
85
85
85
85
85
85
85
85
85
85
85
85
85
85
85
85
85
85
85
85
85
85
85
85
85
85
85
85
85
85
85
85
85
85
85
85
85
85
85
85
85
85
85
85
85
85
85
85
85
85
85
85
85
85
85
85
85
85
85
85
85
85
85
85
85
85
85
85
85
85
102
169
110
171
112
173
114
175
116
177
118
179
120
181
122
183
124
185
126
187
134
189
137
191
139
193
141
195
143
197
145
199
150
201
85
203
203
203
203
203
203
203
203
203
203
85
214
214
214
214
215
219
85
221
221
221
221
221
222
227
229
229
229
229
17
230
230
230
230
230
230
230
230
230
230
230
230
230
230
230
230
230
230
230
230
230
230
230
230
230
230
230
230
230
230
230
230
230
230
230
265
265
265
265
265
265
265
265
265
265
265
230
277
277
277
277
230
282
282
282
282
282
221
214
126
126
126
126
126
11
11
11
77
77
180
125
125
211
211
211
211
211
211
128
128
111
111
104
226
209
59
119
148
148
105
131
131
46
166
133
133
280
249
249
249
164
164
164
164
154
154
172
220
220
223
223
223
223
223
184
153
153
153
153
153
153
153
153
153
47
57
57
57
57
57
57
57
61
61
198
202
149
149
135
135
142
142
167
113
113
165
253
253
253
253
253
253
253
253
253
228
228
132
132
120
120
120
120
174
216
216
216
216
216
279
254
254
161
161
212
212
134
134
134
134
134
134
114
114
114
114
210
210
210
210
210
210
45
143
143
143
143
143
143
75
146
146
76
76
124
124
124
124
124
127
127
286
286
139
139
139
139
139
139
139
139
190
123
123
74
74
79
79
79
260
260
260
159
159
56
137
137
137
137
137
137
250
250
48
48
122
122
122
122
160
160
160
112
112
112
112
243
287
287
287
8
58
58
225
225
28
118
118
118
118
50
50
106
116
116
116
116
163
163
163
163
129
129
158
158
7
7
110
110
110
110
196
10
10
53
107
107
285
156
156
51
51
141
141
141
141
141
141
200
176
244
150
150
150
150
150
150
150
147
147
178
54
138
138
9
9
170
145
145
145
145
145
115
115
261
261
162
192
218
49
55
55
55
55
55
55
55
188
194
194
194
103
103
103
103
117
117
255
255
255
255
255
245
245
245
245
245
182
140
140
144
144
136
121
121
152
152
281
281
101
101
101
101
101
101
101
31
247
247
247
247
247
12
12
12
109
52
52
130
130
78
78
78
108
186
102
102
246
246
246
246
246
246
246
246
246
246
246
246
246
246
246
246
246
246
246
151
151
238
238
238
86
222
237
237
237
215
205
87
4
70
82
82
15
15
66
83
83
16
16
