1
2
2
2
2
2
2
2
2
2
2
2
2
2
2
2
2
2
2
2
2
2
2
2
2
2
2
2
2
2
2
2
2
2
2
2
2
2
2
2
2
2
2
2
2
2
2
2
2
2
2
2
2
2
2
2
2
2
2
2
2
2
2
2
2
2
2
2
2
2
2
2
2
2
2
2
2
2
2
2
2
19
83
34
85
34
87
34
89
34
91
34
93
33
96
97
97
97
97
97
97
97
97
97
97
97
97
97
97
97
97
97
97
97
97
97
97
97
97
97
97
97
97
97
97
97
97
97
97
97
97
97
97
97
97
97
97
97
97
97
97
97
97
97
97
97
97
149
149
149
149
149
149
149
97
157
97
159
159
159
97
163
163
163
163
163
163
97
170
170
170
170
170
170
170
170
170
97
180
180
180
180
180
180
180
180
180
180
189
189
193
194
194
194
194
194
194
194
194
194
194
194
194
194
194
194
194
194
194
194
194
194
194
194
194
218
218
218
218
218
218
218
218
194
227
227
227
227
227
227
227
227
227
227
194
238
238
238
238
238
238
238
238
238
238
238
238
238
238
238
238
238
238
238
238
238
238
238
262
173
234
234
234
234
163
170
159
173
48
48
48
112
112
153
66
147
147
147
140
73
120
250
40
144
261
50
50
75
114
114
114
65
33
33
119
34
34
39
61
208
208
208
117
125
125
125
125
174
174
174
251
258
258
258
258
258
78
51
51
51
63
257
257
257
45
45
45
45
45
45
45
45
45
45
45
45
52
52
81
143
53
53
111
111
111
111
111
111
111
111
111
123
188
146
146
56
56
214
223
223
223
124
136
136
142
142
142
30
30
30
30
30
30
30
30
30
30
30
30
30
233
233
233
253
253
253
253
253
166
166
166
166
166
29
141
234
234
234
234
234
154
178
204
204
204
204
204
204
204
47
232
76
80
80
121
121
133
225
225
225
225
46
46
46
57
57
256
256
256
256
249
122
122
122
122
207
207
207
37
37
37
37
37
148
148
148
177
205
205
82
187
187
187
187
212
213
213
213
213
213
252
252
252
231
129
129
129
129
129
74
211
162
162
162
118
189
189
189
189
189
189
189
189
189
189
189
189
206
206
206
70
137
137
72
116
236
94
260
260
260
260
260
260
260
260
260
260
260
260
215
259
259
259
259
259
259
259
36
36
36
64
167
55
55
55
55
38
38
38
38
217
67
67
67
216
54
54
54
54
60
210
210
210
210
41
77
226
175
175
175
175
235
235
156
156
130
130
130
115
68
68
132
62
237
209
42
254
254
35
139
138
113
113
113
44
44
58
58
161
59
71
128
69
69
155
155
127
135
135
145
79
134
134
134
134
134
134
134
134
134
134
134
134
134
134
134
134
222
224
224
255
255
255
255
176
176
176
176
43
43
43
43
43
43
198
172
202
103
171
104
203
230
229
95
95
191
191
264
264
264
264
264
264
264
265
265
266
267
