2
3
4
5
6
7
8
9
10
11
12
13
14
15
16
17
18
19
20
21
22
23
24
25
4
5
27
28
14
30
32
33
34
35
36
37
38
39
40
41
42
43
44
45
46
47
48
49
50
51
52
53
54
55
56
57
58
59
60
61
62
63
64
65
66
67
68
69
70
71
72
73
74
68
67
78
79
80
81
82
83
84
85
86
87
88
89
90
91
92
93
81
95
96
97
98
99
100
101
102
103
104
105
106
107
108
109
110
111
112
113
114
115
116
117
118
119
120
121
122
123
124
125
126
127
128
129
130
131
132
133
134
135
136
137
138
139
140
141
142
143
144
145
146
147
148
149
150
151
152
153
154
155
156
157
158
159
160
161
162
142
164
165
166
167
169
169
171
172
173
174
175
176
177
178
179
180
181
182
183
184
185
186
187
188
189
190
191
192
193
194
195
196
197
198
199
200
201
202
203
204
205
206
207
208
209
210
211
212
213
214
216
217
218
219
220
221
222
223
224
225
226
227
228
229
230
231
232
233
234
235
236
237
238
239
240
241
242
243
244
245
246
247
248
249
250
251
252
253
254
255
256
225
222
259
260
261
262
263
264
265
266
267
268
269
270
271
272
273
274
275
276
277
278
279
280
281
282
283
284
285
286
287
288
289
290
291
292
293
294
295
296
297
298
299
300
301
302
303
304
305
306
307
308
309
310
311
312
313
314
315
316
317
318
319
320
321
322
323
324
325
326
327
328
329
330
331
332
333
334
335
336
337
338
340
341
342
343
344
345
346
347
348
349
350
351
352
353
354
355
356
357
358
359
360
361
362
363
364
365
366
367
368
369
370
371
372
373
374
375
376
377
378
379
380
381
382
383
384
385
386
387
388
389
390
391
392
393
394
395
396
397
398
399
400
401
402
403
404
405
406
407
408
409
410
375
412
413
414
416
417
418
419
420
421
422
423
424
425
426
427
428
429
430
431
432
433
434
435
436
437
438
439
440
441
442
443
444
445
446
447
448
449
450
451
452
453
454
455
456
457
458
459
460
461
462
463
464
465
466
467
468
469
470
471
472
473
474
475
476
477
478
479
480
481
482
483
484
485
486
487
488
490
491
492
493
494
495
496
497
498
499
500
501
502
503
504
505
506
507
508
509
510
511
512
513
514
515
516
517
518
519
520
521
522
523
524
525
526
527
528
529
530
531
532
533
534
535
536
537
538
539
540
541
542
543
544
545
546
547
548
521
550
551
552
553
554
555
556
557
558
559
560
561
562
563
564
565
566
567
568
569
570
571
572
573
574
575
558
578
579
580
581
582
583
584
585
586
587
588
589
590
591
592
593
594
595
596
597
598
599
600
601
602
603
604
605
606
607
608
609
610
32
379
238
379
352
490
238
490
352
571
282
467
471
604
605
187
172
286
298
263
479
420
466
96
99
103
98
559
554
11
2
2
18
13
116
444
442
481
419
420
466
533
532
534
540
519
526
525
520
516
518
606
605
607
274
264
468
467
470
469
471
462
426
564
564
174
173
79
86
490
420
271
441
449
394
393
420
468
467
470
469
471
466
466
16
14
15
106
189
96
97
104
98
509
510
268
352
356
363
357
444
443
450
441
430
468
467
58
96
101
97
99
104
103
98
102
108
225
218
217
290
353
277
263
328
352
494
469
327
509
510
38
39
40
37
242
326
268
263
328
325
572
507
90
490
46
357
365
364
366
120
276
113
128
114
116
264
125
599
600
603
603
555
490
468
467
567
269
126
90
185
320
504
540
151
561
572
268
462
462
559
554
365
364
366
423
504
494
492
491
493
67
468
467
470
469
471
466
466
568
225
224
223
218
217
604
583
586
603
470
469
46
176
389
518
269
18
13
129
599
600
603
418
126
271
269
298
284
470
46
11
292
268
79
47
239
240
232
229
234
242
538
539
516
521
518
268
271
70
127
128
247
420
466
268
272
263
319
128
126
129
127
423
277
328
136
59
482
420
469
466
85
277
328
468
467
470
469
471
466
466
120
133
276
113
128
114
116
264
125
418
46
225
221
222
218
217
268
523
269
468
467
470
469
20
5
7
19
3
6
4
18
144
141
128
126
42
418
394
393
494
493
44
45
43
42
465
419
420
466
543
526
524
525
545
467
420
466
441
120
133
288
113
115
114
116
264
125
42
47
490
515
508
437
483
419
420
466
538
544
539
536
531
522
545
120
133
68
113
128
114
116
125
528
527
5
7
16
3
6
15
4
13
275
264
42
128
268
271
468
467
470
469
471
466
466
269
206
450
480
430
443
481
419
420
466
441
449
419
500
497
419
175
531
523
148
128
419
417
418
298
271
263
169
374
205
86
128
184
178
58
390
183
188
189
68
186
172
174
176
169
32
419
417
218
217
224
151
152
206
205
46
47
287
485
418
604
606
605
607
500
497
274
396
354
291
355
293
271
263
352
392
331
274
147
151
152
264
149
481
420
466
509
423
89
418
555
554
564
494
493
496
495
294
379
442
481
449
420
466
560
568
53
298
275
320
32
524
271
116
609
583
586
603
522
481
449
420
470
466
268
601
602
604
582
580
605
583
584
585
586
603
598
603
232
231
229
234
235
230
238
133
125
293
68
263
32
20
19
41
40
295
263
420
463
462
484
456
468
467
470
469
466
466
462
42
171
242
474
478
453
419
420
466
268
439
419
420
504
544
536
517
518
273
247
150
268
379
485
456
468
467
469
466
466
462
274
150
147
151
148
264
149
173
240
233
217
238
241
228
246
468
467
504
70
71
61
35
41
34
45
43
37
38
44
39
36
42
535
541
596
609
595
581
585
603
418
274
154
128
264
146
125
379
387
379
385
260
389
32
32
171
268
269
564
462
462
416
603
238
603
598
603
379
379
466
212
260
462
58
390
183
189
68
172
174
176
169
186
184
188
206
68
184
184
188
391
176
178
172
174
68
263
263
376
81
5
4
5
16
3
15
4
13
16
14
15
298
2
13
298
169
374
271
271
223
217
217
274
154
264
260
146
154
146
274
264
260
534
526
558
524
524
225
222
218
217
225
218
217
225
217
225
218
217
217
