1
2
2
2
2
2
2
2
2
2
2
12
12
12
12
12
18
19
19
19
19
19
19
19
19
19
19
19
19
19
19
19
19
19
26
37
31
39
39
39
31
43
47
4
4
8
7
4
1
53
53
53
53
53
53
53
53
53
53
53
53
53
53
53
53
53
53
53
53
53
53
53
53
53
53
53
53
53
53
53
53
53
53
53
53
53
90
90
90
90
90
96
97
76
76
18
100
100
100
100
100
100
107
106
1
109
109
114
1
115
117
1
118
118
118
118
118
118
118
76
127
128
128
128
128
128
128
128
128
128
128
128
128
128
128
128
128
128
128
128
128
128
128
128
80
145
145
155
151
109
100
19
136
79
116
89
88
88
106
106
106
106
106
106
27
141
141
133
131
131
80
80
143
8
76
76
76
76
76
76
76
76
76
76
76
76
76
76
76
76
76
76
76
111
111
83
83
83
83
83
83
83
83
83
83
83
83
87
132
78
142
142
142
144
144
144
144
144
94
94
94
93
93
122
122
35
35
35
145
145
145
145
32
32
32
32
32
32
32
32
123
123
123
123
123
123
123
123
95
95
75
75
75
75
75
75
75
138
138
41
28
29
29
29
29
29
29
36
124
124
124
134
134
148
26
26
26
26
30
30
30
30
30
30
30
34
34
34
82
139
139
33
33
33
33
33
33
33
33
33
33
77
15
15
15
15
84
135
135
137
147
146
146
105
105
105
105
125
125
140
140
31
31
57
20
56
55
121
67
54
119
66
120
152
152
152
152
108
108
108
108
153
153
153
153
97
126
126
126
98
99
99
99
48
48
48
49
50
50
50
50
50
50
51
51
51
51
52
52
52
