2
3
4
5
6
7
8
9
10
11
12
13
14
15
16
17
19
20
21
22
23
24
25
26
27
28
29
30
31
32
33
34
35
36
37
38
39
40
41
42
43
44
26
48
49
50
51
52
53
54
55
56
57
58
59
60
61
62
63
64
65
66
67
68
69
70
71
72
73
74
75
76
77
78
79
80
81
82
83
84
85
86
87
88
89
90
91
92
93
94
95
68
76
98
99
100
101
102
103
104
105
106
106
108
109
110
111
111
115
116
116
118
119
120
121
122
123
124
125
126
128
129
130
131
132
133
134
135
136
137
138
139
140
141
142
143
144
145
146
147
148
149
150
151
152
153
154
151
156
115
115
2
145
59
2
56
89
74
101
104
103
102
2
19
22
133
146
130
150
130
73
54
144
12
116
79
77
60
61
63
72
67
73
66
65
70
68
71
62
3
74
69
64
110
2
4
88
85
86
84
5
70
73
67
54
74
90
70
130
56
146
147
149
145
151
148
141
130
89
92
91
92
91
120
115
28
16
27
151
147
130
129
17
28
16
27
25
24
46
45
10
94
77
121
58
91
119
90
92
91
60
66
65
61
63
62
115
139
136
21
21
28
16
27
25
24
45
23
116
121
120
133
136
129
25
22
24
45
28
16
27
20
25
24
45
28
16
27
71
145
133
28
27
14
13
25
24
12
46
12
45
55
17
16
14
13
64
137
133
145
148
130
129
101
104
103
102
11
121
147
141
27
45
3
19
3
3
2
2
53
118
115
115
151
148
141
130
104
103
102
19
151
147
130
129
68
116
121
120
79
116
66
67
25
24
45
45
14
25
24
46
12
45
25
24
46
45
25
24
45
