1
2
2
2
2
2
2
2
2
2
2
2
2
2
2
2
2
2
2
2
2
2
2
2
2
2
2
2
2
2
2
2
2
2
2
2
2
2
2
2
2
2
2
2
2
2
2
2
2
2
2
2
2
2
2
2
2
2
2
2
2
2
2
2
2
2
2
2
2
2
2
2
2
2
2
2
2
2
2
2
2
2
2
2
2
2
2
2
2
2
2
2
2
2
2
2
2
2
2
2
2
2
103
103
103
103
103
103
103
103
103
103
2
114
114
114
114
114
114
114
114
114
2
124
124
124
124
124
124
124
124
124
124
124
124
124
124
2
139
139
139
93
143
143
2
146
146
146
146
146
146
146
2
154
154
154
154
154
160
161
2
54
92
1
165
165
165
165
165
165
165
165
165
165
165
165
165
165
165
165
165
165
165
165
165
165
165
165
165
165
165
165
165
165
165
165
165
165
165
165
165
165
165
165
165
165
176
208
208
182
211
182
213
213
213
213
182
218
218
218
218
183
223
223
223
223
184
228
184
230
230
230
230
185
235
235
235
235
186
240
186
242
242
242
242
187
247
187
249
249
249
249
188
254
254
189
257
257
257
189
261
261
261
190
265
191
267
191
269
269
269
269
192
274
192
276
276
276
276
192
281
281
281
281
193
286
193
288
288
288
288
165
293
293
293
293
293
293
293
293
293
293
293
293
165
306
306
306
306
306
306
306
306
165
315
315
315
315
315
165
321
321
321
165
325
325
325
165
329
329
329
165
333
333
333
194
337
194
339
339
339
339
195
344
195
346
346
346
346
196
351
351
351
351
197
356
356
356
356
198
361
198
363
363
363
363
199
368
199
370
370
370
370
200
375
200
377
377
377
377
201
382
382
382
382
165
387
387
387
387
387
387
387
165
395
395
395
395
395
395
202
402
402
405
405
405
408
409
409
409
409
414
414
414
414
414
414
207
421
202
1
425
427
175
429
430
430
430
430
431
435
437
438
175
434
425
430
325
333
412
183
183
183
183
183
183
183
187
187
187
187
52
52
93
191
191
191
191
191
200
200
200
200
200
138
138
49
49
49
49
49
49
335
186
186
186
186
186
186
384
92
92
92
92
407
432
118
287
287
287
300
300
158
199
199
199
199
416
119
119
136
136
57
224
224
411
411
60
60
177
248
248
81
132
53
82
82
120
207
207
323
153
319
184
184
184
229
229
229
229
347
347
198
198
198
198
156
95
417
417
121
304
304
204
245
245
309
309
345
345
345
345
357
357
263
179
179
179
212
212
212
212
418
418
131
131
131
131
131
231
231
250
250
399
190
190
190
190
338
338
338
338
338
338
101
102
102
303
303
182
182
182
182
182
182
51
398
327
55
55
55
71
100
369
369
201
201
201
201
201
232
232
341
341
137
58
401
56
56
282
282
68
130
130
130
130
373
219
219
221
221
159
98
98
98
98
98
98
98
98
66
66
66
109
202
202
202
202
202
202
202
202
266
96
96
96
96
96
284
284
134
111
111
111
111
340
340
270
270
189
189
189
189
189
189
189
59
59
59
331
86
86
205
205
205
205
196
196
196
196
196
196
196
196
383
383
290
371
371
79
301
301
317
426
193
193
193
193
193
193
193
193
193
193
193
193
193
379
352
352
188
188
203
203
185
185
185
392
392
48
48
48
48
48
48
48
48
48
48
48
48
48
48
48
206
378
378
195
195
195
195
195
195
195
195
195
328
353
353
353
133
178
393
393
62
358
358
54
54
54
54
54
54
332
275
275
275
275
364
364
241
241
241
241
311
176
176
176
176
176
176
176
176
176
176
305
305
305
305
305
305
150
150
150
151
151
151
192
192
192
192
192
192
252
135
135
152
391
243
243
272
73
110
110
400
50
50
50
362
362
314
314
313
313
197
197
197
197
197
197
376
376
112
112
112
302
302
336
320
84
84
289
289
324
268
268
408
408
408
408
408
408
348
348
348
410
410
312
89
89
89
99
394
226
226
366
194
194
194
194
194
194
194
26
43
33
428
439
439
