2
3
4
5
6
7
8
9
10
11
12
13
14
15
17
18
19
20
21
22
23
24
25
26
27
28
29
30
31
32
33
34
35
36
37
38
39
40
41
42
43
44
45
46
47
48
49
50
51
52
53
54
55
56
57
58
59
60
61
62
63
64
65
66
67
68
69
70
71
72
73
74
75
76
77
78
79
80
81
82
83
84
56
86
87
88
89
90
91
31
40
46
55
76
24
65
43
60
45
61
40
25
53
48
49
47
24
25
72
14
24
60
61
40
47
54
50
24
28
17
25
14
51
56
24
25
24
14
28
76
25
61
40
46
42
55
24
25
14
24
44
42
24
24
64
24
23
26
21
22
64
24
39
52
50
26
24
52
50
24
56
24
25
