1
2
2
2
2
2
2
2
2
2
2
2
2
2
2
2
2
2
2
2
2
2
2
2
2
2
2
2
2
18
31
20
33
10
35
24
37
27
39
39
39
39
39
45
45
45
29
49
30
51
51
2
54
54
54
54
54
54
54
63
64
65
65
65
65
69
69
69
65
73
73
73
73
65
78
78
78
78
78
66
85
86
86
86
86
86
86
86
86
86
86
86
86
86
86
86
86
86
86
86
105
105
105
105
105
105
105
105
86
114
114
114
114
114
114
114
114
86
123
123
123
123
123
123
123
123
123
87
133
136
137
138
138
138
138
138
138
138
138
138
138
138
138
138
138
138
138
138
138
138
138
138
138
138
138
138
138
138
138
138
147
168
148
170
149
172
138
174
85
176
176
176
176
180
180
180
146
146
146
146
146
146
148
95
95
95
95
17
32
32
32
32
32
112
112
112
112
112
121
121
121
121
121
71
127
28
15
100
100
100
130
130
130
130
11
29
158
30
145
145
145
145
145
145
99
99
82
82
82
82
21
21
21
20
20
24
24
149
83
83
83
147
23
23
19
19
19
128
128
155
110
110
110
110
131
27
38
154
154
154
154
34
173
178
178
178
171
177
177
177
57
57
156
160
160
160
160
160
144
144
144
144
144
144
143
143
143
143
143
143
161
161
161
161
72
18
18
119
119
159
159
159
159
159
159
162
111
111
111
76
76
129
59
59
98
98
96
96
96
96
22
22
142
142
142
142
142
142
16
103
103
103
103
103
179
179
101
101
101
101
101
141
141
141
141
141
163
66
151
151
151
151
151
151
77
77
77
157
53
169
134
152
152
152
152
152
152
150
150
150
150
150
150
150
150
13
97
97
153
153
153
153
153
153
68
68
102
102
102
102
67
67
67
67
67
67
67
12
120
120
132
14
104
104
104
182
44
113
113
113
113
113
113
106
106
10
79
92
124
124
94
94
107
88
109
109
90
9
