2
3
4
5
6
7
8
9
10
11
12
13
14
15
16
17
18
19
20
21
22
23
24
25
26
27
28
29
30
31
32
33
34
35
36
37
38
39
40
41
42
43
44
46
47
48
49
50
51
52
53
54
55
56
57
58
59
60
61
18
65
66
67
68
69
70
71
72
73
74
75
76
77
78
79
80
81
82
83
84
86
87
88
89
90
91
92
93
94
95
96
97
98
99
100
101
102
103
104
105
106
107
108
109
110
111
112
113
114
115
116
117
118
119
120
121
122
123
124
125
126
127
128
129
130
131
132
133
134
124
138
139
140
141
142
143
144
145
146
147
148
149
150
151
152
153
154
155
156
157
158
159
160
161
162
163
164
165
166
167
168
169
170
171
172
173
174
175
176
177
178
179
180
181
182
183
164
165
166
163
139
140
150
90
91
123
105
19
30
29
28
10
62
120
130
106
107
109
122
116
118
117
115
70
126
10
19
111
90
91
126
124
125
105
10
10
159
10
164
165
166
163
139
140
112
90
79
80
81
73
22
10
9
7
62
8
62
150
79
80
78
150
24
27
20
6
5
124
105
159
128
107
123
86
125
62
25
165
163
139
140
22
166
181
180
86
166
181
180
86
56
55
159
164
162
166
139
140
164
167
165
166
139
140
164
165
166
163
139
140
166
163
139
140
70
7
62
117
115
164
165
166
163
139
140
140
121
106
108
75
74
125
56
55
112
90
90
91
123
105
23
10
164
165
166
163
139
140
19
121
106
90
89
116
180
86
129
107
90
86
105
164
165
166
139
140
167
67
164
165
166
163
139
140
75
74
73
159
52
166
113
164
165
166
163
139
140
164
175
165
166
163
139
140
174
19
113
90
164
165
166
163
139
140
67
65
111
90
86
86
79
74
80
81
73
69
78
19
116
118
126
19
131
107
90
181
62
121
120
130
106
107
109
114
114
62
73
123
105
135
135
135
123
86
105
105
105
54
