1
2
2
2
2
2
2
8
10
11
11
11
11
11
11
11
11
11
11
11
11
11
11
11
11
11
11
11
11
11
11
11
11
11
11
11
11
11
11
11
11
11
11
11
11
11
11
11
11
11
11
11
11
11
11
11
11
11
11
11
11
11
11
11
11
11
11
11
11
11
11
11
11
11
11
11
11
11
11
81
81
11
84
84
84
84
84
84
62
51
34
94
95
95
95
95
95
95
95
95
95
95
95
95
95
95
95
95
95
95
95
95
95
95
95
95
95
95
95
95
95
95
95
95
95
95
95
95
95
95
95
95
95
95
95
95
95
95
95
95
95
95
95
95
95
148
146
1
152
152
152
152
152
152
152
152
152
152
152
152
152
152
152
152
152
152
152
152
152
152
152
152
152
152
152
152
152
175
172
170
170
169
159
1
188
188
188
188
188
188
188
188
188
188
188
188
188
188
188
204
204
207
208
203
203
211
211
211
211
211
211
211
211
211
211
211
211
211
211
211
211
211
211
211
211
211
211
233
233
233
233
233
228
239
1
241
241
241
241
241
241
241
241
241
241
241
241
241
241
241
249
257
257
257
257
165
260
264
265
265
265
265
265
265
265
265
265
265
265
265
265
265
52
1
281
281
281
281
281
281
281
281
281
281
285
292
292
292
292
297
1
298
298
298
298
298
298
298
298
298
298
298
298
298
298
298
298
298
298
298
298
298
298
298
298
298
298
298
298
298
298
298
298
298
298
298
298
298
298
298
298
298
298
298
298
298
298
298
298
298
298
298
298
298
298
298
298
298
298
298
298
298
298
298
298
298
298
298
298
298
298
298
298
298
371
371
371
371
371
371
298
378
378
378
378
378
378
378
378
378
378
378
378
378
378
378
378
332
94
396
396
396
396
396
396
396
396
396
396
396
396
396
396
396
396
396
396
396
396
396
403
402
94
420
420
420
420
420
420
420
428
421
421
424
427
424
424
424
424
425
425
426
94
440
440
440
440
440
440
440
440
440
440
440
440
440
440
1
455
455
455
455
455
455
455
455
455
455
455
455
455
455
455
455
455
455
455
455
455
455
455
455
455
455
455
455
455
455
455
455
455
455
455
455
455
455
455
455
455
455
455
455
455
455
455
455
455
455
455
455
455
455
455
455
455
455
455
514
514
481
482
481
94
520
520
520
520
520
520
520
520
520
520
520
520
520
532
535
535
535
535
535
535
535
535
535
535
535
535
535
535
549
549
232
241
281
318
318
318
331
331
331
331
331
331
331
331
331
331
145
145
145
108
108
108
108
108
108
108
108
170
170
170
170
170
170
170
170
170
170
177
177
177
177
394
527
172
172
172
172
172
172
172
172
172
230
128
128
128
128
128
128
128
128
128
51
51
51
51
75
75
49
49
49
49
49
49
49
49
49
49
49
49
49
49
49
254
254
254
254
254
254
254
119
119
119
119
119
119
119
119
251
324
324
324
324
324
324
324
324
324
324
490
490
490
490
490
490
490
490
490
490
490
137
137
137
124
124
124
124
124
124
124
124
124
125
125
125
125
125
125
125
125
125
125
125
78
78
232
232
232
232
232
232
232
365
365
365
365
365
103
103
103
103
103
103
103
246
246
246
246
115
115
115
115
115
115
115
202
290
290
290
290
162
348
348
285
285
61
158
181
192
192
192
192
144
144
144
551
50
50
284
284
284
112
112
112
112
112
112
112
120
120
120
120
120
120
120
120
485
123
123
123
123
123
123
123
123
123
123
123
166
166
323
323
323
323
323
323
323
323
323
323
323
508
508
508
508
48
48
48
48
483
483
483
8
8
8
8
8
8
8
8
8
59
496
496
496
496
97
97
173
173
491
491
491
491
503
482
482
482
482
482
482
226
330
330
330
250
136
136
136
136
136
136
136
136
136
136
498
479
479
479
479
479
70
489
227
227
227
227
227
227
227
227
227
227
227
227
545
107
107
107
107
107
107
107
107
147
147
147
147
327
327
327
327
327
327
356
356
118
118
118
118
118
118
118
118
52
260
260
260
316
316
316
316
316
316
316
316
328
328
68
76
76
367
367
148
148
148
148
148
148
148
148
355
355
488
488
488
169
169
169
169
169
505
326
326
326
326
326
326
326
326
326
133
133
133
133
133
133
133
133
133
133
133
133
176
176
176
176
447
480
480
480
480
480
480
480
480
480
480
480
480
480
480
480
480
480
480
480
493
493
493
245
245
245
139
139
139
320
320
320
320
320
320
229
229
229
229
229
229
229
229
229
229
229
229
62
62
62
198
350
350
513
102
102
102
102
102
102
102
525
526
132
132
132
132
132
132
132
132
132
132
132
132
132
528
193
370
370
370
67
67
67
67
67
67
67
73
249
54
54
337
134
134
134
134
134
134
134
134
134
134
134
134
134
530
121
121
121
121
121
121
121
332
332
332
332
66
531
7
7
354
354
5
504
504
353
353
228
228
228
228
228
287
287
113
113
113
113
113
113
113
533
71
255
255
255
255
160
138
138
138
58
58
58
58
58
362
362
362
362
546
546
546
546
546
546
546
546
546
546
546
546
546
546
546
393
126
126
126
126
126
126
126
126
126
126
126
377
377
377
377
377
179
141
141
141
342
116
116
116
116
116
116
116
106
106
106
106
106
106
57
57
363
363
363
363
363
321
321
321
321
321
321
321
321
321
321
361
361
361
361
105
105
105
105
105
105
105
60
131
131
131
131
131
131
131
131
131
131
131
131
131
278
278
278
278
278
278
278
278
278
278
278
278
278
89
89
46
46
46
46
46
46
344
511
511
511
478
478
478
478
478
478
478
478
478
495
495
495
495
495
259
295
295
335
335
335
335
335
335
335
335
512
512
512
289
289
289
289
343
117
117
117
117
117
117
117
340
74
237
522
481
481
481
481
481
481
481
481
481
481
481
481
481
501
325
325
325
325
325
252
110
110
110
110
110
110
110
110
104
104
104
104
104
104
104
548
548
548
548
548
548
548
315
315
53
53
53
53
547
547
475
475
516
159
159
159
159
159
140
140
140
101
101
101
101
101
101
238
238
238
238
164
314
63
65
351
351
448
322
322
322
322
322
322
322
322
322
322
143
143
143
368
523
256
256
360
360
122
122
122
122
122
122
122
122
349
349
288
346
346
346
279
279
279
279
279
279
279
279
279
529
47
109
109
109
109
109
109
109
109
129
129
129
129
129
129
129
129
129
129
129
244
244
6
6
6
180
180
502
336
336
336
336
206
100
100
100
100
100
100
194
291
291
510
510
510
329
329
329
369
369
369
474
334
334
334
334
334
334
334
334
524
175
175
175
175
175
175
175
175
175
175
175
175
69
358
358
494
77
77
294
319
319
319
319
319
130
130
130
130
130
130
130
130
130
130
130
142
142
142
364
364
364
364
364
366
366
366
366
366
111
111
111
111
111
111
111
64
64
341
499
499
499
127
127
127
127
127
127
127
127
127
167
333
333
333
333
333
333
333
114
114
114
114
114
114
114
171
171
171
171
171
171
171
171
492
240
317
90
90
90
90
90
345
357
357
135
135
135
135
135
135
135
135
135
135
135
165
72
477
477
477
477
477
477
477
477
477
477
477
352
352
231
174
174
174
174
174
174
174
174
174
174
174
359
359
146
146
146
247
247
247
311
311
470
87
544
544
282
242
222
34
34
34
185
185
185
187
395
9
262
263
552
552
519
149
150
207
92
93
182
182
183
183
184
184
184
