2
3
4
5
6
7
8
9
11
12
13
14
15
16
17
18
19
20
21
22
23
24
25
26
27
28
29
30
31
32
33
34
35
36
37
38
39
40
41
42
43
44
45
46
47
48
49
50
51
52
53
54
55
56
57
58
59
60
61
62
63
64
65
66
67
68
69
70
71
72
73
74
75
76
77
78
79
80
81
82
83
84
85
86
87
88
89
90
91
92
93
95
96
97
98
99
100
101
102
103
104
105
106
107
108
109
110
111
112
113
114
115
116
117
118
119
120
121
122
123
124
125
126
127
128
129
130
131
132
133
134
135
136
137
138
139
140
141
142
143
144
145
146
147
148
149
150
152
153
154
155
156
157
158
159
160
161
162
163
164
165
166
167
168
169
170
171
172
173
174
175
176
177
178
179
180
181
182
183
184
185
186
187
188
189
190
191
192
193
194
195
196
197
198
199
200
201
202
203
205
206
193
203
209
210
212
213
214
215
216
217
218
219
220
221
222
223
224
225
226
227
228
229
230
231
232
233
234
235
236
237
238
239
240
241
242
243
244
245
246
247
248
249
250
251
252
253
254
255
256
257
258
259
260
261
262
263
265
266
267
268
269
270
271
272
273
274
275
276
277
278
279
280
281
282
283
284
285
286
287
288
289
290
291
292
293
294
295
296
284
298
299
300
301
302
303
304
305
306
307
308
309
310
311
312
313
314
315
316
317
318
319
320
321
322
323
324
325
326
327
328
329
330
331
332
333
334
335
336
337
338
339
340
341
342
343
344
345
346
347
348
349
350
351
352
353
354
355
356
357
358
359
360
361
362
363
364
365
366
367
368
369
370
371
372
373
374
375
376
377
378
379
380
381
382
383
384
385
386
387
388
389
390
391
392
393
394
395
396
397
398
399
400
401
402
403
404
405
406
407
408
409
410
411
412
413
414
415
416
417
418
419
420
421
422
423
424
425
426
427
421
429
430
431
432
433
434
435
436
437
438
439
440
441
442
443
444
445
446
447
448
449
450
451
452
453
454
455
456
457
458
459
460
461
462
463
464
465
466
467
468
469
470
471
472
473
474
475
476
477
478
479
480
481
482
483
484
485
486
487
488
489
490
491
492
493
494
495
496
497
498
499
500
501
502
503
504
505
506
507
508
509
510
511
512
513
514
515
516
517
518
519
520
521
522
523
524
525
526
527
528
529
530
531
532
533
534
536
537
538
539
540
541
542
543
544
545
546
547
548
549
550
551
552
152
152
302
303
304
332
164
331
154
283
299
282
305
281
152
146
153
281
148
99
146
137
144
169
152
151
171
169
283
282
153
152
281
281
152
241
161
162
177
152
392
533
173
169
154
243
152
241
281
152
241
231
148
138
137
98
147
169
152
151
241
56
54
52
40
43
44
50
15
36
40
35
39
34
87
85
41
26
86
16
84
11
165
169
243
153
152
281
152
148
146
137
98
144
169
152
151
243
353
327
376
375
373
306
372
374
305
371
491
492
490
154
283
456
282
470
467
281
152
146
153
281
148
137
98
147
169
281
152
151
241
148
138
137
98
147
169
139
281
152
151
241
75
45
215
217
216
213
221
214
218
367
394
303
304
378
148
99
144
169
153
152
151
168
247
248
152
148
146
98
144
169
152
151
201
167
283
282
281
152
361
302
281
281
65
157
152
196
202
200
188
146
153
281
550
33
41
283
282
152
148
146
98
144
169
152
151
148
99
146
137
144
169
152
151
456
148
138
137
98
147
169
139
281
152
151
241
156
152
326
334
354
346
325
324
351
338
336
311
299
502
509
456
467
49
24
39
41
489
159
152
8
283
3
282
4
153
152
281
152
60
492
456
281
152
96
155
152
152
493
490
456
470
502
489
506
502
484
456
470
227
331
153
152
251
148
141
146
98
147
169
281
152
151
241
514
503
488
505
458
467
41
490
230
228
215
220
217
221
218
213
216
219
225
214
546
148
146
137
98
144
169
152
151
241
281
152
241
346
355
299
305
307
308
368
302
148
145
146
98
144
169
152
151
53
258
281
281
306
302
303
304
310
307
308
298
347
299
42
43
44
303
304
162
161
163
164
154
152
152
151
364
302
456
458
467
172
170
152
152
241
467
334
354
329
373
376
372
311
299
374
148
141
146
98
142
144
147
169
281
152
151
241
177
152
152
152
441
500
483
482
487
503
506
512
505
508
488
485
499
481
486
469
456
457
460
461
496
494
495
243
242
152
146
153
281
377
306
311
310
307
308
235
222
313
461
234
463
466
312
464
462
465
233
64
15
23
199
361
302
469
148
98
144
169
153
152
151
533
533
148
141
143
146
98
142
144
147
169
281
152
151
241
533
203
366
303
304
75
45
34
87
88
86
84
43
281
57
55
301
148
141
143
146
98
142
144
147
169
281
152
151
241
533
148
146
98
144
169
152
151
299
305
281
152
62
533
8
159
364
302
4
502
467
364
302
232
220
224
223
233
282
152
148
146
98
144
169
152
151
521
43
167
243
242
241
281
146
153
281
56
60
63
14
41
394
303
304
378
547
550
544
543
463
537
542
541
312
462
313
461
540
464
536
392
148
138
137
98
147
169
139
281
152
151
241
375
373
372
376
374
152
146
153
281
307
148
146
98
144
169
152
151
148
137
98
169
152
151
60
23
367
394
303
304
378
353
349
323
330
377
338
306
311
299
310
394
303
304
378
148
99
144
169
153
152
151
33
148
145
146
98
140
144
147
169
139
281
152
151
241
279
269
272
273
274
266
270
271
268
267
276
277
275
81
84
79
51
67
36
41
11
308
456
459
467
483
503
480
509
504
456
467
457
460
473
472
471
456
467
258
293
281
375
373
372
376
374
307
308
371
456
459
467
165
283
282
152
307
148
146
98
144
169
152
151
306
43
236
521
499
482
487
510
506
511
512
505
456
463
464
457
465
456
328
331
347
299
305
152
148
99
146
137
144
169
152
151
148
98
144
169
153
152
151
538
543
540
542
541
536
539
309
305
61
22
37
41
548
547
468
467
515
159
153
152
281
152
146
153
281
148
99
169
153
152
151
232
235
234
236
153
298
16
65
361
302
441
350
324
347
377
351
375
306
311
300
305
146
153
281
363
521
250
243
370
302
148
99
147
169
153
152
151
241
361
302
283
357
307
308
269
270
271
272
273
277
267
276
274
533
11
148
146
137
98
144
169
152
151
148
145
146
98
144
147
169
281
152
151
241
281
241
8
3
153
181
153
467
338
336
299
301
205
148
98
169
153
152
151
195
283
282
456
459
467
164
299
281
365
303
304
455
375
373
372
376
374
307
308
371
533
175
161
162
163
164
243
153
152
152
281
152
241
69
362
302
456
43
44
293
322
321
356
313
310
148
145
146
98
144
147
169
281
152
151
241
146
153
281
367
394
303
304
378
367
394
303
304
378
148
138
137
98
169
152
151
15
35
306
492
456
467
148
138
137
98
147
169
152
151
241
157
353
323
352
347
306
300
310
148
146
98
144
169
152
151
154
283
282
153
152
281
152
241
467
229
303
87
85
88
86
81
308
369
302
148
141
146
98
142
147
169
281
152
151
241
152
43
503
478
479
473
472
471
468
456
470
457
462
361
302
231
161
163
162
176
154
243
156
153
152
152
241
361
302
281
152
281
167
152
152
371
371
152
81
549
549
152
152
233
84
81
84
283
281
152
281
281
281
281
281
542
539
487
163
281
203
52
84
163
281
281
152
282
153
281
