2
3
4
5
6
7
8
9
10
11
12
13
14
15
16
17
18
19
7
22
23
24
25
26
27
28
29
30
31
32
33
34
35
36
37
38
39
40
41
42
43
44
45
46
47
48
49
50
51
52
53
54
55
56
57
58
59
60
61
62
63
64
65
66
67
68
69
70
71
72
73
74
75
76
77
78
79
80
81
82
83
84
85
86
87
88
89
90
91
92
93
94
95
96
97
98
99
100
101
102
103
104
105
106
107
108
109
110
111
112
113
114
115
116
117
118
119
120
121
122
123
124
125
126
127
128
129
130
131
132
133
134
135
136
137
138
139
140
141
142
143
144
145
146
147
148
149
150
151
152
153
154
155
156
157
158
159
160
161
162
163
164
165
166
167
168
169
170
171
172
173
174
175
176
113
178
179
180
181
182
183
184
26
186
187
188
189
190
191
192
193
194
195
196
197
198
200
201
202
203
204
205
206
207
208
209
210
211
212
213
214
203
216
217
219
220
221
222
223
224
225
226
227
228
223
231
232
233
234
235
236
237
238
239
240
241
242
243
244
245
246
247
248
235
251
252
253
254
255
256
257
258
259
260
261
262
263
264
265
266
267
268
269
270
271
272
273
274
275
276
277
278
279
280
281
282
283
284
285
286
287
288
289
290
291
292
293
294
295
296
297
298
299
300
301
302
303
304
305
306
307
308
309
310
311
312
313
314
315
316
317
318
319
320
321
322
323
324
325
326
327
328
329
330
331
332
333
334
335
336
337
338
339
340
341
342
343
344
345
346
348
349
310
353
354
355
356
357
358
359
360
361
362
363
364
365
366
367
368
369
370
371
372
373
374
375
376
377
378
379
380
381
382
383
384
385
386
387
388
389
390
391
392
393
394
395
396
397
400
401
402
403
404
405
406
407
408
409
410
411
412
413
414
415
416
417
418
419
420
421
422
423
424
425
426
427
428
429
430
431
432
433
434
435
403
421
424
432
441
442
443
444
445
446
447
448
449
450
451
452
453
454
455
456
457
458
447
460
461
462
463
464
465
466
467
468
469
470
471
472
473
474
475
464
478
479
480
481
482
483
484
485
486
487
488
489
490
491
492
493
494
495
496
480
494
500
501
502
503
504
505
506
507
508
509
510
511
512
513
514
515
516
517
518
519
520
521
522
523
524
525
526
527
528
529
530
531
532
533
534
535
536
537
538
539
540
541
542
543
544
545
546
547
548
549
550
551
552
553
554
555
556
557
558
559
560
561
562
563
564
565
566
567
568
569
570
571
572
573
574
575
576
577
578
579
580
581
582
583
584
585
586
587
588
589
590
591
592
593
594
595
513
507
508
509
517
516
601
602
603
604
605
606
607
605
604
602
612
613
614
615
616
617
618
619
620
621
622
623
624
625
626
627
628
629
630
631
632
633
634
635
615
638
639
640
641
642
643
644
645
646
647
648
649
650
651
652
653
654
655
656
657
658
659
660
641
662
663
646
665
666
667
668
669
656
671
672
657
674
676
677
678
679
680
681
682
683
684
685
686
687
688
689
690
691
692
693
694
695
696
697
698
699
700
701
702
703
704
705
706
679
689
682
711
712
713
714
715
716
717
718
719
720
721
722
723
724
725
726
727
728
729
730
731
732
733
734
735
736
737
738
739
740
741
712
744
745
746
747
748
749
750
751
752
753
754
755
756
757
758
759
760
761
762
763
764
765
766
767
768
769
770
771
772
773
774
775
776
777
778
779
750
751
783
784
785
786
787
788
789
790
791
792
793
794
795
796
797
798
799
800
801
802
803
804
805
806
807
808
809
810
811
812
813
814
815
816
817
818
819
787
821
822
823
824
824
823
822
828
829
830
831
832
833
834
832
831
829
838
839
840
841
842
843
844
845
846
847
848
849
850
851
852
853
854
847
840
857
858
859
860
861
862
863
864
865
866
867
868
869
870
871
872
873
874
875
876
877
878
879
880
881
882
883
884
885
886
860
888
889
890
891
892
893
894
895
896
897
898
899
900
901
902
903
904
905
906
907
908
909
910
911
912
913
893
915
916
917
918
919
920
921
922
923
924
925
926
927
928
929
930
931
932
933
934
935
936
937
938
939
940
941
942
943
944
945
946
947
948
949
950
951
952
953
954
955
956
957
958
959
960
961
962
963
964
965
966
967
968
969
970
971
972
973
974
975
976
977
978
979
980
922
982
983
984
985
986
987
988
989
990
991
992
993
994
995
996
997
998
999
1000
1001
1002
1003
1004
1005
1006
1007
1008
1009
1010
1011
985
986
993
994
1016
1017
1018
1019
1020
1021
1022
1023
1024
1025
1026
1027
1028
1029
1030
1031
1032
1033
1034
1035
1036
1037
1038
1039
1040
1041
1042
1043
1044
1045
1046
1047
1048
1049
1050
1051
1052
1053
1032
1020
1018
1019
1044
1043
1059
1060
1061
1062
1063
1064
1065
1066
1067
1068
1069
1070
1071
1072
1065
1060
1075
1076
1077
1078
1078
1077
1076
1083
1084
1085
1086
1087
1088
1089
1090
1091
1092
1093
1094
1095
1096
1097
1098
1099
1100
1101
1102
1103
1104
1105
1106
1107
1108
1109
1110
1111
1112
1113
1114
1115
1116
1117
1118
1119
1120
1121
1122
1123
1124
1125
1126
1127
1128
1129
1130
1131
1132
1133
1134
1135
1136
1137
1138
1139
1140
1141
1142
1143
1144
1145
1146
1147
1148
1149
1150
1151
1152
1153
1154
1155
1156
1157
1158
1159
1160
1161
1162
1163
1164
1165
1166
1167
1168
1169
1170
1171
1172
1087
1155
1176
1177
1178
1179
1180
1181
1182
1183
1184
1185
1186
1187
1188
1189
1190
1191
1192
1193
1194
1195
1196
1197
1198
1199
1200
1201
1202
1203
1204
1205
1206
1207
1208
1209
1210
1211
1212
1213
1214
1215
1216
1217
1218
1219
1221
1223
1224
1225
1226
1227
1228
1229
1230
1231
1232
1233
1234
1235
1237
1238
1239
1240
1241
1242
1243
1244
1245
1246
1247
1248
1249
1250
1251
1252
1253
1254
1255
1256
1257
1258
1259
1260
1261
1262
1263
1264
1265
1266
1267
1268
1269
1270
1271
1272
1273
1274
1275
1276
1277
1278
1279
1280
1281
1282
1283
1284
1285
1286
1287
1288
1289
1290
1291
1292
1293
1294
1295
1296
1297
1298
1299
1300
1301
1302
1303
1304
1305
1306
1307
1308
1309
1310
1311
1314
1315
1316
1317
1318
1319
1320
1321
1322
1323
1324
1325
1326
1327
1328
1329
1330
1331
1332
1333
1334
1335
1336
1337
1338
1339
1340
1341
1342
1343
1343
1318
1346
1347
1348
1349
1349
1348
1347
1353
1354
1355
1354
1358
1359
1360
1361
1362
1363
1364
1365
1366
1367
1368
1369
1370
1371
1363
783
680
683
986
1244
1255
574
1247
899
1091
1090
1086
565
573
578
1247
1241
682
680
508
655
994
201
203
202
982
508
1243
1241
1274
1241
1242
228
225
508
509
507
1177
1178
531
530
549
550
508
501
514
502
511
513
516
507
984
1116
574
1093
682
678
680
681
677
683
577
265
269
646
640
642
639
641
1178
617
37
878
882
866
883
106
876
105
858
862
863
860
861
870
1177
1178
388
392
375
354
360
355
382
942
937
803
931
1177
1178
1220
26
895
988
383
1147
492
1177
1178
839
145
28
1178
1246
574
265
25
26
457
1348
450
447
1346
46
857
773
774
223
220
222
500
500
24
356
357
995
998
994
201
204
203
982
871
872
870
909
579
890
1276
553
551
1247
1241
1240
1246
159
1315
1318
1319
264
1255
574
1247
156
146
29
28
24
39
800
1321
1317
1315
1318
1316
1319
242
1110
1172
1170
1168
682
257
260
577
265
138
793
1246
574
265
120
1178
22
1178
534
473
464
461
463
462
1177
1178
258
573
564
541
463
462
1347
1178
712
752
565
573
303
578
258
265
1241
1031
1250
271
40
258
928
70
758
71
105
24
34
35
1321
1315
1318
1319
105
142
356
359
357
354
358
360
382
1178
464
797
784
787
681
1348
447
446
1346
750
1321
1315
1318
1319
832
834
1318
1319
828
828
704
700
502
509
990
874
858
860
870
641
638
150
105
151
143
144
264
1037
319
316
314
1043
508
502
251
148
149
147
23
986
942
937
801
931
1092
680
33
1320
1318
640
642
641
39
432
403
830
1062
841
385
874
5
8
356
357
1116
1131
1086
1142
1086
262
38
267
1255
1249
1096
602
38
843
25
1086
204
642
523
1210
1184
1196
1194
1206
1211
1204
1199
1216
1215
1186
1198
1190
1188
1205
1203
1213
1197
1201
1207
1208
1212
1200
1219
1191
1209
1185
1195
1202
1192
1187
1189
1193
1182
1183
1214
1360
1265
1285
1067
1063
1062
1061
502
507
1083
999
1000
995
204
203
982
1177
1178
1032
258
259
269
485
482
799
573
1169
1168
1167
1130
1116
1131
1086
551
557
1092
1084
1093
1086
1044
541
265
259
1023
405
1232
995
994
1224
1225
982
1236
328
324
582
1043
258
265
261
259
268
270
271
405
404
1093
500
424
573
566
534
1028
1021
1018
1024
1017
143
23
139
432
403
33
1265
248
237
247
246
243
244
232
235
234
240
700
1283
1248
888
635
633
614
615
629
157
158
23
53
97
24
25
30
786
784
787
1231
839
773
1086
258
263
603
905
906
573
566
541
890
891
258
257
267
1241
680
291
25
745
23
26
967
242
480
481
1021
36
543
544
502
515
1266
1255
904
1241
1248
1178
25
1366
1361
1363
46
172
118
90
105
167
723
1043
259
351
1076
403
423
432
401
402
404
403
423
527
513
620
162
164
105
23
160
1315
1318
1319
383
1091
1090
1115
1241
143
931
942
937
802
931
1096
872
1177
1178
993
208
982
1032
1044
1250
494
479
478
1032
1021
1018
1017
270
632
614
615
629
1224
1225
1236
1088
574
265
502
511
513
1178
93
1136
1137
565
573
1113
1135
1130
1133
1134
1138
1093
1086
512
339
508
251
425
508
507
970
969
922
966
386
310
259
616
714
640
641
1116
574
1093
1147
1086
712
890
891
892
500
119
642
1318
573
564
541
463
462
842
631
897
25
1281
1241
603
841
988
1021
873
574
265
481
1091
265
500
370
356
1268
1241
34
744
93
793
939
1116
574
1093
907
893
895
712
1053
553
551
330
264
258
265
257
259
271
270
508
511
1125
1086
630
832
834
1318
1319
828
554
507
12
310
541
265
894
918
919
930
920
923
929
1255
574
1247
506
10
7
517
1249
630
1096
1300
287
508
251
1239
1095
1086
833
1341
831
1318
1319
828
429
405
403
423
1116
574
1093
717
714
715
713
1241
769
969
944
971
922
917
924
925
916
927
926
966
359
358
359
357
361
358
360
1032
324
1044
570
323
265
259
1086
1089
3
7
8
1224
1225
522
1319
356
359
357
383
384
386
385
248
237
247
246
243
244
232
235
234
240
1032
1241
1250
1032
259
822
385
372
356
359
354
361
360
358
382
1244
271
93
457
1348
447
445
443
1346
1024
500
342
508
251
27
25
30
40
34
28
31
35
26
24
29
33
46
36
32
42
41
857
744
134
154
159
166
136
138
36
793
939
93
94
95
58
96
25
23
40
35
43
24
37
700
56
58
43
24
45
25
37
23
35
1032
259
351
1177
1178
840
988
989
984
987
1218
641
259
1016
573
324
265
754
93
985
822
1129
1086
574
265
270
577
265
25
967
105
140
144
141
23
1032
259
896
105
24
26
1063
1060
1062
1061
1134
1094
1370
1361
1363
1360
1285
1283
167
641
500
988
989
986
990
983
984
987
971
917
922
916
921
966
816
815
93
43
1096
1225
778
773
774
772
1018
1148
1086
679
683
699
172
167
1178
621
616
614
615
829
1249
93
1255
574
1247
357
354
143
793
939
105
753
750
754
480
386
1032
1250
65
30
25
23
701
1018
712
1178
787
425
1096
541
508
507
640
641
797
784
787
574
265
25
680
59
24
38
792
819
815
573
566
534
1021
1018
1024
1017
992
203
982
257
262
1116
1131
1086
258
166
784
785
1255
574
1247
464
461
463
987
105
751
752
747
753
750
772
795
796
394
833
368
367
831
356
359
354
361
358
360
828
398
382
986
105
23
290
1043
259
270
615
629
680
262
432
405
401
403
423
400
1068
35
967
1177
1178
447
1020
1320
1116
1131
1086
446
1346
1346
871
872
265
500
518
1255
1043
1250
1312
281
1240
1244
533
534
493
480
481
478
5
6
1003
850
993
1010
847
845
852
994
854
1005
1178
982
838
1347
894
458
446
1346
1346
447
1095
508
502
554
508
1105
538
556
532
227
225
1087
1092
1084
1093
1086
1089
1361
93
59
1032
1250
10
5
4
7
681
797
924
916
1021
1023
1024
1022
500
1282
1241
1032
1241
1250
867
762
97
170
27
30
25
23
34
35
31
43
24
33
37
36
32
44
39
258
990
712
384
114
105
160
161
967
513
989
247
246
235
240
903
1096
1318
420
1024
500
329
258
257
267
534
444
445
446
442
500
464
390
360
382
290
1032
292
291
903
1040
256
273
272
253
252
259
255
266
258
257
268
270
254
92
25
1116
574
1093
1129
1177
1178
831
1315
828
871
872
870
931
540
356
357
354
361
358
1292
1241
1177
1178
614
615
613
629
569
541
511
640
641
1095
521
474
167
258
424
1255
574
1247
534
473
464
461
463
462
897
424
8
1032
538
258
265
259
356
357
1129
93
59
6
1084
1094
1225
1096
108
109
25
751
548
508
513
617
26
574
265
714
715
713
712
1148
1086
680
1060
26
425
482
1084
1088
567
516
270
25
569
573
508
505
1366
1363
985
937
971
922
928
930
920
923
966
26
516
768
518
503
1116
574
1093
1107
480
479
481
1022
1037
1021
1018
1017
1023
1042
1321
1320
1318
943
944
969
971
922
966
712
1094
26
830
93
757
59
779
760
777
759
92
54
773
774
772
408
430
425
424
786
785
520
1087
1087
1369
1368
1361
1359
1362
510
986
983
984
793
939
985
990
983
984
987
105
753
24
918
928
920
929
701
567
516
502
511
505
516
1315
1318
1319
463
462
500
25
745
23
26
712
873
357
267
602
794
241
1018
107
105
24
23
817
789
872
986
616
340
258
271
1254
1218
1178
1266
1268
1255
1269
1270
899
904
1241
1248
1244
1246
1022
105
924
842
383
384
386
385
1255
574
1247
241
424
1061
1178
24
1177
1178
1255
1043
1249
1250
268
480
356
357
175
173
23
1354
1178
1177
1178
1032
1033
1034
1149
1086
871
874
105
155
93
95
25
25
25
248
241
1371
1096
513
508
843
1240
1245
869
866
858
1037
1039
1041
1038
1029
1040
1021
1018
1017
823
751
821
967
242
840
105
23
31
857
1177
1178
995
997
994
201
204
203
982
405
753
22
582
265
918
975
973
989
59
71
24
685
508
505
507
640
641
25
1076
1249
863
22
1217
1070
798
1178
428
403
1088
574
265
1177
1178
310
259
167
1340
258
1002
208
982
413
410
401
171
32
1130
1127
1132
573
1128
1116
1131
1085
1086
384
485
682
1087
59
121
105
1178
22
169
761
99
98
105
27
43
24
33
25
34
32
35
985
419
971
917
922
916
921
966
1032
538
311
265
259
35
1116
574
1093
1019
403
423
712
547
546
502
524
511
516
517
969
971
972
922
917
919
918
916
921
966
93
25
26
1104
764
116
1177
1178
1083
269
1092
545
541
1087
1093
1086
121
203
982
1178
1147
25
154
1178
712
268
1088
1087
1084
902
901
900
892
227
500
24
357
354
895
243
232
235
234
240
167
1255
574
1247
475
467
464
565
573
1093
1086
356
359
358
871
872
839
1116
574
1093
1321
1317
1315
1316
1318
1319
24
23
1116
574
1093
43
25
23
1255
574
1247
1178
631
1178
986
983
984
511
505
522
523
519
520
504
510
521
502
512
518
503
404
56
58
43
24
45
25
37
23
35
392
356
359
357
354
361
360
358
382
829
223
878
880
882
866
106
876
105
858
859
862
863
860
861
870
893
573
566
534
1021
1024
1017
757
61
751
745
753
928
929
1255
1249
542
501
514
502
516
824
751
821
320
1031
267
259
725
33
25
480
479
481
482
295
291
899
297
296
294
351
1092
915
1178
511
1255
574
1247
814
70
867
103
104
765
102
24
25
30
23
34
31
44
1142
1086
1242
1241
555
501
502
515
1248
888
1358
545
1153
1152
1084
1086
897
1046
1048
1050
910
1279
1296
1052
552
1295
532
227
225
1250
1246
1243
1249
1247
1241
1240
1248
1245
888
441
460
1250
1016
1321
37
480
479
481
25
507
650
640
44
43
25
23
32
573
566
534
1028
1021
1018
1024
1017
26
264
307
537
333
552
532
306
227
225
1046
1048
1050
910
560
308
538
1052
309
263
259
266
260
271
264
258
257
265
270
268
888
441
460
871
568
534
1035
1036
1019
1021
1023
1024
1022
1017
513
505
1032
538
258
265
259
1086
640
641
509
790
784
788
221
219
642
639
641
356
357
987
8
271
712
258
1060
262
432
403
423
993
203
982
966
219
219
500
870
500
982
22
159
629
382
166
744
138
22
500
697
699
500
1016
1016
888
934
240
814
814
423
154
500
888
857
870
500
500
500
26
1043
1250
1312
26
26
994
993
26
26
26
26
26
26
831
398
26
26
26
26
641
640
642
641
640
641
1178
1220
579
890
641
641
641
641
1043
259
351
994
1236
1225
1236
