1
2
2
2
2
2
2
2
2
2
2
2
2
16
17
17
17
17
17
17
17
17
17
26
27
27
30
32
33
33
33
33
33
33
33
33
33
33
33
33
33
33
33
33
33
33
33
33
33
33
33
33
33
33
33
33
42
62
57
64
64
58
67
67
59
70
70
33
73
73
73
73
73
73
73
73
73
73
73
73
73
73
73
73
73
33
91
91
91
91
91
91
91
91
91
91
91
91
91
91
91
91
91
91
91
91
91
91
110
114
114
110
117
117
117
117
110
122
124
124
110
127
33
129
129
129
129
2
48
48
48
52
53
53
53
82
82
82
82
111
111
111
111
111
111
111
111
111
113
113
113
113
113
113
113
113
113
113
113
113
113
78
78
54
80
80
89
89
50
50
50
85
85
85
85
41
41
41
41
41
41
41
41
41
76
76
76
132
10
10
10
10
83
83
83
83
60
88
20
20
77
77
77
11
11
11
120
119
119
7
43
43
43
43
84
84
9
21
21
21
86
86
86
86
86
86
86
8
38
131
131
87
87
87
87
87
133
22
22
13
51
51
51
51
51
51
51
51
51
51
51
90
90
90
90
24
24
12
55
79
79
42
42
42
42
42
42
42
42
42
42
42
81
81
40
40
40
40
40
40
40
40
40
40
40
47
47
47
47
47
112
112
112
112
112
112
115
23
23
39
39
39
39
39
39
39
39
39
37
37
49
49
49
49
110
110
110
110
110
110
110
110
110
110
110
110
110
110
110
110
110
110
75
75
92
35
74
