2
3
4
5
6
7
8
9
10
11
12
13
14
15
16
17
18
19
20
21
22
23
24
25
26
27
28
29
30
31
32
33
34
35
36
37
38
39
40
41
42
43
44
45
46
47
48
49
50
51
52
53
54
55
56
57
58
59
60
61
62
63
64
65
66
67
68
69
70
71
72
73
74
75
76
77
78
79
80
81
82
83
84
85
86
87
88
89
90
91
92
94
95
96
97
98
99
100
101
102
54
19
4
3
20
4
42
70
43
60
60
82
55
23
81
64
70
77
43
60
30
67
64
70
66
72
63
69
71
68
62
78
76
49
60
3
60
60
70
43
55
54
4
70
43
60
60
59
22
64
3
4
65
43
73
60
48
47
43
99
81
70
43
60
5
44
70
43
60
24
75
43
15
14
13
5
54
60
101
44
70
63
99
43
60
12
99
43
102
44
63
99
43
99
58
82
21
64
70
3
4
43
78
42
60
70
43
60
60
3
49
60
21
51
22
16
53
59
4
65
43
73
60
51
60
21
51
22
16
59
64
4
65
43
73
60
56
21
64
4
43
55
64
74
69
68
78
3
59
21
22
64
4
65
43
73
60
5
3
55
80
51
4
29
75
64
67
71
65
76
74
68
61
63
69
70
66
72
77
73
62
98
98
60
42
60
