1
2
2
2
2
2
1
8
8
8
8
8
8
8
8
8
8
8
8
8
8
23
1
24
24
24
1
28
28
28
28
28
28
35
36
36
36
36
36
36
36
36
43
44
47
48
48
48
48
48
48
48
48
48
48
48
48
48
48
48
48
48
48
48
48
48
48
48
48
48
48
48
48
48
48
48
48
48
48
48
83
83
83
83
51
88
54
90
55
92
75
94
78
96
81
98
48
100
35
102
102
102
102
102
102
102
102
102
102
102
102
102
102
102
102
102
102
102
102
102
102
102
102
102
102
102
102
102
102
132
132
132
132
42
42
42
42
42
42
42
42
42
147
148
149
149
150
151
151
151
151
151
42
153
42
42
42
42
158
42
127
102
42
1
163
163
163
163
163
164
169
169
169
169
169
169
169
169
169
169
169
169
102
28
2
24
8
34
95
7
13
13
13
13
11
171
178
5
81
81
81
81
81
69
80
80
80
80
80
6
43
43
172
70
78
78
78
78
78
78
101
125
125
125
125
125
125
125
125
125
125
125
125
125
125
125
125
125
125
125
125
125
125
125
125
125
125
44
40
40
168
76
76
19
166
4
177
130
82
82
82
167
3
124
124
124
65
16
30
32
99
99
71
74
18
29
41
31
73
75
75
75
75
75
63
63
63
63
63
14
131
131
79
79
25
42
42
42
33
77
15
64
12
27
129
129
26
103
56
57
164
137
137
137
137
137
138
139
139
139
140
140
140
140
140
140
141
142
142
142
142
142
143
143
143
143
143
143
143
143
144
144
144
144
144
144
144
144
144
144
144
145
145
145
145
145
145
154
154
154
154
154
154
154
155
156
158
158
159
159
159
159
160
162
162
162
162
162
162
162
162
162
162
162
162
162
162
162
162
162
162
162
162
162
162
162
162
162
162
162
