1
2
2
2
2
2
2
2
2
2
2
2
2
2
2
2
2
2
9
20
14
22
22
22
14
26
28
12
19
31
32
32
32
32
32
32
32
32
32
32
32
32
32
32
32
32
32
32
32
32
32
32
32
32
32
32
32
32
32
32
32
32
32
32
32
32
32
32
32
32
32
32
32
32
32
32
32
32
32
32
32
32
32
32
32
32
32
32
32
32
32
32
32
32
32
32
32
32
32
32
32
31
104
104
104
104
104
104
104
104
104
104
104
104
104
104
104
104
104
104
104
104
104
104
104
104
104
104
104
104
104
104
104
104
104
104
104
104
104
104
104
104
104
104
104
104
104
104
104
104
104
104
104
104
104
104
104
104
104
104
104
104
104
104
104
104
104
104
104
104
104
104
104
175
175
104
178
178
181
181
181
182
183
183
183
183
187
183
189
189
189
195
188
197
198
198
198
198
198
198
198
198
198
198
198
198
198
198
198
198
198
198
198
198
198
198
198
198
198
198
198
198
198
198
198
198
198
198
198
198
198
198
198
198
198
198
198
198
198
198
198
198
198
198
198
198
198
198
198
198
198
198
198
198
198
198
198
198
198
198
198
198
198
198
198
198
198
198
198
198
198
198
198
198
198
198
198
198
198
198
198
198
198
198
198
198
198
198
198
198
198
198
198
198
198
198
198
198
198
198
198
198
198
198
198
198
198
198
198
198
198
198
198
198
198
198
198
198
198
198
198
198
198
198
198
198
198
198
198
198
198
198
198
198
198
198
198
198
198
198
198
198
198
198
198
198
198
198
198
198
198
198
198
198
198
198
198
198
198
198
198
198
198
198
198
198
198
198
198
198
198
198
198
198
198
198
198
198
198
198
198
198
198
198
198
198
198
198
198
198
198
198
198
198
198
198
198
198
198
198
198
198
198
198
198
198
198
198
198
198
198
198
198
198
198
198
198
198
198
198
198
198
198
198
198
198
198
198
198
198
198
198
198
198
198
198
198
198
198
198
198
198
198
198
198
198
198
198
198
198
198
198
198
198
198
198
198
198
198
198
198
198
198
198
198
198
198
198
198
198
198
198
198
198
198
198
198
198
198
198
198
198
198
198
198
198
198
198
198
198
198
198
198
198
198
198
198
198
198
198
198
198
198
198
198
198
198
198
198
198
198
198
198
198
198
198
198
198
198
198
198
198
198
198
198
198
198
198
198
198
198
198
198
198
198
198
198
198
198
198
198
198
198
198
198
198
198
198
198
198
182
555
555
555
555
559
555
561
561
561
566
188
568
569
569
568
572
572
572
572
572
572
576
577
581
582
583
583
583
583
587
589
590
592
568
593
593
593
593
593
593
593
593
593
593
593
593
593
593
593
593
593
593
593
593
593
593
615
615
593
618
618
618
618
618
593
624
624
624
624
624
624
19
632
607
607
616
617
19
568
638
638
638
638
638
638
638
638
638
638
638
638
638
638
638
638
638
638
638
638
638
638
638
638
638
638
638
638
638
638
638
638
638
638
638
638
638
675
675
675
675
675
668
668
683
192
568
685
685
685
685
685
685
685
693
609
610
691
691
568
698
698
698
698
698
698
698
703
703
708
703
710
711
711
711
711
716
717
568
718
718
718
718
718
718
718
718
718
718
718
718
718
718
718
718
718
718
718
609
609
691
691
742
609
609
718
685
39
39
39
38
38
608
674
534
522
44
44
68
68
68
129
736
736
736
54
54
54
41
41
157
157
613
613
665
665
51
51
179
179
688
668
668
668
668
668
668
668
668
668
668
668
668
668
151
102
102
161
110
110
163
152
152
152
152
15
15
15
15
614
614
521
176
176
512
622
627
627
11
690
19
704
704
628
628
733
733
69
69
69
69
69
69
69
69
69
629
731
731
549
528
61
61
61
132
662
553
127
127
127
127
127
127
172
669
96
96
96
96
149
92
92
511
123
123
705
60
60
60
60
546
546
516
147
113
113
544
577
99
99
146
537
531
166
166
607
607
607
607
535
76
76
169
165
53
53
53
53
40
40
40
86
65
65
65
154
154
154
541
18
18
47
680
680
715
135
135
135
94
94
94
120
120
111
111
171
171
518
734
734
513
13
13
13
13
13
57
57
57
186
186
186
186
122
122
510
63
63
63
118
118
128
128
128
128
128
128
128
128
80
80
80
80
159
143
143
143
530
714
131
36
36
529
101
101
148
170
170
170
519
691
691
133
133
150
586
87
532
578
673
673
539
10
81
81
81
67
67
67
67
67
67
67
67
67
67
67
67
67
67
67
67
67
67
67
67
138
138
138
138
138
138
138
527
587
59
59
59
520
611
611
611
611
611
611
611
64
64
64
64
66
66
66
66
66
517
661
661
661
661
661
661
661
661
661
661
661
661
661
661
661
661
661
661
661
543
623
524
571
554
726
726
726
726
726
558
558
558
558
542
550
679
679
679
508
702
703
703
703
703
703
703
703
703
703
735
108
108
108
108
514
660
660
660
660
660
660
168
185
185
185
185
185
185
185
9
9
9
523
155
155
125
515
548
42
42
526
17
17
576
576
667
162
97
97
124
124
124
124
124
124
124
158
158
158
91
91
121
121
137
137
137
137
137
137
137
621
62
62
62
547
547
630
630
552
117
117
605
605
605
605
605
605
605
605
136
136
509
167
664
160
49
49
49
536
112
112
50
50
50
557
557
557
557
557
557
557
139
139
139
139
139
139
139
52
52
525
141
141
727
727
727
727
727
727
727
156
156
156
173
119
119
730
730
730
730
730
130
130
130
130
130
130
672
58
58
58
95
95
95
95
95
663
142
142
678
678
126
126
126
126
126
126
126
48
48
48
114
114
114
114
114
114
46
46
46
46
46
585
98
98
98
37
37
37
37
533
115
109
109
109
109
24
45
45
12
12
12
12
43
43
56
56
56
93
93
140
164
174
55
55
55
55
55
55
540
145
145
145
538
16
16
16
16
153
153
78
116
116
116
545
551
134
134
144
144
14
106
719
35
573
699
3
556
594
184
601
639
686
706
706
707
709
588
181
181
29
196
30
567
694
695
696
743
684
684
697
744
579
681
738
580
682
739
740
741
