1
2
2
2
2
2
2
2
2
2
2
2
2
2
15
15
15
15
15
15
15
15
15
15
15
15
15
15
15
15
15
2
33
33
35
36
33
38
40
41
41
41
41
41
41
41
41
41
41
41
41
41
41
41
41
41
41
41
41
41
41
41
41
41
41
41
41
41
41
41
41
41
75
76
76
76
76
76
76
76
76
76
76
76
76
76
76
76
76
76
76
76
76
76
76
76
76
76
76
76
76
76
76
102
1
108
108
108
108
108
108
108
108
108
108
108
108
108
108
108
108
108
108
108
127
127
33
94
94
94
95
95
95
6
6
6
123
123
123
123
123
125
125
119
70
70
70
102
102
102
102
10
10
10
97
97
11
11
14
58
58
58
58
58
58
58
58
58
58
58
58
58
58
9
9
9
91
91
91
29
29
59
59
59
59
115
90
90
90
69
69
69
30
30
88
105
105
105
98
98
99
99
92
93
93
93
104
104
24
24
25
25
116
37
37
103
65
65
65
117
117
8
8
12
12
12
12
12
66
28
28
28
28
28
27
27
61
61
106
106
74
101
101
60
60
96
96
96
96
96
129
100
100
68
68
32
32
32
32
32
32
32
32
32
32
26
26
26
89
121
121
121
64
64
64
64
62
62
63
7
7
124
124
124
124
124
13
13
13
67
67
120
120
120
71
71
110
110
109
109
114
114
113
107
