2
3
4
5
6
7
8
9
10
11
12
13
14
15
16
17
18
19
20
21
22
23
24
25
26
27
28
29
30
31
32
33
34
35
36
37
38
39
41
42
43
44
45
46
47
48
49
50
51
52
53
54
55
56
57
58
59
60
61
62
63
64
65
66
67
68
69
70
71
72
73
74
76
77
78
79
80
81
82
83
84
85
86
87
88
89
90
91
92
93
94
95
96
97
98
99
100
101
102
103
104
105
106
107
108
109
110
111
112
113
114
115
116
117
118
119
120
121
122
123
124
125
126
127
128
129
108
98
86
79
97
86
79
3
4
5
125
124
114
113
109
114
128
120
73
41
41
104
103
81
79
12
5
2
79
85
12
2
3
49
50
48
51
52
46
47
43
54
42
45
44
53
55
12
5
2
100
86
79
22
15
61
60
56
50
108
101
86
79
70
71
41
21
15
79
79
84
78
79
85
79
85
79
99
86
79
79
78
25
15
16
15
108
120
38
105
51
52
54
114
111
9
2
3
5
4
2
38
67
31
19
18
20
15
17
15
64
51
79
84
57
79
85
66
52
83
81
79
82
80
126
79
85
52
42
19
17
16
18
22
20
21
2
33
2
31
15
2
79
122
110
112
50
52
54
53
64
51
64
15
15
125
110
113
112
126
12
5
2
57
54
124
111
112
73
72
126
126
126
126
127
127
126
103
