1
2
2
2
2
2
2
2
2
2
2
2
2
2
2
2
2
2
2
2
2
2
2
2
2
2
2
2
2
2
2
2
2
2
2
2
2
2
2
2
2
2
2
2
2
2
2
2
2
2
2
2
2
2
2
2
2
2
2
2
2
2
2
2
2
2
2
2
2
2
2
2
2
2
2
2
2
2
2
2
2
2
2
2
2
2
2
2
2
2
2
2
2
2
2
2
2
2
2
2
2
2
2
2
2
2
2
2
2
83
111
83
113
83
115
110
117
2
119
2
121
2
123
123
123
123
123
123
123
123
123
123
123
123
123
123
123
2
139
139
139
139
2
144
144
144
144
144
144
2
151
151
151
151
151
151
151
151
151
77
87
1
163
163
163
163
163
163
163
163
163
163
163
163
163
163
163
163
163
163
163
163
163
163
163
163
163
163
163
190
163
192
188
185
1
196
196
196
196
196
196
196
196
196
196
196
196
196
209
209
209
209
209
209
209
209
209
209
209
209
209
209
209
209
208
1
227
227
227
227
227
227
227
227
227
227
238
239
239
239
239
239
239
239
239
239
239
239
239
239
239
239
239
239
239
239
239
239
239
239
239
239
239
239
239
239
239
239
239
239
239
239
239
239
239
239
239
239
239
239
239
239
239
239
239
239
239
239
239
239
239
239
239
239
239
239
239
239
239
239
239
239
239
239
239
239
239
239
239
239
239
239
239
239
239
239
239
239
239
239
239
239
239
239
239
239
239
239
239
239
239
239
239
239
239
239
239
239
239
239
239
239
239
239
239
239
239
239
239
239
239
239
239
239
239
239
239
239
239
239
239
239
239
239
239
239
239
239
239
239
239
239
239
239
239
239
239
239
239
239
239
239
239
239
239
239
239
239
239
239
239
239
239
239
239
239
239
239
239
239
239
239
239
239
239
239
239
239
239
239
239
239
239
239
239
239
239
239
239
239
239
239
239
239
239
239
239
239
239
239
239
239
239
239
239
239
239
239
441
442
318
444
445
446
447
448
449
449
449
449
449
449
449
449
449
449
449
449
449
449
463
463
463
463
463
463
463
463
463
463
449
474
474
474
474
474
474
474
474
474
474
474
474
474
112
489
490
490
490
490
490
490
490
490
490
490
490
490
490
490
490
490
490
490
490
490
490
490
490
490
490
510
516
510
518
515
520
520
509
524
525
525
525
525
525
525
525
525
525
525
525
525
525
525
525
525
525
525
525
525
525
525
525
525
525
525
525
525
525
525
525
525
525
525
525
525
525
525
525
525
525
525
525
525
525
525
525
525
573
573
573
573
525
578
578
578
578
578
578
578
578
578
578
578
525
590
590
590
563
525
1
596
596
596
596
596
596
596
596
596
596
596
596
596
596
596
596
596
596
596
596
596
596
596
596
596
596
596
596
596
596
596
596
596
596
596
596
596
596
634
607
605
524
639
639
639
639
641
640
1
646
646
646
646
646
646
646
646
646
646
646
646
646
646
646
646
646
646
646
646
646
646
646
646
646
646
646
646
646
646
646
646
646
646
646
646
646
646
646
646
646
646
646
646
646
646
646
646
646
646
646
646
660
699
646
701
646
703
703
703
646
707
707
707
707
707
707
646
714
714
714
714
714
714
714
646
722
722
722
722
722
722
722
722
722
646
732
732
732
732
732
732
732
732
732
732
732
732
646
745
745
745
745
745
745
563
646
551
43
1
756
756
756
756
756
756
756
756
756
756
756
756
756
756
756
756
756
756
756
756
756
756
756
756
756
756
756
756
756
756
756
756
756
756
756
756
756
756
756
756
756
756
756
756
756
756
756
756
756
756
756
756
756
756
756
756
756
756
756
756
756
756
756
756
756
779
822
175
175
791
1
827
827
827
827
827
827
827
827
827
827
827
838
607
841
842
842
842
842
842
842
842
842
842
842
842
842
842
842
842
842
842
842
842
842
842
843
864
859
867
868
868
868
868
868
868
868
868
868
874
878
1
880
880
880
880
880
880
175
1
888
888
888
888
888
888
888
888
888
888
888
888
1
901
901
901
901
901
607
524
908
908
908
909
911
910
915
916
916
916
509
922
923
923
927
928
928
928
928
928
928
928
928
928
928
928
928
928
928
928
928
928
928
928
928
928
928
928
951
175
1
954
954
954
954
954
954
954
954
954
954
954
954
954
954
954
954
954
954
954
954
972
1
979
979
979
979
979
979
979
979
979
979
979
979
979
979
979
979
979
979
979
993
999
998
1001
1001
509
590
703
722
192
525
908
707
718
791
791
791
791
791
791
791
669
669
105
359
214
214
509
509
509
509
509
509
509
509
509
509
812
393
177
177
177
177
177
177
177
177
177
177
177
177
177
606
606
606
821
544
948
948
948
948
338
899
899
899
856
856
546
820
461
461
674
674
674
674
674
381
817
184
184
382
101
208
208
208
208
208
208
208
208
208
208
208
208
208
208
208
208
208
208
208
208
208
208
672
335
641
641
641
641
641
641
641
641
641
641
641
641
641
180
180
180
91
560
560
560
560
560
560
560
560
560
560
560
560
342
55
55
55
62
62
390
640
640
640
640
640
640
640
640
640
640
640
640
640
640
640
640
640
640
640
383
910
910
910
910
910
910
910
910
910
910
910
910
910
910
910
910
910
749
749
93
93
93
93
621
621
621
621
108
205
710
710
710
710
710
710
710
710
710
710
710
321
34
34
34
34
34
34
34
34
34
34
34
34
34
34
34
34
34
34
34
34
34
34
34
34
34
343
86
86
147
147
147
147
147
147
608
608
608
608
608
608
225
225
225
330
149
313
623
84
84
84
84
83
83
83
909
909
909
909
909
909
909
909
909
909
909
909
777
540
557
557
557
134
538
554
799
799
799
799
367
409
346
397
740
740
740
740
323
387
388
628
628
628
628
234
402
48
48
48
48
48
667
998
998
998
998
998
998
998
998
998
998
998
671
671
671
671
671
671
671
671
671
671
671
671
742
742
742
742
742
742
742
742
742
742
742
742
742
897
897
811
811
811
811
811
811
384
392
411
906
906
906
906
906
906
906
906
223
223
223
798
798
798
798
508
508
508
508
508
788
186
186
186
186
186
186
186
566
423
543
326
351
104
857
857
857
473
473
473
473
380
609
609
609
609
609
609
785
785
785
785
785
785
785
785
785
552
552
552
552
552
552
552
52
52
52
52
52
52
52
52
542
542
154
306
686
686
686
686
686
686
686
686
686
686
686
686
686
686
686
686
686
686
686
805
805
805
805
805
805
805
340
721
721
314
611
611
611
611
541
541
681
133
133
133
133
133
782
537
537
537
537
537
816
415
550
430
58
58
58
569
569
325
350
88
88
88
88
88
605
605
605
605
605
605
605
605
605
605
691
662
662
662
662
662
950
950
950
950
345
837
837
31
206
206
206
206
206
206
832
832
132
132
132
132
132
132
132
132
132
132
131
131
131
131
823
676
697
683
683
683
683
683
683
683
683
683
683
683
683
683
683
683
683
683
995
309
347
99
568
378
539
92
110
110
725
725
970
970
970
360
803
803
803
803
803
803
72
72
221
221
320
97
663
663
663
663
663
793
793
793
189
189
189
189
189
189
333
420
41
787
403
610
610
610
610
610
66
996
53
53
666
726
726
726
858
858
858
858
858
570
336
695
311
627
627
627
592
660
660
660
660
660
660
660
660
660
660
660
660
660
660
660
660
660
660
660
571
698
698
698
993
993
993
993
993
993
993
993
993
694
694
694
694
694
36
555
896
896
438
813
743
743
743
743
743
743
743
743
743
743
743
743
406
563
563
885
885
885
317
185
185
185
424
547
819
819
819
819
513
513
513
513
513
513
513
513
130
130
130
312
399
439
64
329
432
631
631
141
141
141
670
670
670
670
670
670
670
670
407
118
35
35
35
35
35
35
35
506
506
506
506
506
806
806
806
806
806
806
729
416
361
994
994
994
460
460
460
460
778
778
366
886
886
886
89
89
834
834
834
834
834
834
834
834
834
834
834
373
188
188
188
188
188
188
188
188
188
188
188
188
188
188
188
188
188
188
188
188
188
188
188
188
188
992
992
992
992
992
992
992
992
992
992
428
68
68
68
68
68
429
711
386
106
106
510
510
510
510
510
510
510
510
510
510
883
883
883
883
883
883
883
883
883
883
883
73
73
67
67
67
67
337
514
514
514
514
514
514
514
514
514
617
617
102
947
947
158
158
158
158
158
158
158
158
158
158
158
158
158
158
158
158
219
727
727
727
727
727
434
181
181
181
385
148
148
148
148
148
148
354
997
997
997
997
997
997
997
997
997
997
997
797
797
797
797
87
87
87
87
87
87
418
218
344
690
690
690
398
137
396
339
969
969
969
969
969
969
969
593
911
911
911
911
911
911
911
911
911
911
911
911
911
911
911
911
911
911
911
911
911
78
78
78
217
232
232
232
232
232
377
795
795
795
795
795
795
795
795
973
973
973
973
973
728
728
728
728
781
781
405
410
879
661
661
46
46
46
946
946
946
946
946
946
946
79
79
619
874
905
905
905
905
692
159
159
159
696
784
784
784
784
784
859
859
859
859
859
859
859
859
859
859
859
859
859
215
222
222
142
142
142
142
872
804
804
804
804
804
70
70
70
70
70
70
70
120
427
50
50
50
75
75
178
178
178
178
178
178
178
178
178
178
178
178
308
876
54
54
207
207
207
486
949
949
949
949
949
435
413
401
220
898
898
898
357
673
417
688
688
688
688
100
116
116
116
414
44
81
94
94
618
618
618
618
379
802
802
358
586
586
586
586
719
835
835
835
835
604
604
604
604
616
616
395
588
588
588
588
588
588
588
588
632
632
632
632
632
632
632
632
632
750
750
750
750
750
750
750
551
551
551
57
57
57
57
57
559
685
685
685
685
685
685
685
685
945
945
945
945
945
945
945
945
945
945
945
945
945
945
945
945
945
945
945
945
945
945
945
419
419
419
814
877
408
74
74
440
614
614
614
614
614
614
614
203
203
462
472
307
919
919
919
919
919
919
919
421
613
613
613
613
613
613
613
535
535
535
535
535
535
535
535
535
535
535
535
535
535
535
535
535
535
968
968
968
968
968
968
968
968
968
968
968
968
968
968
860
860
860
860
860
371
679
679
679
679
679
679
679
679
679
157
157
684
684
684
684
684
684
684
684
684
684
684
684
175
175
664
324
577
577
577
471
471
471
471
471
471
327
353
310
790
71
71
433
470
470
587
437
705
425
176
176
176
176
176
176
176
176
176
176
176
176
176
33
33
33
33
33
33
33
33
33
33
33
33
33
33
33
33
33
33
33
33
33
33
33
33
33
431
47
341
810
315
95
687
687
687
687
511
511
511
511
362
794
794
794
30
30
30
30
30
30
30
30
30
30
30
30
30
30
30
30
30
30
30
30
30
30
30
30
30
30
30
30
30
30
30
30
30
30
90
90
422
363
374
183
183
183
43
43
43
43
43
43
43
43
43
43
43
43
43
43
43
43
43
43
43
43
43
45
85
85
85
507
507
507
507
801
389
37
37
37
37
37
37
37
37
37
37
37
678
678
678
678
678
678
678
678
678
678
678
678
678
678
678
678
484
484
484
484
484
484
484
484
484
484
484
484
484
484
484
776
776
370
629
629
786
107
895
895
895
40
40
143
436
818
818
818
818
668
483
483
236
334
349
59
80
80
80
80
80
318
156
156
630
630
224
224
179
179
179
179
179
179
179
179
179
179
179
179
179
179
179
233
903
903
903
903
903
815
394
352
42
42
972
972
972
972
972
972
972
82
82
82
82
136
136
136
136
136
136
136
136
741
328
991
991
991
991
991
60
60
60
60
60
77
77
77
77
77
700
700
700
700
56
56
56
56
365
612
612
612
612
612
612
612
833
153
624
624
624
624
404
974
974
808
572
693
548
548
548
548
548
548
38
38
38
38
38
38
38
38
38
38
38
38
69
69
69
69
69
355
376
730
204
204
204
204
204
204
204
204
204
204
204
204
204
204
204
204
204
204
204
796
796
796
796
796
796
796
796
796
368
426
556
187
187
187
332
155
155
155
861
682
369
459
459
875
875
875
103
549
549
182
182
182
182
458
458
458
458
458
458
458
348
391
789
783
562
562
562
562
562
138
65
65
65
319
633
633
706
706
706
706
706
706
706
63
63
63
63
63
63
63
63
689
689
689
689
689
689
689
904
904
904
904
904
235
235
620
620
620
620
620
665
622
622
122
372
971
971
971
32
32
32
32
32
32
32
32
32
32
32
32
32
32
918
918
918
918
918
918
918
918
918
918
918
918
49
49
49
49
49
96
862
39
39
39
39
39
76
76
76
76
809
809
809
364
98
615
615
61
61
61
61
61
322
109
894
894
894
894
894
894
894
160
375
216
331
400
800
316
412
485
485
485
485
485
485
775
356
677
720
720
807
135
135
135
51
553
553
553
553
553
553
553
553
553
553
553
553
553
553
553
553
553
553
237
792
515
515
515
515
515
515
515
607
607
607
607
607
607
607
607
607
1003
480
164
199
651
166
531
455
7
882
882
723
502
12
902
938
724
454
8
652
653
202
939
16
4
963
165
231
5
655
844
213
893
9
11
767
964
200
900
900
194
194
194
907
907
195
195
195
442
443
1004
1004
840
840
445
887
887
446
488
594
594
594
595
595
595
644
644
912
912
912
636
636
645
645
637
637
523
523
226
226
226
920
753
753
753
161
161
754
754
754
866
866
913
913
162
162
755
755
755
914
914
953
953
953
953
953
978
978
752
752
752
824
824
825
825
