2
3
4
5
6
7
8
9
10
11
12
13
14
15
16
17
18
19
20
21
22
23
24
25
26
27
28
29
30
31
32
33
34
35
37
38
39
40
41
42
43
45
46
47
49
50
51
52
53
54
55
56
57
58
59
60
61
63
64
65
66
67
68
69
70
71
72
73
74
75
76
77
78
79
80
81
82
83
84
85
86
87
88
89
90
91
92
93
94
95
96
97
98
99
100
101
102
103
104
105
106
107
108
109
111
112
113
114
115
116
117
118
119
120
121
122
123
124
125
126
127
128
129
130
131
132
133
134
135
136
138
139
140
141
142
143
144
145
146
147
148
149
150
151
152
153
154
155
156
157
159
160
161
162
163
164
165
166
167
168
169
170
171
172
173
174
175
176
177
178
179
180
181
182
183
184
185
186
187
188
189
190
191
192
193
194
195
196
197
198
199
200
201
202
203
204
205
206
207
208
209
210
211
212
213
214
215
217
218
219
220
221
222
223
224
225
226
227
228
229
230
231
232
233
234
235
236
237
238
239
240
241
242
243
244
245
246
247
248
249
250
251
252
253
254
255
256
257
258
259
260
261
262
263
264
265
266
267
268
269
270
271
272
273
274
275
276
277
278
279
280
281
282
283
284
285
286
287
288
289
290
291
292
293
294
295
296
297
298
299
300
301
302
303
304
305
306
307
308
311
313
314
315
316
317
318
319
320
321
322
323
324
325
326
327
328
329
330
331
332
333
334
335
336
337
338
339
340
341
342
343
344
345
346
347
348
349
350
351
352
353
354
355
356
358
359
360
361
362
364
365
366
367
368
369
370
371
372
373
374
375
376
377
378
379
380
381
382
383
384
385
386
387
388
389
390
391
392
393
394
395
396
397
398
399
400
401
402
403
404
405
407
408
409
410
411
412
413
414
415
416
417
418
419
420
421
422
423
424
425
426
427
428
429
430
431
432
433
434
435
436
437
438
439
440
441
442
443
444
445
446
447
448
449
450
451
452
453
454
455
456
457
458
459
460
461
462
463
464
465
466
467
468
469
470
471
472
473
474
475
476
477
478
479
480
481
482
483
484
485
486
487
488
489
490
491
492
493
494
495
496
497
498
499
500
501
502
503
504
505
506
507
508
509
510
511
512
513
514
515
516
517
518
519
520
521
522
523
525
526
527
528
529
530
531
532
533
534
535
536
537
538
539
540
541
542
543
544
545
546
547
548
549
550
551
552
553
554
555
556
557
558
559
560
561
562
563
564
565
566
567
568
569
570
571
572
573
574
575
576
577
578
579
580
581
582
583
584
585
586
587
588
589
590
591
592
593
594
595
596
597
598
599
600
601
602
603
604
605
606
607
608
609
610
611
612
613
614
615
616
617
618
619
620
621
622
623
624
625
626
627
628
629
630
631
632
633
634
635
636
637
638
639
640
641
642
643
644
645
646
647
648
649
650
651
652
653
654
655
656
657
658
659
660
661
662
663
664
665
666
667
668
669
670
671
672
673
674
675
676
677
678
679
680
681
682
683
684
685
686
687
688
689
690
691
692
693
694
695
696
697
698
699
700
701
702
703
704
705
706
707
708
709
710
711
712
713
714
715
716
717
718
719
720
721
722
723
724
725
726
605
728
604
603
602
529
528
735
736
737
738
739
740
741
742
743
744
745
746
747
748
749
750
751
752
753
754
755
756
757
758
759
760
761
762
763
764
765
766
767
768
769
770
771
772
773
774
775
776
777
778
779
780
781
782
783
784
785
786
787
788
789
790
791
792
793
794
795
796
797
798
799
800
801
802
803
804
805
806
807
808
809
810
811
812
813
814
815
816
817
818
819
820
821
822
823
824
825
826
827
828
829
830
831
832
833
834
835
836
837
838
839
840
841
842
843
844
845
846
847
848
849
850
851
852
853
854
855
856
857
858
859
860
861
862
863
864
865
866
867
868
869
870
871
872
873
874
875
876
877
878
879
880
881
882
883
884
885
886
887
888
889
890
891
892
893
894
895
896
897
898
899
900
901
902
903
904
905
906
907
908
909
910
911
912
913
914
915
916
917
918
919
920
921
922
923
924
925
926
927
928
929
930
931
932
933
934
935
936
937
938
939
940
941
942
943
944
945
946
947
948
949
950
951
952
953
954
955
956
957
958
959
960
961
962
963
964
965
966
967
968
969
970
971
972
973
974
975
976
977
978
979
980
981
982
983
984
985
986
987
988
989
990
991
992
993
994
995
996
997
998
999
1000
1001
1002
1003
1004
1005
1006
1007
1008
1009
1010
1011
1012
1013
1014
1015
1016
1017
1018
1019
1020
1021
1022
1023
1024
1025
1026
1027
1028
1029
1030
1031
1032
1033
1034
1035
1036
1037
1038
1039
1040
1041
1042
1043
1044
1045
1046
1047
1048
1049
1050
1051
1052
1053
1054
1055
1056
1057
1058
1059
1060
1061
1062
346
469
469
525
414
407
469
483
796
762
770
765
776
775
768
164
438
346
552
914
271
272
603
605
660
607
698
609
626
8
525
525
772
571
332
333
337
1041
334
335
338
336
1031
316
315
321
322
697
371
525
772
943
127
121
126
848
705
53
54
548
748
747
835
774
218
220
443
441
1000
416
419
566
777
335
322
206
203
566
282
276
705
278
989
815
266
990
788
680
699
791
602
600
283
258
262
263
260
261
760
270
917
442
547
603
662
933
605
697
698
681
626
932
664
902
902
525
314
1023
1023
906
1000
894
995
941
838
837
881
880
882
832
833
879
543
720
724
942
662
605
697
722
876
932
664
603
933
726
698
681
626
902
902
525
569
977
956
346
1030
908
567
942
876
971
989
934
411
878
945
433
410
408
848
602
944
409
902
831
514
515
395
355
346
760
456
460
905
906
926
257
612
643
998
480
647
479
695
989
416
476
477
530
697
1055
57
971
267
981
431
907
927
910
905
903
914
915
911
928
923
904
913
917
916
912
924
919
929
544
697
904
397
398
371
370
366
365
649
998
645
989
1045
1046
271
272
270
546
1044
392
582
1041
1031
909
908
618
904
919
971
989
934
411
953
945
410
408
602
944
409
902
762
832
417
415
840
1023
833
859
806
765
761
766
545
536
539
504
502
503
501
574
531
572
572
369
366
367
368
349
575
1008
353
997
352
98
99
88
92
89
902
346
418
352
457
976
905
346
440
816
796
818
936
622
989
931
418
416
419
760
53
52
443
512
966
504
416
501
502
503
507
417
415
419
505
816
822
762
761
775
768
567
571
603
662
605
681
664
902
902
525
526
271
272
270
813
806
761
767
7
12
5
6
13
769
937
317
323
318
320
319
314
835
534
835
533
557
920
741
738
737
236
234
235
237
390
391
394
976
371
365
564
781
769
764
774
763
773
772
775
768
856
855
832
839
834
835
346
834
835
953
954
697
625
989
904
914
915
1052
1010
995
452
518
794
806
941
989
600
453
418
416
427
422
419
423
426
513
760
580
782
762
764
763
772
775
768
527
484
485
578
393
390
391
948
834
835
418
655
463
651
989
1027
764
777
691
627
989
653
833
579
834
208
550
977
956
346
966
838
532
556
603
662
605
664
370
366
365
902
402
525
992
439
993
446
905
424
705
989
420
421
419
125
120
119
126
73
72
539
816
810
274
258
260
270
906
77
71
691
1035
631
651
436
653
989
1036
1028
1029
176
784
1033
1034
1032
903
425
418
101
1000
1010
995
452
793
806
941
989
600
453
418
416
427
422
419
426
760
581
540
913
835
563
832
906
919
760
491
482
296
295
300
552
813
762
773
775
346
346
432
905
274
760
176
530
705
989
420
421
419
769
765
768
906
697
935
934
989
314
525
538
585
918
768
576
390
391
394
976
365
101
918
418
433
905
491
492
482
750
749
743
738
737
832
548
418
583
390
346
346
897
994
680
620
625
602
713
989
420
418
421
422
427
419
423
902
475
490
500
471
836
97
933
932
91
93
92
902
902
525
966
419
426
797
418
416
427
760
906
53
52
859
591
775
512
966
504
506
502
416
503
501
507
417
419
505
577
602
989
518
152
151
528
604
989
314
534
762
772
775
768
835
23
943
24
7
14
15
17
16
192
1028
903
1024
582
570
588
913
537
397
371
554
1042
1043
903
808
602
989
418
419
346
346
760
565
173
823
461
697
936
981
904
905
910
178
178
22
14
15
17
16
811
804
762
769
774
772
494
579
96
937
902
553
229
255
222
223
783
785
541
518
152
151
603
662
605
681
698
626
664
615
902
81
525
904
525
209
561
662
605
330
932
664
603
933
628
331
681
654
698
630
626
619
615
323
316
315
324
314
902
340
525
342
603
605
660
607
698
609
626
90
525
525
535
464
456
905
903
906
475
550
568
195
177
165
164
171
60
916
1008
933
21
932
11
9
10
902
902
525
603
662
605
698
626
664
151
902
500
525
414
449
905
23
943
24
7
14
15
6
17
16
548
464
905
903
906
392
371
926
114
124
273
974
353
352
456
673
458
725
989
1057
594
437
356
1002
442
1052
346
998
487
488
492
482
589
314
1039
1039
568
614
1047
1049
989
903
1045
942
437
997
352
442
98
99
88
89
902
346
558
769
770
765
766
697
991
604
989
904
903
164
163
584
160
169
168
272
544
602
989
419
574
573
1028
308
307
296
289
295
290
294
527
942
954
876
971
989
934
411
953
878
945
691
433
410
408
436
602
944
692
409
902
831
897
272
701
673
989
348
350
349
347
760
563
802
813
804
762
769
770
775
767
291
293
292
290
294
498
494
495
416
783
785
577
536
145
418
416
133
131
937
125
114
121
124
977
352
346
657
904
194
177
164
167
178
175
199
395
697
935
989
38
140
424
416
1060
1058
903
789
59
771
770
49
603
662
750
753
698
626
664
746
739
745
738
740
525
271
274
760
633
456
989
1040
141
813
773
775
346
346
977
353
352
433
979
905
346
1003
535
332
333
1041
334
335
338
336
1031
316
315
321
322
457
905
346
445
905
190
165
164
163
176
166
169
161
168
162
581
143
266
269
258
456
905
242
697
935
934
122
121
590
551
575
273
51
53
50
549
416
796
458
418
760
584
914
592
989
450
551
977
903
911
257
977
390
392
371
564
765
768
549
886
888
885
887
80
79
74
71
483
375
371
369
368
392
371
401
397
697
781
375
989
371
370
365
443
519
416
516
415
514
515
573
443
895
888
891
887
889
879
879
858
839
346
942
954
455
620
904
838
683
489
673
999
989
416
419
482
1000
603
933
605
688
660
607
698
609
626
932
122
117
121
116
115
113
123
118
124
902
525
134
680
673
585
775
172
140
565
444
905
588
977
390
355
352
392
371
346
170
263
902
220
231
580
360
359
749
753
673
754
525
586
977
390
355
352
392
371
346
719
723
721
691
697
627
620
602
989
653
832
833
837
834
836
835
902
884
203
674
306
698
668
626
305
296
293
301
292
298
295
297
525
749
668
742
737
525
560
818
998
693
659
989
416
415
419
760
683
705
489
680
493
989
420
416
421
419
482
490
433
1052
317
318
418
532
882
880
881
241
240
233
218
234
237
533
558
583
795
1056
912
589
233
234
887
591
471
587
332
333
337
334
338
1041
335
336
1031
316
315
321
322
554
1005
444
430
982
456
971
673
725
983
1054
993
953
433
1053
907
923
927
904
913
905
903
912
915
906
928
977
543
766
578
915
352
456
457
346
20
937
6
902
553
769
765
768
705
56
697
725
781
907
927
905
910
920
914
908
911
915
906
904
909
913
926
916
912
922
921
525
257
831
1019
49
1039
1044
1051
1021
1023
414
916
49
586
555
561
942
314
414
935
934
14
8
767
978
353
352
458
657
941
980
977
355
433
457
979
598
905
903
920
915
923
904
917
346
977
465
905
906
572
796
974
818
989
816
440
594
447
1002
936
622
931
418
416
419
760
451
673
939
941
923
904
925
905
917
903
915
254
353
352
253
355
218
243
250
249
246
247
245
244
248
346
788
49
542
170
396
370
774
51
53
52
1006
466
905
1039
590
762
772
775
768
418
243
244
350
547
556
977
637
641
639
635
904
529
433
1052
397
371
271
272
962
332
333
337
1041
334
335
338
336
1031
316
315
321
322
314
933
971
42
932
38
348
776
573
557
603
662
605
681
664
615
525
905
414
697
781
904
903
697
625
629
989
1025
1029
1026
903
503
537
87
88
89
95
94
437
923
905
903
346
697
604
989
904
906
620
989
513
513
977
390
355
352
392
371
346
541
942
455
352
346
71
200
162
202
1052
396
394
371
365
902
1051
576
765
839
418
816
790
810
844
843
760
620
673
939
454
941
923
904
925
905
917
903
915
977
353
352
923
346
559
562
490
282
276
705
278
711
673
989
60
990
266
280
258
259
262
263
260
261
760
270
58
801
803
762
771
770
765
766
768
545
587
863
824
324
760
538
1057
433
1052
744
172
426
542
222
223
146
143
141
977
346
896
997
320
319
314
222
219
223
221
220
242
231
540
569
795
763
855
832
839
835
346
1028
433
913
905
529
625
525
473
717
715
709
989
416
472
438
354
352
948
910
905
903
346
697
934
989
38
929
807
602
989
418
419
346
760
348
349
395
355
392
371
346
418
371
902
659
299
525
902
560
953
429
987
697
988
267
986
904
905
910
903
914
911
924
173
720
724
603
726
750
749
698
722
668
626
525
525
352
457
905
346
346
754
917
942
596
450
904
918
352
457
905
346
770
765
766
555
392
371
924
462
923
905
903
912
531
602
707
51
53
52
54
525
207
906
1051
562
271
546
570
767
528
526
160
166
168
355
352
250
244
246
248
789
425
559
484
485
765
627
989
903
915
844
796
818
805
799
812
816
811
814
791
931
839
833
417
834
835
840
760
347
773
23
943
7
14
6
17
16
603
662
605
681
664
615
902
402
525
107
346
902
270
902
1039
884
231
513
513
1044
482
902
1051
902
902
482
242
1023
469
469
902
525
49
525
525
1023
760
414
513
735
760
525
1039
257
49
525
270
602
52
762
772
603
605
323
604
989
314
529
603
605
529
603
605
603
605
528
219
528
602
989
419
602
989
833
762
772
603
605
603
605
603
605
603
605
165
169
603
605
603
602
989
602
989
263
603
745
602
989
603
605
122
117
116
603
605
994
602
989
953
602
989
603
605
602
989
419
604
989
602
989
419
604
989
602
989
419
