1
2
2
2
2
2
2
6
1
10
10
10
10
10
10
10
10
10
10
10
10
10
10
10
10
10
10
10
29
29
31
1
33
33
33
33
33
33
33
33
33
33
33
33
33
33
33
33
33
33
33
33
33
33
33
33
33
33
33
33
33
62
62
62
62
62
62
62
62
62
62
62
62
1
75
75
75
75
75
75
75
75
75
75
75
75
75
75
75
75
75
75
75
75
75
75
75
75
75
75
75
75
75
75
75
75
75
75
75
75
75
75
75
75
75
75
75
75
75
75
75
75
75
75
75
75
75
75
75
75
75
75
75
75
75
75
75
75
75
75
75
75
75
75
75
75
75
75
75
75
75
75
75
75
75
75
75
75
75
75
75
75
75
75
75
75
75
75
75
75
75
75
75
75
75
75
75
75
75
75
75
75
104
184
106
186
131
188
190
190
190
190
190
190
75
197
197
197
197
197
202
197
204
197
206
75
208
208
208
208
208
208
208
208
208
75
218
220
221
221
221
221
221
221
221
221
221
221
221
221
221
221
221
221
221
221
221
221
221
221
221
221
221
221
221
221
221
221
221
221
221
221
206
204
202
116
42
128
25
25
25
25
25
27
27
108
108
108
108
108
50
50
50
50
50
50
164
135
251
251
251
4
122
72
72
129
53
53
53
112
112
112
112
112
219
219
239
239
239
239
17
142
178
183
56
56
56
56
56
56
143
143
143
143
143
173
162
44
44
44
44
44
111
70
70
48
48
48
48
48
133
133
157
165
114
114
114
114
73
73
139
139
139
19
19
195
132
132
132
123
246
101
101
101
101
101
101
101
154
68
68
68
68
47
47
170
213
240
240
166
118
144
144
152
152
163
121
97
97
119
210
167
185
185
105
105
7
7
182
242
242
52
52
52
52
52
147
243
146
146
171
5
137
137
113
113
113
26
26
26
26
26
26
98
98
46
46
46
46
22
22
22
100
100
247
247
252
252
6
6
6
6
181
181
181
107
107
107
107
107
21
168
106
106
106
106
106
106
238
238
238
238
238
238
238
238
238
238
238
238
238
238
45
45
45
45
145
179
179
179
179
194
194
194
102
172
249
249
249
249
177
99
99
99
99
99
99
99
99
120
161
110
110
110
110
58
61
124
55
55
55
55
55
55
55
55
55
55
151
151
18
174
127
127
245
245
245
126
95
95
95
95
95
71
71
104
104
241
241
115
115
115
54
54
255
158
159
141
169
60
136
136
136
136
153
31
31
31
31
31
125
96
96
248
248
103
156
23
23
23
149
51
160
244
244
244
244
131
131
140
180
180
180
49
49
49
49
109
109
134
138
138
138
138
138
138
138
138
138
138
138
138
138
138
69
69
69
69
3
34
199
199
36
16
16
200
200
12
12
11
11
15
198
198
76
32
9
9
