2
3
4
5
6
7
8
9
10
11
12
13
14
15
16
17
18
19
20
21
22
23
24
25
26
27
28
29
30
31
32
33
34
35
36
37
38
39
40
41
42
43
44
45
46
47
48
49
50
51
52
53
54
55
56
57
58
59
60
61
62
63
64
65
66
67
68
69
70
71
72
73
74
75
76
77
78
79
80
81
82
83
84
85
86
87
88
89
90
91
92
93
94
95
96
97
98
99
100
101
102
103
104
105
106
107
108
109
110
111
112
113
114
115
116
117
118
119
120
121
122
123
124
125
126
127
128
129
130
131
132
133
134
135
136
137
138
139
140
141
142
143
144
145
146
147
148
149
150
151
152
153
154
155
156
157
158
159
160
161
162
163
164
165
166
167
168
169
170
171
172
173
174
175
176
177
178
179
180
181
182
183
184
185
186
187
188
189
191
192
193
194
195
196
197
198
199
200
201
202
203
204
205
206
207
208
209
210
211
212
213
214
215
216
217
218
219
221
222
223
224
225
226
227
228
229
230
231
232
233
234
235
236
237
238
239
240
241
242
243
244
245
246
247
248
249
250
251
252
253
254
255
197
197
197
82
33
82
26
27
16
15
11
16
30
81
82
80
83
94
47
51
48
34
41
38
90
135
254
221
221
2
83
67
63
82
71
36
38
114
115
113
81
80
141
75
241
240
236
230
10
86
92
93
70
57
58
36
41
38
181
87
81
89
86
119
90
36
41
37
38
62
83
66
63
69
36
39
34
37
84
76
85
90
82
76
75
75
67
63
118
146
80
16
13
193
140
137
200
83
247
117
102
110
160
76
75
75
79
64
66
63
65
39
38
90
209
246
232
90
82
87
76
132
208
90
83
100
75
81
209
90
100
75
75
75
50
3
76
244
231
47
48
41
35
38
88
244
88
76
90
3
138
197
90
82
83
23
27
12
15
14
28
101
75
73
36
40
38
26
13
14
101
75
237
234
254
253
53
56
7
3
182
81
80
81
82
80
83
75
22
90
79
90
89
77
93
94
229
230
228
231
232
226
227
223
234
222
225
224
233
235
72
36
40
38
87
143
142
75
75
192
191
193
76
90
252
251
250
221
91
114
102
113
81
80
83
75
75
119
90
111
112
90
83
59
38
83
105
56
115
36
64
66
65
37
75
75
151
148
10
119
130
82
231
232
234
82
128
82
76
75
75
66
63
75
75
244
231
82
75
75
55
75
237
85
85
81
103
38
92
91
85
84
81
53
56
50
28
33
82
97
75
232
222
76
85
24
12
14
148
35
84
230
232
234
233
130
82
81
143
75
75
47
48
41
38
89
84
133
201
118
133
135
146
81
82
80
83
85
199
198
76
197
64
66
63
65
33
33
197
204
62
29
29
197
206
28
28
28
28
28
197
202
75
56
56
3
