1
2
2
2
2
2
2
2
2
2
2
2
2
2
2
2
2
2
2
2
2
2
2
2
2
2
2
2
2
2
2
2
2
2
2
2
2
2
2
2
2
2
2
2
2
2
2
2
2
2
2
2
2
2
2
2
2
2
2
2
2
2
2
2
2
2
2
2
2
2
2
2
2
2
2
2
2
2
2
2
2
2
2
2
2
2
2
2
2
2
23
92
27
94
93
93
93
99
100
100
100
100
100
100
100
100
100
100
100
100
100
100
100
100
100
100
100
100
112
121
114
123
118
125
119
127
120
129
100
131
131
131
131
131
122
99
138
138
138
138
138
138
138
138
138
138
138
138
138
138
138
138
138
138
138
138
138
138
138
138
138
138
138
138
138
138
138
138
138
138
138
138
138
156
176
176
156
179
179
158
182
182
158
185
158
187
138
189
189
189
189
189
189
138
196
138
198
198
198
198
198
204
205
205
205
205
205
205
205
205
205
205
205
205
205
205
205
205
205
205
205
205
205
205
205
205
205
205
205
205
205
205
205
205
205
205
205
205
205
205
205
205
205
205
205
205
205
205
205
205
205
205
205
205
205
205
205
205
205
205
205
205
205
205
205
205
205
205
205
205
205
205
205
205
205
205
205
205
205
205
205
205
222
286
237
288
237
290
237
292
237
294
237
296
239
138
47
47
251
251
251
251
41
79
79
276
88
88
243
253
253
66
278
171
171
171
171
38
38
236
236
236
236
67
242
264
281
254
254
254
254
266
19
19
248
248
248
248
248
248
248
248
248
248
248
248
248
248
255
255
256
256
73
169
169
169
169
193
128
60
60
72
49
49
163
202
202
23
23
61
195
186
186
186
250
59
50
50
89
89
188
283
283
283
56
39
135
135
135
33
33
199
249
249
249
70
70
260
260
91
158
158
158
158
158
158
277
21
21
21
21
21
273
174
297
83
20
166
166
166
166
166
166
166
166
166
166
166
122
175
270
270
270
270
58
84
84
263
36
36
280
37
37
82
64
77
77
113
113
113
93
93
87
87
247
247
261
261
13
274
160
160
160
160
160
160
272
272
71
71
164
164
164
164
282
57
57
68
68
200
200
246
246
246
246
246
246
246
167
167
167
167
167
167
167
167
167
167
269
159
159
159
159
159
159
159
159
16
44
44
268
237
237
74
74
35
35
85
85
284
14
14
14
14
22
22
191
259
259
81
24
24
24
24
24
34
34
17
165
165
165
165
165
165
51
51
114
233
233
233
233
233
233
233
233
233
233
233
233
233
233
233
12
11
11
11
11
11
232
162
162
162
162
162
162
108
108
42
42
32
32
55
279
48
31
31
95
170
173
119
119
119
40
65
240
240
240
240
240
285
201
201
203
203
155
275
275
118
156
156
156
156
192
76
76
134
134
239
239
239
267
258
258
258
258
258
241
241
241
241
53
53
43
63
117
117
117
257
257
257
257
54
244
69
69
136
62
62
271
271
197
265
18
18
110
110
45
45
120
120
245
238
28
28
112
112
112
262
27
111
111
30
30
161
26
26
168
168
168
168
52
52
78
78
172
80
80
46
46
90
15
194
75
75
145
149
106
106
216
298
137
