2
3
4
5
6
7
8
9
10
11
12
13
14
15
16
17
18
19
20
21
22
23
24
25
26
27
28
29
30
31
32
33
34
35
36
37
38
39
40
41
42
43
44
45
46
47
48
49
50
51
52
53
54
55
56
57
58
59
60
61
62
63
64
65
66
67
68
69
70
71
72
73
74
75
76
77
78
79
80
81
82
83
84
85
86
87
88
89
90
91
92
93
94
95
96
97
98
100
101
102
103
104
105
106
107
108
109
110
111
112
113
114
115
116
117
118
119
120
121
122
123
124
125
126
127
128
129
130
131
132
133
134
135
136
137
138
139
140
141
142
143
144
145
146
147
148
149
150
151
152
153
154
155
156
157
158
159
160
161
162
163
164
165
166
167
168
169
170
171
172
173
174
175
176
177
178
179
180
181
182
183
184
185
186
187
188
189
190
191
192
193
194
195
196
197
198
199
200
201
202
203
205
206
207
208
209
210
211
212
213
214
215
216
217
218
219
220
221
222
223
224
225
226
227
228
229
230
231
232
233
234
235
236
237
238
239
240
241
242
243
244
245
246
247
248
249
250
251
252
253
254
255
256
257
258
259
260
261
262
263
264
265
266
267
268
269
270
271
272
273
274
275
276
277
278
279
280
281
282
283
284
285
286
287
288
289
290
291
292
293
294
295
296
297
298
100
10
6
73
207
216
218
6
10
6
217
10
6
213
213
212
6
222
192
193
145
189
10
6
14
16
238
237
68
213
213
218
17
213
214
212
213
10
6
234
235
56
57
253
252
213
206
219
207
216
218
221
212
213
207
257
213
6
160
120
165
154
190
114
10
6
6
10
6
147
162
110
6
205
6
190
141
198
196
218
6
10
6
10
6
117
13
213
216
6
6
136
109
132
10
6
110
213
210
212
10
6
257
212
6
141
142
153
143
146
152
211
22
23
5
6
205
213
154
243
6
21
192
194
167
145
140
147
148
139
150
149
189
115
151
271
244
33
216
6
10
6
225
10
6
226
10
6
6
6
10
6
114
101
104
25
24
10
6
251
213
207
214
6
218
194
140
145
139
144
189
213
207
10
6
160
118
165
154
213
4
6
10
6
162
110
39
250
249
207
228
216
221
192
194
195
145
140
142
141
139
144
189
221
160
194
145
151
153
143
146
189
6
10
6
221
222
208
75
6
10
6
10
6
227
15
9
4
7
25
6
190
207
212
6
268
23
24
4
205
10
6
6
192
194
167
166
145
189
10
6
116
15
216
210
226
227
223
224
209
215
225
207
217
222
208
2
6
10
8
6
7
138
205
194
140
145
139
144
189
103
102
10
6
10
6
6
224
49
10
6
29
151
152
103
101
104
6
6
245
206
219
207
221
215
162
110
162
110
138
216
2
104
141
151
143
152
190
10
6
132
133
244
213
212
221
40
207
216
210
221
247
246
207
220
10
6
6
6
114
101
104
258
206
207
220
6
248
10
6
131
10
6
231
218
111
212
10
6
134
106
10
6
101
102
218
210
29
6
107
101
105
214
6
113
112
10
6
154
28
27
160
119
165
154
10
6
10
6
147
10
6
10
6
6
6
190
10
6
189
157
131
131
2
207
101
