2
3
4
5
6
7
8
9
10
11
12
13
14
15
16
17
18
19
20
21
22
23
24
25
26
27
28
29
30
31
32
33
34
35
36
37
38
39
40
41
27
43
44
45
46
47
48
49
50
51
52
53
54
55
56
57
58
59
60
61
62
63
64
65
66
67
68
69
70
71
72
73
74
75
76
77
78
79
80
81
82
83
84
85
86
87
88
89
90
91
92
93
94
95
96
97
98
99
100
101
102
103
104
105
106
52
108
109
110
111
112
113
114
115
116
117
118
119
120
121
122
123
124
125
126
127
128
129
130
131
132
133
134
135
136
137
138
139
140
141
142
143
144
145
146
147
148
149
150
151
152
153
154
155
156
157
158
159
160
161
162
163
164
165
166
167
168
169
170
171
172
173
174
175
176
177
178
179
180
181
182
183
149
185
186
187
188
189
190
191
192
193
194
195
196
197
198
199
200
201
202
203
204
205
206
207
208
209
210
211
212
213
214
215
216
217
218
219
220
221
222
223
224
225
226
227
228
229
230
231
232
233
234
235
236
223
238
239
240
241
242
243
244
245
246
247
248
249
250
251
252
253
254
255
256
257
258
259
260
261
262
263
264
265
266
267
268
269
270
271
272
273
274
275
276
277
278
279
280
281
282
283
284
285
286
287
288
289
290
291
292
293
294
295
296
297
298
299
300
301
302
303
304
305
306
307
308
309
310
311
312
313
314
315
316
317
318
319
320
321
322
323
324
325
326
327
328
329
330
331
332
333
334
335
336
337
338
339
340
341
342
343
344
345
346
347
348
349
350
351
352
353
354
355
356
357
358
359
360
361
362
363
364
365
366
367
368
369
370
371
372
373
374
375
376
377
378
379
380
381
244
383
384
385
386
387
388
389
390
391
392
393
394
395
396
397
398
399
400
401
402
403
404
405
406
407
408
409
410
411
412
413
414
415
416
417
418
419
420
421
422
423
424
425
426
427
428
429
430
431
432
433
434
435
436
437
438
439
440
441
442
443
444
445
446
447
448
449
450
451
452
453
454
455
456
457
458
459
460
461
462
463
464
465
466
467
468
469
470
471
472
473
474
475
476
477
478
479
480
481
482
483
484
485
486
487
488
489
490
491
492
493
494
495
496
497
498
499
500
501
502
503
504
505
506
507
508
509
510
511
512
513
514
387
516
517
518
519
520
521
522
523
524
525
526
527
528
529
530
531
532
533
534
535
536
537
538
539
540
541
542
543
544
545
546
547
548
549
550
551
552
553
554
555
556
557
558
559
560
561
562
563
564
565
566
567
568
569
570
571
572
573
574
575
576
577
578
219
219
185
219
185
202
192
191
189
314
315
190
200
243
291
3
220
185
185
137
79
385
386
387
383
137
79
385
386
387
383
137
79
385
386
387
383
52
385
386
387
390
384
388
158
18
4
9
3
185
92
43
117
111
119
381
380
541
197
189
240
243
137
119
117
111
112
119
108
220
232
118
120
137
79
385
386
387
383
541
125
113
137
385
383
185
137
79
385
386
387
383
52
149
22
385
386
387
390
384
388
108
93
140
86
89
61
50
48
43
137
79
385
386
387
383
383
528
517
185
541
118
517
137
79
385
386
387
383
192
189
196
330
243
316
533
541
220
577
573
542
185
213
137
385
383
192
189
194
204
205
243
14
15
27
236
220
207
241
90
140
73
50
48
119
43
137
119
137
385
383
386
383
185
119
248
191
189
314
190
241
243
291
89
50
383
137
79
385
386
387
383
189
194
204
205
193
206
243
172
185
17
15
27
137
79
385
386
387
383
329
574
542
367
137
385
386
11
120
119
137
79
385
386
387
383
137
79
385
386
387
383
137
79
385
386
387
383
117
118
120
119
2
189
194
193
243
203
243
23
52
149
385
386
387
384
389
108
137
385
383
341
189
243
332
137
79
385
386
387
383
137
119
142
234
158
6
9
185
20
232
118
120
383
137
385
386
216
217
146
385
390
384
137
81
385
386
387
384
137
385
383
389
158
9
5
189
368
243
356
54
140
50
48
43
185
137
79
385
386
387
383
172
174
173
170
171
108
137
119
12
27
386
541
26
171
137
79
385
386
387
383
137
79
385
386
387
383
79
386
387
383
383
14
12
242
241
244
243
239
137
79
385
386
387
383
137
114
119
49
50
48
108
192
240
243
523
186
530
518
185
541
137
79
385
386
387
383
220
204
243
192
354
198
189
204
199
196
205
243
343
533
187
158
50
48
3
43
185
119
137
385
386
393
119
16
15
27
158
9
185
185
92
43
137
385
383
137
79
385
386
387
383
541
185
187
188
15
241
244
541
167
311
54
50
137
119
538
528
533
185
367
50
43
383
137
79
385
386
387
383
119
187
208
242
241
79
386
387
383
383
20
232
118
120
329
518
311
312
27
26
25
88
86
89
50
43
118
119
174
118
137
79
385
386
387
383
192
354
189
204
205
203
206
243
343
137
385
386
383
137
79
385
386
387
383
192
194
243
206
243
118
383
383
9
108
192
16
12
15
27
185
137
385
383
119
54
50
187
208
242
241
149
22
385
386
387
390
384
388
137
385
383
250
287
79
386
387
383
187
86
87
50
48
119
43
185
49
386
383
185
541
185
140
19
20
158
18
9
3
185
92
43
137
79
385
386
387
383
137
79
385
386
387
383
158
9
536
572
529
518
532
541
137
81
385
386
387
541
213
137
119
137
152
385
388
389
86
87
137
79
385
386
387
383
50
192
191
341
189
195
190
241
243
332
17
27
23
52
149
385
386
387
390
384
389
108
541
137
79
385
386
387
383
137
81
385
386
387
137
79
385
386
387
383
158
9
3
192
201
191
189
314
315
190
203
243
291
49
191
137
385
383
192
198
191
189
190
368
241
243
356
137
79
385
386
387
383
340
531
518
541
541
89
50
140
19
20
158
18
4
9
3
137
79
385
386
387
383
575
542
541
192
189
194
243
137
79
385
386
387
383
340
112
108
202
192
189
314
243
291
242
137
385
386
383
383
16
27
383
137
79
385
386
387
383
137
385
386
393
119
137
79
385
386
387
383
170
108
236
220
209
243
137
385
386
137
79
385
386
387
383
383
383
137
79
385
386
387
383
137
385
383
79
386
387
383
79
386
387
383
17
23
14
198
189
15
206
27
185
137
79
385
386
387
383
50
185
196
243
137
149
142
125
232
385
393
388
119
108
137
385
383
185
79
386
387
383
312
137
79
385
386
387
383
137
79
385
386
387
383
185
158
18
4
9
3
185
92
43
59
80
56
239
43
137
119
187
13
137
20
120
185
137
81
385
386
387
384
93
192
354
187
198
189
242
243
343
158
9
8
43
92
43
137
385
383
131
89
50
137
125
119
192
189
330
195
243
316
20
234
232
7
9
43
43
137
385
383
542
189
199
240
243
137
79
385
386
387
383
575
542
541
185
89
50
54
50
140
88
86
89
50
48
43
185
541
79
386
387
383
191
189
190
241
243
287
214
50
48
43
213
137
79
385
386
387
383
79
386
387
383
50
236
220
23
209
243
244
187
86
87
50
48
119
43
185
137
79
385
386
387
383
528
533
185
541
137
81
385
386
387
384
185
185
192
354
198
189
199
243
343
169
169
119
173
541
185
137
385
386
384
120
2
185
578
542
576
542
187
13
27
185
542
137
385
383
50
137
385
383
137
385
383
67
43
353
79
386
387
383
140
88
86
89
87
50
48
43
193
240
243
54
50
185
185
185
137
385
386
393
119
383
383
541
185
137
385
386
393
119
137
79
385
386
387
383
541
23
52
149
385
386
387
384
389
185
137
385
383
119
108
137
385
383
137
79
385
386
387
383
14
16
198
189
15
206
27
185
527
528
517
185
137
385
383
137
119
137
385
383
62
89
84
65
202
243
137
79
385
386
387
383
83
85
84
47
50
46
216
217
43
215
541
137
385
386
82
91
50
137
114
119
172
174
173
170
171
14
15
27
69
50
43
386
383
197
192
189
196
330
243
316
50
353
88
86
89
50
43
88
86
50
137
385
383
187
12
27
185
185
117
110
189
193
240
243
137
81
385
386
387
384
137
79
385
386
387
383
185
108
43
108
2
182
182
215
185
2
215
185
2
108
541
43
185
43
108
