1
2
3
4
5
7
8
8
8
8
13
13
13
13
13
14
15
15
17
19
20
20
21
24
25
26
27
5
30
31
31
31
31
31
31
31
31
31
31
31
31
31
31
31
46
45
45
45
45
44
43
43
43
41
41
40
59
60
60
60
60
60
60
60
60
60
60
60
60
60
60
60
60
60
60
60
60
60
60
60
60
60
60
60
60
60
60
60
60
60
60
60
60
60
60
60
60
60
101
101
101
101
60
106
106
106
110
111
112
113
114
115
116
117
118
119
120
121
78
123
124
125
126
127
128
129
130
131
132
133
134
135
136
137
138
138
138
138
138
143
145
146
146
146
146
146
150
152
150
150
156
157
157
157
157
157
157
143
143
143
167
168
168
168
168
168
168
168
168
168
168
168
168
168
168
168
168
168
179
187
188
188
188
188
188
188
188
188
188
156
198
198
198
198
198
198
198
198
198
207
207
7
210
210
210
210
210
210
210
210
216
216
216
216
216
216
216
216
216
229
230
231
231
231
231
231
143
238
239
240
241
241
5
245
246
246
249
249
249
1
250
251
252
5
255
256
256
256
256
3
255
262
263
264
5
137
267
267
267
267
267
143
245
274
274
274
274
274
278
280
191
156
283
283
283
283
143
143
290
291
291
291
291
294
297
298
298
298
298
298
298
298
298
298
298
298
298
298
298
298
298
298
298
312
317
312
319
315
315
315
315
316
316
316
316
315
316
316
315
316
315
316
315
316
315
315
315
315
315
315
315
315
346
347
348
349
5
352
353
353
353
353
143
175
177
150
150
12
12
12
42
42
42
42
42
76
76
76
76
96
96
96
96
96
149
311
95
95
95
95
95
139
148
148
77
77
77
77
260
174
174
357
192
192
192
192
192
192
248
195
236
87
87
87
87
87
268
44
97
97
97
97
97
277
180
180
180
180
180
180
217
217
278
278
278
108
185
178
184
73
73
73
73
73
93
93
93
93
93
78
78
78
78
86
86
86
86
86
200
38
38
41
41
41
41
41
89
89
89
89
89
315
315
315
315
79
79
79
79
79
45
45
216
216
216
216
216
216
82
82
82
82
82
199
190
194
84
84
84
84
84
88
88
88
88
88
109
176
173
173
173
17
92
92
92
92
92
163
310
310
310
310
310
75
75
75
75
90
90
90
90
90
312
312
312
312
94
94
94
94
94
293
316
316
316
316
316
91
91
91
91
91
43
43
43
43
43
243
197
205
205
205
85
85
85
85
85
99
99
99
99
99
99
171
294
83
83
83
83
83
191
191
191
191
191
80
80
80
80
80
259
179
74
74
74
295
104
104
81
81
81
81
81
313
313
105
105
218
40
322
324
331
331
331
333
335
339
342
343
221
222
223
122
122
325
52
53
54
56
57
49
296
338
340
