1
2
2
2
2
7
2
9
6
11
12
12
12
12
12
12
12
12
12
12
22
22
22
12
26
26
26
30
17
18
19
12
1
35
35
35
35
35
35
35
35
35
35
35
35
46
1
49
49
49
49
49
49
49
49
49
49
49
11
61
61
61
61
61
61
61
61
61
61
61
61
61
61
61
61
61
78
78
78
78
61
83
83
83
83
83
83
83
83
83
83
94
94
61
97
97
97
97
97
74
11
104
104
104
104
104
104
104
104
104
104
104
104
104
104
104
104
104
104
104
104
104
104
104
104
104
104
104
104
104
104
104
104
104
104
104
104
104
104
104
104
104
145
145
113
149
150
150
150
150
150
150
150
150
150
150
150
150
150
150
150
150
150
150
150
150
150
150
150
150
150
150
150
150
166
179
168
181
158
183
172
185
175
187
187
187
187
187
193
193
193
177
197
178
199
199
150
202
202
202
202
202
202
202
210
198
1
212
212
212
212
212
212
212
212
212
212
212
212
212
212
212
212
212
212
212
212
233
6
235
6
237
237
238
212
212
212
242
5
126
226
227
135
226
113
250
251
251
253
255
256
256
256
256
256
256
256
256
256
256
256
256
256
256
256
256
256
256
256
256
256
256
256
256
256
256
256
256
256
256
256
256
256
256
256
256
256
256
256
256
256
256
256
256
256
256
256
256
256
256
256
256
256
256
256
256
256
256
256
256
256
256
256
263
320
256
322
322
322
274
326
256
328
328
256
331
331
331
331
275
336
336
276
339
339
277
342
342
345
278
347
347
279
350
282
352
284
354
286
356
256
358
358
358
358
362
362
362
362
364
367
358
369
369
369
369
369
369
297
376
298
378
256
380
256
382
382
256
385
385
385
385
385
256
391
256
393
256
395
395
256
398
398
398
398
403
11
404
11
406
406
406
406
406
406
406
406
406
415
415
415
406
419
419
419
419
419
425
17
18
406
1
429
429
429
429
429
429
429
429
429
429
429
434
441
434
443
445
44
12
406
406
393
2
391
369
415
26
212
362
419
296
296
296
45
45
41
41
223
223
223
283
283
283
120
120
120
126
131
180
180
180
180
117
117
117
76
351
14
139
77
77
92
169
169
169
318
168
304
439
276
276
402
402
418
226
226
226
226
226
226
226
141
141
141
141
135
135
135
112
112
112
112
112
19
19
19
417
311
81
359
359
359
225
365
21
21
182
423
121
338
128
128
278
278
278
220
220
327
99
437
274
274
274
274
274
147
82
66
66
66
66
232
232
364
434
434
375
375
375
286
4
324
341
125
138
138
138
284
284
140
140
140
207
207
373
373
373
73
116
116
16
54
410
410
115
115
314
143
143
412
412
412
100
306
316
408
161
349
349
349
43
43
96
15
15
310
40
40
305
438
127
127
421
42
42
88
88
88
271
271
271
271
277
277
433
433
68
65
65
275
275
142
165
313
176
6
6
229
229
163
119
119
409
409
159
177
74
74
75
75
5
118
118
178
253
253
253
253
72
72
72
136
279
279
298
298
67
67
67
67
114
114
114
288
172
289
315
17
17
17
24
414
171
171
167
167
167
132
132
44
44
129
129
129
29
29
29
224
86
101
101
101
294
294
294
294
134
134
134
186
69
228
228
228
424
424
424
231
93
355
144
411
291
291
291
291
291
291
291
291
291
291
335
205
205
87
87
87
281
281
71
71
71
280
280
18
18
18
166
357
387
222
222
222
222
222
222
325
325
325
307
89
89
89
130
309
133
133
70
70
70
70
53
53
170
170
295
295
413
413
413
164
80
401
401
123
312
113
319
319
270
201
297
297
230
230
20
282
282
25
388
221
221
221
273
160
124
124
227
227
227
227
227
227
122
122
122
122
137
137
137
137
137
137
162
266
266
265
265
37
37
52
259
157
51
51
267
267
264
264
430
430
260
254
254
254
254
33
33
234
236
446
10
34
240
241
103
242
242
242
242
242
428
31
31
32
32
426
426
426
243
243
243
244
244
245
245
427
427
427
247
248
248
248
249
