1
2
2
2
2
2
2
2
2
2
2
2
2
2
2
2
2
2
2
2
2
2
2
2
2
2
2
2
2
2
2
2
2
2
2
2
2
2
2
2
2
2
2
2
2
2
2
2
2
2
2
2
2
2
2
2
2
2
2
2
2
2
2
2
2
2
2
2
2
2
2
2
2
2
2
2
2
2
2
2
2
83
84
84
84
84
84
84
84
84
84
84
84
84
84
83
98
98
98
98
83
103
103
103
103
103
103
103
103
103
103
103
103
103
103
103
103
103
103
103
103
103
103
103
104
127
127
103
130
130
83
133
133
133
133
133
138
138
138
138
133
143
134
145
135
147
149
150
150
150
150
150
150
150
150
150
150
150
150
150
150
150
150
150
150
150
150
150
150
150
150
150
150
150
150
150
150
150
150
150
150
150
150
150
150
150
150
150
192
193
83
194
194
194
194
194
194
194
194
194
194
194
194
194
194
194
194
194
194
194
194
194
194
194
217
217
217
217
217
217
217
217
217
194
227
227
227
227
227
227
227
227
227
83
237
237
237
237
238
242
242
242
1
246
246
246
246
246
246
246
246
246
246
246
246
246
246
246
246
246
246
246
246
246
246
246
246
246
246
246
246
246
246
246
246
246
246
246
246
246
246
246
246
246
287
287
287
287
287
287
287
287
287
287
287
246
299
299
299
299
299
299
299
299
246
308
308
308
283
275
277
283
308
204
70
70
70
208
208
208
118
118
118
118
118
118
118
118
267
267
234
234
234
234
234
73
73
73
73
181
137
187
74
76
207
171
304
304
270
226
115
216
121
121
121
153
185
64
64
116
67
67
67
67
202
202
202
202
202
112
214
275
275
275
275
275
275
275
275
275
275
79
125
111
111
111
111
111
111
111
183
82
82
82
225
276
276
78
72
161
117
117
117
173
310
177
167
124
124
124
124
124
303
303
282
282
282
65
65
65
273
273
273
175
80
80
81
81
261
69
69
69
272
272
272
120
120
120
120
123
123
123
126
157
271
271
271
271
271
271
271
271
271
271
271
271
179
209
209
209
209
235
235
235
262
213
213
213
169
66
66
66
66
66
66
66
66
66
66
66
66
66
66
66
66
66
66
66
66
66
66
66
66
66
66
66
66
66
66
66
66
66
66
66
66
66
66
66
66
66
66
66
66
66
66
66
66
66
66
66
66
66
66
66
66
66
283
283
283
283
283
119
119
119
205
277
277
277
277
277
277
277
263
113
122
122
122
122
206
206
206
77
77
305
306
306
306
306
159
203
203
203
266
266
266
266
266
266
266
71
269
269
210
114
264
264
264
264
264
264
264
265
265
265
265
265
265
265
265
265
265
265
265
265
265
265
265
265
265
265
265
265
68
68
68
165
75
163
155
11
11
17
17
43
43
252
3
3
56
56
4
4
22
22
106
7
7
18
18
39
39
47
47
34
34
21
21
260
33
33
44
44
134
6
6
41
41
15
15
238
14
14
42
42
53
53
27
27
135
57
57
10
10
13
13
54
54
8
8
199
199
38
38
9
9
28
28
35
35
104
24
24
50
50
12
12
58
58
45
45
49
49
26
26
19
19
52
52
16
16
32
32
46
46
40
40
23
23
251
51
51
55
55
29
29
25
25
20
20
5
5
48
48
30
30
31
31
36
36
37
37
