2
3
4
5
6
7
8
9
10
11
12
13
14
15
16
17
18
19
20
21
22
23
24
25
26
27
28
29
30
31
32
33
34
35
36
37
38
39
40
41
42
43
44
45
46
47
48
49
50
51
52
53
54
55
56
57
58
59
60
61
62
63
64
65
66
67
68
69
70
71
72
73
74
75
76
77
78
79
80
81
82
84
85
86
87
88
89
90
91
92
93
94
95
96
97
98
99
100
101
102
103
104
105
106
107
108
109
110
111
112
113
114
115
116
117
118
119
120
121
122
123
124
125
126
127
128
129
130
131
132
133
134
135
136
137
138
139
140
141
142
143
144
145
146
147
148
150
151
152
153
154
155
156
157
158
159
160
161
162
163
164
165
166
167
168
169
170
171
172
173
174
175
176
177
178
179
180
181
182
183
184
185
186
187
188
189
190
191
150
151
194
195
196
197
198
199
200
201
202
203
204
205
206
207
208
209
210
211
212
213
214
215
216
217
218
219
220
221
222
223
224
225
226
227
228
229
230
231
232
233
234
235
236
237
238
239
240
241
242
243
244
245
246
247
248
249
250
251
252
253
254
255
256
257
258
259
260
261
262
263
264
265
266
267
268
269
270
271
272
273
274
275
276
277
278
279
280
281
282
283
284
285
286
287
288
289
290
291
292
293
294
295
296
297
298
299
300
301
302
303
304
305
306
307
308
309
310
311
312
313
314
315
299
207
67
65
2
226
235
227
207
131
113
132
117
116
106
110
270
260
229
230
232
233
231
60
62
63
59
182
138
188
59
62
208
172
302
300
256
224
112
226
119
118
109
154
186
2
2
112
76
66
2
2
68
74
4
2
2
107
200
304
268
283
276
258
257
251
253
287
287
74
108
108
106
107
109
105
104
110
184
60
62
63
224
255
253
74
2
162
204
203
109
174
305
178
168
226
75
119
118
109
301
300
286
284
285
66
2
2
260
259
253
176
74
2
62
60
246
67
65
2
280
260
253
113
116
109
105
113
126
109
112
158
269
305
278
258
257
251
252
259
260
255
253
256
180
216
214
213
215
232
233
231
246
211
212
196
170
11
12
17
43
3
58
45
56
4
22
49
7
18
26
19
52
39
47
34
21
16
32
33
46
44
40
6
23
41
15
51
55
14
42
29
53
27
25
20
5
57
48
10
13
54
8
30
31
38
9
36
28
35
37
24
50
2
286
284
258
257
247
114
113
116
208
304
283
250
258
257
251
259
246
107
226
119
118
109
202
208
2
61
59
302
307
301
302
300
160
207
202
2
271
272
278
276
260
256
253
2
74
4
213
107
249
250
248
251
252
299
308
274
273
281
271
282
277
275
310
272
278
279
276
250
252
253
249
254
248
260
256
287
68
69
2
166
60
164
156
2
64
2
64
2
64
308
2
64
2
64
2
64
2
64
130
2
64
2
64
2
64
2
64
2
64
2
64
287
2
64
2
64
143
2
64
2
64
2
64
237
2
64
2
64
2
64
2
64
143
2
64
2
64
2
64
2
64
2
64
2
6
2
64
2
64
2
64
2
64
130
2
64
2
64
2
64
2
64
2
64
2
64
2
64
2
64
2
64
2
64
2
64
2
64
2
64
2
64
299
2
64
2
64
2
64
2
64
2
64
2
64
2
64
2
64
2
64
2
64
2
64
