2
3
4
5
6
7
8
9
10
11
12
13
14
15
16
17
18
19
20
21
22
23
24
25
26
27
28
29
30
31
32
33
34
35
36
37
38
39
40
41
42
43
44
45
46
47
48
49
50
51
52
53
55
56
57
58
59
60
61
62
63
64
65
66
67
68
69
70
71
72
73
74
75
76
77
78
79
80
81
82
83
84
85
86
87
88
89
90
91
92
93
94
95
96
97
98
99
100
101
102
103
104
105
106
107
108
109
110
111
112
113
114
115
116
117
118
119
120
121
122
123
124
125
126
127
128
129
130
131
132
134
135
136
137
138
139
140
141
142
143
144
145
146
147
148
149
150
151
152
153
154
155
156
157
158
159
160
161
162
163
164
165
166
167
168
169
170
171
172
173
174
175
176
177
178
179
180
181
182
183
184
185
186
187
188
189
190
191
192
193
195
196
197
198
199
200
201
202
203
204
205
206
207
208
209
210
211
212
213
214
215
216
217
218
219
220
221
74
85
209
45
60
44
59
177
73
114
118
113
110
185
189
140
142
144
176
28
29
177
87
189
140
139
176
34
29
61
27
73
15
114
104
217
159
139
50
11
7
4
45
5
29
3
14
27
44
211
212
94
64
143
74
93
76
93
150
145
138
139
135
137
141
28
29
27
218
217
113
104
110
113
190
140
176
86
100
93
158
136
187
87
143
135
144
199
105
28
29
114
104
4
5
3
73
187
46
47
213
145
138
137
189
140
176
185
188
140
142
135
176
140
142
105
86
218
217
143
144
46
27
76
93
189
140
176
110
104
87
94
93
13
11
7
4
45
3
14
27
105
184
140
135
176
28
29
94
177
73
109
114
118
104
113
110
105
192
140
176
142
185
140
142
176
50
15
47
14
14
27
4
5
3
27
27
74
93
100
181
180
28
29
60
29
107
114
104
87
152
86
93
86
142
135
11
7
4
45
3
14
27
15
27
45
148
153
144
28
94
94
186
189
140
139
135
176
15
61
110
104
177
177
27
104
40
27
27
27
176
23
134
