1
2
2
2
2
2
2
2
2
2
2
2
2
2
2
2
2
2
2
2
2
2
2
2
13
26
25
28
30
5
32
33
33
33
33
33
33
33
33
33
33
33
33
33
33
33
33
33
33
33
33
33
33
33
33
33
33
33
33
33
33
33
33
33
33
33
33
33
33
33
33
33
33
33
33
33
33
33
33
33
33
33
58
73
78
32
88
88
88
88
88
88
88
88
88
88
88
88
88
88
88
88
88
88
88
88
88
88
88
88
88
88
88
88
88
88
88
88
88
88
88
88
88
88
88
88
88
88
88
88
88
88
88
88
88
88
88
139
88
141
141
141
141
146
147
147
147
147
147
147
147
147
147
147
147
147
147
147
147
147
147
147
147
147
147
147
147
147
147
147
147
147
147
147
147
147
147
147
147
147
147
147
147
147
147
147
147
147
147
147
147
147
147
147
147
147
147
147
147
147
147
147
147
147
147
147
147
147
147
147
147
147
147
147
147
147
147
147
147
147
147
147
147
147
147
147
147
147
147
147
147
147
147
147
147
147
147
147
147
147
147
147
147
147
147
147
147
147
147
147
147
147
147
147
147
147
147
147
147
147
147
147
147
147
147
147
147
147
147
147
147
147
147
147
147
147
147
147
147
147
147
147
147
147
147
147
147
147
147
147
147
147
147
147
147
147
147
147
147
147
147
147
147
147
147
147
147
147
147
147
147
147
147
147
147
147
147
147
147
147
147
147
147
147
147
147
147
147
147
147
147
147
147
147
147
147
147
147
147
147
147
147
147
147
147
147
147
147
147
147
147
147
147
147
147
147
147
147
147
147
147
147
147
147
147
147
147
147
147
147
147
147
147
147
147
147
147
147
147
147
147
147
147
147
147
147
147
147
147
147
147
147
147
147
147
147
147
147
147
147
147
147
147
147
147
147
147
147
147
147
147
147
147
147
147
147
147
147
147
147
147
147
147
147
147
147
147
147
147
147
147
147
147
147
147
147
147
147
147
147
147
147
147
147
147
147
147
147
147
147
147
147
147
147
147
147
459
459
459
459
147
464
464
464
147
468
468
468
468
468
147
474
474
474
474
474
474
474
474
474
147
484
484
484
484
147
489
489
489
489
489
489
489
489
489
489
489
489
489
489
489
489
489
489
489
489
489
489
489
489
489
489
489
489
514
518
514
520
514
522
514
524
514
526
514
528
514
530
514
532
514
534
1
536
536
536
536
536
536
536
536
536
536
536
536
536
536
536
536
536
536
536
536
536
536
536
536
536
536
536
536
536
536
536
567
567
567
567
567
567
536
574
574
574
574
579
580
581
582
583
469
558
586
559
588
342
342
342
564
564
564
564
596
564
561
32
599
599
599
599
599
599
599
599
599
599
599
599
599
599
599
599
599
599
599
599
599
599
599
599
599
599
599
599
599
599
599
599
631
631
631
631
631
631
631
599
639
639
639
639
639
639
639
639
639
631
462
462
129
129
145
145
145
145
145
145
145
613
613
613
613
334
559
559
559
559
559
615
615
615
615
615
615
615
615
312
312
312
312
312
312
312
449
449
449
449
61
359
112
424
424
424
424
424
447
447
447
447
447
447
365
23
23
23
560
560
560
560
560
560
560
560
560
125
125
398
398
398
398
565
565
565
565
605
605
605
348
348
18
18
18
18
328
335
335
381
381
381
381
381
381
616
616
616
616
616
616
616
616
616
616
616
634
16
16
16
16
138
138
138
138
138
138
138
138
138
138
138
25
25
400
400
400
400
400
452
452
452
452
452
636
619
619
619
418
418
418
418
113
262
262
262
262
262
262
262
262
262
262
262
262
262
262
262
262
262
262
262
262
262
262
262
262
262
262
262
262
262
262
262
262
262
262
262
262
262
262
262
262
262
262
262
262
262
262
262
262
262
262
262
262
262
262
262
262
262
262
262
262
262
262
262
262
262
262
262
262
262
262
262
262
262
262
262
262
262
262
262
262
262
262
262
262
262
262
262
262
262
262
262
262
262
262
417
417
417
417
446
446
446
446
446
446
557
115
301
374
374
374
374
374
135
361
423
423
292
292
292
311
311
311
311
311
311
311
311
311
311
311
311
311
311
311
621
621
621
302
64
64
450
450
450
450
399
399
399
399
399
399
399
399
399
399
399
399
638
638
638
386
386
386
386
376
347
347
134
134
134
134
351
351
351
351
458
458
555
555
555
555
555
555
555
555
555
555
555
555
555
555
555
555
555
555
410
410
410
410
410
410
410
410
648
343
343
343
111
111
111
111
111
111
111
111
111
111
111
111
111
111
111
111
326
345
371
371
371
364
364
137
137
137
420
420
338
338
278
626
626
626
626
626
626
626
52
52
52
52
52
52
52
52
52
52
52
52
52
52
313
313
322
66
514
514
514
514
9
291
291
463
463
556
556
325
426
426
426
426
426
126
126
116
116
116
116
116
116
116
435
435
435
382
382
277
427
427
427
443
443
443
443
443
443
443
443
443
443
443
443
443
63
267
454
454
454
454
454
454
363
394
404
404
58
58
58
58
628
628
628
628
628
628
628
628
628
628
628
628
628
628
628
628
628
628
628
260
354
354
354
354
331
387
439
130
130
133
133
133
133
133
53
353
339
339
339
339
118
118
118
118
118
341
341
332
276
24
24
390
79
79
79
79
77
77
77
65
261
290
432
432
432
340
519
519
562
562
608
350
350
350
350
350
350
321
321
321
372
372
372
372
299
62
259
558
558
558
558
558
558
384
515
515
515
515
515
515
515
515
515
515
515
515
515
515
515
515
515
515
515
445
445
445
445
445
445
12
13
13
13
13
13
13
13
397
397
397
397
397
397
397
397
397
637
119
119
119
119
119
15
15
15
15
453
453
453
81
81
81
362
448
448
448
488
120
416
416
416
416
416
416
416
416
416
428
428
67
367
566
618
618
618
330
330
561
561
561
561
561
561
561
561
561
561
561
561
561
561
561
561
561
6
6
6
6
6
6
6
6
6
132
132
132
336
396
396
466
375
375
375
375
375
375
375
375
375
375
375
71
71
430
430
430
430
430
430
647
80
438
438
438
438
438
438
438
438
438
438
438
438
438
438
438
438
438
438
438
438
438
327
444
444
444
444
444
383
383
383
298
612
59
59
59
516
516
516
614
614
614
614
357
357
624
624
624
624
624
624
624
624
624
624
624
624
624
624
624
624
624
624
131
131
131
620
620
620
457
457
457
578
70
27
391
391
391
391
391
391
391
391
391
391
355
355
355
406
406
421
421
324
429
429
273
333
333
333
378
78
78
78
78
78
78
78
78
606
606
606
606
606
288
122
122
122
122
122
122
122
393
393
393
411
411
411
411
411
411
411
411
124
431
431
431
431
431
431
431
487
487
623
623
623
623
623
623
623
623
623
623
623
623
623
623
623
623
623
623
395
344
344
344
344
373
287
456
573
573
297
297
297
572
572
369
407
407
407
407
407
407
407
407
60
60
60
314
314
437
437
437
437
437
437
437
437
437
437
437
437
437
437
437
437
437
437
123
123
123
379
379
379
121
564
564
617
617
617
414
414
414
414
414
414
370
370
370
645
644
644
644
57
8
346
342
76
76
517
517
380
380
433
433
433
433
607
607
607
607
607
607
419
403
403
14
14
14
402
440
451
451
451
451
451
451
451
467
455
455
455
455
455
455
455
455
455
455
455
455
455
455
455
455
455
455
434
434
434
577
577
360
360
360
360
360
128
128
128
128
114
136
136
136
136
136
136
136
349
349
349
349
17
17
17
17
408
408
408
408
408
408
413
413
413
413
413
413
413
413
413
392
68
68
68
337
422
422
368
368
368
368
368
368
368
368
368
368
368
368
368
368
368
368
368
368
368
329
83
83
55
409
409
409
409
409
409
289
289
425
425
82
82
82
117
117
117
117
117
117
117
356
385
385
385
74
74
74
74
74
74
74
74
74
74
74
415
415
415
415
415
415
415
144
144
320
401
401
401
401
401
401
401
401
401
401
401
401
401
401
401
401
629
629
629
629
629
629
629
629
629
629
629
629
629
629
629
629
75
442
442
442
442
442
442
442
442
442
442
442
442
442
442
352
352
352
352
405
405
405
405
405
405
405
405
405
405
405
405
405
405
405
405
405
405
405
405
405
405
405
405
405
11
625
625
625
625
625
625
625
625
625
625
625
625
625
625
625
625
625
625
625
366
436
436
10
10
10
10
10
10
10
69
69
69
84
73
73
73
73
73
73
73
73
282
282
282
282
282
282
282
282
282
282
389
389
389
389
389
388
388
388
388
388
388
643
643
643
412
412
412
412
412
412
127
127
127
127
127
127
127
96
491
491
97
253
546
4
40
552
151
539
538
600
89
584
584
585
585
587
587
85
589
589
589
590
590
590
590
590
590
590
87
87
591
592
593
594
595
597
598
598
