1
2
2
2
2
2
2
2
2
2
10
12
9
15
10
11
19
19
2
8
8
23
24
24
24
24
24
24
24
24
24
24
24
37
38
38
38
38
38
38
38
38
38
38
38
38
38
38
38
38
38
38
38
38
38
38
38
38
38
38
38
38
38
38
38
38
38
71
71
71
71
1
77
77
77
77
77
77
77
77
77
77
77
77
77
77
77
77
77
77
77
77
77
77
97
100
95
95
105
106
77
108
109
92
95
112
77
95
1
115
115
115
115
115
115
118
120
124
125
125
125
125
125
125
125
125
125
125
125
125
125
1
140
140
140
140
140
140
140
140
140
140
140
140
140
140
155
140
157
158
158
153
1
160
160
160
160
160
160
160
160
160
160
160
160
160
160
34
71
67
67
135
9
9
9
9
9
13
13
172
152
64
64
64
121
145
145
145
33
132
132
129
129
134
170
170
28
28
28
28
28
168
168
168
168
168
168
168
150
150
65
11
11
11
11
11
95
95
95
95
95
95
95
147
27
27
47
92
92
92
92
92
92
92
173
173
10
10
10
10
10
10
10
10
99
99
153
153
153
63
73
32
131
131
131
131
131
131
131
130
130
169
169
34
151
53
66
66
146
146
146
7
7
7
7
50
50
50
52
74
30
97
97
148
148
148
148
171
91
91
91
91
91
91
91
91
91
91
91
91
91
26
26
96
96
96
93
93
93
93
137
48
51
8
8
8
8
8
29
118
118
136
136
46
133
31
75
120
120
120
94
94
144
144
144
119
119
119
4
78
161
3
109
109
111
112
112
112
114
114
103
103
103
103
156
175
122
122
123
123
158
158
158
20
159
159
21
22
22
22
107
15
15
15
15
15
15
15
15
15
17
17
17
17
17
110
110
110
110
110
110
110
113
113
