2
3
4
5
6
7
8
9
10
11
12
13
14
15
16
17
18
19
20
21
22
23
24
25
27
28
29
30
31
32
33
34
35
36
37
38
39
40
41
42
43
44
45
46
47
48
49
50
51
52
53
54
55
56
57
39
41
61
62
63
64
65
66
67
68
69
70
71
72
73
74
75
76
77
78
79
80
81
82
83
84
85
86
87
88
89
90
91
92
93
94
95
96
97
98
99
100
101
102
103
104
105
106
107
108
109
110
111
112
113
114
115
116
117
118
119
120
121
122
123
124
125
126
127
128
129
130
131
132
133
134
135
136
137
138
93
140
141
142
143
144
145
146
147
148
149
150
151
152
153
154
155
156
157
158
159
160
161
162
163
164
165
166
167
168
169
170
171
172
173
174
175
176
177
168
170
180
181
182
183
184
185
186
187
188
189
190
191
192
193
194
195
196
197
198
199
200
201
202
203
204
205
206
207
208
209
210
211
212
213
214
215
216
217
218
219
220
221
222
223
224
225
226
227
228
229
230
231
232
233
234
235
236
237
238
239
240
241
242
243
244
245
246
247
248
249
250
251
252
253
254
255
256
257
258
259
260
261
262
263
264
265
266
267
268
269
270
271
272
273
274
275
276
277
278
279
280
281
282
283
284
285
286
287
288
289
290
33
241
223
224
225
214
180
237
33
33
240
235
240
203
235
191
248
240
237
147
33
123
122
122
15
33
243
117
146
33
3
18
14
81
33
266
202
203
33
133
125
67
243
240
144
33
145
131
130
130
243
240
243
14
180
243
33
237
203
86
68
122
122
95
64
66
247
240
237
118
269
243
251
93
247
240
105
91
237
15
150
33
33
3
240
235
243
240
150
269
270
240
237
73
191
180
256
120
270
143
33
247
240
237
238
132
203
143
142
240
237
98
131
132
142
33
254
123
124
266
202
240
203
235
240
81
112
243
143
142
243
240
33
82
99
237
247
240
151
259
188
191
2
3
237
146
266
191
180
33
243
240
33
243
240
119
148
33
65
148
229
247
240
33
241
190
189
191
229
247
240
15
202
203
124
142
243
240
202
203
239
238
114
130
130
266
224
225
214
180
89
33
112
147
93
237
261
247
240
143
142
33
33
33
259
247
240
243
2
241
187
191
243
237
15
241
188
191
180
243
240
241
187
191
6
2
75
85
84
243
240
121
6
2
143
33
259
247
240
151
33
103
266
202
203
270
240
243
33
247
2
243
145
33
71
144
218
219
33
258
18
14
88
68
149
14
3
237
249
240
237
238
33
120
149
33
61
130
122
2
14
93
237
93
