2
3
4
5
6
7
8
9
10
11
12
13
14
15
16
17
18
19
20
21
22
23
24
25
26
27
28
29
30
31
32
33
34
35
36
37
38
39
40
41
42
43
44
45
46
47
48
49
50
51
52
53
54
55
56
57
58
59
60
61
62
63
64
65
66
67
68
69
70
30
72
31
74
75
76
77
78
79
80
81
82
83
84
85
86
87
88
89
90
91
92
93
94
95
96
97
98
99
100
101
102
103
104
105
88
107
108
109
110
2
63
62
43
7
6
76
77
32
12
99
58
32
30
58
32
5
4
6
59
44
38
24
31
32
61
79
29
15
24
5
4
8
13
32
8
10
9
62
61
32
12
65
4
96
7
78
33
27
4
3
66
67
77
61
99
19
32
58
32
43
15
16
7
87
64
76
61
99
65
61
93
5
32
63
23
22
21
20
58
32
13
52
3
58
32
81
93
61
61
31
12
65
4
7
77
79
78
63
62
61
91
2
61
12
65
4
4
61
87
64
61
76
99
4
64
61
