1
2
2
2
2
2
2
2
2
2
2
2
2
2
2
2
2
2
2
2
2
2
2
2
28
29
30
31
31
31
31
31
31
31
31
31
31
41
41
41
41
41
30
47
47
47
47
47
47
47
53
56
57
57
57
57
57
57
57
57
57
57
57
57
57
57
57
57
57
64
75
69
77
77
77
69
81
85
33
33
33
37
36
30
91
91
96
56
97
97
97
97
97
97
104
93
30
106
106
106
106
106
106
106
106
106
106
106
106
106
106
106
106
106
106
106
106
106
106
106
106
106
106
106
106
106
106
106
106
106
106
106
106
106
143
143
143
143
143
149
150
53
53
30
153
155
91
97
57
10
132
154
142
141
141
103
103
103
103
103
103
65
15
15
15
7
5
5
17
133
133
37
129
129
129
129
129
129
129
129
129
129
129
129
129
129
129
129
129
129
129
93
93
136
136
136
136
136
136
136
136
136
136
136
136
6
140
16
16
16
18
18
18
18
18
18
131
147
147
147
51
51
146
146
73
73
73
19
19
19
19
19
70
70
70
70
70
70
70
70
52
52
52
52
52
52
52
52
148
148
12
12
128
128
128
128
128
128
128
79
66
67
67
67
67
67
67
8
8
53
53
53
74
22
64
64
64
64
68
68
68
68
68
68
68
72
72
72
135
13
13
71
71
71
71
71
71
71
71
71
71
130
44
44
44
44
137
9
9
11
21
20
20
102
102
102
102
54
54
14
14
69
69
110
58
109
108
50
120
107
48
119
49
28
29
105
105
105
105
55
55
55
150
151
152
152
152
86
86
86
87
87
87
88
89
89
89
89
89
89
90
90
90
90
