2
3
4
5
6
7
8
9
10
11
15
6
10
18
11
20
21
23
24
25
26
27
28
29
30
31
31
33
34
35
36
37
38
39
40
41
42
43
44
45
46
47
48
49
50
51
52
53
54
55
56
57
58
59
60
61
62
63
64
65
66
67
68
69
71
72
73
74
75
76
77
78
79
80
81
82
83
84
85
86
87
88
89
49
48
56
53
70
11
10
4
3
41
89
77
76
73
75
72
74
41
36
89
88
77
76
75
73
74
72
57
89
77
76
73
75
72
74
89
77
76
73
75
72
74
30
29
26
25
89
77
76
75
73
74
72
38
40
28
88
89
88
77
76
75
73
74
72
6
5
13
89
77
76
75
73
74
72
56
53
70
88
77
76
73
75
72
74
56
53
70
41
39
56
53
70
24
6
5
14
13
56
53
70
56
57
30
25
40
70
70
70
70
6
5
13
70
6
5
13
6
14
