1
2
2
2
2
2
2
2
2
2
2
2
2
2
2
2
18
19
19
19
19
19
19
19
19
27
27
27
27
27
27
27
27
27
27
27
27
27
27
27
27
27
44
45
19
47
47
47
47
47
47
47
47
47
47
47
47
47
19
61
61
61
61
61
61
61
61
61
61
61
61
61
61
61
61
61
1
79
79
79
79
79
79
79
79
79
79
79
79
79
79
79
79
79
79
79
79
95
100
61
47
2
75
75
75
53
15
15
15
67
67
16
52
46
70
23
23
94
94
94
94
101
17
17
17
54
54
10
10
58
60
68
74
55
78
8
12
26
26
14
44
44
44
44
44
44
44
44
44
44
9
22
22
7
69
43
43
43
72
73
73
59
59
59
71
71
76
76
76
76
76
76
76
76
95
95
95
95
95
95
95
95
95
95
95
95
95
51
13
56
11
77
80
20
21
3
