1
2
2
2
2
4
7
4
12
13
13
13
13
13
13
13
13
13
13
13
25
28
28
29
30
30
30
30
30
30
30
30
30
30
30
30
30
30
30
30
30
30
30
30
30
30
30
30
30
30
30
30
30
30
30
30
30
30
30
30
30
51
68
52
70
53
72
54
74
55
76
58
78
64
80
59
61
62
63
64
65
88
89
89
89
89
89
89
89
93
97
4
102
103
103
103
103
103
103
103
110
111
102
113
113
113
113
113
113
113
113
113
113
113
113
113
113
113
128
113
130
113
132
113
134
113
136
113
138
138
113
141
141
113
144
113
146
113
148
148
1
151
151
151
155
156
157
157
157
157
157
157
157
161
165
4
102
170
170
170
170
170
170
170
170
170
170
170
170
170
170
170
170
170
170
170
170
170
170
170
170
170
170
170
170
170
170
170
170
170
203
170
205
170
207
170
209
170
211
170
213
213
170
216
216
216
216
216
216
156
223
223
223
223
228
88
229
229
229
229
234
102
235
235
235
235
235
235
235
243
124
124
124
193
193
193
193
192
192
192
192
196
196
122
122
122
115
115
125
125
125
142
120
120
120
221
221
98
98
186
186
186
186
186
140
227
227
227
227
242
242
242
242
242
185
185
185
185
185
60
60
139
222
222
166
166
64
64
64
64
183
183
183
183
183
107
162
162
219
23
23
23
23
23
220
62
62
62
62
62
202
202
202
202
202
202
108
108
154
154
154
154
106
8
8
199
199
199
199
58
58
58
58
58
58
58
58
58
58
149
194
194
194
194
187
187
187
187
187
119
119
119
96
96
163
163
191
191
191
191
131
188
188
188
188
188
188
195
195
195
195
218
190
190
190
190
241
241
217
200
200
200
200
200
184
184
184
184
24
24
24
24
24
126
126
126
135
201
201
201
201
201
65
65
65
65
65
61
61
61
61
61
150
198
198
198
198
198
59
59
121
121
121
105
105
105
95
95
94
94
123
123
123
233
233
233
233
164
164
63
63
63
63
63
240
240
240
66
66
197
197
197
197
116
116
116
6
6
117
117
117
118
118
118
56
56
56
56
56
56
56
56
56
56
189
189
189
189
4
4
161
161
177
18
19
178
179
16
16
180
180
182
182
182
239
53
20
54
52
93
93
176
17
15
9
243
25
25
25
25
25
99
168
