1
2
2
2
2
2
2
2
2
2
2
2
2
2
2
2
2
2
2
2
2
2
2
2
2
2
2
2
2
2
2
2
2
34
34
34
34
16
16
41
42
42
42
42
46
46
46
46
46
46
46
46
46
46
46
46
46
41
60
60
60
46
46
46
46
46
46
46
46
46
1
73
73
73
73
73
73
73
77
1
82
82
82
82
82
82
82
82
82
82
82
82
82
82
82
82
82
82
82
82
82
82
82
82
82
82
82
82
82
82
82
82
82
82
82
82
82
82
82
82
82
82
82
82
82
82
82
82
82
82
82
82
82
82
82
82
82
82
82
82
82
82
144
144
144
82
148
99
150
150
82
153
153
153
153
153
153
82
160
82
162
162
162
82
166
140
168
100
24
24
24
46
46
127
127
63
137
137
97
26
11
104
45
45
91
15
15
15
62
95
30
30
30
152
21
21
21
106
12
12
12
19
19
31
31
10
10
10
10
20
20
142
157
17
17
17
17
159
159
159
134
102
141
103
13
13
13
13
158
169
29
29
18
18
18
18
9
9
32
32
94
94
77
33
33
146
27
27
27
96
140
14
14
14
22
22
129
129
25
25
25
16
16
16
16
93
105
133
38
123
147
8
23
23
101
28
28
7
47
64
39
50
57
58
