1
2
2
2
2
2
2
2
2
2
2
2
2
2
2
2
2
2
2
2
2
2
2
2
2
15
27
15
29
2
32
33
33
33
33
33
33
33
33
33
33
43
43
43
43
42
48
50
51
52
52
52
52
52
52
58
58
58
58
58
58
58
58
58
57
68
70
52
51
72
72
72
72
72
72
72
72
72
72
72
72
72
72
72
72
72
72
72
72
72
72
72
72
72
72
98
98
98
98
98
98
72
83
83
83
83
83
25
67
67
67
67
67
67
67
67
89
89
89
85
85
85
85
85
85
85
85
85
21
49
88
88
88
18
18
18
18
28
16
24
24
24
39
84
84
84
92
92
92
92
30
30
36
36
36
36
36
36
36
87
87
87
37
19
19
19
102
102
38
69
69
22
22
22
22
22
22
22
23
23
23
23
23
23
23
86
86
86
15
15
15
15
15
15
15
15
20
20
20
20
20
20
47
47
47
90
90
90
94
94
94
94
26
55
55
65
65
65
65
65
65
66
57
57
57
57
57
91
103
103
93
40
40
40
40
41
17
104
104
12
11
76
71
106
