2
3
4
5
6
7
8
9
10
11
12
13
14
15
16
17
18
19
20
21
22
23
24
25
26
27
28
30
31
32
33
34
35
36
37
38
39
40
41
42
43
44
45
46
47
48
49
50
51
52
53
54
55
56
57
58
59
60
61
62
63
64
65
66
67
68
69
70
71
72
73
74
75
76
77
78
79
80
81
82
83
84
85
86
87
88
89
65
41
39
79
81
34
33
66
54
48
37
78
78
62
57
65
30
30
80
79
82
81
30
19
18
8
7
3
8
22
45
14
38
48
67
68
44
42
69
32
42
79
44
82
30
20
2
41
48
39
58
70
42
38
48
40
16
4
6
82
62
51
38
39
32
49
36
45
48
46
47
44
62
48
46
44
38
48
37
2
45
30
30
62
56
65
54
55
41
38
48
40
39
47
44
36
58
43
42
43
42
45
8
5
79
30
19
15
4
7
6
20
71
38
44
70
69
43
80
18
5
6
30
20
20
20
20
30
21
21
20
15
4
6
20
65
7
3
19
4
7
