2
3
4
5
6
7
8
9
10
11
12
13
14
15
16
17
18
19
20
21
22
23
24
25
26
27
28
29
30
31
32
33
34
35
36
37
38
39
40
41
42
43
44
45
46
47
48
6
50
52
53
54
55
56
57
58
59
60
61
62
63
64
65
66
67
68
69
70
71
72
73
74
75
76
77
78
79
80
81
82
83
84
85
86
87
88
89
90
91
92
93
94
95
96
97
98
99
100
101
102
103
104
105
106
107
108
109
110
111
112
113
114
115
116
117
119
57
58
123
124
125
126
127
128
129
130
131
132
133
134
135
136
137
138
139
140
141
142
143
144
145
146
147
148
149
150
151
152
153
154
155
156
157
158
159
160
161
143
130
131
132
123
5
37
58
55
53
54
58
55
53
54
57
55
53
54
8
2
58
55
53
54
10
58
55
53
54
58
55
54
20
58
55
53
54
30
45
57
55
53
54
58
55
53
54
58
55
53
54
58
55
54
5
58
55
53
54
58
55
53
54
58
55
53
54
151
150
142
140
141
138
139
123
43
47
58
55
54
55
54
58
55
53
54
58
55
53
54
58
55
53
54
41
10
20
58
55
53
54
58
55
53
54
20
5
58
55
53
54
35
45
58
55
53
54
20
9
4
2
58
55
53
54
57
55
53
54
58
55
53
54
58
55
53
54
20
30
43
58
55
54
57
55
53
54
135
30
20
17
7
43
57
55
54
58
55
53
54
161
143
58
55
53
54
58
55
53
54
58
55
53
54
58
55
53
54
58
55
53
54
159
143
58
55
54
58
55
53
54
39
127
128
126
129
123
58
55
53
54
10
37
30
58
55
53
54
58
55
53
54
9
2
20
58
55
53
54
136
142
133
140
134
141
158
58
55
53
54
10
8
20
33
160
143
3
58
55
53
54
58
55
53
54
58
55
53
54
58
55
53
54
58
55
53
54
123
159
143
20
58
55
53
54
20
58
55
54
58
55
53
54
58
55
53
54
37
58
55
53
54
58
55
54
8
4
2
58
55
53
54
58
55
53
54
58
55
53
54
139
57
55
53
54
20
58
55
53
54
58
55
54
123
157
157
123
123
55
54
6
