1
2
2
2
2
2
2
2
2
2
2
2
2
2
2
2
2
2
2
2
2
2
2
2
2
2
2
2
2
2
2
2
2
14
18
1
37
37
37
37
37
37
37
37
37
37
37
37
37
37
37
52
52
52
52
52
52
52
52
52
52
52
52
52
52
52
52
52
52
52
52
37
73
73
73
51
78
78
78
79
80
81
81
81
81
81
81
81
81
81
81
81
81
81
81
81
81
81
81
81
81
81
81
81
81
81
81
81
81
81
81
81
81
81
81
81
81
81
118
118
118
118
118
118
118
118
118
118
118
81
130
130
130
130
130
130
130
130
130
130
130
130
90
80
144
144
144
144
144
144
151
150
155
155
149
149
150
149
150
69
69
69
24
24
106
106
117
117
117
117
117
101
101
71
71
71
71
71
71
71
71
71
71
71
14
14
29
29
29
29
29
124
124
124
124
124
124
32
25
25
25
25
25
25
25
25
25
25
25
25
25
25
28
28
28
28
28
28
28
28
28
28
28
28
28
91
91
91
31
31
72
72
72
98
97
19
19
19
76
76
103
103
15
15
15
15
127
127
127
127
127
127
95
95
50
50
50
22
22
22
22
22
22
22
111
111
67
67
136
136
136
136
136
136
136
136
136
136
105
105
33
34
34
64
64
12
12
12
66
66
129
129
129
129
129
150
65
65
96
132
132
132
132
132
132
107
107
128
128
128
128
128
88
88
88
88
88
88
102
102
68
93
149
47
47
47
47
47
134
134
134
134
134
134
134
134
134
134
100
100
104
104
23
23
23
23
23
63
63
63
135
135
135
135
135
135
135
18
18
16
16
16
62
62
62
108
108
131
131
131
131
131
27
27
27
109
109
116
116
116
116
116
116
48
48
48
48
48
48
48
48
48
13
13
13
13
13
13
13
13
13
13
13
13
13
13
89
89
89
89
94
139
30
30
90
90
90
90
90
90
90
90
138
17
17
17
17
17
17
17
17
115
115
137
75
75
75
75
26
51
51
51
133
133
133
133
133
49
49
49
49
99
126
126
126
126
126
126
126
74
74
74
74
110
110
42
42
42
42
42
3
3
82
82
43
43
123
86
143
77
77
77
35
36
79
79
79
79
156
152
