1
2
2
2
2
2
2
2
2
2
2
2
2
2
2
2
2
2
2
2
19
23
24
24
24
24
24
27
28
28
26
26
26
26
26
26
27
29
42
43
44
44
48
49
49
49
49
49
49
49
49
49
49
49
49
49
49
49
49
49
49
49
49
51
43
24
2
57
59
5
5
10
10
10
10
10
7
7
7
52
19
19
29
29
29
29
13
13
13
13
53
65
27
27
27
27
27
9
9
9
9
66
51
6
6
6
60
67
12
12
12
21
58
17
17
17
17
11
11
11
44
44
44
44
44
16
16
16
18
3
3
3
28
28
28
28
28
64
20
4
4
4
61
54
8
8
8
15
15
15
26
26
26
26
26
26
14
14
14
14
34
34
34
35
35
35
46
46
46
36
36
36
47
47
47
37
37
37
38
38
38
22
39
39
39
70
40
40
40
30
30
30
31
31
31
32
32
32
41
41
41
41
