2
3
4
5
6
7
8
9
10
11
12
13
14
15
16
17
18
19
20
21
22
23
24
25
26
27
28
29
30
31
32
33
34
35
36
38
39
40
41
42
43
44
45
46
47
48
49
50
51
52
53
54
55
56
57
58
59
60
61
62
63
64
65
66
67
68
69
60
48
41
59
48
41
25
12
41
46
18
41
47
27
13
34
2
2
45
43
41
44
42
66
65
43
41
41
47
10
11
9
12
13
7
8
4
15
3
6
5
14
16
62
48
41
22
21
17
11
41
47
13
3
63
48
41
31
32
2
41
41
41
46
40
41
47
41
47
11
13
15
14
41
61
48
41
41
40
25
12
25
67
12
13
15
28
18
15
33
34
65
