1
2
1
4
1
6
1
8
8
11
1
12
12
12
14
16
18
19
19
19
19
19
19
19
19
19
19
19
31
32
32
32
32
32
32
32
32
32
32
32
32
32
32
32
32
32
32
32
49
31
53
53
53
53
53
53
53
53
53
53
1
64
65
1
67
65
18
70
70
70
70
70
70
70
70
70
70
70
70
70
70
70
70
70
70
70
70
70
70
70
70
95
96
18
97
97
97
97
97
102
104
105
105
105
105
105
105
105
105
105
105
105
105
105
105
105
105
105
105
105
105
105
105
105
105
105
105
105
105
105
105
105
105
105
105
105
105
105
105
105
105
105
105
105
105
105
105
105
105
105
105
105
105
105
105
129
18
161
161
161
161
161
161
161
161
161
161
161
161
161
161
161
161
161
161
161
161
161
161
161
161
161
161
161
161
161
161
161
161
161
161
161
161
198
199
1
200
65
18
203
203
203
203
203
203
203
203
203
203
203
18
215
215
215
215
215
215
215
215
215
215
215
215
215
228
104
230
230
230
230
230
230
230
230
230
230
230
230
230
230
230
230
230
230
230
230
230
230
230
230
230
230
230
230
230
230
230
230
230
230
230
230
230
230
230
230
230
230
230
230
230
233
276
230
278
278
278
278
278
278
278
278
278
278
278
278
230
291
291
291
291
291
292
297
230
299
299
299
299
299
300
305
262
308
261
1
310
65
313
314
314
314
17
17
1
320
320
320
320
320
320
320
320
323
323
18
331
331
331
331
334
18
337
337
337
337
334
1
343
65
18
346
346
346
346
346
351
350
18
354
354
354
354
354
354
354
354
354
354
362
361
6
8
12
4
2
161
101
101
101
101
101
101
128
49
49
72
78
335
335
364
364
364
222
119
119
119
344
344
188
188
294
294
294
153
194
206
240
190
190
23
213
213
243
93
57
57
363
363
363
90
265
265
265
44
150
150
178
178
191
302
302
302
143
143
205
205
338
155
193
114
358
255
255
298
298
263
263
263
124
124
124
138
242
58
58
151
50
50
50
50
50
122
311
311
261
130
130
273
259
54
54
112
212
182
182
92
27
59
59
341
341
154
154
181
137
137
137
113
241
221
221
123
274
136
176
176
125
125
125
125
303
43
357
65
65
195
195
117
117
266
304
304
46
46
175
175
121
296
296
361
361
361
361
361
120
63
63
246
147
286
148
148
172
172
327
327
94
244
158
267
55
55
62
62
118
118
179
225
225
225
350
22
116
189
228
228
228
76
146
146
88
132
132
272
186
186
185
257
332
129
129
86
227
227
227
227
227
131
131
211
359
359
173
295
145
145
47
47
47
47
47
47
47
47
47
47
47
47
47
141
141
360
360
290
306
306
102
102
102
102
102
326
201
201
258
84
287
187
140
140
135
135
135
61
61
197
197
197
91
325
325
74
133
133
133
21
21
226
226
226
149
111
207
224
224
224
224
152
152
223
223
223
29
29
245
247
247
156
156
289
30
30
174
82
323
323
323
323
323
323
134
134
134
180
180
324
324
271
362
362
362
139
139
144
80
315
315
142
192
192
239
177
349
349
349
56
56
127
214
214
183
256
256
351
28
60
60
68
68
115
126
126
126
126
51
51
51
51
196
288
45
184
184
232
232
300
292
322
322
322
69
69
345
345
160
160
202
202
309
352
353
52
329
330
66
66
312
312
