1
2
2
2
2
2
2
2
2
2
2
2
2
2
2
2
2
2
2
2
2
2
2
2
2
2
2
2
2
2
2
2
2
2
2
2
2
2
2
2
2
2
2
2
2
2
2
2
2
2
2
2
2
2
2
2
2
2
2
2
2
2
2
2
2
2
2
2
2
2
2
2
74
75
75
75
75
80
81
1
82
82
82
82
82
82
82
82
82
82
82
82
82
82
82
82
82
82
82
82
82
82
82
82
82
82
82
82
82
82
82
82
82
82
82
82
82
82
82
82
82
82
82
82
82
82
82
82
82
82
82
82
82
82
82
82
82
82
82
82
82
82
82
82
82
82
82
82
82
82
82
153
153
82
156
156
159
159
159
93
95
107
163
164
164
164
164
164
164
164
164
164
164
164
164
164
164
164
164
164
164
164
164
164
164
164
164
164
164
164
164
164
164
164
164
164
164
164
164
164
164
164
164
164
164
164
164
164
164
164
164
164
164
164
164
164
164
164
164
164
164
164
164
164
164
164
164
164
164
164
164
164
164
164
164
164
164
164
164
164
164
164
164
164
164
164
164
164
164
164
164
164
164
164
164
164
164
164
164
164
164
164
164
164
164
164
164
164
164
164
164
164
164
164
164
164
164
164
164
164
164
164
164
164
164
164
164
164
164
164
164
164
164
164
164
164
164
164
164
164
164
164
164
164
164
164
164
164
164
164
164
164
164
164
164
164
164
164
164
164
164
164
164
164
164
164
164
164
164
164
164
164
164
164
164
164
164
164
164
164
164
164
164
164
164
164
164
164
164
164
164
164
164
164
164
164
164
164
164
164
164
164
164
164
164
164
164
164
164
164
164
164
164
164
164
164
164
164
164
164
164
164
164
164
164
164
164
164
164
164
164
164
164
164
164
164
164
164
164
164
164
164
164
164
164
164
164
164
164
164
164
164
164
164
164
164
164
164
164
164
164
164
164
164
164
164
164
164
164
164
164
164
164
164
164
164
164
164
164
164
164
164
164
164
164
164
164
164
164
164
164
164
164
164
164
164
164
164
164
164
164
164
164
164
164
164
164
164
164
164
164
164
164
164
164
164
164
164
164
164
164
164
164
164
164
164
164
164
164
164
164
164
164
164
164
164
164
164
164
164
164
164
164
164
164
164
164
164
164
164
164
164
164
164
164
164
164
164
164
521
522
524
525
526
526
526
526
530
57
498
9
9
9
8
8
500
505
488
14
14
38
38
38
51
51
51
107
24
24
24
37
37
37
37
37
37
37
37
37
37
37
37
37
37
37
37
37
37
37
37
116
116
116
116
116
116
116
493
530
11
11
135
135
21
21
29
29
29
486
34
34
34
34
36
36
36
36
36
157
157
483
509
490
520
508
516
129
72
72
139
474
88
88
141
130
130
130
130
487
86
86
86
86
154
154
478
480
146
39
39
39
39
39
39
39
39
39
489
133
133
515
103
481
514
12
12
492
494
140
31
31
31
110
67
67
102
102
102
102
102
102
102
136
136
136
519
61
61
105
105
105
105
105
105
150
66
66
66
66
99
99
115
115
115
115
115
115
115
127
32
32
32
62
62
513
513
477
101
101
518
95
95
114
114
30
30
30
30
475
512
512
482
125
145
91
91
138
19
19
19
502
510
69
69
124
503
90
90
497
20
20
20
144
144
117
117
117
117
117
117
117
501
22
22
491
119
119
134
134
134
46
46
151
147
143
97
97
23
23
23
23
108
108
108
108
108
108
28
28
28
65
65
65
65
65
10
10
10
56
35
35
35
132
132
132
120
120
507
104
104
104
104
104
104
104
18
18
18
92
92
92
92
92
92
16
16
16
16
16
528
68
68
68
7
7
7
7
17
499
93
79
87
87
87
87
113
113
113
15
15
64
64
64
98
98
89
89
149
149
484
13
13
479
26
26
26
63
63
118
27
27
27
142
100
100
152
25
25
25
25
25
25
476
506
33
33
33
96
96
106
106
106
106
106
106
106
106
123
123
123
504
50
50
50
50
137
121
121
121
496
78
109
6
6
131
131
495
48
71
71
94
94
94
126
511
517
148
148
148
485
112
112
122
122
111
111
128
529
84
5
531
161
161
161
161
161
162
