2
3
4
5
6
7
8
9
10
11
12
13
14
15
16
17
18
19
20
21
22
23
24
25
26
27
28
29
30
31
32
33
34
35
36
37
38
39
40
41
42
43
44
45
46
47
48
49
51
52
53
54
55
56
57
58
59
61
62
63
64
65
66
67
68
69
70
71
72
73
74
75
76
77
78
79
80
81
82
83
84
85
86
87
88
88
87
93
94
95
96
67
98
99
100
101
102
103
104
105
106
107
108
109
110
111
112
113
114
115
116
118
119
120
121
122
123
124
125
126
127
128
129
130
131
132
133
134
135
136
137
138
139
140
141
142
143
144
145
146
147
148
149
150
151
152
153
154
155
156
157
158
159
160
161
162
163
164
165
166
167
168
169
170
171
172
173
174
175
176
177
178
179
180
181
182
183
184
185
186
187
188
189
190
191
192
193
194
195
196
197
198
199
200
201
202
203
204
205
206
207
208
209
210
211
212
213
214
215
216
217
218
219
220
221
222
223
224
225
226
227
228
229
230
231
232
233
234
235
236
237
238
239
240
241
242
243
244
245
246
247
248
249
250
251
252
253
254
255
256
257
258
259
260
261
262
263
264
265
266
267
268
269
270
271
272
273
274
275
276
277
278
279
280
281
282
283
284
285
286
287
288
289
290
291
292
293
294
295
296
297
298
299
300
301
302
303
304
305
306
307
308
309
310
311
312
313
314
315
316
317
318
319
320
321
322
323
324
325
326
327
328
329
330
331
332
333
334
335
336
337
338
339
340
341
342
343
344
345
346
347
348
349
350
351
352
353
354
355
356
357
358
359
360
361
362
363
364
365
366
367
368
369
370
371
372
373
374
375
376
377
378
379
380
381
382
383
384
385
386
387
388
389
390
391
392
393
394
395
396
397
398
399
400
401
402
403
404
405
406
407
408
409
410
411
412
413
414
415
416
417
418
419
420
421
422
423
424
425
426
427
428
429
430
431
432
433
434
435
436
437
438
439
440
441
442
443
444
445
446
447
448
449
450
451
452
453
454
455
456
457
458
459
460
461
462
463
464
465
466
467
468
469
470
471
472
473
474
475
476
477
478
479
480
481
482
483
484
485
486
487
488
489
490
491
492
493
494
495
496
497
498
499
500
501
502
503
504
505
506
507
508
509
510
511
512
513
514
515
516
517
518
519
520
521
522
523
524
525
526
527
528
529
530
531
532
533
534
535
536
537
538
539
540
541
542
543
544
545
546
547
548
549
550
551
552
553
554
555
556
557
558
559
560
561
562
563
564
565
566
567
568
569
570
571
572
573
574
575
576
577
579
580
581
582
583
584
585
586
587
588
589
590
591
592
593
594
595
596
597
598
599
600
601
602
603
604
605
606
607
608
609
610
611
612
613
614
615
616
617
618
619
620
621
622
623
624
625
626
601
628
602
594
631
632
633
634
635
636
637
638
639
640
641
642
643
644
645
646
647
648
649
650
651
652
653
654
655
656
657
658
659
660
661
662
663
664
665
666
667
668
669
670
671
672
673
674
675
676
677
678
679
680
681
682
683
684
685
686
687
688
689
690
691
692
693
694
695
696
697
698
699
700
701
702
703
704
705
706
707
707
709
710
711
712
713
714
715
716
717
718
719
720
721
722
723
724
725
726
727
728
729
730
731
732
733
734
735
736
737
738
739
740
741
742
743
744
745
746
747
748
749
750
751
752
753
754
755
756
757
758
759
760
761
762
763
764
765
766
767
768
769
770
771
772
773
774
775
776
777
778
779
780
781
709
709
698
555
472
43
4
10
5
525
526
535
480
661
660
422
572
118
460
63
67
64
68
65
66
455
447
581
20
16
382
582
584
580
588
581
587
592
591
593
589
583
585
586
590
579
579
579
587
640
422
467
718
733
726
721
720
734
725
158
159
654
711
422
392
371
763
654
776
765
766
774
773
772
764
762
772
661
14
722
43
42
767
710
765
766
774
775
772
2
764
772
2
722
727
728
772
764
582
584
580
588
581
587
592
591
593
589
583
585
586
590
525
526
480
705
533
218
101
210
212
100
152
555
572
698
422
118
567
539
480
456
447
543
422
65
568
505
504
451
426
704
467
480
639
637
477
638
633
698
422
774
775
773
10
382
525
526
480
533
661
212
555
422
572
118
567
19
767
765
766
768
764
764
772
67
747
743
742
745
744
772
446
429
547
547
427
377
166
427
432
438
431
436
439
428
429
426
422
422
426
446
478
481
179
134
701
702
707
706
698
61
428
698
776
774
775
773
641
636
16
17
64
582
584
580
588
581
587
592
591
593
589
583
585
586
590
21
525
153
139
118
118
478
3
4
8
10
7
5
153
476
61
218
551
547
547
526
29
24
30
19
14
34
535
26
27
23
25
659
422
572
118
2
67
41
44
19
46
45
11
7
22
525
704
526
480
500
707
533
706
218
101
210
100
152
555
572
698
422
118
567
174
704
485
536
537
532
539
524
531
54
52
572
698
422
118
567
85
82
432
61
63
68
65
66
162
373
464
426
525
523
526
535
541
521
542
661
660
422
572
118
64
65
61
154
453
438
706
698
580
137
589
435
380
446
423
429
447
8
5
592
653
548
549
525
526
535
705
485
706
661
660
698
422
572
118
2
7
644
156
33
477
3
4
8
9
7
5
505
588
167
525
526
535
480
661
660
422
572
118
767
766
768
706
504
428
698
591
4
387
704
485
536
537
532
539
525
531
483
661
153
658
572
698
422
118
567
36
18
37
717
2
4
61
703
428
698
465
426
384
582
518
567
555
528
480
718
525
655
736
737
529
492
729
19
34
535
705
467
100
99
152
653
108
772
572
2
698
422
118
9
386
601
599
698
579
461
43
451
4
6
8
10
9
11
7
5
422
380
34
32
8
7
556
772
764
762
670
659
653
648
218
154
156
634
142
140
141
152
155
707
698
67
68
65
66
8
528
480
718
525
655
736
737
492
729
19
34
535
705
467
158
159
100
152
653
108
772
572
2
698
422
118
7
525
526
535
480
496
661
660
334
153
653
422
572
118
694
389
526
480
496
703
533
706
661
659
572
698
422
118
701
446
474
434
435
428
433
698
698
512
43
10
5
160
475
446
79
87
82
80
434
425
435
428
433
424
61
65
43
76
428
61
477
372
525
526
535
480
661
660
422
572
118
586
11
480
705
713
711
698
165
118
557
35
730
15
737
41
723
44
46
45
710
2
641
635
496
485
701
446
497
486
422
698
163
451
585
493
732
731
767
765
766
768
772
432
428
579
61
579
544
498
422
432
169
438
369
281
464
451
426
383
553
334
653
670
659
153
118
480
703
698
298
297
376
579
426
592
535
526
467
480
640
648
486
543
218
154
156
634
142
140
141
153
152
155
61
698
422
434
424
470
440
8
546
545
496
533
298
658
297
118
572
422
118
109
528
537
538
16
8
525
523
526
535
521
542
661
660
422
572
118
704
480
500
524
533
527
707
706
218
54
210
52
152
53
555
572
698
422
118
567
426
388
434
425
433
424
439
593
473
19
3
4
8
10
5
101
382
6
568
64
65
548
549
438
218
659
152
480
705
527
524
533
218
54
210
212
152
53
555
572
698
422
118
567
375
480
705
729
754
755
756
752
751
758
757
698
390
180
181
294
295
296
182
429
701
702
698
438
532
164
118
486
427
434
293
438
436
433
432
431
440
439
430
429
426
698
505
156
467
68
68
436
529
73
67
66
61
644
157
426
378
533
218
210
212
152
118
639
637
638
633
635
422
529
446
429
374
152
429
704
526
480
496
533
482
702
703
661
659
572
698
422
118
536
78
593
64
65
692
653
657
14
715
2
480
702
698
519
439
426
457
773
434
424
438
34
32
19
4
8
10
588
710
717
2
2
526
422
422
572
760
740
739
773
741
772
772
459
461
370
698
422
21
704
534
526
480
496
702
533
661
659
140
572
61
698
422
118
467
468
525
704
526
535
480
706
661
660
698
422
572
118
724
754
755
753
751
772
491
14
735
15
714
713
711
717
716
712
715
422
2
715
2
482
430
428
698
183
480
544
456
498
447
422
540
20
10
7
556
173
705
701
446
473
698
379
587
505
504
3
12
9
11
5
109
431
526
467
496
533
468
659
152
422
572
118
185
701
702
698
427
438
431
436
439
428
429
426
422
422
736
43
767
710
765
766
774
712
775
764
764
772
2
736
14
26
15
29
41
44
46
45
710
712
2
743
742
744
590
704
526
480
496
703
533
661
659
572
698
422
118
422
525
526
480
536
661
660
422
572
118
4
583
752
738
385
776
774
775
773
772
772
88
86
428
426
61
523
526
496
485
497
525
535
541
487
702
521
542
661
660
658
572
61
698
422
118
334
653
65
535
750
589
471
475
476
85
423
440
428
61
81
471
78
475
503
446
83
87
479
432
435
428
61
427
743
740
756
739
744
745
758
757
750
772
520
392
584
133
173
66
11
86
428
61
557
14
713
2
704
526
535
480
496
703
661
659
698
422
572
118
440
393
772
764
762
54
293
142
140
141
153
118
552
653
118
591
525
523
526
535
541
521
542
661
660
422
572
118
391
11
380
86
428
61
658
434
590
161
65
601
599
579
177
61
772
422
98
772
772
772
61
517
750
51
709
118
525
61
653
2
632
657
422
2
2
772
422
67
67
707
67
36
67
61
707
706
16
8
67
422
108
428
61
567
423
101
601
599
579
601
599
579
707
