1
2
2
2
2
2
2
2
2
2
2
2
2
2
2
2
2
2
2
2
7
22
22
25
26
27
27
27
31
32
33
33
33
33
33
33
33
33
33
33
33
33
33
33
33
33
33
33
33
33
33
33
33
33
33
33
33
60
60
33
63
63
33
66
66
66
66
66
66
66
66
66
66
66
66
66
66
66
66
43
83
83
86
26
87
87
88
1
91
91
91
91
91
91
91
91
91
91
91
91
91
91
91
91
107
32
110
110
110
107
116
117
117
119
26
122
122
122
122
122
122
122
130
116
131
131
131
131
131
131
131
138
138
138
138
140
26
145
145
145
145
145
145
145
153
26
154
154
154
158
116
159
159
119
32
164
164
164
164
164
164
164
164
164
164
164
164
164
164
164
164
164
164
164
164
164
185
169
169
26
189
189
189
193
26
194
194
194
194
194
194
194
202
116
203
203
203
203
203
203
203
203
203
203
203
203
203
203
203
203
203
203
203
203
203
203
203
203
203
203
203
203
203
203
203
203
203
203
203
203
203
241
242
243
20
21
19
10
175
175
17
230
230
215
215
183
76
157
157
85
85
139
142
217
217
217
105
105
210
210
229
229
11
53
168
176
176
231
231
222
222
239
239
239
220
220
221
221
226
226
47
52
227
227
240
240
240
51
219
219
166
235
235
104
104
104
13
13
13
233
233
16
112
112
234
234
213
213
214
214
101
211
211
225
225
30
30
137
137
180
58
58
58
58
100
107
209
209
181
181
15
56
161
223
223
223
12
12
216
216
216
102
102
57
57
228
228
140
218
218
24
24
24
106
106
106
224
224
232
232
46
9
18
18
18
23
113
14
14
48
50
238
238
192
192
45
136
178
236
236
179
169
169
169
84
93
103
103
49
212
212
54
174
174
174
141
208
208
237
237
111
111
97
43
44
7
88
88
88
3
3
3
3
3
8
90
90
90
108
108
108
114
114
114
