1
2
2
2
2
2
2
2
2
2
2
2
2
2
2
2
2
2
2
2
2
2
2
2
2
2
2
2
2
2
2
2
2
2
2
2
2
2
2
2
2
2
2
2
2
2
2
2
2
2
2
2
2
2
2
2
2
2
2
2
2
2
2
2
2
2
2
2
2
2
2
2
2
2
2
2
2
2
2
2
2
2
2
2
2
2
2
2
2
2
2
93
93
39
83
51
52
85
53
100
101
59
57
104
80
106
107
107
107
111
112
112
112
112
112
112
112
112
112
112
112
112
112
112
112
112
112
112
112
112
112
112
112
112
112
112
112
112
112
112
112
112
112
112
112
112
112
112
112
112
112
112
112
112
63
63
63
106
160
160
160
160
160
160
160
165
106
169
169
169
169
169
169
169
169
169
169
179
179
179
175
175
175
190
191
192
193
193
193
193
193
193
193
193
193
193
193
193
193
193
193
193
193
193
193
193
193
193
193
193
193
193
193
193
193
193
193
193
193
193
193
193
193
193
193
193
193
193
193
193
193
239
215
241
242
193
193
193
246
247
247
247
247
247
247
247
247
247
247
247
247
247
247
247
247
247
247
247
247
247
247
247
247
247
247
247
247
247
247
247
247
247
247
247
247
247
247
247
247
247
247
247
247
247
247
247
247
247
247
247
247
247
247
247
247
247
247
247
247
247
247
247
247
247
247
247
247
247
247
247
247
247
247
247
247
247
247
247
247
247
247
247
247
247
247
247
247
247
247
247
247
247
247
247
247
247
247
247
247
247
247
247
247
247
247
247
247
247
247
247
247
247
247
247
247
247
247
247
247
247
247
247
247
247
247
247
247
247
247
247
247
247
247
247
247
247
247
247
247
247
247
247
247
247
247
247
247
247
247
247
247
247
247
247
247
247
247
247
247
247
247
247
247
247
247
247
247
247
247
247
247
247
247
247
247
247
247
247
247
247
247
247
247
247
247
247
247
247
247
247
247
247
247
247
247
247
247
247
247
247
247
247
247
247
247
247
247
247
247
247
247
247
247
247
247
247
247
247
247
247
247
247
247
247
247
247
247
247
247
247
247
247
247
247
247
247
247
247
247
247
247
247
247
247
247
247
247
247
247
247
247
247
247
247
247
247
247
247
247
247
247
247
247
247
247
247
247
247
247
247
247
247
247
247
247
247
247
247
247
247
247
247
247
247
247
247
247
247
247
247
247
247
247
247
247
247
247
247
247
247
247
247
106
551
551
551
551
551
551
551
551
551
551
551
551
551
551
551
551
551
551
551
551
551
551
551
551
551
551
551
551
551
580
580
580
580
580
580
580
580
580
580
580
551
592
592
592
592
592
592
592
592
592
592
592
551
604
551
606
606
606
606
606
606
606
551
614
614
614
614
614
614
614
614
565
1
625
625
625
625
625
625
625
625
625
625
625
625
625
625
625
625
625
625
625
625
625
625
625
625
625
625
625
654
625
625
148
643
659
660
1
662
662
662
662
662
662
662
662
662
672
106
673
673
673
673
673
673
673
673
673
673
673
673
673
673
673
673
683
690
687
692
107
625
146
146
146
146
146
44
34
34
218
633
633
633
633
633
633
131
131
512
238
238
238
238
238
238
238
238
238
238
238
238
238
238
238
238
238
220
680
680
109
109
109
109
109
109
109
109
109
109
109
109
109
508
524
110
110
110
110
110
110
110
110
110
110
110
566
566
566
566
566
566
566
566
566
566
566
566
566
566
566
571
571
571
571
571
212
212
212
212
212
212
212
212
212
212
212
212
212
212
176
176
176
176
176
176
176
176
176
176
176
176
645
68
68
68
68
682
682
682
682
682
682
682
682
682
682
619
619
619
133
513
136
612
612
612
612
612
612
612
590
590
590
590
590
590
652
77
77
71
530
22
22
22
22
22
22
22
22
22
22
22
70
90
90
90
515
520
502
635
635
635
635
635
635
60
60
621
621
621
621
683
683
129
129
208
208
208
208
208
208
208
208
208
208
208
208
208
208
646
135
140
140
140
140
140
140
140
549
55
55
548
651
150
150
150
150
150
150
150
138
175
175
175
175
175
175
175
175
175
175
175
175
175
175
518
167
167
167
167
167
167
167
56
56
56
56
642
642
642
642
505
526
43
43
31
31
546
637
637
637
213
213
217
503
226
85
533
74
74
74
143
143
143
237
139
686
686
87
142
142
142
142
142
142
142
142
222
516
611
611
611
49
49
49
49
234
149
540
565
565
565
565
565
37
37
37
46
46
124
634
537
228
177
177
177
177
177
177
177
177
177
177
177
177
177
177
177
177
177
177
177
177
177
177
177
125
209
209
209
209
539
45
151
123
123
123
123
123
123
123
123
123
123
534
141
141
141
141
564
564
564
678
678
678
678
678
678
678
678
678
678
215
215
643
643
643
643
130
178
178
178
178
178
178
178
178
178
178
178
178
178
178
178
178
178
178
178
178
178
178
178
126
542
66
66
66
66
66
66
66
66
66
147
147
147
147
504
57
57
57
57
57
57
57
57
57
57
57
57
57
640
61
61
61
155
58
525
219
156
570
570
570
570
570
522
522
563
563
563
563
563
563
563
563
563
563
563
684
684
91
91
91
91
91
91
91
91
506
41
231
73
575
575
613
613
613
613
613
79
79
79
79
79
27
32
511
42
42
42
550
550
536
47
47
47
211
529
69
236
688
688
688
688
688
688
688
688
688
688
688
688
688
688
688
688
688
688
59
59
51
51
134
181
181
132
132
165
165
165
165
165
165
165
165
165
165
165
165
165
165
67
541
83
83
83
83
88
224
144
144
144
144
144
144
144
174
174
535
128
636
636
29
166
166
166
166
166
166
166
166
166
166
166
528
601
601
601
601
601
601
601
601
601
601
601
543
25
25
25
25
25
25
76
30
521
521
24
24
24
24
24
24
24
24
24
24
24
24
24
24
24
86
547
36
644
649
84
639
639
639
639
687
687
62
531
685
685
685
685
685
685
75
75
527
545
78
641
225
638
638
567
567
567
48
48
48
33
33
38
622
39
39
28
145
145
145
145
145
145
223
579
579
579
579
681
681
589
589
589
589
589
589
589
40
40
523
21
21
137
35
35
602
602
602
602
602
602
560
560
560
560
560
560
560
560
560
560
560
560
560
578
578
64
64
65
65
499
127
127
127
54
54
54
54
54
221
532
153
153
153
153
153
153
153
182
89
500
23
23
23
23
23
23
23
23
23
23
569
569
569
569
569
569
569
569
569
569
569
569
569
577
577
577
577
577
577
577
577
577
577
577
577
591
591
591
233
148
229
603
603
538
620
620
620
620
620
620
80
80
80
80
80
647
568
227
52
52
52
52
52
52
52
52
53
53
53
53
53
53
53
53
53
53
53
53
53
72
588
588
588
588
588
588
588
588
588
588
230
507
501
517
650
152
81
81
81
572
572
572
92
514
164
235
544
82
82
82
154
510
63
232
509
210
210
210
648
519
8
582
3
170
595
594
583
17
581
161
552
626
108
558
674
553
557
173
173
113
607
115
157
157
168
624
95
95
95
95
189
189
189
189
189
101
102
102
103
103
103
103
103
103
105
244
244
244
245
245
245
94
94
240
655
97
97
656
656
99
99
99
657
657
658
659
660
