1
2
2
2
2
2
2
2
2
2
2
2
2
2
2
2
2
2
2
2
2
2
2
2
2
7
27
27
7
30
9
32
32
2
35
35
13
38
40
16
42
16
44
17
46
18
48
19
50
20
52
21
54
2
2
57
57
57
57
57
2
63
63
63
63
63
63
63
1
71
71
71
71
71
71
71
71
71
71
71
71
71
71
71
71
71
71
71
71
71
71
71
71
71
71
75
98
76
100
77
102
78
104
79
106
80
108
81
110
82
112
83
114
84
116
85
118
86
120
87
122
88
124
89
126
92
128
71
130
130
130
130
130
130
130
130
130
130
71
141
141
141
141
142
146
71
148
148
148
148
148
149
154
84
85
86
87
88
90
93
163
164
165
165
165
165
165
165
165
165
165
165
165
171
177
165
179
165
181
181
181
181
181
181
181
181
181
181
181
1
193
193
193
193
193
193
193
193
193
193
193
193
193
193
193
193
193
193
193
193
193
193
193
193
193
193
193
193
193
193
193
193
193
193
193
193
193
193
193
232
232
232
232
232
232
232
232
232
232
232
232
232
232
141
148
181
176
84
84
84
11
17
17
17
17
70
70
22
60
37
81
81
140
21
21
21
21
25
190
190
77
155
155
155
155
196
188
188
188
188
188
188
80
80
175
175
226
138
138
138
138
6
8
8
8
91
91
91
91
87
87
87
97
14
14
26
55
55
55
96
88
88
88
89
144
144
78
68
68
68
178
69
69
79
229
18
18
18
18
19
19
19
19
85
85
85
13
90
90
67
16
16
16
16
16
16
10
49
49
153
153
153
92
82
137
143
143
143
151
151
173
51
51
73
206
95
147
147
147
147
76
136
136
39
39
9
9
9
9
9
189
20
20
20
20
12
12
75
174
174
45
62
62
83
93
93
53
53
53
191
191
191
191
150
150
150
7
7
7
7
74
145
145
145
86
86
86
47
47
15
15
15
15
61
5
171
4
186
167
149
149
131
142
142
156
157
158
159
160
161
162
