2
3
4
5
6
7
8
9
10
11
12
13
14
15
18
19
20
21
22
23
24
25
26
27
28
29
30
31
32
33
34
35
36
37
38
39
42
43
44
45
46
47
48
49
50
51
52
53
54
56
57
58
59
60
61
62
63
64
65
66
67
68
69
70
71
72
73
74
75
76
77
78
79
80
81
82
83
84
85
86
87
88
89
90
91
92
93
94
95
96
97
98
99
100
101
102
103
104
107
108
109
110
111
112
113
114
115
116
117
118
119
120
121
122
123
124
125
126
127
128
129
130
131
132
133
134
135
136
137
138
139
140
141
142
143
144
145
146
147
148
151
152
153
154
155
156
157
158
159
160
161
162
163
164
165
166
168
169
170
171
172
173
174
175
176
177
178
179
182
183
184
185
186
187
188
189
190
191
192
193
194
195
196
197
198
199
200
201
202
203
204
205
206
207
208
209
212
213
214
215
216
217
218
219
220
221
222
223
224
225
226
227
228
229
230
231
232
233
236
236
238
239
240
241
242
243
244
245
246
247
248
249
250
251
252
253
254
255
256
257
258
259
260
261
262
265
266
267
268
269
270
271
272
273
274
275
276
277
278
279
280
281
282
283
284
285
286
287
288
289
290
291
292
294
295
296
297
298
299
300
301
302
303
305
306
307
308
309
310
310
312
313
314
315
316
317
318
319
321
322
323
324
325
326
327
328
329
330
333
334
335
336
337
338
339
340
341
342
343
344
345
346
347
348
349
350
351
353
354
355
356
357
358
359
360
361
362
363
364
365
366
367
368
369
370
371
372
373
374
375
376
377
378
379
380
381
382
383
384
385
386
387
388
389
390
391
392
393
394
395
396
397
398
399
400
401
402
403
404
405
406
407
408
409
410
411
412
413
414
415
416
417
418
419
420
421
422
423
424
425
426
427
428
429
430
431
432
433
434
436
437
438
439
440
441
442
443
444
445
446
447
448
449
450
451
452
453
454
455
456
457
458
459
460
461
462
463
464
465
466
467
468
469
470
471
472
473
474
475
476
477
478
479
480
481
482
483
484
486
487
488
489
490
491
492
493
494
495
496
497
498
499
500
501
502
503
504
505
506
507
508
509
510
511
512
513
514
516
517
518
519
520
521
522
523
524
526
527
528
529
530
531
532
533
534
535
536
537
538
539
540
541
544
545
547
548
549
550
551
552
553
554
555
556
557
558
559
560
561
562
563
564
565
566
567
568
569
570
571
573
574
575
576
577
578
579
580
581
582
583
584
585
586
587
588
589
591
592
593
594
595
596
597
598
599
601
602
603
605
606
608
609
610
611
612
613
614
615
616
617
618
619
620
621
622
623
624
625
626
627
628
629
630
631
632
633
634
635
636
637
638
639
640
641
642
643
644
647
648
649
650
651
652
653
654
655
656
657
658
659
660
661
662
663
664
665
666
667
668
669
670
671
673
674
675
676
677
678
679
680
682
683
684
685
686
687
688
689
690
691
692
693
694
695
696
697
698
699
700
701
702
703
704
705
706
707
708
709
710
711
712
713
714
715
716
717
718
719
720
721
722
723
724
725
726
727
728
729
730
731
732
733
734
735
736
737
738
739
740
741
742
743
744
745
746
747
748
749
750
751
752
753
754
755
756
757
758
759
760
761
762
763
764
765
766
767
768
769
770
771
772
773
774
775
776
777
778
779
780
781
782
783
784
785
786
787
788
789
790
791
792
793
794
795
797
798
799
800
801
802
803
804
805
806
807
808
809
810
811
812
813
814
815
816
817
818
819
820
821
822
823
824
825
826
827
828
829
830
831
832
833
834
835
836
837
839
840
841
842
843
844
845
846
847
848
849
850
851
852
853
854
856
857
858
859
860
861
862
864
865
866
867
869
870
871
872
873
875
876
877
878
879
880
881
882
884
885
886
887
888
889
890
891
892
893
894
896
897
898
899
900
901
902
903
904
905
906
907
908
909
910
911
912
913
914
915
916
917
919
920
921
922
923
924
925
926
927
929
930
931
932
933
934
935
936
937
938
939
940
941
942
943
944
945
946
947
948
949
950
951
952
953
954
955
956
958
959
961
962
963
964
965
966
967
968
969
970
971
972
973
974
975
976
977
978
979
982
983
984
985
986
987
988
989
990
991
992
993
994
996
997
998
999
1001
1002
1003
1004
1005
1006
1007
1008
1009
1010
1011
1012
1013
1014
1015
1016
1017
1018
1019
1020
1021
1022
1023
1024
1025
1026
1027
1028
1029
1030
1031
1032
1033
1034
1035
1036
1037
1038
1039
1040
1041
1042
1043
1044
1045
1046
1048
1049
1050
1051
1052
1053
1054
1055
1056
1057
1058
1059
1060
1061
1062
1063
1064
1065
1066
1067
1068
1069
1071
1072
1073
1074
1075
1076
1077
1078
1079
1080
1081
1082
1083
1084
1085
1086
1087
1088
1089
1090
1091
1092
1093
1094
1095
1096
1097
1098
1099
1100
1101
1102
1103
1104
1105
1106
1107
1108
1109
1111
1112
1113
1114
1116
1117
1118
1119
1120
1121
1122
1123
1124
1125
1126
1127
1128
1129
1130
1132
1133
1134
1135
1136
1137
1138
1139
1140
1141
1142
1143
1144
1145
1146
1147
1148
1149
1150
1151
1152
1153
1154
1155
1156
1157
1158
1159
1160
1161
1162
1163
1164
1165
1166
1167
1168
1169
1170
1172
1173
1174
1175
1176
1177
1178
1179
1180
1181
1182
1183
1184
1185
1186
1187
1188
1189
1190
1191
1192
1193
1194
1195
1196
1197
1198
1199
1200
1201
1202
1203
1204
1205
1206
1207
1208
1209
1210
1211
1212
1213
1214
1215
1216
1217
1218
1219
1220
1221
1223
1224
1225
1226
1227
1228
1229
1230
1231
1232
1233
1234
1235
1236
1237
1238
1239
1240
1241
1242
1243
1244
1245
1246
1247
1248
1249
1250
1251
1252
1253
1254
1255
1256
1257
1258
1259
1260
1261
1262
1263
1264
1265
1266
1267
1268
1269
1270
1271
1272
1273
1274
1275
1276
1277
1278
1279
1280
1281
1282
1283
1284
1285
1286
1287
1288
1289
1290
1291
1292
1293
1294
1295
1296
1297
1298
1299
1300
1301
1302
1303
1304
1305
1306
1307
1308
1309
1310
1311
1312
1313
1314
1315
1316
1317
1318
1319
1320
1321
1322
1323
1324
1325
1326
1327
1328
1329
1330
1331
1332
1333
1334
1335
1336
1337
1338
1339
1340
1341
1342
1343
1344
1345
1346
1347
1348
1349
1350
1351
1352
1353
1354
1355
1356
1357
1358
1359
1360
1361
1362
1363
1364
1365
1366
1367
1368
1369
1370
1371
1372
1373
1374
1375
1376
1377
1378
1379
1380
1381
1382
1383
1384
1385
1386
1387
1388
1389
1390
1391
1392
1393
1394
1395
1396
1397
1398
1399
1400
1401
1402
1403
1404
1405
1406
1407
1408
1409
1410
1411
1412
1413
1414
1415
1416
1417
1418
1419
1420
1421
1422
1423
1424
1425
1426
1427
1428
1429
1430
1431
1432
1433
1434
1435
1436
1437
1438
1439
1440
1441
1442
1443
1444
1445
1446
1447
1448
1449
1450
1451
1452
1453
1454
1455
1456
1457
1458
1459
1461
1462
1463
1464
1465
1466
1467
1468
1469
1470
1471
1472
1473
1474
1475
1478
1479
1480
1481
1482
1483
1484
1485
1486
1487
1488
1489
1490
1491
1492
1493
1494
1495
1496
1497
1499
1500
1501
1502
1503
1504
1505
1506
1508
1509
1510
1511
1512
1514
1515
1516
1517
1518
1519
1520
1521
1522
1523
1524
1525
1526
1528
1529
1530
1531
1532
1533
1534
1535
1536
1537
1538
1540
1541
1542
1543
1544
1545
1546
1547
1548
1549
1550
1551
1552
1553
1554
1555
1556
1557
1558
1559
1560
1561
1562
1563
1564
1565
1566
1567
1568
1569
1570
1571
1572
1573
1574
1575
1576
1577
1578
1579
1580
1581
1582
1583
1584
1585
1586
1587
1588
1589
1590
1591
1592
1593
1594
1595
1596
1597
1598
1599
1600
1601
1602
1603
1604
1606
1607
1608
1609
1610
1611
1612
1613
1614
1615
1616
1617
1618
1619
1620
1621
1622
1623
1624
1627
1628
1629
1630
1631
1632
1633
1634
1635
1636
1637
1638
1639
1640
1641
1642
1643
1644
1645
1646
1647
1648
1649
1650
1651
1652
1653
1654
1655
1656
1657
1658
1659
1660
1661
1662
1663
1664
1665
1666
1667
1668
1669
1670
1671
1672
1673
1674
1675
1676
1677
1678
1679
1680
1681
1682
1683
1684
1685
1686
1687
1688
1689
1690
1691
1692
1693
1694
1695
1696
1697
1698
1699
1700
1701
1702
1703
1704
1705
1706
1707
1708
1709
1710
1711
1712
1714
1715
1716
1717
1718
1719
1720
1721
1722
1724
1725
1726
1727
1728
1729
1730
1731
1732
1733
1734
1735
1736
1737
1738
1739
1740
1741
1744
1745
1746
1747
1748
1749
1752
1753
1754
1755
1756
1757
1758
1759
1760
1761
1762
1763
1764
1765
1766
1767
1768
1769
1770
1771
1772
1774
1775
1776
1777
1778
1779
1780
1781
1782
1783
1784
1785
1786
1787
1788
1789
1790
1791
1792
1793
1794
1795
1796
1797
1798
1799
1800
1801
1802
1803
1804
1805
1806
1807
1808
1809
1810
1811
1812
1813
1814
1815
1816
1817
1818
1819
1820
1822
1823
1824
1825
1826
1827
1828
1829
1830
1831
1832
1833
1834
1835
1836
1837
1838
1839
1840
1841
1842
1822
1823
1824
1825
1826
1827
1828
1829
1830
1831
1832
1833
1834
1835
1836
1837
1838
1839
1840
1841
1842
1844
1845
1846
1847
1848
1849
1850
1851
1853
1854
1855
1856
1857
1858
1859
1860
1861
1862
1863
1864
1865
1866
1867
1868
1869
1870
1871
1872
1873
1874
1875
1876
1877
1878
1879
1880
1881
1882
1883
1884
1886
1887
1888
1889
1891
1892
1893
1894
1895
1896
1897
1898
1899
1900
1902
1903
1904
1905
1906
1907
1908
1909
1910
1911
1912
1913
1914
1915
1916
1917
1918
1919
1920
1921
1922
1923
1924
1925
1926
1927
1928
1929
1930
1931
1932
1933
1934
1935
1936
1937
1938
1939
1940
1941
1942
1943
1944
1945
1946
1947
1948
1949
1950
1951
1952
1953
1954
1955
1956
1957
1958
1959
1960
1961
1962
1963
1964
1965
1966
1967
1968
1969
1970
1971
1972
1973
1974
1975
1976
1977
1978
1979
1980
1981
1982
1983
1984
1985
1986
1987
1988
1989
1990
1991
1992
1993
1994
1995
1996
1997
1998
1999
2000
2001
2002
2003
2004
2005
2007
2008
2009
2010
2011
2012
2013
2015
2016
2017
2018
2019
2020
2021
2022
2023
2024
2025
2026
2027
2028
2029
2030
2031
2032
2033
2034
2035
2036
2037
2039
2040
2041
2042
2043
2044
2045
2046
2047
2048
2049
2050
2051
2052
2053
2054
2055
2056
2057
2058
2059
2061
2062
2063
2064
2065
2066
2067
2068
2069
2070
2071
2072
2073
2074
2075
2076
2077
2078
2079
2081
2082
2083
2084
2085
2086
2087
2088
2089
2090
2091
2092
2093
2094
2095
2096
2097
2098
2099
2100
2101
2102
2103
2104
2105
2106
2107
2108
2109
2110
2112
2113
2114
2115
2116
2117
2118
2119
2120
2121
2122
2123
2124
2125
2126
2127
2128
2129
2130
2131
2132
2133
2134
2135
2136
2137
2138
2139
2140
2141
2142
2143
2144
2145
2146
2147
2149
2150
2151
2152
2153
2154
2155
2156
2157
2158
2159
2160
2161
2162
2163
2164
2165
2166
2167
2168
2169
2170
2171
2172
2173
2174
2175
2176
2177
2178
2179
2180
2181
2182
2183
2184
2185
2186
2187
2188
2189
2190
2191
2192
2193
2194
2195
2196
2197
2198
2199
2200
2201
2202
2203
2204
2205
2206
2207
2208
2209
2210
2211
2212
2213
2214
2215
2216
2217
2218
2219
2220
2221
2222
2223
2224
2225
2226
2227
2228
2229
2230
2231
2232
2233
2234
2235
2236
2237
2238
2239
2240
2241
2242
2243
2244
2245
2246
2247
2248
2249
2250
2251
2252
2253
2254
2255
2256
2257
2258
2259
2260
2261
2262
2263
2264
2265
2266
2267
2268
2269
2270
2271
2272
2273
2274
2275
2276
2277
2278
2279
2280
2281
2282
2283
2284
2285
2286
2287
2289
2290
2291
2292
2293
2294
2295
2296
2298
2299
2300
2301
2302
2303
2304
2305
2306
2308
2309
2310
2311
2312
2313
2314
2315
2316
2318
2319
2320
2321
2322
2324
2325
2326
2328
2329
2330
2331
2332
2333
2334
2335
2337
2338
2339
2340
2341
2342
2343
2344
2345
2346
2347
2348
2349
2350
2351
2352
2353
2354
2355
2356
2357
2358
2359
2360
2361
2362
2363
2364
2365
2366
2367
2368
2369
2370
2371
2372
2373
2374
2375
2376
2377
2378
2379
2380
2381
2382
2383
2384
2385
2386
2387
2388
2389
2390
2391
2392
2393
2394
2395
2396
2397
2398
2399
2400
2401
2402
2403
2404
2405
2406
2407
2408
2409
2410
2411
2412
2413
2414
2415
2416
2417
2418
2419
2420
2421
2422
2423
2424
2425
2426
2427
2428
2429
2430
2431
2432
2433
2434
2435
2436
2437
2438
2439
2440
2442
2443
2444
2445
2447
2448
2449
2450
2451
2452
2453
2454
2456
2457
2458
2459
2460
2461
2462
2463
2464
2465
2466
2467
2468
2469
2470
2471
2472
2473
2474
2475
2476
2477
2478
2481
2482
2483
2484
2485
2486
2487
2488
2489
2490
2491
2492
2493
2494
2495
2496
2497
2498
2499
2500
2501
2502
2503
2504
2505
2506
2507
2508
2509
2510
2511
2512
2513
2514
2515
2516
2517
2518
2519
2520
2521
2522
2523
2524
2525
2526
2527
2528
2529
2530
2531
2532
2533
2534
2535
2536
2537
2538
2539
2540
2541
2542
2543
2544
2545
2546
2547
2548
2549
2550
2551
2552
2553
2554
2555
2556
2557
2558
2559
2560
2561
2562
2564
2565
2566
2567
2568
2569
2570
2571
2572
2573
2574
2575
2576
2577
2578
2579
2580
2581
2582
2583
2584
2586
2587
2588
2589
2590
2592
2593
2594
2595
2596
2597
2598
2599
2600
2601
2602
2603
2604
2605
2606
2607
2608
2609
2610
2611
2612
2613
2614
2616
2617
2618
2619
2620
2621
2622
2623
2624
2625
2626
2627
2628
2629
2630
2631
2632
2633
2634
2635
2636
2638
2639
2640
2641
2642
2643
2644
2646
2647
2648
2649
2650
2651
2652
2653
2654
2655
2656
2657
2658
958
1902
312
982
2337
2337
2337
1774
2337
1584
2337
2337
312
2447
2337
312
2616
2337
1801
1844
526
2337
2616
1902
608
1774
864
2616
312
2442
436
2616
2592
2616
1774
2456
2337
1137
1801
2337
1584
1886
526
1853
56
2337
526
2616
673
110
109
1374
312
1988
2391
2394
2382
2365
2378
2348
2347
2238
2200
1783
1781
2376
2424
692
1580
1541
1427
1963
2264
2243
2227
1095
1085
1555
1541
723
2240
194
518
519
517
1509
776
2134
2136
2160
2501
2511
2159
1930
1932
539
526
2156
2149
512
743
1049
389
1880
833
811
1012
802
594
2266
1854
817
2171
2573
2184
2149
436
1853
591
797
2015
2247
2523
2210
2572
2175
2176
2171
2573
2575
2501
2149
2569
2376
2376
353
363
526
1737
1738
1724
739
2118
1880
1880
1999
1466
601
1462
1465
1464
812
2017
797
1139
218
936
353
1400
1398
1783
1782
273
276
579
2442
2134
805
2511
797
1002
2023
478
470
1880
1880
1880
753
392
954
319
2012
539
386
353
2007
312
1880
612
734
880
875
2376
2391
2392
167
457
2041
519
517
438
516
1749
2376
2391
2392
167
1572
1541
1672
1631
109
2574
2136
225
222
2175
25
20
212
2376
2391
2401
2392
2190
2347
2191
2193
2149
167
281
293
182
362
1565
1976
1804
1803
1918
1926
2042
1724
2149
2039
771
121
128
110
333
804
803
802
1792
1415
255
2369
2443
2444
610
2442
702
2376
2511
2112
314
1596
2534
2134
806
2511
803
802
2369
1947
478
470
1880
1880
2481
2481
478
44
2582
2171
2226
2319
445
470
2056
477
2049
2050
2180
2045
2048
2019
2039
864
1804
1774
2376
2391
2392
167
2540
277
272
276
2188
275
802
527
531
528
529
608
574
2572
2171
334
1752
352
1752
2348
2180
12
910
1520
1518
2
2
2264
2574
814
815
2175
2487
2489
2149
2149
1328
1438
1442
218
2596
2594
2595
2597
2598
2592
1774
2376
313
357
1958
1930
1959
348
333
2376
394
376
313
357
360
362
359
1989
77
97
78
87
79
1756
67
1754
57
958
1752
1752
843
2369
814
815
812
2170
802
1664
1695
1635
1639
885
1880
1584
1584
2243
2192
2191
1685
1651
1649
1663
2085
2084
799
2170
802
1938
2369
103
101
100
102
63
64
99
958
1752
854
844
2369
964
437
2180
2044
2043
438
664
663
662
2369
2377
387
312
2488
2505
2268
2264
2222
2221
2271
2266
2176
2170
2149
2376
1565
1541
2376
1546
2447
1088
908
905
1514
2376
1645
1792
608
1462
1463
1711
1723
471
442
1881
439
1882
1880
1880
2369
1641
1753
2346
2341
2347
692
2391
2347
2068
1906
1912
1911
2063
1896
108
2447
379
390
2445
313
950
386
353
611
43
44
662
2008
2134
2520
2488
2506
2510
2505
2509
2504
2559
2557
2511
2493
2558
2489
2556
2481
2391
2392
2366
2347
1141
1145
1146
1139
1140
1142
1144
1147
1143
702
1966
1956
1957
2190
1912
2191
2193
2149
353
392
390
480
470
2136
2056
1881
2175
437
439
441
2188
1882
2511
438
1880
1880
1880
341
1755
335
1752
663
864
2596
2594
2595
2597
2598
2592
108
110
109
2447
1266
2087
2088
2086
2361
2353
2042
1724
2149
2039
1550
1541
748
1666
1690
129
109
1574
1541
2376
2376
958
2447
2376
2391
2392
167
2453
315
357
601
812
2223
802
516
930
353
4
5
6
3
1514
2289
687
1831
1824
1823
203
200
184
191
195
196
189
183
187
186
190
188
1370
1373
1372
1369
1368
1371
2039
333
353
1880
664
2133
2136
2501
2569
2376
2089
2085
1931
1956
1957
1912
786
907
1518
2
710
2039
333
2201
2183
991
881
2193
1880
2376
1167
1989
1988
1137
2156
2149
2607
2596
2594
2595
1775
2598
608
2423
2376
1640
109
1414
692
2068
2376
1958
1930
1947
1959
1913
2226
2222
2136
2254
2175
2188
2511
2149
2149
1849
390
386
356
360
362
359
2369
1340
1460
312
2447
958
353
2371
2372
353
1813
1775
1774
1774
1812
1328
360
2596
2594
2595
2598
1515
1509
2226
478
437
1880
2638
1880
1511
899
901
900
2289
1508
388
315
383
1514
2447
723
1913
2647
1362
1752
958
1752
128
129
110
2057
2445
578
575
576
574
2046
579
581
577
580
2442
2039
958
56
333
373
371
374
429
964
2376
1724
601
357
529
757
1880
575
2039
2447
1328
1441
1442
277
274
196
197
275
293
182
265
388
251
353
238
2039
1005
262
261
252
259
260
2056
2054
256
253
850
852
250
2629
2049
518
244
2046
2041
2043
243
2050
245
241
2044
247
2042
519
246
2047
2048
2039
516
2308
2616
2638
2039
864
1842
1825
1749
613
1753
1752
2369
683
2369
1791
1774
1774
1791
776
2272
2188
2149
2149
797
2369
1455
1449
1256
1450
958
1048
1453
1139
1774
608
710
2115
2299
2300
2376
353
356
1844
1779
1777
1813
1774
608
1774
2608
2596
2594
2595
2598
2592
72
56
1956
1912
1552
1541
353
4
1514
259
2290
12
10
2540
104
76
75
62
67
335
68
66
958
333
359
530
710
763
2429
2369
2574
1880
1880
1880
341
1140
1003
2376
2158
2180
814
815
1516
608
1931
1956
1957
2369
2559
2557
2560
2558
2553
2376
812
2223
802
1049
2376
791
2376
2181
148
145
119
129
578
345
679
680
1755
335
674
1753
1752
2140
1724
2131
472
448
446
1880
2521
2351
2543
2347
1724
2481
734
2037
864
2376
2391
2392
167
930
931
932
353
43
44
2523
594
2218
2171
2573
2149
2149
591
2481
1752
333
1752
1011
2140
1724
2138
2525
2522
2527
2175
2576
2499
2510
2511
2149
2569
1941
1956
1957
648
1631
1813
1812
81
103
62
101
100
1758
102
61
1757
99
958
2328
662
2376
1049
2290
2291
3
2367
2384
2347
964
2369
2376
1049
1056
958
1409
2376
1394
2376
2391
2392
167
2376
2217
2179
2175
2149
2149
2376
2140
613
822
836
811
1012
802
835
811
1012
802
196
197
1607
478
1880
1499
1880
886
864
1009
798
1411
1410
2136
2175
218
25
20
212
2448
2082
2084
2376
531
723
2299
1792
1791
2041
2039
108
2447
2376
830
1008
2149
776
1423
1648
1641
2089
478
439
1880
1880
767
1737
1738
1724
1724
857
2251
2244
2191
122
129
251
2039
238
1754
2418
2290
2291
1931
1956
1957
512
2481
2481
1576
1585
1584
1592
743
956
955
386
393
931
932
526
353
1082
958
2540
2535
2136
2581
2532
2527
2175
2515
2486
2188
2511
2491
2149
2149
2149
2569
2393
2394
2382
2365
2348
692
1485
1011
190
182
1106
2222
2178
2149
577
2581
2526
2528
2576
2569
2569
258
2376
2118
206
207
2234
2233
2442
168
804
800
803
802
2149
2481
1328
1439
1442
1566
2376
2057
1328
375
373
368
387
385
1383
1285
1342
958
1437
333
1342
1360
56
1367
1385
2039
353
257
885
886
1046
2376
812
803
1095
2361
2353
1724
2149
2039
1550
1543
2376
753
2186
333
2369
2369
2041
2616
2039
2039
2586
2638
1499
2308
516
321
856
2369
2226
2149
1643
6
392
934
951
390
935
950
353
2647
1645
2376
1606
353
2369
1566
1541
2481
2481
2253
2190
2189
710
390
540
1530
1529
1531
353
2320
2321
2149
2039
2171
2574
2376
255
238
2308
1462
1465
1464
2416
2415
2413
2348
2342
2347
2408
365
357
312
1143
2447
2548
2114
2115
1724
121
119
109
138
1472
1463
958
1889
1888
2629
2616
1457
1792
1775
1774
608
1405
1406
1989
2447
2658
2647
333
528
527
608
1978
1980
1981
1907
1913
1912
1973
2376
1361
1752
1752
1945
1943
1956
1912
2537
2149
1608
2149
2120
2118
2369
1783
1782
1784
1956
1912
1931
1956
1957
2376
1632
1634
1633
1635
1664
1638
1695
1635
218
2295
412
2294
914
1511
897
898
2298
2289
1606
1508
964
1880
361
2369
2376
973
1342
958
2424
1962
1908
1910
1912
1909
2391
2380
2378
2347
2376
2379
314
1737
1738
1724
1010
2134
1037
1604
1004
1005
1006
2483
2511
803
958
1748
221
1747
212
2149
212
1580
1541
1544
254
2041
2039
84
51
85
2614
2596
2594
2041
57
61
958
42
42
2592
2616
1691
64
1880
1880
1531
2195
2298
2376
1046
1036
797
1002
2376
1341
1429
1342
2418
2376
812
811
837
1014
806
802
1555
478
2136
990
2214
2175
437
2188
2511
1880
516
1880
2376
199
198
2376
2391
2392
167
362
359
6
1880
1566
1541
2547
2483
2330
2329
958
360
359
1881
1882
1880
1880
129
109
1792
1791
2376
594
2266
1854
817
2171
2573
2184
2149
436
1853
591
797
2015
323
322
324
1781
1781
1966
1943
1956
1957
2190
1912
2191
2193
2149
2179
2170
2149
2149
1059
1069
1052
1051
1054
1055
1050
1049
1056
2597
2593
2052
962
963
802
797
1485
1011
1138
1139
1142
1144
1143
810
813
805
804
1002
2135
1880
1880
1672
313
2376
2376
2391
2392
167
1976
2042
2083
2087
2085
2088
2086
2084
2376
786
2057
1321
1429
2039
333
1249
72
2039
958
56
710
137
129
142
109
527
531
528
529
608
2134
2532
2491
2487
2569
2569
842
853
251
355
2039
238
2039
839
1841
757
2118
2513
2514
1724
748
2369
315
2454
357
601
2376
2369
2452
108
608
526
1560
2369
1434
2452
2082
261
238
1880
1746
212
2149
2376
2391
2392
167
54
43
44
42
662
811
1012
834
802
172
169
171
173
84
958
42
2376
771
842
2373
353
353
333
1813
1812
2369
1896
2629
1941
2376
2447
2053
2041
519
359
353
2039
516
2149
2597
2593
2376
2376
1778
1777
1804
1774
608
1774
2484
540
2008
2009
353
312
702
5
2039
333
2376
2059
527
531
528
1046
1635
1516
1515
1517
1518
896
145
2136
2175
2188
2511
2149
1546
1431
1426
1405
1406
841
839
526
353
1651
1685
1652
1630
1996
2053
2041
519
359
2039
516
763
2595
1754
2592
1577
1545
1584
1584
2540
281
277
272
273
274
276
2188
275
802
293
2540
2225
2136
2216
2175
25
2188
2149
2149
2077
2553
2556
122
109
2226
2149
478
1880
2638
1880
2309
2171
2382
1783
1782
1784
1781
1780
1813
1774
1774
1791
683
2376
2369
2041
2039
1422
1146
63
1526
911
1514
140
2376
254
238
1941
1929
1956
1957
648
812
2170
802
2523
594
2218
2171
2573
2149
2149
591
2481
612
1737
2125
2127
1739
2126
2114
1731
2503
1729
1730
1724
1724
2369
1975
1974
1754
1752
2023
2136
2026
458
2036
2175
2017
2188
2511
1880
864
2647
614
481
88
80
89
1754
1752
958
1752
723
1724
1724
1724
2376
2209
2172
2171
2188
2574
2173
2170
2481
2569
866
663
662
864
884
662
983
2082
2447
2369
2299
2118
33
34
32
2411
323
322
324
710
43
44
392
539
353
1528
2376
1659
1627
1715
1715
2376
1949
1932
1912
757
2136
2530
2210
2178
2179
2171
2188
2511
2149
63
64
958
1141
882
876
2592
2042
678
335
673
449
1880
1975
791
2596
2594
2595
2598
1774
2222
2178
2149
2149
277
275
612
1671
1664
1653
1663
1644
1643
1640
1645
1628
1635
1639
1638
1642
776
882
2632
2633
2629
2041
876
877
2047
2592
2586
2592
516
2616
1988
1137
118
1559
2068
692
2143
1804
1775
1774
1774
1803
710
2063
1752
1752
1011
214
2391
2347
2639
465
1880
1880
1880
1880
1966
1943
1956
1957
2190
1912
2191
2193
2149
2569
963
797
2136
2175
25
20
2598
2592
2592
2542
2354
2266
444
251
2188
2184
2039
2149
436
238
2039
2015
702
470
2214
1881
437
1882
1880
1880
1880
2149
1085
2041
1754
1686
1689
1674
1635
2376
2376
867
888
889
866
663
958
864
2046
2047
2308
1586
2464
1880
1880
2367
2365
1328
1440
1442
2189
176
2039
958
573
373
374
361
423
2376
1501
1500
1009
2134
798
2511
803
1881
1882
2423
2646
2369
353
1528
359
2243
2201
2193
2217
2134
2266
2537
2180
2149
2149
734
601
2135
292
277
276
2188
2511
270
2149
293
1956
1957
1932
2376
2141
2519
2492
2509
2511
2112
478
456
1880
2638
1880
1792
466
467
2056
468
463
1881
438
1880
1880
1880
1526
911
2
1514
2
1880
1880
1918
1926
1724
2149
2039
2132
474
2319
2243
445
2136
473
881
2175
437
2180
441
2188
2511
2047
438
2039
875
2034
478
2136
2175
2188
2511
1880
1880
856
1499
2616
2647
2376
2391
2392
2347
2149
167
843
844
839
1082
1608
1607
1609
136
119
129
142
109
314
1587
1586
692
1839
1841
1838
1840
1826
1825
2391
2369
2392
1646
1640
2646
2646
1832
1833
1835
1830
1834
1826
1825
1824
1823
2376
2252
597
2274
2222
2269
2248
2171
2180
2192
2191
2149
2149
43
44
2592
42
381
913
898
1514
915
1514
526
1461
917
2376
2214
592
1067
1068
1059
1049
2369
723
952
954
953
1095
1530
2135
1008
388
312
1648
1637
1630
1636
1694
2376
776
2376
1035
1325
1327
1452
1429
1347
1300
2597
1299
1275
1344
1346
336
1297
65
1269
1260
1355
1354
1298
1358
1283
1312
1353
1754
1257
1357
334
1271
1756
1356
1274
1348
1278
1279
1340
1448
1460
1430
333
1448
1249
958
1342
56
2592
353
1433
1752
2534
2149
898
353
1140
2114
2481
2647
84
51
98
2614
82
50
667
2594
62
2595
2040
57
61
958
42
2592
662
2616
1646
877
2039
983
982
1804
982
743
666
2631
2634
50
86
2596
2629
323
322
57
519
42
958
42
2616
42
516
321
662
2616
1642
814
815
353
50
334
2594
1756
1754
1758
1753
1757
1752
333
2592
1752
1452
1449
2376
885
886
884
2376
323
322
710
1938
353
353
2434
1842
1716
1627
333
2149
2369
1004
797
1411
1410
614
1544
312
1880
983
1783
1782
1784
608
1792
1559
1541
2376
1586
1695
1627
358
1880
1880
2464
508
2369
882
2329
2054
439
438
1737
1738
1740
1731
1729
1730
1840
1658
1654
1627
1723
767
1940
1939
353
958
353
312
359
2369
2369
2253
1491
2192
2191
2569
1728
2138
594
2272
2134
2542
2524
2533
2266
1854
810
2490
2171
2573
2507
2188
2511
2184
2149
436
1853
591
2015
358
1419
2481
2481
831
811
1012
802
2597
2593
2448
108
111
109
2391
2369
2392
899
901
900
1845
2466
386
421
356
363
358
359
2456
1919
2542
2266
444
251
2188
2184
2039
2149
436
238
2039
2015
2369
470
109
2376
2410
2409
1770
1769
134
2039
1143
958
2309
2376
1491
2193
1912
2369
1813
1774
1442
2053
2041
519
516
1607
1609
598
39
28
2542
2211
596
2212
2266
595
599
2246
38
2171
2180
2188
592
2149
18
811
1011
1002
316
391
388
1386
1387
336
333
353
2447
2330
2266
2157
2193
2376
1726
1792
2194
348
170
1501
1500
1737
1738
1724
1725
1727
121
128
125
110
111
109
280
1018
811
1019
872
870
871
182
797
776
1660
359
1760
1756
1754
1753
1757
530
216
227
1612
1613
2304
912
911
2303
2298
2
1606
1147
907
1518
1629
2513
2514
1629
224
218
212
2540
281
277
272
273
274
276
2188
275
802
293
1529
126
121
129
110
109
687
440
2369
2369
2369
260
2616
2039
238
601
2251
2255
1491
2249
2196
2194
2190
2189
2195
2191
2193
2149
2055
2267
2214
2633
2629
2042
2149
2039
2638
856
1499
2616
2376
2112
2055
470
2134
2629
1881
437
2188
1882
2511
438
1880
1880
1880
2616
2376
2237
2239
1774
1803
1812
710
2009
2376
964
1966
1943
1956
1957
2190
1912
2191
2193
2149
2376
2087
2089
2085
2088
2084
2376
1988
1631
2529
2149
2481
1776
1804
608
1774
1685
1659
1687
1627
1723
1719
1715
2138
2511
1880
983
1880
62
66
63
64
56
2634
2629
2616
1737
1738
1740
1726
2512
930
353
1989
54
43
44
42
702
678
335
673
2324
1092
959
1169
1146
1144
1147
958
2536
2488
2175
2491
2149
1571
1541
1138
1139
1143
1728
1733
1726
1727
456
1880
1880
1004
1005
797
316
391
388
1386
1387
336
333
353
557
1641
1556
1541
5
2513
205
196
197
678
335
2442
673
2256
2194
2195
2136
23
22
2175
25
20
748
757
2397
2347
1930
1947
1943
1956
1959
1913
1912
2255
2245
2195
2376
1983
121
119
109
843
844
72
56
357
312
1656
291
2540
292
289
277
272
273
274
196
276
2188
275
802
182
723
176
333
673
2190
2191
710
1106
1783
1782
1784
776
2139
1296
1284
1813
576
2547
2114
2369
2393
2394
2365
478
1880
2586
1880
2521
2138
2539
2551
2506
2511
2481
1415
2376
1571
1541
54
43
44
42
786
2042
2084
127
797
812
2170
802
885
886
864
338
1737
1738
1724
1724
908
1514
896
1261
1272
1291
1269
1273
1270
1262
1293
1295
929
1596
1608
1607
814
815
1880
1880
2077
664
663
864
864
2376
2244
2249
2190
791
145
2039
333
56
178
177
173
2376
1492
2136
2175
2171
2188
2511
2149
471
945
2052
386
359
353
2039
2068
2253
2248
2191
692
1893
2572
2149
2569
2149
2226
2266
437
1587
1586
1517
1324
1297
1340
1448
1918
1724
2115
2116
2398
1017
2226
2540
2136
2248
2175
2188
2190
2511
2191
2149
1015
2149
1956
1957
1912
2149
723
35
36
23
22
1112
2039
2369
258
2376
2373
683
2140
2513
2514
2511
2502
1724
1724
1590
314
316
1581
1587
1586
1544
1545
1584
897
1774
2484
2369
1461
2142
2141
2147
2143
2121
2120
2113
2118
2112
1404
2171
1596
2376
1962
1912
1880
1974
2275
2569
2569
377
313
357
360
362
358
359
2569
2569
44
42
1141
1146
1139
1140
1142
1143
1147
478
2199
437
439
1880
2149
321
1880
1349
1347
1343
1353
1344
1346
1351
1350
1357
334
1356
65
1355
1354
1352
1348
1345
1358
353
56
333
865
886
663
662
864
662
864
662
854
843
2133
2139
43
662
848
134
245
333
312
1752
292
277
269
293
377
313
357
362
359
2572
2573
2574
2569
2521
1916
2543
1912
1724
2481
2575
2571
293
2226
478
437
1880
1880
856
1324
1297
1340
1448
2369
1142
2146
2128
2124
857
2376
1942
1396
362
2053
2041
2039
1770
1769
1774
23
21
25
2188
20
2511
2149
376
313
357
360
362
359
2376
2136
2214
2175
25
2149
2247
2532
2522
2209
2543
2172
2174
2175
2171
2188
2574
2173
2149
2149
2481
2376
2369
2369
376
313
357
362
358
359
2376
692
1003
2251
2540
2272
2249
2188
2087
2089
2085
2088
2084
2086
1418
2376
2369
2190
2193
2445
675
2041
1095
2214
2149
1604
1601
867
886
1427
1944
753
2020
2019
864
734
857
2353
1724
1054
1055
1050
1053
1049
1056
2376
1944
1929
1264
1262
1265
1263
2375
2374
353
958
353
312
2376
129
109
2376
1630
1641
2266
2566
1760
1756
1759
1753
1757
1752
1142
830
832
1008
2149
1566
2270
2197
1635
1492
2199
2180
2026
2198
1880
959
1049
2547
2483
2504
2559
2560
2558
2556
964
182
256
1644
130
110
2369
2376
2391
2392
167
612
1609
353
1528
937
944
390
950
386
393
353
2230
2266
2235
251
2175
2184
312
238
2039
2376
811
832
1012
802
739
171
2369
723
2264
2376
1496
1501
1500
103
101
100
102
508
359
2376
63
948
947
949
393
353
109
2266
2157
2192
2193
767
1088
2376
333
360
372
429
592
2149
1434
1426
346
1920
2149
333
1737
1738
1724
64
333
2149
2278
2171
2185
743
2464
2463
2039
1954
1956
1957
2175
1912
2149
1501
1500
2156
2149
1485
1011
1323
1448
1448
97
61
63
64
958
2369
2136
2175
25
20
26
771
2369
1466
601
392
942
934
941
935
539
943
526
353
1154
1166
1157
1146
1139
1140
1142
1147
410
353
2228
2157
2149
273
276
702
400
272
273
276
2057
65
2463
333
2087
2085
2084
2376
1031
1011
601
964
1936
1937
353
1775
2592
1774
1755
1756
337
335
1759
338
336
1752
404
2059
2376
415
359
2639
1724
1724
1724
2376
1145
1688
1723
1627
2411
353
964
2481
1457
2639
2181
2182
2180
478
437
2180
2638
2616
857
1419
2376
2376
172
2226
1015
2214
1008
362
1928
1724
531
2034
478
1880
1880
856
362
359
814
815
526
353
2647
2376
1632
1634
1633
1635
168
897
898
353
2054
439
438
2300
847
247
839
2423
1137
392
934
951
390
935
950
353
812
2170
802
2226
1015
1011
1008
723
2214
2149
962
2149
2532
2569
2083
2084
847
238
710
1643
2179
2149
2214
437
439
2409
2369
1144
748
1518
896
1326
1394
1317
1315
1329
1322
1319
1316
1268
1275
1253
1392
1297
1261
1254
1298
1296
1279
1280
1283
1460
1340
1430
1448
1249
2083
1606
2376
1686
1715
2376
1543
1545
1584
2376
176
2442
2347
1724
2369
1846
390
1850
393
356
360
359
2190
801
2191
802
1560
1541
2291
2639
1880
1880
776
2424
2068
2596
2592
1774
2592
362
2023
2136
2026
458
2036
2175
2017
2188
2511
1880
864
2376
964
2055
2629
1112
2616
480
2136
470
2056
1881
2175
437
439
441
2188
1882
2511
438
1880
1880
1880
2647
1780
1804
1774
1774
1791
1688
864
348
334
336
333
1423
2376
2391
2392
167
2083
2082
2084
2447
2369
702
2242
2243
2266
2447
1630
1167
2424
2423
1137
1092
1491
2196
2264
2596
2598
2592
2592
2355
346
2149
333
72
2039
958
56
2236
1802
1801
1774
1888
844
1994
363
674
675
2442
333
2376
110
2369
2548
2549
2117
2114
2115
2116
1724
1063
1059
1052
1054
1055
1050
1053
1049
1056
1323
1448
1448
2611
1049
104
62
67
66
63
64
2147
2143
1783
1782
1784
2363
1724
2397
2344
2343
2345
2347
1912
1804
1803
2299
2300
1755
59
57
60
1752
1011
2376
2391
2392
167
989
982
2410
2136
2175
2564
2369
959
2334
2329
2328
1141
687
2376
1542
1545
1584
1584
1282
1296
1281
2596
2594
2592
1774
2592
2513
257
2039
2226
2136
2229
2018
2175
437
2188
2511
1572
1541
2225
2214
2180
2149
2369
313
223
218
1642
786
1644
2376
2391
2392
167
710
2376
1462
1465
1464
958
1509
470
1881
1882
1880
1880
1880
1472
1471
1469
1462
1466
1465
1464
2522
2528
2527
2175
2149
2149
2569
1370
1373
1372
1369
1368
1371
2039
333
341
1755
335
1752
356
1844
757
1657
90
349
83
76
2050
57
66
958
1752
392
951
353
2369
739
2376
1842
1826
2136
2263
2175
25
20
24
791
1576
1544
1585
1584
1595
1691
2181
2182
2180
557
291
277
271
293
692
1147
2068
959
62
958
2540
282
288
292
290
289
277
272
273
274
276
196
2188
275
802
182
1880
1880
2369
776
983
2513
1934
1931
1956
1957
1842
2176
1601
1629
65
61
2039
333
2376
948
956
409
955
944
935
2053
410
386
353
312
1931
1956
1957
1880
1880
2614
907
908
2
1514
1983
1146
478
2024
439
1880
864
1880
2376
37
29
31
30
22
2180
21
20
1880
2431
5
1049
1582
1587
1596
1586
1585
1584
1584
1584
1592
1595
2376
1755
59
57
60
1753
1752
1752
1752
90
89
1752
1752
1752
2268
2230
2267
2235
251
2175
2176
2184
573
958
238
2039
573
2647
1541
1546
1544
1545
1542
312
2376
170
2442
168
2243
437
438
2149
2039
1893
1846
390
1850
393
356
360
359
2376
1776
1813
608
1774
1145
2243
2228
669
57
61
63
64
958
662
1630
2347
1046
1565
1541
2369
1664
1716
334
333
470
1887
1881
1882
438
1880
1880
1111
1880
390
386
359
353
353
2007
723
2513
386
393
353
2647
936
353
316
391
388
1386
2040
1387
336
333
353
2039
293
2149
864
2442
227
958
2447
1768
608
293
182
1002
839
1453
797
333
428
428
1584
2039
1752
2447
2149
2149
1752
99
99
2039
2481
662
1774
2112
2569
1774
2149
958
797
2149
1844
929
2039
2149
2039
1752
212
227
212
1752
312
2039
2149
2149
353
2337
1632
1634
1633
312
293
896
333
353
797
2149
2447
1460
2112
601
864
1902
2556
2553
2556
2039
168
169
168
2481
864
958
2447
333
2553
864
2149
1382
1382
293
1752
645
333
2481
839
864
1627
2442
423
1627
1774
2616
2637
662
212
1774
1781
1514
2442
1296
1774
377
362
2136
2175
2511
2149
