1
2
2
2
2
2
2
2
2
2
2
2
2
2
2
2
2
2
2
2
2
2
2
2
2
2
2
2
2
2
2
2
2
2
2
2
2
2
2
2
2
2
43
43
43
43
2
48
2
50
22
53
54
55
56
32
25
21
22
61
62
62
62
62
62
62
62
62
62
62
62
62
62
62
62
62
62
62
62
80
80
84
85
85
85
85
85
85
85
85
85
85
85
85
85
85
85
85
85
85
85
85
85
85
85
85
85
85
85
85
85
85
85
85
85
85
85
85
85
85
85
85
85
85
85
48
50
107
107
34
34
33
33
33
33
33
39
26
26
104
112
112
122
111
111
111
111
109
116
116
116
116
116
116
116
116
38
38
21
21
21
21
21
21
21
30
81
41
41
41
41
78
128
114
40
27
32
32
32
32
32
32
32
23
23
23
23
23
23
23
23
23
23
23
23
23
23
76
120
20
20
20
20
80
24
24
24
24
24
24
24
24
105
105
105
105
105
105
105
105
108
108
22
22
22
22
22
22
22
22
22
113
68
68
115
31
31
31
31
19
19
19
29
29
29
29
72
72
72
77
18
125
121
71
126
126
126
126
110
110
110
110
28
117
117
117
117
74
25
25
25
25
25
25
25
25
25
25
106
106
14
14
15
15
6
13
102
52
52
52
52
57
57
58
58
59
59
59
59
59
59
59
60
60
60
60
