1
2
2
2
2
2
2
2
2
2
2
2
2
2
2
2
2
2
2
2
2
2
2
2
2
2
2
2
2
2
2
2
2
2
2
2
2
2
2
2
2
2
2
2
2
2
2
2
2
2
2
2
2
2
2
2
2
2
2
2
2
2
2
64
64
64
2
68
19
70
70
2
73
73
73
73
73
73
2
80
2
82
82
82
2
86
60
88
20
1
91
91
91
91
91
91
91
91
91
91
91
91
91
91
91
91
91
91
91
91
91
91
91
91
91
91
91
91
91
91
91
91
123
123
123
123
113
113
113
79
79
79
106
106
106
106
47
47
54
57
57
17
22
61
115
100
23
24
78
102
102
102
102
89
118
118
107
107
107
107
98
98
121
121
14
14
11
104
104
104
15
122
122
66
16
116
116
116
60
119
119
119
103
103
103
111
111
72
110
110
110
49
49
26
114
114
114
105
105
105
105
101
101
101
13
25
53
43
127
67
97
21
112
112
108
108
120
120
99
99
99
99
62
77
109
109
117
117
96
