1
2
2
2
2
2
2
2
2
2
12
10
10
1
15
15
15
15
15
15
15
15
15
15
15
25
26
29
30
30
30
30
30
30
30
30
30
30
30
30
30
29
44
44
44
44
44
44
44
44
44
47
1
55
55
55
55
55
58
1
62
62
58
1
66
66
66
66
66
66
66
66
66
66
66
66
66
66
66
66
66
66
66
66
66
66
66
66
66
66
66
25
91
55
62
19
80
82
58
58
58
76
25
25
83
41
20
63
21
89
60
86
35
35
35
35
78
85
42
42
42
23
26
88
40
40
40
18
45
45
84
39
10
10
10
10
10
87
38
38
38
22
77
81
34
34
36
36
79
13
13
13
13
13
61
61
61
61
14
14
14
14
65
65
65
65
