1
2
2
2
2
2
2
2
2
2
2
2
2
2
2
2
2
2
2
2
2
2
2
2
2
2
7
11
18
31
32
32
32
32
32
32
32
32
32
32
32
32
32
49
31
50
50
50
50
50
50
50
50
50
50
50
50
50
50
50
50
50
50
50
50
50
50
50
50
50
50
50
50
50
79
79
79
50
83
83
83
83
83
83
83
83
83
83
83
83
83
83
83
83
83
83
83
83
50
104
104
104
104
104
104
70
70
65
65
70
116
66
118
66
65
122
50
62
62
68
68
68
99
99
99
33
33
33
33
66
66
66
66
66
66
66
66
43
43
43
72
93
93
39
39
39
39
39
39
37
37
37
35
35
35
76
76
13
34
34
34
34
34
34
34
103
103
103
103
103
103
103
103
103
12
97
97
97
61
61
61
61
61
61
61
61
61
61
61
61
61
61
61
61
61
61
40
40
40
40
40
40
62
62
96
96
96
38
38
38
38
38
38
38
92
15
16
67
67
67
67
67
67
67
101
101
101
19
98
98
98
71
41
41
41
41
41
41
41
14
10
27
27
27
65
65
65
65
65
65
65
68
68
68
68
68
68
68
68
68
95
95
95
36
36
36
36
36
36
36
11
11
11
42
42
42
102
102
102
17
77
78
78
78
78
94
94
26
26
26
75
75
70
70
70
70
70
70
70
70
70
70
9
64
64
64
64
64
100
100
100
45
45
45
45
45
45
45
52
56
55
85
88
89
117
117
117
117
117
111
111
111
111
119
119
112
112
112
112
112
120
120
49
49
49
49
49
49
49
123
123
123
123
123
125
126
126
115
115
116
128
128
128
128
128
