2
3
4
5
6
7
8
9
10
11
12
13
14
15
16
17
18
19
20
21
22
23
24
25
26
27
28
29
30
31
32
33
34
35
36
37
38
39
40
41
42
43
44
45
46
47
48
49
50
40
54
55
56
57
58
59
60
61
62
63
64
65
66
67
68
69
70
71
72
73
75
76
77
78
79
80
81
82
83
84
85
86
87
88
89
90
91
92
93
94
95
96
97
98
99
100
101
102
103
104
105
106
107
108
109
110
111
112
113
114
115
116
117
119
120
121
122
123
124
125
126
127
128
129
130
131
132
133
134
91
138
139
140
141
142
143
144
145
146
147
149
150
151
152
153
154
155
156
157
158
159
160
161
162
163
164
165
166
167
168
169
170
171
172
173
174
176
177
178
179
180
181
182
183
184
185
186
187
188
189
190
191
192
193
194
195
196
197
198
199
200
201
202
203
204
205
206
207
208
209
210
211
212
213
214
215
216
217
218
219
220
221
222
223
224
225
226
227
228
229
230
231
232
233
234
235
236
237
238
239
240
241
242
243
244
245
246
247
248
249
250
251
252
253
254
255
256
257
258
259
260
261
262
263
264
265
266
267
268
269
270
271
272
273
274
275
276
277
278
279
280
281
282
283
284
285
286
287
288
289
290
291
292
293
294
295
296
297
298
299
300
301
302
303
304
305
306
307
308
309
310
311
312
313
314
315
316
317
318
319
320
321
322
323
196
325
209
327
329
330
331
332
333
334
335
336
337
338
339
340
341
342
343
344
345
346
347
348
349
350
351
352
353
354
355
356
357
358
359
360
361
362
363
364
365
366
367
368
369
370
372
373
374
375
376
377
378
379
380
381
382
383
384
385
386
387
388
389
390
391
392
393
394
395
396
397
398
399
400
401
402
403
404
405
406
407
408
409
410
411
412
413
414
415
416
417
418
419
420
421
422
423
424
425
426
427
428
429
430
431
432
433
434
435
436
437
392
440
441
442
443
444
445
446
447
448
449
450
451
452
453
454
455
456
457
458
459
460
461
462
463
464
465
466
467
468
469
470
471
472
473
474
475
476
477
478
479
480
481
482
483
484
485
486
487
488
305
305
278
278
195
253
470
468
466
469
467
441
442
416
415
417
369
368
337
339
6
7
39
21
372
372
205
220
179
46
36
22
23
25
101
102
103
83
135
42
59
369
368
338
336
201
210
42
40
41
21
209
402
196
208
355
331
330
180
28
6
251
184
179
253
250
95
83
82
372
239
80
135
422
374
187
195
253
320
321
319
252
430
425
375
372
452
187
422
184
352
208
357
334
330
180
44
23
39
2
424
375
372
135
278
282
289
283
468
466
469
441
442
95
376
374
195
179
253
196
208
332
330
180
431
429
430
486
485
2
196
335
330
180
283
291
290
292
470
468
471
469
467
441
442
185
470
468
466
469
467
441
442
353
442
245
37
22
24
41
184
179
212
279
278
428
429
129
128
291
290
292
411
411
6
7
39
21
382
376
341
331
332
333
335
334
330
336
337
470
468
466
469
467
441
442
372
185
414
470
468
466
441
442
56
470
468
466
469
467
441
442
187
64
63
62
185
173
470
323
280
281
211
190
213
187
179
278
318
344
92
354
208
333
330
180
470
468
466
469
467
441
442
431
139
431
429
430
32
34
184
187
42
173
171
172
166
168
164
167
165
161
161
340
338
330
339
135
192
372
195
253
372
369
368
338
336
452
92
38
32
34
33
31
185
83
92
27
6
7
217
179
83
83
431
428
429
430
461
372
372
83
420
416
415
417
470
468
466
469
467
441
442
194
170
158
165
162
163
166
180
164
161
184
179
398
376
372
372
372
68
69
70
62
388
405
374
184
179
404
374
196
330
180
196
330
180
467
81
135
187
185
427
427
452
68
69
67
100
97
93
79
78
378
377
40
21
162
163
461
41
220
187
179
300
383
98
334
330
369
338
336
470
486
485
2
216
179
470
206
256
129
128
461
369
368
337
339
352
208
356
330
180
253
203
220
470
468
465
467
441
442
470
468
466
469
467
441
442
470
468
466
441
442
59
80
135
215
305
196
208
355
331
330
180
33
31
402
191
220
245
402
64
63
187
196
208
355
331
330
180
28
6
184
96
83
331
330
92
37
22
6
5
32
320
321
319
485
2
45
23
6
2
21
470
468
469
467
441
442
471
184
193
180
189
461
125
386
400
399
374
372
372
369
337
339
29
184
179
470
468
466
469
441
442
470
468
466
479
469
467
441
442
478
184
179
29
6
305
369
338
336
27
6
2
2
56
54
68
63
69
70
62
58
67
184
92
352
208
357
334
330
180
196
208
353
355
331
330
180
92
47
23
6
214
187
179
486
184
188
179
244
46
36
37
22
23
25
30
30
39
305
313
305
311
176
423
423
2
21
127
184
185
39
21
21
21
51
138
372
135
62
51
51
305
305
176
209
196
180
176
468
