2
3
4
5
6
7
8
9
10
11
12
13
14
15
2
19
3
4
21
6
7
8
9
10
11
15
12
13
14
26
27
28
29
30
26
27
28
29
30
32
33
34
35
36
37
38
32
42
43
44
45
46
47
48
49
50
51
53
54
55
56
57
58
61
46
63
64
65
66
67
68
69
70
71
72
73
74
75
76
74
75
76
80
81
63
64
65
66
67
68
69
70
71
72
73
30
68
69
67
84
30
6
7
8
17
60
52
48
59
14
13
3
2
16
27
74
75
64
63
82
29
68
69
70
67
84
11
12
9
6
7
4
8
16
5
6
16
53
34
39
40
35
60
72
73
65
68
69
70
67
82
67
66
83
82
35
40
29
9
6
7
8
17
60
2
16
63
82
74
75
64
63
40
16
39
30
6
7
8
17
82
39
67
66
83
82
59
29
68
69
70
67
84
30
68
69
67
84
59
14
13
3
2
