1
2
2
2
2
2
2
2
2
2
2
2
2
2
2
2
2
2
2
2
2
2
2
2
2
2
2
2
2
2
2
2
2
2
2
25
37
39
40
40
40
40
40
40
40
40
40
40
40
40
51
39
54
54
54
54
54
54
54
54
54
54
54
66
67
67
67
67
67
67
67
67
67
67
67
67
67
67
67
67
67
67
67
67
67
67
67
67
67
67
67
67
67
67
67
67
67
67
67
67
67
67
67
67
67
67
67
67
67
67
67
67
67
67
67
67
67
67
67
67
67
67
67
67
67
67
67
67
67
67
67
67
67
67
67
67
67
67
67
67
67
67
67
67
67
67
67
67
67
67
67
67
67
67
67
67
67
67
67
67
67
67
67
67
67
67
67
67
67
67
67
67
67
67
67
67
67
67
67
67
67
67
67
67
67
67
67
67
67
67
67
67
67
67
67
67
67
67
67
67
67
67
67
67
67
67
67
67
67
67
67
67
67
67
67
67
67
67
67
67
67
67
67
67
67
67
67
67
67
67
67
67
67
67
67
67
67
67
67
67
67
67
67
67
67
67
67
67
67
67
67
67
67
67
67
67
67
67
67
67
67
67
67
67
67
67
67
67
67
67
67
102
275
108
277
119
279
133
281
67
283
283
283
283
283
283
67
290
290
290
290
290
290
296
297
67
299
190
301
191
303
67
305
197
307
307
233
310
234
312
236
314
67
316
316
316
67
320
320
320
320
98
325
99
327
136
136
331
332
334
335
335
335
335
335
335
335
335
335
335
335
335
335
335
335
335
335
335
335
335
335
335
335
335
335
335
335
335
344
364
345
366
346
368
335
370
1
372
372
372
372
372
372
372
372
372
372
372
372
372
372
372
372
372
372
372
372
372
372
372
372
372
372
372
372
372
372
372
372
372
372
372
372
372
372
374
411
411
411
411
372
416
416
416
416
372
421
421
421
421
421
421
421
421
410
331
431
431
431
431
431
431
431
431
431
431
431
431
431
431
431
431
431
431
431
431
431
431
431
431
431
431
431
431
431
431
431
431
431
431
431
431
431
431
431
431
431
472
472
440
39
476
476
476
476
476
482
441
484
39
485
485
485
485
485
485
485
485
485
485
485
485
485
485
485
485
485
485
485
485
506
441
508
441
510
510
511
485
485
485
515
499
499
440
462
453
500
449
1
523
523
523
523
523
528
528
528
528
528
528
528
528
528
528
528
528
528
528
528
528
66
545
545
545
545
545
545
545
545
545
545
545
545
545
545
545
545
545
545
545
545
545
545
545
545
545
545
545
545
545
545
545
545
545
545
545
545
545
545
545
545
545
545
545
545
545
545
545
545
545
545
545
545
545
545
545
551
601
593
603
594
605
595
607
598
609
599
611
599
613
600
600
600
600
619
620
620
620
620
620
620
620
620
620
620
620
620
620
620
620
620
620
620
620
620
620
620
620
620
620
620
620
620
636
649
638
651
628
653
642
655
645
657
657
657
657
657
663
663
663
647
667
648
669
669
620
672
672
672
672
672
672
672
136
681
331
682
682
682
682
682
682
682
682
682
682
682
682
682
682
682
682
682
699
699
699
699
682
704
704
704
704
704
704
704
704
704
704
715
715
682
718
718
718
718
718
695
331
725
725
725
725
725
725
725
725
725
725
735
735
735
725
739
739
739
692
691
745
725
732
39
748
748
748
748
748
748
748
748
748
748
748
753
760
753
762
49
765
331
766
766
766
766
766
766
766
766
766
775
775
775
766
779
779
779
779
779
691
786
766
692
725
766
766
476
421
775
320
485
739
779
343
343
343
343
343
343
343
343
343
343
343
532
532
50
50
559
559
559
575
575
575
575
575
575
575
147
147
147
650
650
650
650
394
394
394
394
444
444
444
29
213
727
405
260
125
125
125
125
125
125
125
183
698
698
713
173
311
119
119
119
639
639
639
582
582
582
582
582
582
582
758
209
499
499
499
499
499
499
499
344
184
184
184
184
184
184
184
184
184
184
184
198
462
462
462
167
362
362
362
362
425
425
425
252
409
409
409
181
168
185
185
783
116
116
203
203
122
122
122
122
233
233
247
493
493
38
38
597
597
201
201
259
687
687
687
687
136
136
136
136
753
753
153
525
525
341
341
341
341
341
341
341
341
341
341
401
401
358
126
602
602
171
223
132
381
381
381
541
387
387
387
578
578
578
578
578
578
578
578
578
578
729
127
470
470
384
384
384
384
288
288
288
251
251
251
553
553
553
250
138
138
152
348
348
348
348
348
348
348
348
348
348
348
772
772
772
569
569
569
569
187
365
365
365
631
567
717
570
570
570
570
249
264
264
264
25
25
25
25
25
102
102
45
45
231
207
207
207
207
207
261
526
526
709
709
709
227
14
14
14
159
752
752
32
32
32
388
689
135
135
135
469
26
26
107
193
193
633
446
446
16
16
16
16
239
242
769
769
27
27
217
695
695
315
319
319
322
428
428
428
342
342
342
342
342
342
342
342
342
342
342
342
220
463
427
427
427
593
154
232
531
531
399
399
399
393
393
393
441
441
441
688
688
688
688
224
400
400
400
238
774
641
641
637
637
637
459
459
129
129
211
155
742
742
742
497
591
591
707
690
408
408
408
501
501
501
146
784
784
784
524
714
367
367
367
234
234
234
234
234
234
234
276
276
118
118
313
313
313
313
313
313
551
194
675
675
106
206
206
206
599
599
708
708
708
357
357
357
357
357
357
357
357
357
357
357
20
360
360
360
360
692
692
692
200
404
404
404
404
562
562
562
562
562
562
562
562
562
731
731
731
180
180
180
180
180
180
180
180
108
108
108
108
108
108
108
108
108
108
108
108
108
108
108
108
108
108
592
592
457
204
248
58
58
139
139
139
773
773
773
164
634
701
142
142
274
114
33
33
33
33
33
33
33
323
120
150
359
359
359
359
359
359
440
410
410
410
410
410
410
205
205
161
195
195
195
195
195
195
354
671
121
121
121
121
186
347
347
347
347
347
347
347
347
347
347
347
347
347
503
503
128
128
128
165
101
101
101
101
101
101
101
101
101
101
101
157
494
494
494
630
289
289
289
289
289
289
289
573
573
573
451
451
500
500
500
500
500
500
449
449
449
449
130
130
130
130
140
140
140
464
464
464
464
464
464
632
380
380
380
380
380
380
380
380
100
46
46
496
496
496
218
240
447
447
447
453
458
385
697
178
466
244
577
577
577
577
577
577
577
196
196
196
196
583
583
583
583
583
172
263
237
590
590
216
158
124
124
124
124
124
124
124
124
124
124
124
585
585
585
585
585
166
156
638
105
778
267
468
468
468
468
589
589
589
589
589
117
117
439
439
439
439
439
300
300
300
300
300
300
300
732
732
732
777
266
560
560
560
228
702
498
36
351
351
351
351
351
351
351
351
192
192
192
192
219
246
734
734
257
586
586
586
586
586
652
391
391
268
397
397
407
407
407
448
455
455
197
197
197
197
197
197
197
197
162
296
296
296
296
296
720
756
474
703
505
505
163
587
587
587
587
587
356
356
356
356
356
356
356
356
356
356
356
392
392
392
478
452
465
465
465
131
131
131
131
131
131
131
467
467
467
677
677
694
104
443
443
133
133
133
133
273
59
770
770
339
339
339
339
339
339
339
339
339
339
339
339
442
442
565
565
565
565
189
189
189
600
600
600
600
600
600
600
600
600
600
24
24
24
24
24
24
271
271
271
210
210
210
210
210
210
564
564
564
571
571
571
571
571
571
571
721
174
768
208
350
350
350
350
350
350
350
350
350
350
350
350
31
31
31
31
113
48
48
728
728
382
382
382
382
110
424
424
170
757
262
454
454
781
47
47
235
235
235
235
295
295
295
295
295
295
295
295
371
144
199
199
345
398
426
426
426
426
686
686
594
596
596
596
596
596
596
255
255
255
635
35
188
188
188
188
188
188
111
111
646
480
480
502
502
103
103
202
243
258
177
629
647
696
696
588
588
588
588
588
355
479
445
445
648
176
226
226
226
379
379
379
379
379
403
403
693
693
693
265
265
109
109
109
109
109
109
109
109
390
390
390
390
390
390
390
390
390
390
390
595
595
595
595
595
527
527
346
642
730
730
730
737
270
134
549
549
549
549
549
549
49
49
272
456
456
456
352
566
566
566
566
566
566
722
722
722
461
461
461
308
656
30
395
395
395
395
395
15
15
15
15
389
389
389
389
389
389
389
389
389
389
369
369
369
214
214
504
324
115
471
771
254
406
406
406
406
353
386
386
340
340
340
340
340
340
340
340
340
340
340
340
340
182
555
555
636
495
495
495
495
495
495
190
558
558
230
230
574
574
574
574
710
710
710
241
460
460
691
691
691
691
143
143
640
640
550
550
550
396
396
396
396
269
145
145
175
245
245
338
338
338
338
338
338
338
338
338
338
338
450
598
598
221
179
179
28
349
349
349
349
349
349
349
349
349
349
349
349
253
253
253
212
212
212
212
212
733
738
215
402
402
402
402
402
169
112
222
222
572
383
383
383
160
552
552
552
552
90
42
42
374
378
627
56
56
376
6
377
57
373
375
3
293
749
749
69
764
724
787
746
483
516
516
516
517
517
518
519
520
520
747
747
522
522
522
430
507
509
616
616
785
785
785
617
617
617
617
617
743
743
513
744
744
514
515
515
515
515
515
788
788
788
