1
2
2
2
2
2
2
2
2
2
2
2
2
2
2
2
2
2
2
2
2
2
2
2
2
2
2
2
29
29
29
29
29
29
29
29
29
29
29
29
29
29
29
29
29
29
29
29
29
29
29
29
29
29
29
29
29
29
28
1
61
61
61
61
61
61
61
61
61
61
61
61
61
61
61
61
61
61
61
61
61
82
82
82
82
82
82
82
82
82
82
82
82
82
82
82
82
82
82
82
82
82
82
82
82
82
82
28
56
56
74
74
104
104
43
43
43
43
43
43
43
43
43
43
43
43
43
77
28
28
28
28
28
59
59
59
59
59
59
59
59
59
59
59
59
59
59
59
59
59
59
59
59
59
59
59
59
59
59
59
59
59
100
100
22
51
51
51
25
25
25
25
27
27
27
101
101
76
76
80
21
21
24
24
24
24
44
44
107
107
46
46
103
103
81
81
81
99
99
47
47
54
54
52
52
97
97
23
23
23
23
23
23
23
23
23
23
23
23
23
23
23
19
19
58
58
58
58
108
108
108
108
108
108
108
108
108
108
108
108
108
108
108
108
108
108
108
108
108
108
108
108
53
53
53
53
53
53
105
105
49
49
79
79
79
79
79
79
79
45
45
98
98
106
106
55
55
26
26
48
48
57
57
78
95
95
50
50
42
96
96
102
102
102
3
60
109
