1
2
2
2
2
2
2
2
2
2
2
2
2
2
2
2
2
2
2
2
2
2
2
2
1
27
27
27
27
27
27
27
27
27
27
27
27
27
27
27
27
27
27
27
27
27
27
27
27
27
27
27
27
27
27
27
27
27
27
27
27
27
27
27
27
27
69
70
70
70
70
70
70
70
70
78
78
81
82
82
82
82
82
82
82
82
82
82
82
82
82
82
82
82
82
82
82
82
82
82
82
82
82
82
82
82
82
82
82
82
82
82
82
82
82
82
82
82
82
82
82
82
82
82
82
82
82
82
82
82
102
102
98
98
139
140
140
140
140
140
140
140
140
140
140
140
140
140
140
140
140
140
140
140
140
140
140
140
140
140
140
140
140
140
140
140
140
140
173
174
174
174
174
174
180
139
181
181
181
181
181
181
181
181
181
181
181
192
194
195
196
196
196
196
196
196
196
196
196
196
196
196
196
196
196
196
196
196
196
196
196
196
196
196
196
196
196
196
224
224
224
224
224
224
224
224
224
224
224
224
224
224
224
224
241
196
243
244
246
1
247
247
247
250
250
250
250
250
250
250
243
258
258
258
258
258
258
258
258
258
258
258
258
258
258
258
258
275
269
181
75
78
78
98
98
98
98
98
98
98
98
98
98
98
98
98
98
254
97
97
97
97
97
97
97
97
97
97
97
112
240
103
103
103
103
103
103
103
235
106
106
106
146
101
101
101
133
161
226
231
105
269
269
218
218
118
118
118
118
118
173
119
119
119
119
119
114
114
114
114
77
77
162
222
229
249
249
273
238
120
120
134
186
186
128
128
128
128
236
163
190
131
131
131
104
223
223
223
124
95
95
147
239
239
130
130
130
100
100
100
100
100
100
100
220
220
168
168
227
257
267
267
267
113
113
113
113
113
113
150
132
132
132
156
216
216
216
216
216
216
216
216
216
216
216
216
216
216
216
154
271
116
116
116
116
123
232
232
151
108
230
94
233
111
111
111
270
270
145
145
169
169
117
179
164
164
164
234
234
149
149
149
149
149
166
76
76
237
237
171
217
217
217
217
167
126
219
219
272
155
191
248
125
125
102
102
102
102
102
102
102
102
102
115
256
177
268
185
185
175
255
178
274
165
165
165
176
210
79
80
242
242
242
242
242
276
276
137
138
135
136
