1
2
2
2
2
2
2
2
2
2
2
2
2
2
2
2
2
2
2
2
2
2
2
2
2
2
2
2
2
2
2
2
2
2
2
33
38
39
39
39
39
39
39
39
39
39
39
39
39
39
39
39
39
55
58
55
60
61
61
61
61
61
61
61
61
69
69
69
69
68
63
68
67
66
66
65
65
64
21
21
21
21
21
21
21
21
21
33
33
33
33
33
33
33
33
66
68
34
34
34
34
64
32
32
32
32
32
32
32
32
32
32
32
32
32
67
63
65
20
71
22
22
22
22
22
22
25
25
36
28
27
27
27
24
24
31
31
31
23
23
23
23
26
26
35
35
35
35
35
35
35
35
35
55
59
