1
2
2
2
2
2
2
2
2
2
2
2
2
2
2
2
2
2
2
2
2
2
2
2
2
2
2
2
2
2
2
2
2
2
2
2
2
2
2
2
39
39
39
45
46
46
46
46
46
46
46
46
46
46
46
46
46
46
46
46
46
46
46
46
46
46
46
46
46
46
46
46
46
46
46
46
46
46
46
46
46
46
46
46
46
46
46
46
46
46
46
46
46
46
46
46
46
46
46
46
46
46
46
46
46
46
46
46
46
46
46
46
46
46
46
46
46
46
46
46
46
46
46
46
46
46
46
46
46
46
46
46
46
46
46
46
46
46
46
46
46
46
46
145
145
46
148
148
148
148
148
148
148
46
156
156
156
46
160
160
160
69
164
166
46
168
168
168
168
168
168
168
168
168
168
168
168
168
168
168
168
168
168
168
168
168
168
168
168
168
168
168
168
168
168
168
168
168
168
168
168
168
168
194
207
197
209
198
211
206
213
46
215
217
48
219
172
221
198
143
224
225
225
225
226
197
136
188
1
230
230
230
230
230
230
230
230
230
230
230
230
230
230
230
230
230
230
230
230
230
230
230
230
230
230
230
230
230
230
230
230
230
230
230
230
230
230
230
230
230
230
230
230
230
230
230
230
230
230
230
230
230
230
230
230
230
230
230
230
230
230
230
230
230
230
230
230
230
230
230
230
230
230
230
230
230
230
230
230
230
230
230
230
230
230
230
230
230
230
230
230
230
230
230
272
271
270
269
286
285
284
283
276
275
289
274
338
273
287
282
282
277
290
345
346
346
346
346
346
351
346
353
353
350
346
1
358
358
358
358
358
358
358
358
358
358
358
358
358
358
358
358
358
358
358
358
379
368
367
378
370
369
377
366
376
373
372
375
365
374
371
45
394
394
394
394
394
394
394
394
394
394
394
394
394
394
394
394
394
394
394
394
394
394
394
394
394
394
394
394
394
394
394
394
394
394
394
394
394
394
394
394
394
394
419
418
427
426
1
441
441
441
441
441
441
441
441
441
441
441
441
441
441
441
441
441
454
454
1
461
461
461
461
461
461
461
461
461
365
463
464
465
469
470
477
478
478
478
478
478
478
478
478
478
478
478
478
478
478
478
478
478
478
478
478
478
491
500
1
502
502
502
502
502
502
502
502
502
502
502
502
502
502
502
502
502
502
502
502
502
502
502
502
502
502
502
502
502
502
502
502
502
502
502
502
502
502
502
502
502
502
502
502
502
502
502
502
502
502
502
502
502
502
502
554
318
319
323
316
317
538
241
238
511
240
242
243
239
516
325
237
507
506
365
519
365
365
245
269
250
272
278
270
271
521
287
590
531
255
534
508
535
530
530
1
598
598
598
598
598
598
598
598
598
31
598
351
353
257
257
257
257
143
143
490
120
248
248
248
248
248
137
434
434
434
434
434
399
399
399
430
430
430
430
491
485
485
485
184
301
301
413
413
413
413
413
510
510
513
513
520
520
520
520
520
250
250
33
181
126
251
251
251
251
314
493
493
454
454
454
454
454
454
454
454
454
454
454
41
107
122
144
144
409
409
409
409
409
308
536
536
206
206
206
206
206
206
206
206
206
206
206
206
206
206
202
139
133
170
406
406
406
406
406
204
309
519
519
426
426
426
426
176
32
31
193
193
419
419
419
365
365
365
365
497
435
435
435
435
179
293
293
293
424
424
424
424
238
238
237
237
418
418
418
286
281
281
281
281
483
483
483
483
483
189
361
603
172
172
511
511
417
417
417
427
427
427
427
252
252
252
252
278
405
405
431
431
431
431
514
514
187
285
398
398
311
110
110
458
458
458
458
458
458
458
458
397
397
421
421
421
421
531
366
366
366
366
197
197
121
123
162
484
484
515
515
244
244
244
244
244
244
192
192
412
412
412
412
412
412
138
171
171
236
236
543
261
261
261
261
246
246
246
246
246
411
411
411
411
411
274
402
402
402
402
402
402
541
404
404
404
404
305
305
602
602
602
602
130
201
298
298
298
243
243
124
163
415
415
415
256
256
256
256
544
128
113
186
416
416
416
416
416
507
507
108
109
292
292
292
306
306
306
306
306
262
262
262
262
240
240
457
132
167
167
255
255
429
429
429
429
249
249
249
249
249
280
280
280
280
234
234
234
234
234
234
313
235
235
235
235
183
538
538
105
105
414
414
414
414
414
233
233
233
233
316
316
195
315
34
540
420
420
420
420
517
517
455
455
135
407
407
407
407
407
196
489
489
258
258
258
258
296
296
296
264
264
264
264
604
199
188
363
363
363
363
363
432
432
432
432
494
494
494
304
304
111
111
111
190
125
142
302
302
214
307
39
39
39
39
39
39
39
39
39
39
39
39
39
39
39
39
39
39
39
39
39
39
39
39
39
39
39
39
39
39
39
39
39
39
39
39
39
39
39
39
39
39
39
39
39
39
39
39
39
39
39
39
39
39
39
39
39
39
39
39
39
39
39
39
39
607
607
312
549
549
551
551
141
403
403
403
403
403
403
349
180
241
241
539
605
400
410
410
410
410
410
524
524
127
505
505
505
505
505
505
505
505
505
505
505
129
253
253
253
253
136
205
247
247
265
265
265
265
265
279
279
279
279
367
367
367
367
159
159
518
518
498
178
425
425
425
425
428
428
428
428
239
239
436
436
436
116
492
492
242
242
548
355
523
523
134
134
277
516
516
260
260
522
522
200
131
254
254
254
254
545
174
173
198
198
456
456
456
114
481
481
481
508
508
512
512
35
245
245
276
408
408
408
408
408
104
104
104
104
266
266
266
266
266
310
401
401
401
401
401
117
182
191
191
547
299
299
299
509
509
509
509
550
550
422
422
422
422
119
317
317
433
433
203
263
263
263
263
352
259
259
259
259
36
158
158
267
267
267
267
267
318
318
106
140
295
295
295
268
268
268
268
112
177
165
423
423
423
423
303
303
320
320
601
601
362
362
362
362
362
362
362
362
362
175
546
118
537
537
606
542
185
115
275
521
521
521
521
521
521
521
521
521
74
599
396
51
96
96
157
20
69
97
97
14
75
75
75
381
381
386
386
437
438
439
440
459
459
460
460
460
460
460
391
391
577
577
579
579
579
220
44
