2
3
4
5
6
7
8
9
10
11
12
13
14
15
16
17
18
19
20
21
22
23
4
5
25
26
14
28
29
30
32
33
34
35
36
37
38
39
40
41
42
43
44
45
46
47
48
49
50
51
52
53
54
55
56
57
58
59
60
61
62
63
64
65
66
67
68
69
70
71
72
49
74
76
77
78
79
80
81
82
83
84
85
86
87
88
89
90
91
92
93
94
95
96
97
98
99
100
101
102
103
104
105
106
107
108
109
110
111
112
113
114
115
116
117
118
119
120
121
122
123
124
125
126
127
128
129
130
131
132
133
134
135
136
137
138
139
140
141
142
143
144
145
146
147
148
150
151
152
153
154
155
156
157
158
159
160
161
162
163
164
165
166
167
168
169
170
171
172
173
174
175
176
177
178
179
180
181
182
183
184
185
186
187
188
189
190
191
192
193
194
195
196
197
198
199
200
201
202
203
204
205
206
207
208
209
210
211
212
213
214
215
216
217
218
219
220
221
222
223
224
225
226
227
228
229
230
231
232
234
234
236
237
238
239
240
241
242
243
244
245
246
247
248
249
250
251
252
253
254
255
256
257
258
259
260
261
262
263
264
265
266
267
268
269
270
271
272
273
274
275
276
277
278
279
280
281
282
283
284
285
286
287
288
289
290
291
292
293
294
295
296
297
298
299
300
301
302
303
304
305
306
307
308
309
310
311
312
313
314
315
316
317
318
319
320
321
322
323
324
325
326
327
329
330
331
332
333
334
335
336
337
338
339
340
341
342
343
344
345
346
347
348
349
350
351
352
353
354
355
356
357
358
359
360
361
362
363
364
365
366
367
368
369
370
371
372
373
374
375
376
377
378
379
380
381
382
383
384
385
386
387
388
389
390
364
392
393
394
395
396
397
398
399
400
401
402
403
404
405
406
407
408
409
410
411
412
413
414
415
416
417
418
419
420
421
422
423
424
425
426
427
428
429
430
431
432
433
434
435
436
437
438
439
440
441
442
443
444
445
439
447
440
450
451
452
453
454
455
456
457
458
459
460
461
462
463
464
465
466
467
468
469
470
471
472
473
474
475
476
477
478
479
480
481
482
483
484
485
486
487
456
489
490
459
492
493
404
368
472
368
341
472
341
127
131
271
176
177
199
184
275
287
252
139
80
126
217
220
224
219
11
2
2
18
13
240
141
104
102
79
80
126
178
177
179
263
253
128
127
130
129
131
122
86
186
185
80
260
101
109
383
382
80
128
127
130
129
131
126
126
16
14
15
227
201
217
218
225
219
257
341
345
352
346
103
104
101
110
90
128
127
430
217
222
218
220
225
224
219
223
229
459
452
451
279
342
266
252
317
341
129
316
315
257
252
317
314
410
411
412
409
476
418
346
354
353
355
171
172
175
175
244
265
237
35
238
240
253
32
128
127
258
33
197
309
58
257
122
122
354
353
355
83
439
128
127
130
129
131
126
126
459
458
457
452
451
176
155
158
175
130
129
188
378
418
258
18
13
36
171
172
175
78
33
260
258
287
273
130
418
11
281
257
419
473
474
466
463
468
476
257
260
442
34
35
481
80
126
257
261
252
308
35
33
36
34
83
266
317
431
43
142
80
129
126
128
127
130
129
131
126
126
266
317
78
244
265
40
237
35
238
240
253
32
418
459
455
456
452
451
257
258
128
127
130
129
20
5
7
19
3
6
4
18
48
51
35
33
414
78
383
382
125
79
80
126
416
417
415
414
127
80
126
101
414
244
40
277
237
239
238
240
253
32
419
143
97
79
80
126
440
244
40
237
35
238
240
32
5
7
16
3
6
15
4
13
264
253
414
35
257
260
128
127
130
129
131
126
126
258
103
141
110
90
140
79
80
126
101
109
79
79
187
55
35
79
77
78
287
260
252
234
363
35
79
77
190
200
195
198
201
379
440
196
430
184
186
188
234
404
452
451
458
58
59
418
419
276
145
78
176
178
177
179
344
263
385
280
343
282
260
252
341
381
320
263
54
58
59
253
56
141
80
126
83
78
283
368
141
109
102
80
126
264
287
425
309
404
260
240
181
155
158
175
141
109
80
130
126
257
174
173
176
154
152
177
155
156
157
158
175
170
175
466
465
463
468
469
464
472
40
32
440
282
252
404
20
19
284
252
413
412
80
123
122
144
116
128
127
130
129
126
126
122
414
183
476
134
113
138
79
80
126
99
79
80
257
262
481
57
257
368
145
116
128
127
129
126
126
122
263
57
54
58
55
253
56
185
474
467
451
472
475
462
480
128
127
442
443
433
407
413
406
417
415
409
410
416
411
408
414
181
167
168
153
157
175
78
61
263
35
253
53
32
368
376
368
374
249
378
404
404
183
257
258
122
122
76
175
472
175
170
175
368
368
126
249
122
451
457
451
459
456
452
451
459
452
451
459
198
451
379
440
430
195
201
184
186
188
234
459
452
451
451
196
200
196
440
196
200
380
188
190
184
186
5
4
5
16
3
15
4
13
16
14
15
287
2
13
61
263
253
249
53
287
234
363
263
253
249
260
61
53
365
260
252
440
252
