2
3
4
5
6
7
8
9
10
11
12
13
14
15
16
17
18
19
20
21
22
23
24
25
26
27
28
29
30
31
32
33
34
35
36
37
38
39
40
41
42
43
44
45
46
47
48
49
50
51
52
53
54
55
56
57
58
59
60
61
62
63
64
65
66
67
68
69
70
71
72
73
74
10
76
77
79
80
81
82
83
84
85
86
87
88
89
90
91
92
93
94
95
96
97
98
99
100
101
102
103
104
105
106
107
108
109
110
111
112
113
114
115
116
117
118
119
120
121
122
99
67
66
47
7
6
32
85
109
62
32
30
65
91
62
32
87
110
5
4
6
63
48
42
24
31
65
9
101
83
90
84
85
92
32
103
95
113
106
92
89
121
111
86
88
85
8
32
8
10
9
66
65
32
7
27
33
4
3
72
32
62
32
87
109
47
16
17
7
71
65
5
32
67
20
21
22
23
86
120
62
32
115
88
85
112
83
90
115
56
3
68
65
69
65
62
32
113
103
114
111
85
65
65
71
31
12
4
7
65
67
66
65
16
24
29
5
4
120
120
2
65
120
10
