1
2
2
2
2
2
2
2
2
2
2
2
2
2
2
16
16
16
16
2
21
21
21
21
21
14
28
29
1
30
30
30
30
30
30
30
30
30
30
30
30
30
30
30
14
47
48
45
50
51
51
51
51
51
51
51
51
51
51
59
62
62
58
66
67
67
67
67
67
67
67
67
67
67
67
67
67
80
80
80
80
80
80
67
87
87
87
87
87
87
67
94
94
94
94
94
94
94
94
102
102
102
102
102
102
77
111
112
77
77
77
78
117
78
119
120
121
121
121
121
121
121
127
127
127
127
11
66
133
133
133
133
133
133
133
133
133
133
133
133
133
133
133
133
133
133
133
133
133
133
133
133
133
133
133
133
133
133
133
133
166
166
167
150
148
149
151
138
138
120
174
174
174
174
174
174
174
174
174
174
174
174
174
174
174
174
174
174
174
174
174
174
174
197
197
197
197
197
197
197
197
197
197
197
197
197
197
197
194
66
214
214
214
214
214
214
214
214
214
214
214
214
214
214
214
214
214
214
232
232
232
232
232
214
238
238
238
238
238
238
238
238
214
247
247
247
247
247
247
247
247
247
247
247
247
247
260
260
260
260
260
260
260
260
260
260
214
271
271
271
271
271
276
276
276
276
276
276
276
77
78
287
77
77
77
78
292
66
293
293
293
293
293
293
293
293
293
293
303
305
138
307
308
308
308
308
308
308
308
308
308
317
317
317
317
317
317
14
266
229
229
229
229
229
244
244
244
14
14
14
14
14
14
14
42
42
42
302
302
302
188
298
86
86
86
86
86
101
191
191
92
92
92
322
322
322
322
25
103
264
44
44
44
44
44
139
139
139
139
139
300
300
300
93
93
93
93
275
148
148
148
60
60
60
60
299
299
299
184
23
282
282
190
246
146
146
146
146
146
160
160
160
160
160
160
315
315
315
124
124
124
124
124
263
235
151
151
151
228
228
228
228
228
228
228
228
228
228
228
228
228
228
144
144
144
39
39
39
39
142
142
142
142
142
150
150
150
272
13
13
13
13
13
13
13
13
13
13
237
237
237
104
323
323
323
323
323
323
141
108
268
193
258
258
283
137
140
143
143
143
143
230
230
230
230
230
230
230
243
243
243
243
243
243
243
243
243
243
106
38
38
38
38
38
38
38
269
138
138
138
138
138
265
297
297
297
297
297
231
267
236
236
236
236
236
236
59
59
59
185
158
158
158
158
158
192
192
192
195
261
196
57
57
57
57
57
41
41
41
41
41
262
314
314
26
26
26
159
159
159
159
159
270
186
11
11
11
11
11
11
11
11
11
43
43
43
24
154
77
77
77
77
77
77
77
77
77
77
77
77
77
157
157
157
157
157
64
145
145
145
145
145
107
79
79
242
242
242
242
242
242
242
242
242
242
85
85
126
274
274
301
301
301
155
155
155
155
155
203
200
200
200
58
58
58
153
194
194
194
316
316
316
187
78
78
78
78
78
152
152
152
152
152
152
303
303
303
156
156
156
156
156
105
147
147
147
147
147
40
40
40
40
149
259
125
125
91
83
122
178
234
183
110
285
304
286
324
324
213
213
213
132
132
113
113
114
115
116
118
118
118
118
118
171
46
46
46
46
288
168
289
290
290
291
291
291
291
291
169
170
172
172
