2
3
4
5
6
7
8
9
10
11
12
13
14
15
16
17
18
19
20
21
22
23
24
25
26
27
14
2
30
31
32
33
34
35
36
37
38
39
40
41
42
43
44
45
46
37
36
49
51
52
53
54
55
56
57
58
59
60
61
62
63
64
65
67
68
69
70
71
72
73
74
75
76
77
78
79
80
81
82
83
84
85
86
87
88
89
90
91
92
93
94
95
96
97
98
99
100
101
102
103
104
105
106
107
108
110
88
69
113
114
115
116
78
118
92
121
122
123
124
125
126
127
128
129
130
131
132
133
134
135
136
137
138
139
140
141
142
143
144
145
146
147
148
149
150
151
152
153
154
155
156
157
158
159
160
161
162
163
164
165
135
136
134
168
169
170
171
172
173
174
175
176
177
178
179
180
181
182
183
184
185
186
187
188
189
190
191
192
193
194
195
196
197
198
199
200
201
202
203
204
205
206
207
208
209
210
211
212
213
214
215
216
217
218
219
220
221
222
223
224
225
226
227
228
229
230
231
232
233
234
235
236
237
238
239
240
241
242
243
244
245
246
247
248
249
250
251
252
253
254
255
256
257
258
259
260
261
262
263
264
265
266
267
268
269
270
271
272
273
274
275
276
277
278
279
280
281
282
283
285
286
217
288
289
290
291
230
293
294
295
296
297
298
299
300
301
302
303
304
294
306
308
309
310
311
312
313
314
315
316
317
318
319
320
321
322
323
324
260
255
259
226
221
247
252
253
247
24
25
12
13
4
2
21
38
35
33
298
296
295
177
296
96
97
84
83
94
94
183
178
90
91
94
318
320
321
319
16
102
260
39
38
35
32
2
163
162
137
135
136
298
296
295
79
89
90
91
272
137
135
136
61
56
54
53
298
296
295
175
2
281
280
188
240
163
162
137
135
136
163
165
164
137
135
136
313
311
317
122
123
121
127
121
260
234
137
135
136
258
249
256
229
230
224
217
216
222
218
221
225
215
247
137
135
136
15
31
4
2
161
162
137
135
136
137
135
136
276
24
22
25
23
7
3
6
5
21
2
194
188
174
102
316
318
320
321
319
2
142
94
260
179
231
247
280
136
142
163
137
135
136
225
220
219
223
174
232
238
231
245
246
249
244
274
251
254
271
247
102
14
34
31
4
2
16
2
260
135
134
136
214
238
260
296
294
295
67
87
218
260
249
237
250
234
174
247
61
56
53
180
162
164
137
135
136
183
178
121
176
260
197
56
55
54
52
53
39
38
35
32
2
260
313
312
21
16
2
162
164
137
135
136
247
181
12
7
8
10
6
9
5
2
2
38
34
32
2
155
78
99
101
96
79
70
68
74
71
75
69
73
94
162
164
137
135
136
63
163
162
137
135
136
102
98
94
255
249
272
259
283
273
275
241
247
271
84
83
123
271
276
298
296
295
162
164
137
135
136
124
175
178
176
56
54
53
155
126
178
121
14
312
2
182
75
74
72
87
80
165
162
164
137
135
136
298
296
295
162
164
137
135
136
102
161
162
137
135
136
34
35
37
4
137
249
122
127
94
94
127
121
247
121
69
217
298
218
14
312
126
178
121
123
121
68
74
78
74
68
75
74
72
87
80
137
14
34
31
2
225
137
230
225
218
225
223
174
232
238
137
137
134
136
