1
2
2
2
2
2
2
2
2
2
2
2
2
16
17
18
18
18
18
18
18
18
18
27
28
28
28
28
28
28
28
28
28
28
28
28
28
28
28
28
28
28
28
28
28
28
28
28
28
28
28
28
28
28
28
28
28
28
28
28
28
28
28
28
28
28
28
28
28
73
73
73
77
78
78
78
78
78
83
83
83
83
83
83
78
90
90
90
90
90
78
96
89
99
100
100
100
100
100
107
108
109
110
110
110
110
110
110
110
110
110
110
110
121
121
110
110
110
110
110
110
129
129
129
132
132
132
132
132
110
110
139
139
139
139
139
144
144
110
147
147
147
147
147
147
147
147
147
147
110
110
159
159
159
159
159
159
110
110
167
167
167
110
171
171
171
171
110
176
176
110
110
181
182
119
184
185
185
185
185
185
185
185
192
192
192
188
189
190
199
200
200
200
200
200
200
206
206
206
206
211
99
212
212
212
212
212
212
218
220
221
221
221
221
221
221
221
221
221
221
221
221
221
221
221
221
221
221
221
221
221
221
221
221
221
221
221
221
221
221
221
221
221
221
221
221
221
221
221
254
262
263
263
263
263
263
263
263
263
271
271
271
271
271
263
277
277
277
277
277
277
263
284
284
284
284
284
284
284
263
292
292
292
292
292
292
292
292
292
302
303
304
305
306
306
306
309
309
309
309
309
309
309
309
309
309
309
309
309
323
324
324
324
324
324
324
324
324
324
329
329
99
336
336
336
336
336
336
336
336
336
336
336
336
336
336
336
336
336
336
355
356
356
356
356
356
361
361
364
365
366
366
366
366
366
371
373
374
374
374
374
374
374
374
374
374
374
374
385
385
385
374
389
389
389
374
393
393
393
398
99
399
399
399
399
399
399
399
399
399
399
399
399
411
408
407
410
409
418
419
419
419
419
419
419
419
419
419
419
419
419
419
419
434
434
434
238
99
436
436
436
436
436
436
436
436
436
444
447
440
445
453
445
455
456
457
457
457
457
457
457
457
457
67
99
468
468
468
468
468
468
468
468
468
468
468
468
468
468
468
468
468
468
468
468
468
468
468
468
468
468
468
468
468
468
468
468
468
468
468
468
468
468
468
468
468
468
468
468
468
468
468
468
468
468
468
468
468
468
468
468
468
468
468
468
468
468
468
468
468
468
468
468
468
468
468
468
468
468
468
468
468
468
478
548
549
549
549
549
549
549
549
549
549
549
549
556
562
563
563
563
566
566
566
570
373
571
571
571
571
571
571
577
579
580
580
580
580
580
580
580
580
580
580
580
580
580
580
580
580
580
580
580
580
580
580
580
580
580
580
580
580
580
580
580
580
580
580
580
580
580
617
617
580
620
620
610
604
626
627
627
627
627
627
627
627
627
627
636
636
639
640
641
641
641
641
641
641
641
641
641
641
641
652
652
652
652
652
652
641
659
659
659
659
659
659
665
665
665
665
669
669
669
673
17
674
674
674
674
677
99
680
682
683
684
685
687
688
688
688
688
688
688
688
688
688
688
688
688
688
688
688
688
688
688
688
688
688
688
688
688
688
688
688
688
688
688
688
720
688
722
722
722
722
722
722
722
722
722
722
722
722
722
722
722
722
722
722
722
722
722
722
722
722
722
722
722
722
722
722
722
722
722
722
722
722
722
722
722
722
722
722
722
722
722
722
722
722
722
722
722
722
722
722
722
722
722
722
722
722
722
722
722
722
722
722
722
722
722
722
722
722
722
722
722
722
722
722
722
722
722
722
722
722
722
722
722
722
722
722
722
722
722
722
722
722
722
722
722
722
722
722
722
722
722
722
722
722
722
722
832
832
835
836
837
837
837
837
837
842
842
67
99
846
846
846
846
846
846
846
846
846
846
846
846
846
846
846
846
846
846
846
846
866
866
866
866
865
872
873
873
873
873
873
873
873
873
873
873
873
873
873
873
873
873
873
873
873
873
873
894
894
873
897
892
892
901
902
902
902
902
902
902
902
902
902
902
902
902
902
902
902
902
902
902
902
902
902
902
902
902
902
902
902
902
930
930
930
902
934
934
934
934
934
934
934
934
934
934
934
934
934
934
934
934
934
934
934
934
934
934
934
934
959
683
960
960
960
960
960
960
960
960
960
960
960
971
971
970
975
976
976
976
976
976
976
976
976
976
976
976
976
976
976
976
976
976
976
976
976
976
976
976
976
976
976
976
976
976
976
976
976
976
976
976
976
976
976
976
976
976
976
976
976
976
976
976
976
976
976
976
976
976
976
976
976
1032
976
1034
976
1036
976
1038
976
1040
976
1042
976
1044
976
1046
976
1048
976
1050
976
1052
976
1054
976
1056
976
1058
976
1060
976
1062
976
1064
976
1066
976
1068
976
1070
976
1072
976
1074
976
1076
976
1078
976
1080
976
1082
976
1084
976
1086
976
1088
976
1090
976
1092
976
1094
976
1096
976
1098
976
1100
1100
1100
1100
976
1105
976
1107
976
1109
976
1111
976
1113
976
1115
976
1117
976
1119
976
1121
976
1123
976
1125
976
1127
976
1129
976
1131
976
1133
976
1135
976
1137
976
1139
976
1141
976
1143
976
1145
976
1147
976
1149
976
1151
1010
1154
1155
1155
1155
1155
1155
1155
1155
1155
1155
1155
1155
1155
1155
1155
1155
1155
1155
1155
1155
1155
1175
1175
1175
1155
1179
1179
1179
1179
1179
1179
1179
1179
1179
1179
1179
1179
1179
1173
901
1194
1194
1194
1194
1194
1194
1198
1198
683
1204
1204
1204
1207
1207
1207
1211
1154
1212
1212
1212
1212
1216
27
1218
1218
1218
1218
1218
1218
1218
1218
1218
1218
1218
1218
1218
1218
1218
1218
1218
1218
1218
238
1239
1240
1240
1240
1240
1240
1240
1240
1240
1240
1240
1240
1254
1255
1255
1255
1255
1255
1255
1255
1255
1255
1255
1255
1255
1255
1255
1255
1255
1255
1255
1255
1255
1255
1255
1255
1255
1255
1255
1255
1255
1255
1255
1255
1255
1255
1255
1255
1255
1255
1255
1255
1255
1255
1255
1255
1255
1255
1300
1300
1284
373
1304
1304
1304
1304
1304
1304
1304
1304
1304
1304
1304
1304
1316
1316
1316
1316
1316
1316
1316
1316
1316
1316
1316
1304
1329
1329
1329
1329
373
1330
1330
1330
1330
1330
1330
1330
1330
1330
1330
1330
1330
1330
1330
1330
1330
1330
1330
1330
1330
1330
1330
1330
1330
1330
1330
1330
1330
1330
1330
1330
1362
17
1364
1364
1364
1366
99
1369
1369
1369
1369
1369
1369
1369
1369
1369
1369
1379
626
1381
1381
1381
1381
1381
1381
1387
1387
1390
17
1391
1391
1391
1391
1391
1391
1391
1391
1391
1391
1391
1391
1391
1391
1391
1391
1391
1391
1391
1391
1391
1391
1391
1391
1391
1391
1391
1391
1391
1391
1391
1391
1391
1391
1409
1
1427
1427
1428
27
1431
1431
1431
1431
1431
1431
1431
1431
1431
1431
1431
1431
1431
1431
1431
1431
1431
1431
1431
1431
1431
1431
1431
1431
1431
1431
1431
1431
1459
1459
1459
1459
1431
1464
1464
1450
373
1468
1468
1468
1468
1468
1468
1468
1468
1468
1468
1468
1468
1468
1468
577
1484
1485
1485
1485
1485
1485
1485
1485
1485
1485
1485
1485
1485
1485
1485
1485
1485
1485
1485
1485
1485
1485
1485
1485
1485
1485
1485
1485
1485
1485
1485
1485
1485
1485
1485
1485
1485
1485
1485
1485
1485
1485
1485
1485
1485
1485
1485
1485
1485
1485
1485
1485
1485
1485
1485
1485
1485
1485
1485
1485
1485
1485
1485
1485
1485
1485
1485
1485
1485
1485
1485
1485
1485
1485
1485
1485
1485
1485
1485
1485
1485
1485
1485
1485
1485
1569
1569
1569
1569
1569
1569
1569
1569
1569
1569
1485
1580
1580
1580
1580
1485
1585
1585
1585
1585
1585
1585
1591
1485
1593
1593
1593
1593
1593
1593
1593
1593
1593
1593
1593
1593
1593
1593
1593
1593
1593
1593
1593
1593
1593
1593
1593
1593
1593
1593
1593
1593
1593
1593
1593
1625
1626
1627
1627
1627
1627
1627
1627
1627
1627
1627
1627
1638
1639
1639
1639
1639
1639
1639
1639
1639
1639
1639
1639
1639
1639
1639
1639
1639
1655
1655
1655
1655
1655
1655
1655
1639
1663
1663
1663
1663
1663
1663
1663
1639
1671
1671
1671
1671
1671
1671
1671
1671
1671
1671
1671
1639
1683
1683
1683
1683
1683
1683
1683
1683
1683
1683
1683
1683
1695
1695
1695
1695
1695
1695
1695
1695
1639
1704
1704
1704
1704
1704
1704
1710
1710
1710
1710
1639
1715
1715
1715
1715
1715
1715
1715
1715
1715
1724
1724
1724
1724
1724
1724
1639
1731
1731
1731
1731
1731
1731
1731
1731
1731
1740
1740
1740
1740
1740
1740
89
562
1748
1748
1748
1751
1751
1751
1755
901
1756
1756
1756
1756
1756
1756
1756
1756
1756
1756
1756
1756
1756
1756
1756
1767
1639
128
110
139
1715
167
138
1381
1381
1485
1724
1585
200
1695
124
1704
166
627
147
121
1683
1710
126
127
129
158
120
171
1740
159
125
1731
885
885
970
987
987
987
987
987
987
1624
592
704
1612
1714
1714
1714
1714
1714
1714
1607
1607
395
359
359
26
26
26
26
1461
1730
1730
1730
1730
1730
1730
1410
1410
1410
429
429
429
429
429
429
429
429
1297
1419
1419
1419
1547
1648
260
260
1231
1231
498
498
498
1357
1357
1357
1357
1184
1184
1184
1184
1184
1184
1448
1448
1448
1448
1448
736
1285
1285
1377
1377
594
1743
1550
487
487
487
1613
1195
1385
1385
1385
251
251
251
251
251
251
699
1299
1281
1281
1281
1210
1210
916
12
12
1232
1232
1232
1232
958
1540
1007
992
992
713
1022
407
407
407
1723
1723
496
496
496
496
496
496
496
496
1005
1005
1315
1315
1315
1315
1315
245
245
245
245
405
405
1283
1478
1478
1478
1478
1478
1560
112
112
1376
997
997
997
969
969
969
715
1538
1538
1538
1538
633
1563
350
350
350
350
350
350
350
350
492
492
492
7
1279
1279
1279
1279
1279
1279
1279
1279
1279
1279
1279
1279
1279
1279
1279
1635
1635
254
502
502
502
187
1595
918
789
1536
95
95
573
573
10
10
693
244
244
246
246
246
246
246
989
431
431
431
431
1243
1021
1021
1021
1021
1010
1010
1010
1010
1234
1234
1234
1565
1565
1189
1015
483
483
483
483
155
1618
1480
1480
1480
1480
1480
928
1228
1228
1228
1353
1353
1605
1636
1636
1636
1636
1636
1636
601
1596
1191
1729
497
497
497
497
497
497
497
497
1185
472
472
472
711
1652
1700
926
165
165
164
164
1727
71
71
71
71
71
71
71
71
71
1404
1404
1404
1404
1404
1404
473
473
473
635
927
1527
392
1698
1735
86
86
86
602
1544
1539
893
893
893
1621
81
73
73
73
73
73
73
73
73
73
73
73
73
85
85
85
1358
1358
1358
1358
1358
1541
1548
1352
1352
1553
391
1379
1379
1537
1537
1030
1030
1030
190
190
702
862
248
248
248
248
248
1378
1378
1325
1325
1325
1284
1284
1284
1284
80
712
267
268
698
912
1651
1691
247
247
247
247
247
1649
299
299
1545
759
1739
1739
1739
1739
1739
1739
1739
1739
1529
67
67
67
67
67
67
67
67
67
67
67
67
67
67
67
67
67
710
710
714
1458
1458
1458
1458
1458
1458
1458
1458
476
476
476
841
841
841
105
105
1525
114
282
657
657
657
1555
1555
1452
1452
1452
1452
1452
1452
1452
1452
1452
1452
253
253
253
253
253
253
253
917
920
1417
1417
1417
1417
88
88
88
1422
1422
1721
1721
1721
1449
1296
889
1167
1192
1543
14
1412
1412
1412
1412
994
994
907
1446
1559
1559
1559
1559
1559
1559
1559
1559
1559
1559
1559
1559
1559
1559
1559
1559
1559
1559
1559
1559
1559
1559
1559
1559
1559
1559
1559
116
116
116
116
406
863
863
863
863
863
863
863
863
863
863
1294
360
1530
1455
1455
1455
189
189
705
707
709
174
445
445
445
445
5
471
471
471
471
471
471
471
471
471
471
471
471
471
471
471
471
87
87
87
1728
1405
1405
1526
1604
1248
1248
966
890
951
951
951
1477
1477
1477
1477
1477
1477
947
947
1463
1463
663
663
321
708
1690
1610
1589
1589
949
949
949
1168
1462
1462
1462
1567
1567
276
484
484
484
484
484
484
1349
1349
1349
1349
1349
115
1313
1313
1313
1313
1313
1313
1313
1313
1025
1025
1025
1025
1025
433
433
433
433
6
478
478
478
142
142
300
300
257
257
257
257
257
296
560
560
560
560
1414
1414
1414
1414
410
410
410
565
565
94
94
94
921
490
490
490
1291
1291
1291
1654
914
349
349
349
349
349
349
349
349
203
203
203
203
203
238
238
238
238
238
238
238
238
238
238
238
666
477
24
905
905
905
905
905
905
905
986
986
986
986
986
986
986
1355
1355
1355
1355
692
692
692
104
104
1216
1216
1592
1592
1726
724
1694
1694
1012
1012
188
188
156
156
879
879
879
879
879
879
879
1637
1637
297
1249
1249
1186
1327
1327
1327
1327
1327
1327
1327
1327
1327
559
559
559
559
1692
294
294
1173
157
157
1356
1356
1356
1356
1356
290
475
475
475
1713
815
316
316
316
1579
1237
1237
1237
996
996
996
996
1236
1236
1236
123
1287
1287
4
4
944
944
944
944
944
944
944
944
944
944
944
944
944
944
944
944
239
239
382
382
382
382
382
382
382
382
382
382
382
1360
1292
1763
1763
611
611
494
494
494
1697
1013
1013
1013
1013
1013
1013
1013
1568
1568
1421
1421
331
409
409
409
1016
298
298
946
946
1235
1235
1235
387
351
1750
1750
716
1720
906
117
924
924
1606
1606
1609
1006
1006
1006
700
574
1736
1736
1738
1738
275
1420
69
909
1172
1172
1528
315
315
315
1198
957
957
957
957
957
957
1324
1324
1324
1745
343
343
343
343
343
343
343
948
948
678
678
1028
1028
1028
479
1602
1602
258
258
258
258
258
258
1008
1008
1542
1415
1415
1415
1415
1230
1230
1230
610
610
610
610
610
610
610
610
610
1650
1650
1701
995
408
408
408
952
952
1623
154
922
170
1699
1707
1615
1615
118
595
595
1742
317
317
318
318
318
295
295
295
345
345
345
345
345
345
345
1233
1233
1233
89
89
89
1764
919
1000
1737
1023
1023
1023
1023
1023
1023
1023
1674
1703
1703
1703
1703
1703
1703
1703
1703
1703
1280
1280
1280
1280
1280
1447
1447
1447
1447
1447
1447
1447
556
556
1532
915
432
432
432
1416
1416
1416
1693
1693
320
1003
1003
1003
1554
668
668
1227
1227
1227
1620
1746
1746
1746
1746
1746
1746
1746
1351
1351
1351
1351
1351
1351
1351
1351
1351
1653
1653
1411
1411
1411
13
491
491
491
955
1326
1326
1326
1326
411
411
411
1531
591
591
591
1367
1367
218
218
218
218
1288
604
604
205
605
656
1354
1354
1354
1354
1354
346
346
346
346
346
346
346
576
1561
1406
113
113
113
1451
1451
1451
1451
1451
1451
1451
1451
1451
1451
1451
1451
1451
1616
93
93
93
1286
1286
632
632
1166
1166
1166
1166
1166
1166
1166
163
557
557
1702
1535
1535
175
1708
1295
697
1001
1188
1450
1450
1413
1413
1413
1413
259
259
259
259
259
1597
70
70
70
70
70
70
70
70
70
70
70
70
70
70
70
70
70
70
70
70
70
70
70
70
70
70
70
70
70
70
70
664
664
664
1598
301
988
988
888
888
888
888
950
950
1619
1722
1722
1722
1722
1722
1722
658
1456
1456
892
892
861
861
861
861
861
861
861
861
861
861
861
861
861
861
861
861
861
596
923
486
486
486
1224
1224
1224
1224
1224
1282
1282
1282
1282
1533
1424
1600
82
1590
1590
291
495
495
495
1534
1534
864
864
864
864
864
864
864
864
864
864
816
1229
1229
1229
913
1546
1601
1169
470
1622
1564
1564
908
255
255
255
255
255
593
430
430
430
430
1552
9
131
131
1549
1549
1712
790
998
998
998
444
444
444
177
911
1744
651
651
651
651
651
651
651
651
651
651
143
756
695
685
685
685
347
347
347
347
347
347
347
396
1408
1026
993
882
1011
1011
1011
1011
1011
1011
1011
910
703
886
991
991
991
1709
1709
990
883
883
266
204
204
884
884
481
481
481
1578
1611
474
474
474
388
488
488
488
1551
344
344
344
344
344
344
344
1027
1027
1289
1289
1289
1289
1289
1289
945
945
945
1482
1174
1174
1174
1174
1174
1689
1562
1562
1293
1386
554
554
443
443
443
443
1453
1453
1453
1453
1453
1453
1453
1453
1453
1453
1453
482
482
482
1682
1682
1682
1682
1682
250
250
250
250
250
250
694
1599
1603
1603
614
614
967
967
706
1556
1556
954
954
599
25
25
887
887
887
887
887
887
887
153
119
119
1454
1479
1479
1479
1479
1479
485
485
485
1019
1019
1019
1019
465
465
465
465
465
465
465
319
319
319
319
348
348
348
348
348
348
348
1017
1171
1171
1475
1475
493
493
493
1298
1298
1298
1476
1476
1476
1476
1476
1476
634
332
1617
1418
1418
1418
1418
1418
252
252
1187
575
369
600
256
256
256
256
256
1647
1566
1566
249
249
249
249
249
249
558
558
558
558
880
880
880
999
999
999
999
999
999
999
283
701
1170
1002
1002
1557
1614
1614
1196
499
499
499
1014
1014
881
881
1244
480
480
480
953
953
1024
1024
1024
269
848
1306
91
140
859
1688
1428
1428
1428
1428
1428
1428
111
312
1646
152
379
564
380
1719
160
1489
130
33
1717
201
1644
1441
84
1384
1488
1495
34
1165
877
1491
590
1382
628
381
1266
1164
357
38
1749
1718
151
79
1515
940
690
1733
161
1496
1467
1238
1238
183
183
412
98
98
1303
1303
467
467
467
467
467
899
414
561
900
900
415
416
686
417
74
74
75
75
75
75
75
75
75
75
75
75
76
219
219
219
219
1328
1328
1328
1328
1328
1328
447
447
447
435
435
435
1193
1380
974
452
452
452
454
454
