1
2
2
2
2
2
2
2
2
2
2
12
12
12
11
17
18
18
18
18
18
18
18
18
18
18
18
18
18
18
18
18
18
18
18
18
18
18
18
18
18
18
18
18
46
46
46
46
46
46
32
54
55
55
55
56
60
61
61
61
61
61
66
68
69
69
69
69
69
69
69
69
77
77
77
77
77
77
77
77
77
77
69
88
88
88
88
88
88
88
88
69
97
97
97
97
97
97
97
104
104
104
104
104
104
104
104
69
113
113
113
113
113
118
118
118
113
122
122
122
90
127
128
128
128
128
128
128
128
128
128
128
128
128
128
128
128
128
128
128
128
147
147
147
147
147
147
149
154
136
156
156
156
156
156
156
156
128
164
164
164
164
167
169
128
171
171
171
171
171
171
128
178
178
178
178
178
178
178
128
186
186
186
186
186
186
186
186
186
157
197
198
198
198
198
198
203
205
206
206
206
206
206
206
206
206
206
206
206
206
206
206
206
206
206
206
206
206
206
227
227
227
227
227
227
227
227
227
227
227
227
227
227
227
227
227
227
227
246
246
246
246
246
246
246
246
206
255
255
255
255
255
255
255
76
75
216
267
268
268
268
268
268
268
268
268
268
268
268
268
268
268
268
268
268
268
268
268
268
268
268
268
268
268
220
296
297
297
297
297
299
303
304
305
307
308
308
308
308
308
308
308
308
308
308
308
308
308
308
308
308
308
308
308
308
308
308
308
331
331
331
75
216
337
338
338
338
338
338
338
338
341
347
348
348
348
348
348
348
348
348
348
348
348
348
348
348
348
348
364
364
364
76
369
370
299
347
374
374
374
374
374
374
374
378
377
375
387
380
379
378
378
378
378
379
378
378
397
398
398
398
398
398
398
398
398
398
398
398
398
398
398
398
398
398
398
398
398
398
398
398
398
398
398
398
398
398
398
398
398
398
398
398
398
398
398
398
398
398
398
398
398
398
398
398
398
412
447
423
449
398
451
398
453
398
455
398
457
457
457
398
461
461
461
412
466
467
467
467
467
467
467
467
467
467
467
467
467
467
467
467
467
467
467
467
467
467
467
467
467
467
467
467
467
467
467
467
467
467
467
467
467
467
467
467
468
508
509
509
509
509
509
509
514
515
518
519
519
519
519
519
519
56
32
528
529
529
529
532
534
535
535
535
535
535
535
535
535
535
535
535
535
535
535
535
535
535
535
535
535
535
535
535
535
535
535
535
535
535
535
535
535
535
535
535
535
535
535
535
535
535
535
535
535
535
535
535
535
535
535
585
585
585
535
589
589
535
592
592
592
592
535
597
597
597
597
597
597
535
604
604
604
601
341
610
611
611
611
611
611
611
611
611
611
611
611
611
611
611
617
626
626
626
626
448
617
617
634
635
635
635
635
635
635
56
32
644
645
645
645
645
649
649
534
652
652
652
652
652
652
652
652
652
652
652
663
663
663
663
663
663
663
663
663
668
674
675
675
675
675
675
675
675
675
675
675
685
686
685
397
689
689
689
689
689
689
689
689
689
689
689
689
699
702
699
705
706
706
708
709
708
337
712
712
712
712
712
712
712
712
712
712
712
712
712
712
712
712
712
712
712
712
732
732
732
732
732
732
732
739
739
739
739
732
744
744
732
747
747
732
750
750
712
753
753
753
753
70
10
674
760
760
760
760
760
760
760
760
760
760
760
760
760
760
760
760
760
766
778
778
56
32
17
783
783
783
783
783
783
783
783
783
783
783
783
783
783
783
783
783
783
783
783
783
783
783
783
783
808
808
808
808
808
808
808
783
816
816
816
805
17
821
821
821
821
821
821
821
821
821
821
821
821
821
821
821
821
821
821
821
821
821
821
821
821
821
821
821
821
821
821
821
821
821
821
855
855
855
855
855
855
855
855
855
855
855
855
855
855
855
855
821
872
872
872
872
872
872
872
872
10
882
883
883
883
883
883
883
886
890
886
892
886
894
886
896
886
886
886
886
528
902
902
902
902
902
902
902
902
902
902
902
902
902
902
902
902
902
911
307
921
921
921
922
926
927
927
927
927
927
932
634
934
934
934
934
934
934
934
934
56
32
945
946
946
947
882
950
950
950
886
886
347
956
956
607
267
960
960
960
960
960
960
960
960
960
960
960
960
960
220
975
976
976
976
976
976
976
976
976
976
984
985
988
989
989
989
989
993
995
996
996
996
996
996
1001
197
1003
1003
1003
1005
1010
1011
1011
1011
1011
1011
1011
56
534
1019
1019
1019
1019
1019
1019
1019
1019
1019
1019
1019
1019
1019
1019
1019
1019
1019
1019
1019
1034
397
1040
1040
1040
1040
1040
1040
1040
1040
1040
1040
1040
1040
1040
1040
1040
1040
1040
1040
1040
1040
1040
1040
1063
1063
1062
1066
1066
1069
1048
307
1072
1072
1072
1072
1072
1072
1072
1072
1072
1072
1072
1072
1072
1072
1072
1072
1072
1072
1072
1072
1072
1072
1072
1072
1096
1096
1096
1096
1096
1096
1096
1096
1096
1082
1081
1093
1092
1089
1087
1086
1084
1083
1115
1116
1116
1116
1116
1116
1065
1065
1124
1125
1125
1125
1125
1125
1125
1125
1125
1125
1125
1125
1125
1125
1125
1125
1125
1125
1125
1143
1143
1143
1143
1143
1143
1143
1143
1143
1141
77
122
747
529
744
750
739
97
88
113
457
118
242
242
242
242
436
436
436
436
436
436
1102
630
356
356
749
749
792
792
353
973
973
973
1142
1142
1142
1142
723
723
723
723
723
639
639
639
981
583
583
583
583
583
719
506
807
1052
1052
1052
1052
937
937
579
579
657
427
427
427
427
427
427
427
427
427
237
82
280
606
85
39
39
1054
1054
1054
1054
217
217
217
217
217
379
379
379
379
379
379
379
670
226
226
226
226
226
226
226
226
226
226
226
226
226
515
515
515
142
915
915
915
915
1081
1081
1081
1081
1081
1081
922
922
922
922
922
180
655
655
655
1034
1034
638
638
638
638
638
638
491
252
252
277
277
503
486
486
486
486
486
486
486
454
772
772
772
772
340
87
511
985
985
985
985
985
985
916
314
970
970
1029
1029
1029
1029
1029
192
192
601
601
601
601
765
765
765
765
765
854
854
421
421
282
701
1130
1130
1130
1130
871
871
871
871
871
871
871
871
871
871
871
871
871
871
871
871
871
871
871
425
425
425
425
425
425
10
10
10
10
137
155
513
513
969
319
190
190
843
301
301
215
736
736
1134
1134
648
661
661
661
199
199
887
887
887
1138
1138
1138
965
488
769
769
769
818
939
939
222
222
216
216
216
216
216
216
213
870
870
870
45
1148
1148
1148
671
485
485
485
485
485
485
584
584
584
584
212
312
846
40
40
138
1092
1092
1092
1092
1092
1092
1092
1092
938
938
1036
1036
504
504
662
662
428
428
428
428
428
428
428
317
221
221
221
221
221
221
221
211
211
211
211
211
211
287
71
849
637
596
596
668
668
668
668
668
1082
1082
1082
1082
1082
1082
1079
1079
1079
1079
1079
1079
1079
11
11
11
11
11
11
11
11
11
11
11
375
375
375
375
1061
1061
1061
1061
412
412
412
412
412
412
412
412
412
412
487
487
487
576
866
866
866
866
866
866
866
866
866
866
240
240
240
240
240
325
381
381
381
381
66
66
75
505
575
575
575
575
575
575
1005
1005
1005
774
793
793
793
793
793
793
566
566
566
566
566
566
566
566
566
566
566
566
566
566
566
566
566
566
566
566
566
566
777
777
144
726
726
726
726
726
726
726
1104
493
243
243
243
150
150
717
1131
1131
1131
1131
283
411
411
800
800
800
800
800
800
800
800
800
800
329
329
329
329
329
329
329
682
682
682
140
135
109
426
426
426
426
426
426
426
426
426
514
514
848
96
442
569
569
569
200
200
917
1085
1085
1085
440
440
440
440
440
440
440
440
798
798
798
752
752
244
244
244
244
245
245
245
245
966
729
729
729
813
813
32
32
32
32
32
32
32
32
32
32
32
32
32
32
32
32
32
32
32
32
32
617
617
617
617
617
617
417
417
720
911
911
911
65
65
433
433
433
433
433
433
433
195
195
837
984
984
984
984
984
984
143
225
225
225
133
168
168
797
797
38
38
38
43
43
43
43
43
43
43
43
43
695
431
431
431
431
431
431
431
919
718
718
718
718
567
223
223
223
223
223
223
223
223
214
214
84
84
355
703
1150
568
568
1058
1058
1058
1058
380
380
380
380
1024
1024
1024
1024
1024
1024
1136
1136
1136
1136
495
725
725
725
725
725
725
725
725
492
721
422
1028
1028
1028
1028
1028
1028
1028
1028
288
1120
1120
574
574
574
574
574
574
574
839
424
424
424
424
424
424
424
424
424
357
913
913
429
429
429
429
429
429
998
998
998
577
577
1135
1135
293
293
293
293
293
293
293
683
1083
1083
1083
1083
1083
1083
33
33
33
33
33
33
33
33
33
33
33
595
595
1098
330
330
330
330
330
1016
1016
1049
1049
1049
819
1147
1147
1147
572
572
1088
1088
742
742
578
578
31
31
31
31
31
31
31
31
31
31
31
31
964
964
1026
1026
1026
1026
1026
1026
1026
1026
1026
1026
1031
886
886
812
812
812
812
1099
103
103
323
1101
746
746
953
953
360
360
360
360
360
360
360
835
835
835
835
835
835
835
835
835
731
731
81
1048
1048
1048
1048
1048
1048
1062
1062
1062
1062
1062
914
658
658
86
327
327
327
794
794
794
191
191
842
139
410
410
410
34
34
34
34
34
34
34
34
34
34
34
34
34
34
34
34
249
249
249
279
234
234
1093
1093
1093
1093
1093
1093
1093
1093
94
591
591
241
241
241
241
805
805
430
430
430
430
430
430
430
430
430
430
44
44
44
44
44
44
44
44
607
607
607
328
328
328
328
56
56
56
56
183
502
151
445
445
1080
253
253
253
343
343
521
802
802
628
152
152
496
656
95
413
413
413
603
603
530
681
681
112
362
362
1140
324
982
983
1137
1137
1137
321
640
640
640
438
438
438
438
438
239
239
239
239
315
497
220
220
220
220
415
354
290
1149
1149
1149
101
684
968
444
444
444
444
444
570
570
570
570
434
434
434
434
434
434
434
434
344
344
344
344
344
423
423
423
423
423
423
423
423
423
423
766
766
766
766
766
766
132
132
1121
1121
1121
1121
1121
1121
1121
1051
1051
1051
1051
804
699
699
699
699
869
869
437
437
437
437
437
437
489
852
188
795
660
660
1022
1022
170
173
194
194
289
940
940
940
1056
1056
1056
1056
318
318
318
358
286
37
37
37
1103
1033
93
484
484
72
72
193
193
320
1023
571
571
313
730
730
730
838
363
363
363
363
322
1057
1057
1057
1057
291
1141
840
189
189
281
847
771
771
771
771
771
771
850
254
254
254
254
500
500
500
500
500
298
1139
1139
1139
727
727
727
768
768
768
700
700
687
867
867
867
738
814
814
91
102
42
42
42
1100
441
441
441
441
441
441
441
441
1087
1087
1087
1087
1087
1087
1087
1087
377
377
377
377
377
490
1090
1090
1090
1090
1090
1090
912
912
278
836
1133
8
8
8
8
316
918
494
1013
724
724
724
724
616
967
614
614
844
219
219
219
773
773
773
773
806
806
806
806
806
806
806
806
806
806
806
743
743
743
737
163
602
602
845
532
532
532
532
532
532
532
532
532
532
532
532
92
581
581
581
202
202
218
218
218
218
41
41
41
41
1151
1132
522
522
522
238
888
888
888
250
250
250
131
149
149
1105
114
659
659
672
815
284
1059
1059
1059
1059
1094
1094
326
326
326
326
801
801
801
801
801
801
801
801
801
801
1091
1091
1091
1091
1091
1091
941
941
941
851
851
378
378
378
378
100
972
972
972
728
728
728
146
83
181
201
201
74
285
285
1025
803
803
803
803
1055
1055
1055
1055
923
923
342
342
342
342
342
342
342
796
1060
1060
1060
1060
722
341
341
341
341
341
341
1086
1086
1086
1086
1086
1086
1086
1015
1015
1015
1004
294
294
294
294
294
294
294
235
767
767
767
767
767
767
767
924
924
111
108
108
108
1053
1053
1053
1053
439
439
439
439
439
853
853
853
853
853
853
853
853
853
853
853
853
853
853
853
853
853
456
1014
1014
1014
1014
1014
1014
420
420
182
182
1089
1089
1089
1089
1089
1089
1089
9
1084
1084
1084
1084
1084
1084
236
251
251
251
376
376
361
361
361
680
1119
1119
1152
435
435
435
435
435
435
1027
1027
1027
1027
1027
1027
685
685
685
685
1050
1050
1050
1050
141
501
501
501
501
501
799
799
799
799
799
799
799
799
799
799
799
799
600
696
696
134
868
868
432
432
432
432
432
432
432
432
627
841
762
564
1128
555
664
654
906
1129
209
787
586
646
646
228
809
788
471
247
247
810
351
351
16
16
608
609
335
335
335
704
704
336
533
925
383
383
384
384
920
465
465
390
392
393
393
1106
1107
1122
1123
1108
673
673
673
1109
1110
1111
1112
1113
1114
295
758
758
1071
53
1007
1007
974
263
516
264
517
265
388
388
389
389
389
389
389
389
394
394
394
394
394
394
395
