2
3
4
5
6
7
8
9
10
11
12
13
14
15
16
17
18
19
20
21
22
23
24
25
26
27
28
29
30
31
32
33
34
35
36
37
38
39
40
41
42
43
44
45
46
47
48
49
50
51
52
53
54
55
56
57
58
59
60
61
62
63
64
65
66
67
68
69
70
71
72
73
74
75
76
77
78
79
80
81
82
83
84
85
86
87
88
89
90
70
15
3
15
59
3
26
59
26
81
26
59
59
81
70
81
26
26
26
26
3
15
26
15
26
3
3
81
15
3
81
26
26
70
59
26
26
26
26
26
70
70
26
26
26
26
26
26
59
