1
2
2
2
2
2
2
2
2
2
2
2
2
2
2
2
2
2
2
2
2
2
2
2
2
2
2
2
2
2
2
2
2
2
2
2
2
2
2
2
2
2
2
2
2
2
2
2
2
2
2
2
2
2
7
56
2
58
58
58
58
58
58
58
58
2
67
67
67
67
2
72
72
72
72
72
72
72
72
72
72
72
72
72
72
72
72
72
72
1
91
91
91
91
91
91
91
91
91
91
91
91
91
91
94
94
94
1
109
109
109
109
109
109
109
109
109
109
109
109
109
109
109
109
109
109
109
109
109
109
109
109
109
131
112
113
114
115
130
116
131
117
118
119
120
121
124
134
125
122
132
123
133
128
129
126
127
91
109
33
33
33
8
130
130
62
27
18
18
28
28
28
103
24
24
24
24
24
24
126
126
121
121
117
117
124
124
116
116
101
49
44
44
123
123
65
99
21
70
30
30
30
30
30
30
30
30
46
71
122
122
134
134
95
48
48
80
45
45
114
114
94
102
77
81
92
129
129
17
17
113
113
29
133
133
75
118
118
127
127
26
43
43
125
125
96
79
19
23
57
112
112
119
119
93
82
22
22
22
22
66
84
84
100
115
115
78
128
128
105
20
98
104
64
64
25
25
25
25
25
63
11
120
120
76
85
97
