1
2
2
2
2
2
2
2
2
2
2
2
2
2
2
2
17
17
15
15
22
23
23
23
23
23
23
23
23
23
23
23
23
23
36
36
36
36
36
36
36
36
12
34
34
34
50
35
52
30
31
22
55
55
55
55
59
13
10
10
10
11
11
11
11
11
11
11
30
58
58
58
32
32
32
32
32
42
42
44
44
29
29
29
29
16
41
43
43
12
59
59
59
34
34
34
34
34
34
35
35
35
35
35
14
14
14
14
15
15
15
15
15
15
15
57
57
31
33
33
56
26
24
20
20
20
20
21
21
21
60
60
53
54
45
45
46
46
46
47
47
47
48
51
51
51
