1
2
2
2
2
2
2
2
2
2
2
2
2
2
2
2
2
2
2
16
21
17
23
25
26
26
26
26
26
26
31
33
35
36
36
36
36
36
36
36
36
36
36
36
36
36
36
36
36
36
36
36
36
36
36
36
36
36
36
36
36
36
36
36
36
36
36
36
36
36
36
36
36
36
36
36
36
36
36
36
36
36
36
36
36
36
36
36
36
36
36
36
36
36
36
36
36
36
36
36
36
36
36
36
36
36
36
36
36
36
79
114
83
116
116
75
26
2
115
30
30
30
30
30
18
18
18
18
75
75
75
75
75
75
75
75
75
75
75
97
16
16
16
16
16
16
16
16
16
16
16
16
31
105
92
89
84
84
84
84
84
84
19
19
19
19
111
98
109
78
78
78
78
78
78
110
20
20
20
20
94
99
83
83
77
77
77
77
82
88
87
101
102
90
95
104
108
112
103
81
81
81
81
81
17
100
32
32
32
73
73
73
73
73
73
73
73
73
73
29
107
91
15
15
15
15
15
15
15
96
106
72
72
72
72
72
72
72
72
72
72
72
72
72
72
72
72
72
72
72
72
72
72
72
72
72
72
72
72
72
72
72
72
72
72
72
72
93
79
79
37
3
27
119
119
