1
2
2
2
2
2
2
2
2
2
2
2
2
7
7
1
17
17
17
17
17
17
17
17
17
17
17
17
17
17
17
17
17
17
17
17
36
38
38
38
38
36
43
45
18
47
37
49
1
50
50
50
50
50
50
50
50
50
50
50
50
50
50
50
7
7
68
69
69
69
73
74
72
1
76
76
76
76
76
76
76
76
76
76
76
76
76
76
76
7
7
1
94
96
1
97
99
1
100
100
100
100
105
1
106
106
106
106
106
106
106
106
106
106
106
106
106
106
106
7
7
1
124
124
124
124
129
1
130
130
130
130
130
130
130
130
130
130
130
130
130
130
130
130
130
130
130
130
130
130
130
130
130
130
130
130
130
130
130
130
130
130
130
130
130
130
130
130
130
130
159
173
161
175
161
177
163
179
179
179
169
183
185
187
189
1
190
190
190
190
190
196
197
197
197
197
197
197
197
197
197
205
2
76
106
50
97
124
100
94
59
59
59
157
157
162
86
86
86
86
86
86
86
86
145
145
89
115
115
115
148
116
116
116
116
116
116
116
116
156
118
118
118
64
204
119
198
198
13
5
5
57
58
58
88
88
88
28
201
168
174
152
153
29
194
194
63
167
34
11
32
32
32
193
193
87
98
98
114
114
180
195
195
195
195
195
8
8
154
83
83
35
18
30
30
39
23
24
85
85
85
42
60
60
60
60
60
60
60
60
113
19
19
7
7
7
7
7
7
7
7
7
117
172
172
41
147
26
95
95
192
192
202
25
37
37
37
37
37
149
161
161
161
161
161
44
151
27
163
90
150
146
146
146
146
146
146
36
36
36
36
36
36
159
62
62
62
31
31
31
125
125
199
199
169
169
169
84
84
120
101
101
61
33
33
33
155
158
70
70
51
77
107
139
139
46
48
48
15
122
92
66
105
129
96
99
