1
2
3
4
3
8
9
9
9
9
9
14
16
17
17
17
17
17
17
17
17
17
17
17
17
17
17
17
17
17
17
17
17
17
17
17
40
40
40
17
44
44
44
47
47
50
17
52
53
53
55
56
53
58
58
58
58
58
58
58
58
58
58
58
58
58
58
58
58
58
58
58
58
58
58
3
83
84
84
84
84
84
84
84
84
84
92
93
96
97
97
97
97
97
102
104
105
105
105
105
105
105
105
108
114
115
115
115
115
115
115
115
115
115
115
115
115
115
115
115
115
115
115
115
115
115
115
115
115
115
115
115
115
115
115
115
115
115
115
149
149
149
149
149
149
149
149
149
149
149
149
149
149
149
149
115
166
166
166
166
166
166
166
166
161
176
177
178
179
3
183
184
184
184
184
184
184
184
184
184
184
184
184
184
184
184
184
184
184
184
184
184
184
184
184
184
184
209
212
213
213
213
213
213
213
213
214
216
217
217
217
217
217
217
218
217
233
218
219
236
237
237
237
237
237
237
237
237
237
237
237
237
237
237
237
237
237
237
237
237
237
237
237
260
260
260
147
257
266
267
267
267
271
272
272
272
272
272
272
276
280
281
281
281
281
281
281
284
288
284
290
284
292
284
294
284
284
284
284
300
301
301
301
301
301
301
276
277
310
311
311
311
311
311
311
311
311
311
311
311
311
311
311
311
311
311
311
311
311
331
330
335
336
337
340
341
342
344
345
345
345
345
345
345
345
345
345
345
345
345
345
345
345
345
345
345
345
364
364
364
364
364
364
366
371
353
373
373
373
373
373
373
373
345
381
381
381
381
384
386
345
388
388
388
388
388
388
345
395
395
395
395
395
395
395
345
403
403
403
403
403
403
403
403
403
374
414
415
415
415
415
415
420
420
423
424
424
424
424
424
424
424
424
424
424
434
434
434
433
212
439
439
439
439
439
439
439
439
439
439
439
439
439
439
439
439
455
455
455
210
212
460
460
461
464
465
465
465
465
465
465
470
471
236
475
475
475
475
475
475
475
475
475
475
475
475
475
475
475
475
475
475
475
475
475
475
475
475
499
499
499
499
499
499
499
499
499
496
495
492
490
489
487
486
485
484
518
519
519
519
519
523
280
525
525
525
284
284
16
531
531
531
531
531
531
531
531
531
531
531
531
531
540
541
542
543
544
535
536
537
538
539
555
556
556
556
556
560
560
563
564
564
564
564
564
564
564
564
564
564
564
575
575
575
575
575
575
575
575
575
580
586
587
587
587
587
587
587
587
587
587
587
587
587
587
587
587
587
587
587
587
587
587
608
608
608
608
608
608
608
608
608
608
608
608
608
608
608
608
608
608
608
627
627
627
627
627
627
627
627
587
636
636
636
636
636
636
636
210
147
257
648
649
649
649
649
649
649
649
649
657
657
657
657
657
657
657
657
657
657
649
668
668
668
668
668
668
668
668
649
677
677
677
677
677
677
677
684
684
684
684
684
684
684
684
649
693
693
693
693
693
698
698
698
693
702
702
702
670
707
708
708
708
708
708
708
708
708
708
708
708
708
708
708
708
708
708
714
726
726
276
277
731
732
732
732
732
732
732
276
277
52
741
741
741
741
741
741
747
748
749
741
751
752
753
741
755
756
757
741
759
759
761
761
761
764
764
746
731
769
769
769
769
769
769
769
769
276
277
780
781
781
781
781
337
707
787
787
787
787
787
787
787
787
787
787
797
798
797
114
801
801
801
801
801
801
801
801
801
801
801
801
801
801
801
801
801
801
801
801
801
801
801
801
801
826
826
826
826
826
826
826
801
834
834
834
823
839
840
840
840
843
563
845
845
845
845
845
845
845
845
845
845
845
845
845
845
845
845
845
845
845
845
845
845
845
845
845
845
845
845
845
845
845
845
845
845
845
845
845
845
845
845
845
845
845
845
845
845
845
845
845
845
895
895
895
845
899
899
845
902
902
902
902
845
907
907
907
907
907
907
845
914
914
914
108
911
920
921
921
921
921
921
926
928
929
929
930
8
933
933
933
935
563
940
940
940
940
940
940
940
940
940
940
940
940
940
940
940
940
940
940
940
955
104
961
961
961
961
961
961
961
961
961
961
961
961
961
961
961
961
961
961
961
961
981
981
981
981
981
981
981
988
988
988
988
981
993
993
981
996
996
981
999
999
961
1002
1002
1002
1002
650
161
1009
1010
1010
1010
1010
1010
1010
1010
1010
1010
1010
1010
1010
1010
1010
1010
1010
1010
1010
1028
1028
1028
1028
1028
1028
1028
1028
1028
1026
183
1039
1039
1039
1039
1039
1039
1039
1039
1039
1039
1039
1039
1039
209
236
1054
1054
1054
1055
266
1059
1060
1061
3
114
1065
1065
1065
1065
1065
1065
1065
1065
1065
1065
1065
1065
1065
1065
1065
1065
1065
1065
1065
1065
1065
1065
1065
1065
1065
1065
1065
1065
1093
1093
1093
1093
1093
1093
277
1101
1102
1102
1102
1102
1102
1107
1109
1110
1110
1112
1113
1112
1116
1117
1117
1117
1117
1120
1122
1120
1125
1126
1126
1126
276
657
702
996
993
999
755
988
677
668
693
751
747
698
505
623
623
623
623
447
447
810
810
998
998
444
1052
1052
1052
1027
1027
1027
1027
972
972
972
972
972
736
736
736
89
893
893
893
893
893
968
825
772
772
889
889
569
538
538
538
538
538
618
662
196
916
665
69
1086
1086
33
33
33
33
33
598
598
598
598
598
218
218
218
218
218
218
218
469
469
469
582
607
607
607
607
607
607
607
607
607
607
607
607
607
39
39
39
39
39
39
39
39
39
359
484
484
484
484
484
484
1055
1055
1055
1055
1055
397
567
567
567
955
955
735
735
735
735
735
735
324
324
193
193
633
633
720
720
720
720
107
667
93
93
93
93
93
93
243
752
752
1049
1049
950
950
950
950
950
409
409
55
55
55
55
55
55
55
55
55
55
55
55
55
911
911
911
911
322
713
713
713
713
713
148
148
539
539
539
539
539
539
198
1015
1015
1015
1015
165
165
165
165
165
165
165
165
165
165
165
165
165
165
165
165
165
165
165
354
432
432
432
432
372
1048
248
407
407
137
785
785
762
596
985
985
1019
1019
559
573
573
573
10
10
285
285
285
1023
1023
1023
1044
717
717
717
836
70
774
774
603
603
597
597
597
597
597
597
77
594
36
164
164
164
1033
1033
1033
1092
583
894
894
894
894
593
140
241
355
1087
1087
495
495
495
495
495
495
495
495
773
773
957
957
67
574
574
246
68
602
602
602
602
602
602
602
756
756
592
592
592
592
592
592
203
651
143
734
580
580
580
580
580
906
906
80
80
485
485
485
485
485
485
482
482
482
482
482
482
482
433
433
433
433
433
433
433
433
433
433
433
214
214
214
214
72
886
160
160
160
160
160
160
160
160
160
160
621
621
621
621
621
220
220
220
220
254
102
102
655
885
885
885
885
885
885
935
935
935
722
811
811
811
811
811
811
876
876
876
876
876
876
876
876
876
876
876
876
876
876
876
876
876
876
876
876
876
876
725
725
361
975
975
975
975
975
975
975
507
624
624
624
367
367
966
1016
1016
1016
1016
199
818
818
818
818
818
818
818
818
818
818
1060
1060
258
258
258
258
258
258
258
794
794
794
357
352
689
142
676
542
542
542
542
542
542
879
879
879
11
11
488
488
488
816
816
816
1001
1001
625
625
625
625
626
626
626
626
1045
831
831
978
978
978
1079
1079
1079
1079
1079
1079
1079
1079
1079
1079
1079
1079
1079
1079
1079
1079
1079
1079
1079
1079
1079
75
470
470
969
326
101
101
131
412
412
760
92
92
92
92
92
92
360
606
606
606
350
385
385
815
815
1085
1085
1085
1090
1090
1090
1090
1090
1090
1090
1090
1090
967
967
967
967
877
604
604
604
604
604
604
604
604
595
595
446
664
664
1035
878
878
219
219
219
219
945
945
945
945
945
945
1021
1021
1021
1021
974
974
974
974
974
974
974
974
970
949
949
949
949
949
949
949
949
76
204
419
419
884
884
884
884
884
884
884
133
536
536
536
536
536
79
79
448
923
923
923
315
887
887
1020
1020
209
209
209
209
209
209
209
795
486
486
486
486
486
486
1080
1080
1080
1080
1080
1080
1080
1080
1080
1080
1080
501
905
905
321
259
259
259
259
259
277
277
837
1032
1032
1032
882
882
491
491
991
991
888
888
1043
1043
1078
1078
1078
1078
1078
1078
1078
1078
1078
1078
1078
1078
947
947
947
947
947
947
947
947
947
947
952
284
284
543
543
543
543
543
543
502
830
830
830
830
683
683
252
504
995
995
528
528
451
451
451
451
451
451
451
129
129
129
129
129
129
129
129
129
980
980
661
570
570
666
256
256
256
812
812
812
408
408
136
541
541
541
541
541
541
356
1081
1081
1081
1081
1081
1081
1081
1081
1081
1081
1081
1081
1081
1081
1081
1081
630
630
630
178
178
195
496
496
496
496
496
496
496
496
615
615
674
901
901
78
78
78
622
622
622
622
823
823
1091
1091
1091
1091
1091
1091
1091
1091
917
917
917
257
257
257
257
400
1127
1127
1127
1127
42
368
483
634
634
634
110
110
303
820
820
534
534
369
369
66
66
568
675
913
913
793
793
73
692
453
453
1025
253
90
91
269
1022
1022
1022
250
737
737
737
620
620
620
620
244
327
601
601
601
601
445
206
1034
1034
1034
681
796
1047
880
880
880
880
111
111
111
111
111
714
714
714
714
714
714
349
349
420
420
420
420
420
420
420
822
535
535
535
535
535
163
163
146
319
405
813
572
572
943
943
387
390
411
411
205
270
775
775
775
247
247
247
71
449
202
1084
1084
1084
506
954
673
410
410
652
652
249
944
881
881
746
746
746
746
746
242
132
979
979
979
454
454
454
454
318
251
207
1026
134
406
406
197
141
144
719
719
719
719
719
719
635
635
635
635
782
1024
1024
1024
544
544
544
544
544
544
314
314
716
716
716
976
976
976
46
799
161
161
161
832
832
987
671
682
1089
1089
1089
503
490
490
490
490
490
490
490
490
216
216
216
216
216
493
493
493
493
493
493
194
320
130
1018
325
430
430
430
430
245
274
973
973
973
973
1046
138
43
43
43
316
600
600
600
721
721
721
721
824
824
824
824
824
824
824
824
824
824
824
992
992
992
986
139
380
912
912
843
843
843
843
843
843
843
843
843
843
672
891
891
891
13
13
599
599
599
599
1088
1088
1088
1088
1036
1017
304
304
304
323
323
619
286
286
286
631
631
631
348
366
366
508
694
35
571
571
584
833
200
497
497
471
471
471
255
255
255
255
819
819
819
819
819
819
819
819
819
819
467
494
494
494
494
494
494
748
748
776
776
776
145
145
217
217
217
217
680
1051
1051
1051
977
977
977
363
663
74
398
12
12
654
201
201
763
946
38
38
38
821
821
821
821
537
537
537
537
537
1056
1056
109
109
109
109
109
109
109
814
540
540
540
540
540
540
3
3
971
108
108
108
108
108
108
489
489
489
489
489
489
489
276
276
276
934
210
210
210
210
210
210
210
616
715
715
715
715
715
715
715
1057
1057
691
688
688
688
34
147
147
147
147
147
147
147
147
147
147
147
147
147
147
147
147
147
275
275
275
275
275
275
399
399
492
492
492
492
492
492
492
48
431
487
487
487
487
487
487
617
632
632
632
215
215
452
452
452
792
418
418
1037
317
948
948
948
948
948
948
797
797
797
797
358
817
817
817
817
817
817
817
817
817
817
817
817
910
162
162
351
135
710
874
25
28
1013
865
576
566
1014
590
805
896
557
557
609
827
806
628
628
828
442
442
768
768
1058
918
919
585
585
585
421
422
1007
1007
512
513
514
515
516
517
223
223
224
224
226
226
227
229
545
545
545
546
546
546
547
547
547
548
548
548
549
549
549
550
550
550
551
551
551
552
552
552
211
553
553
553
554
554
554
509
510
511
1100
230
231
231
231
231
231
231
234
234
234
234
234
234
235
235
644
645
646
1053
264
264
264
265
844
438
438
939
939
