1
2
2
2
2
2
2
2
2
2
2
2
2
2
2
2
2
2
2
2
2
2
2
2
2
2
2
2
2
2
2
2
2
2
2
2
2
2
2
2
2
2
2
2
2
2
2
2
2
2
2
2
2
2
2
2
2
2
2
2
2
2
2
2
2
2
2
2
2
2
2
2
2
2
2
2
2
2
2
2
2
2
2
2
2
2
2
2
2
2
2
2
2
2
2
2
2
2
2
2
2
2
2
2
79
106
79
108
79
110
105
112
2
114
2
116
2
118
118
118
118
118
118
118
118
118
118
118
118
118
118
118
2
134
134
134
134
2
139
139
139
139
139
139
2
146
146
146
146
146
146
146
146
146
76
76
76
159
160
160
160
160
160
160
166
168
169
169
169
169
169
169
169
169
176
179
175
181
182
182
182
182
182
182
182
182
182
182
182
182
182
182
182
182
182
183
200
202
198
198
181
205
205
205
205
205
205
205
205
205
205
205
205
205
205
205
205
205
205
205
205
205
205
205
205
230
1
231
231
231
231
231
231
231
231
231
231
231
242
239
240
40
40
40
40
40
40
40
40
40
40
40
40
42
81
81
34
34
34
34
34
34
34
34
34
43
75
68
240
240
240
240
240
225
225
154
154
154
102
197
197
197
197
197
197
197
197
197
37
93
229
138
38
137
137
201
66
66
66
115
62
47
50
71
55
76
196
196
196
196
196
151
222
51
176
39
97
164
164
164
78
78
131
131
131
131
131
56
56
56
87
73
73
73
52
52
58
58
33
96
148
89
89
103
111
41
77
90
31
31
31
31
31
31
31
31
31
31
31
31
31
31
31
31
31
35
35
35
35
35
35
35
35
35
65
65
82
238
238
142
142
142
142
239
239
239
239
239
239
125
125
125
144
60
53
53
53
80
80
80
80
79
79
150
150
175
175
175
175
136
136
136
227
227
32
32
32
32
32
129
99
166
166
224
224
70
133
61
61
45
45
59
59
59
59
85
64
64
64
199
29
29
29
29
29
29
29
29
29
29
29
100
195
195
195
101
69
63
63
63
226
226
49
49
49
49
49
49
98
223
223
241
241
241
241
241
241
149
153
153
153
153
153
46
92
198
36
36
36
152
72
128
128
143
143
143
143
143
94
221
221
221
57
57
57
57
54
54
83
83
83
83
67
67
104
155
84
84
84
30
30
30
30
30
30
30
30
30
30
30
30
28
44
132
127
127
127
127
127
126
126
126
126
91
74
130
130
228
228
228
27
27
27
27
27
27
27
27
27
27
27
27
27
27
27
27
27
27
27
27
27
27
27
86
48
95
177
88
105
161
219
8
9
184
7
12
157
158
244
244
167
179
179
178
