1
2
2
2
2
2
2
2
2
2
2
2
2
2
2
2
2
2
2
2
2
2
2
2
2
2
2
2
2
2
2
2
2
2
2
2
2
2
2
2
2
42
42
42
42
42
42
42
2
50
50
50
50
50
50
50
50
50
50
50
50
50
50
50
50
50
50
50
50
50
50
50
2
74
74
74
74
74
74
74
66
66
66
66
66
79
79
79
79
79
79
79
79
79
79
26
67
67
67
67
67
33
33
33
33
33
33
33
33
33
33
33
33
33
33
33
40
71
71
68
29
80
80
80
80
46
46
46
46
46
46
46
46
47
47
30
45
45
45
45
45
45
45
45
45
45
69
27
72
72
72
72
31
78
78
78
78
78
78
78
78
48
73
73
73
73
73
63
63
63
63
64
77
77
77
77
77
77
32
65
41
41
70
70
35
35
35
37
37
37
37
37
37
39
39
39
39
39
39
49
28
38
38
38
38
38
38
38
38
38
81
81
81
81
81
81
81
11
11
55
76
9
9
22
62
54
54
3
10
60
8
8
61
75
21
18
