2
3
4
5
6
7
8
9
10
11
12
13
14
15
16
17
18
19
20
21
22
23
24
25
26
27
28
29
30
31
32
33
34
35
36
37
38
39
40
41
42
43
44
45
46
47
48
49
50
51
52
53
54
55
56
57
58
59
60
61
62
63
64
65
66
67
68
69
70
71
72
73
74
75
76
77
78
79
80
81
68
52
51
22
55
60
23
61
75
62
55
76
50
50
50
2
79
23
62
55
74
35
41
17
24
19
11
4
12
3
10
8
6
7
5
18
23
69
53
54
2
70
81
71
50
77
69
52
59
44
57
50
74
67
50
2
70
46
48
80
78
47
43
44
50
74
58
2
68
56
53
51
2
79
70
72
60
59
75
57
50
44
70
65
25
55
57
56
55
57
2
55
60
61
75
62
76
50
2
56
3
2
69
52
36
74
74
13
25
9
20
14
12
37
23
25
24
21
50
43
2
49
15
10
9
11
4
12
14
2
60
61
75
62
76
50
50
42
42
2
50
2
2
50
74
50
50
2
2
50
2
2
50
50
50
74
