2
3
4
5
6
7
8
9
10
11
12
13
14
15
16
17
18
19
20
21
22
23
24
25
26
27
28
29
30
31
32
33
34
35
36
37
38
39
40
42
43
44
45
46
47
48
49
50
51
52
53
54
55
56
57
58
59
60
61
62
63
64
65
66
67
68
69
70
71
72
73
74
75
76
77
78
79
80
81
82
83
84
85
86
87
88
89
90
91
92
93
94
95
96
97
98
99
100
101
102
103
104
105
106
107
108
109
110
111
112
113
114
115
116
117
118
119
120
121
122
123
124
125
126
127
128
129
130
131
132
133
134
135
136
137
138
139
140
141
142
143
144
145
146
147
148
149
150
151
152
153
154
155
156
157
158
159
160
161
162
163
164
165
166
167
168
169
170
171
172
173
174
175
176
177
178
179
180
181
182
183
184
185
186
187
188
189
190
191
192
193
194
195
196
197
198
199
48
42
79
55
160
147
182
181
100
114
116
99
183
182
42
181
148
42
42
66
12
8
106
63
64
59
72
51
62
175
89
173
157
90
174
171
99
178
145
144
42
76
72
62
67
107
65
63
71
72
67
118
122
107
123
120
121
60
53
64
59
71
72
47
62
64
70
44
45
61
64
49
59
62
136
137
9
8
58
42
54
42
61
42
62
141
147
57
30
5
13
9
3
10
4
12
8
16
5
95
84
83
145
141
144
146
177
177
42
178
42
130
129
131
130
131
145
143
144
146
147
142
16
43
42
147
112
111
102
113
49
43
66
54
51
60
76
72
58
48
50
79
81
46
44
56
47
53
63
64
57
70
69
52
55
62
62
6
124
106
65
72
62
3
8
175
161
173
174
171
99
178
144
146
147
42
175
161
170
89
98
173
90
174
171
178
144
147
42
52
42
119
53
64
57
74
72
58
62
44
42
19
64
70
44
196
183
182
15
8
110
178
53
32
143
147
4
55
42
129
128
101
104
65
63
76
72
77
80
62
67
131
128
32
11
8
81
42
50
42
185
5
45
42
183
182
42
42
192
4
18
11
14
175
161
170
89
98
173
90
174
171
178
144
147
42
14
62
102
115
71
78
72
77
62
147
8
147
79
66
62
67
61
128
136
137
196
57
42
15
175
89
173
90
174
164
171
178
144
42
175
89
173
157
90
174
171
99
178
145
144
42
5
6
3
7
14
60
42
78
77
54
64
59
158
183
147
181
175
161
170
89
98
173
90
174
171
178
144
147
42
56
42
159
161
176
173
174
171
99
178
145
144
147
42
109
42
195
181
92
89
90
174
164
171
176
158
173
178
144
147
42
64
59
135
92
170
89
90
174
164
171
175
173
178
144
147
42
46
42
108
103
105
117
101
104
65
63
75
76
56
72
77
47
80
62
128
42
128
128
2
42
92
