1
2
2
2
2
2
2
2
2
2
2
2
2
2
2
2
2
2
2
2
2
2
2
2
2
2
2
2
2
2
2
32
32
32
32
32
32
32
32
32
24
42
25
44
30
28
48
49
49
49
49
52
52
56
52
52
53
52
52
52
52
52
52
52
52
52
52
52
52
73
74
74
74
74
74
74
74
74
74
74
74
74
74
74
74
74
74
90
90
94
95
95
95
95
95
95
95
95
95
95
95
95
95
95
95
95
95
95
95
95
95
95
95
95
95
95
95
95
95
95
95
95
95
129
94
130
130
130
130
130
130
130
130
130
130
130
130
130
130
130
130
130
130
130
130
130
130
130
130
130
130
130
130
130
130
130
130
163
164
165
165
165
165
165
165
165
165
165
73
175
175
175
175
175
175
175
175
175
175
175
175
175
25
25
25
187
187
187
95
30
89
89
89
89
172
172
172
36
36
53
168
52
28
28
104
31
31
31
31
25
25
25
25
25
25
25
25
25
25
25
25
37
37
37
37
22
22
39
39
39
21
38
38
38
169
100
40
40
40
40
185
185
185
185
185
185
185
185
185
185
185
185
185
186
186
35
35
35
50
187
187
187
187
174
174
174
174
174
170
170
170
170
18
18
51
90
90
90
90
90
101
26
26
26
26
27
24
88
88
88
88
34
34
34
41
41
173
173
105
171
171
188
188
188
188
23
23
20
176
176
176
176
33
33
184
7
6
47
47
54
55
189
189
189
190
92
92
191
194
65
72
