2
3
4
5
6
7
8
9
10
11
14
15
16
17
18
19
20
21
22
23
25
26
27
28
29
30
31
32
33
34
35
36
37
38
39
40
41
42
43
44
45
46
47
48
49
50
51
52
53
54
55
56
57
58
59
60
61
62
63
64
65
66
67
68
69
70
71
72
73
74
75
76
77
78
79
80
81
82
83
84
85
86
87
88
89
90
91
92
93
94
95
96
77
100
102
103
104
105
106
107
108
109
110
111
112
113
114
115
116
117
118
119
120
121
122
123
124
125
126
127
128
129
130
131
132
133
134
135
136
137
138
139
140
141
142
143
144
145
146
147
148
149
150
151
152
153
154
155
156
157
158
159
160
161
162
163
164
165
166
167
168
169
170
171
172
173
174
175
176
177
178
179
180
181
182
183
184
185
186
187
188
189
190
191
192
193
194
195
196
197
198
199
200
201
203
204
205
15
106
105
107
103
104
170
45
25
132
105
103
104
178
183
184
105
178
25
75
76
77
73
70
98
97
132
105
103
104
178
49
51
39
25
137
50
47
132
105
103
104
185
15
72
98
183
184
105
178
189
25
49
50
47
48
51
68
98
97
137
28
30
29
184
105
178
68
97
183
184
105
178
28
27
44
189
25
179
180
82
184
105
103
104
178
189
25
180
184
105
178
184
105
178
106
107
178
73
69
70
68
98
97
184
105
103
104
178
132
184
106
105
107
103
104
178
189
25
47
68
85
81
80
86
78
79
84
69
68
98
97
2
183
184
105
178
15
189
25
179
183
184
105
178
49
51
25
189
25
17
72
70
132
105
103
104
178
184
105
178
189
25
18
184
105
103
104
178
184
105
178
184
105
178
189
25
28
30
29
183
28
29
30
39
50
51
25
25
189
25
6
68
2
132
106
107
170
178
49
51
25
50
25
44
202
39
25
68
44
77
77
