2
3
4
5
6
7
8
9
10
11
12
13
14
15
16
17
18
19
20
21
22
23
24
25
26
27
28
29
30
31
32
33
34
35
36
37
38
39
40
41
42
43
44
45
46
47
48
49
50
52
53
54
55
56
57
58
59
60
61
62
63
64
65
66
67
68
69
70
71
72
56
61
75
76
78
79
17
17
63
64
58
59
57
55
56
4
3
7
2
12
9
17
10
11
12
42
47
55
66
58
59
54
57
53
62
4
3
52
59
54
55
27
41
36
35
30
65
36
29
26
52
4
39
38
37
22
39
38
37
41
36
30
25
22
18
19
21
20
10
12
11
23
27
26
17
36
30
22
26
29
26
35
30
9
32
33
31
32
33
31
23
69
69
71
71
17
4
3
56
