2
3
4
5
6
8
9
10
11
12
13
14
15
16
17
18
19
20
21
22
23
24
25
26
27
28
29
30
31
32
33
34
35
36
37
38
39
40
41
42
43
44
45
46
47
48
49
50
51
52
53
54
55
56
57
58
59
60
61
62
63
64
65
66
67
68
69
70
71
72
73
74
75
15
17
18
78
79
70
71
82
83
84
84
62
36
30
24
62
11
12
23
13
16
22
64
66
37
38
15
61
32
66
30
15
21
23
13
16
61
64
65
15
61
8
17
24
32
66
10
15
9
14
61
24
11
21
13
22
17
24
62
66
10
15
9
14
61
64
66
38
15
10
17
18
9
20
19
61
62
36
30
24
11
70
68
32
36
30
24
17
21
62
32
21
22
64
66
67
15
10
12
11
9
14
61
61
27
70
