1
2
2
6
7
8
8
8
8
8
8
8
8
11
12
16
13
16
13
16
13
16
14
14
15
16
15
15
16
15
15
16
15
37
38
38
38
38
38
38
38
38
38
38
45
45
51
46
46
47
55
48
48
37
58
58
58
62
1
63
63
63
68
7
69
69
69
73
74
75
75
75
75
75
75
75
75
75
75
75
75
75
75
75
75
75
75
75
75
75
75
75
75
75
75
75
75
75
75
75
75
75
75
75
75
75
75
75
75
112
116
116
75
119
119
119
119
119
108
7
126
126
126
126
126
126
126
126
126
126
126
126
126
126
126
126
126
126
126
126
126
141
148
16
16
16
16
16
146
146
157
144
144
45
45
45
45
142
144
16
16
16
16
38
63
142
142
142
142
142
142
142
144
144
144
108
108
108
118
118
16
16
16
16
16
45
45
45
45
45
113
113
11
11
11
11
140
66
66
114
114
96
96
96
96
97
97
97
97
97
97
97
97
97
97
97
97
97
46
46
46
46
46
46
46
46
99
106
106
106
106
106
106
106
106
106
101
101
101
145
123
123
115
14
14
14
14
122
107
107
107
107
107
107
107
107
109
124
124
102
143
146
146
146
146
146
104
104
4
47
47
110
110
110
105
111
103
147
147
147
147
12
12
12
12
48
48
98
141
141
141
141
141
141
141
141
141
141
141
141
141
141
141
15
15
15
15
15
15
65
13
13
13
13
91
91
127
81
9
76
40
134
39
133
64
150
153
155
156
158
68
162
163
163
163
163
163
163
164
164
164
165
165
165
165
166
168
56
169
171
19
125
49
49
49
49
50
53
53
54
29
32
32
