2
3
4
4
8
9
10
11
12
13
14
15
16
17
18
19
20
21
22
23
24
25
26
27
28
29
30
31
32
33
34
35
36
38
39
40
41
42
43
44
45
46
47
48
49
50
46
52
53
54
48
56
57
58
59
60
61
60
63
64
65
66
66
69
70
71
72
70
75
76
77
78
79
80
81
82
83
84
85
86
87
88
89
90
91
92
93
94
95
96
97
98
99
100
101
102
103
104
105
106
107
108
109
110
111
112
113
114
115
116
117
118
119
120
121
122
123
124
125
126
127
128
129
130
131
132
133
134
135
136
137
138
139
140
141
142
143
144
145
146
147
148
149
150
151
152
153
154
155
156
146
158
159
162
163
164
165
166
167
168
169
170
171
58
2
146
147
61
144
128
127
134
145
137
136
90
80
83
113
122
142
141
10
136
126
41
42
40
43
44
115
80
142
141
10
126
128
65
67
115
80
93
92
95
94
104
100
103
96
90
87
78
84
77
89
85
86
88
4
48
41
42
40
43
44
39
83
112
97
101
81
82
80
76
83
119
90
76
87
136
123
120
89
142
141
10
126
120
123
102
85
86
90
81
76
83
83
124
120
85
128
60
137
139
127
134
102
84
5
44
39
111
80
79
106
80
102
137
127
136
138
142
141
10
126
44
39
83
59
132
137
128
134
135
131
129
133
139
127
136
130
138
160
72
142
71
141
10
126
64
142
141
10
126
85
80
126
119
8
75
2
58
38
2
63
138
136
139
127
136
65
127
129
132
133
127
130
131
129
127
134
137
130
135
138
146
127
44
127
138
126
90
41
42
40
39
43
44
39
39
142
136
126
