2
3
4
5
6
7
8
9
10
11
12
13
14
15
16
17
18
19
20
21
22
23
24
25
26
27
28
30
32
33
34
35
36
37
38
39
40
41
42
43
44
45
46
45
44
49
50
51
52
53
54
55
56
57
58
59
60
61
62
63
64
65
66
67
68
69
70
71
72
73
74
75
76
77
78
79
80
81
82
83
84
85
86
87
88
89
90
91
92
93
94
95
96
97
98
99
100
101
102
103
104
105
106
107
108
109
110
111
112
113
114
115
116
117
119
121
123
125
126
127
128
129
130
131
132
133
134
135
136
137
138
139
140
142
143
144
145
146
147
148
144
143
148
146
153
154
155
156
157
158
159
160
161
162
163
164
165
166
167
168
169
171
172
173
174
175
176
177
178
179
180
181
182
183
184
185
186
187
188
189
190
191
192
193
194
195
196
197
198
199
200
201
202
203
204
205
206
207
208
209
210
211
212
213
214
215
216
217
218
219
220
219
213
223
212
225
226
227
228
229
230
231
232
233
234
235
236
237
238
239
240
241
242
243
244
245
246
247
248
249
250
251
252
253
254
255
256
255
260
261
261
264
265
266
267
268
269
270
271
272
273
274
275
276
277
278
279
280
281
282
283
284
285
286
45
44
289
290
291
292
293
293
225
42
289
225
156
79
100
103
102
61
62
49
49
197
197
185
202
2
2
197
171
98
132
219
100
102
2
173
175
172
174
226
181
4
161
251
250
156
188
12
218
14
21
2
142
2
179
172
174
177
98
132
137
2
7
43
13
2
42
2
139
132
137
143
4
171
49
172
199
200
198
188
190
13
182
4
133
132
2
103
2
49
49
230
156
156
143
220
2
27
9
28
2
142
185
172
197
103
192
191
196
190
114
199
200
49
197
289
133
56
49
2
183
2
102
51
49
49
215
175
43
6
42
265
104
105
156
75
103
103
38
229
159
160
98
139
132
103
188
17
23
2
171
194
4
2
104
105
37
2
24
56
3
4
49
156
156
133
49
49
132
156
156
2
54
209
42
8
216
2
8
217
2
2
2
256
161
156
226
256
161
156
177
192
189
21
4
133
49
132
175
197
51
109
107
60
49
173
175
172
174
171
75
199
200
198
197
143
46
13
14
2
2
42
89
43
11
6
2
42
2
176
230
142
142
7
2
2
173
238
156
102
290
168
228
164
227
2
2
156
289
171
229
158
159
157
160
160
156
4
171
148
142
226
199
200
198
256
161
156
257
14
16
2
49
290
9
13
2
289
260
2
260
177
188
293
142
75
103
107
176
158
156
156
203
173
175
174
197
199
200
198
159
175
198
197
175
197
2
2
195
4
8
12
2
51
16
2
49
39
173
175
173
89
290
9
6
289
189
4
182
4
142
2
13
2
2
174
49
51
156
20
2
77
265
22
22
42
197
171
179
143
219
143
173
8
143
173
171
230
142
13
190
4
196
199
200
4
197
260
