1
2
2
2
2
2
2
2
2
2
2
2
2
2
2
2
2
2
2
2
2
2
2
2
15
27
28
29
31
32
32
32
32
32
32
32
32
32
32
32
32
32
32
32
32
32
32
32
32
32
32
32
32
32
32
32
32
32
32
32
32
32
32
32
32
32
32
32
32
32
32
32
32
32
32
32
32
32
32
32
32
32
32
32
32
32
32
32
32
32
32
32
32
32
32
32
32
32
32
32
32
32
32
32
32
32
32
32
32
32
32
32
32
32
32
32
32
32
32
32
32
32
32
32
32
32
32
32
32
32
32
32
32
32
32
32
32
32
32
32
32
32
32
32
32
32
32
32
32
32
32
32
32
32
32
32
32
32
32
32
32
32
32
32
32
32
32
32
32
32
32
32
32
32
32
32
32
32
32
32
32
32
32
32
32
32
32
32
32
32
32
32
32
32
32
32
32
32
32
32
32
32
32
32
32
32
32
32
32
32
32
32
32
32
32
32
32
32
32
32
32
32
32
32
32
32
32
32
32
32
32
32
32
32
32
32
32
32
32
32
32
32
32
32
32
32
32
32
32
32
32
32
32
32
32
32
32
32
32
32
32
32
32
32
32
32
32
32
32
32
32
32
32
32
32
32
32
32
32
32
32
32
32
32
32
32
32
32
32
32
32
32
32
32
32
32
32
32
32
32
32
32
32
32
32
32
32
32
32
32
32
32
32
32
32
32
32
32
32
32
32
32
32
32
32
32
32
32
32
32
32
32
32
32
32
32
32
32
32
32
32
32
32
32
32
32
32
32
32
32
32
32
32
32
32
32
32
32
32
32
32
32
32
32
32
32
32
32
32
32
32
32
32
32
32
32
32
32
32
32
32
32
32
32
32
32
32
32
32
32
32
32
32
32
32
32
32
32
32
32
32
32
32
32
408
409
409
409
409
409
409
411
1
417
417
417
417
417
417
417
417
417
417
417
417
417
417
417
417
417
417
417
417
417
417
417
417
417
417
417
417
417
417
417
417
15
129
290
290
290
351
351
351
351
351
351
351
351
351
351
78
311
311
311
311
211
211
211
220
220
220
220
220
220
220
220
220
220
220
220
220
18
187
297
154
399
210
13
13
13
13
237
388
388
226
226
226
226
226
226
123
145
145
145
160
275
280
308
308
259
306
315
142
142
142
142
142
142
142
148
87
442
442
442
20
386
386
131
224
224
224
224
224
224
224
224
224
224
224
224
224
224
387
278
445
445
445
81
108
262
273
174
67
67
67
434
434
434
434
434
434
434
434
434
434
434
89
305
244
110
110
110
110
110
110
110
199
182
80
346
253
302
307
113
113
113
113
163
111
111
111
111
111
111
111
111
111
296
265
88
205
205
310
310
310
283
231
59
59
359
359
359
359
359
377
318
318
186
186
186
186
186
378
378
439
68
255
255
274
274
274
274
114
114
114
114
293
293
293
431
195
195
195
195
195
195
121
304
112
112
112
112
112
15
15
15
15
15
86
266
216
217
217
217
217
217
217
217
217
217
217
217
217
217
24
24
24
70
316
260
360
282
258
356
151
176
223
223
209
241
349
14
14
14
14
14
152
107
107
301
350
350
314
276
276
270
270
270
270
437
437
437
437
437
365
365
365
365
365
365
365
365
365
365
365
116
116
116
116
116
116
116
354
99
23
76
146
115
115
115
115
251
263
167
395
139
139
139
139
139
139
139
139
82
264
235
389
294
294
294
294
294
188
188
188
166
436
436
436
247
298
189
189
189
189
189
91
98
234
379
347
347
347
347
347
228
228
221
407
407
407
407
446
446
345
345
340
340
340
340
65
96
376
376
230
240
208
208
208
69
69
69
69
69
69
69
229
229
309
309
309
309
309
309
364
364
341
341
341
341
341
397
383
239
63
319
357
339
339
339
339
339
339
325
403
190
19
19
19
19
19
238
380
380
57
248
295
149
149
192
192
192
192
192
192
192
62
125
440
77
119
55
55
55
143
143
143
71
71
71
371
371
254
370
109
109
109
348
343
343
343
288
288
288
381
90
138
147
372
372
372
193
193
193
193
303
300
64
444
444
444
194
194
194
401
366
366
366
366
366
366
366
366
366
366
366
366
366
366
412
412
412
412
92
433
58
58
58
58
58
58
12
150
165
385
232
284
252
135
249
206
17
141
185
322
72
72
72
207
207
384
384
382
382
289
289
289
289
289
180
213
213
213
213
213
213
213
312
312
312
312
342
342
66
158
85
168
79
246
323
323
60
374
374
374
137
222
299
117
227
227
292
292
267
267
267
267
267
100
100
358
406
406
406
406
133
105
245
242
321
56
56
56
225
203
317
74
218
21
196
196
196
196
352
162
83
212
212
212
212
212
212
212
144
144
144
391
413
413
413
405
93
170
414
414
414
84
272
272
272
272
447
447
178
443
373
373
127
236
287
287
287
287
404
61
279
11
159
191
313
313
313
313
313
95
95
95
95
95
95
215
250
261
140
16
16
16
16
320
320
320
324
10
269
94
257
164
172
233
97
22
202
202
432
344
9
9
75
156
353
25
25
441
219
219
363
363
363
363
363
363
363
363
363
363
411
411
411
411
73
326
361
435
435
435
435
435
435
435
435
435
435
435
435
435
435
435
435
271
243
393
438
362
34
3
418
26
26
450
416
416
