2
3
4
5
6
7
8
9
10
11
12
13
14
15
16
17
18
19
20
21
22
23
24
25
26
28
29
30
32
33
34
35
36
37
38
39
40
41
42
43
44
45
46
47
48
49
50
51
52
53
54
55
56
57
58
59
60
61
62
63
64
65
66
67
68
69
70
71
72
73
74
75
76
77
78
79
80
81
82
83
84
85
86
87
88
89
90
91
92
93
94
95
96
97
98
99
100
101
102
103
104
105
106
107
108
109
110
111
112
113
114
115
116
117
118
119
120
121
122
123
124
125
126
127
128
129
130
131
132
133
134
135
136
137
138
139
140
141
142
143
144
145
146
147
148
149
150
151
152
153
154
155
156
157
158
159
160
161
162
163
164
165
166
167
168
169
170
171
172
173
174
175
176
177
178
179
180
181
182
183
184
185
186
187
188
189
190
191
192
193
194
195
196
197
198
199
200
201
202
203
204
205
206
207
208
209
210
211
212
213
214
215
216
217
218
219
220
221
222
223
224
225
226
227
228
229
230
231
232
233
234
235
236
237
238
239
240
241
242
243
244
245
246
247
248
249
250
251
252
253
254
255
256
257
258
259
260
261
262
263
264
265
266
267
268
269
270
271
272
273
274
275
276
277
278
279
280
281
282
283
284
285
286
287
288
289
290
291
292
293
294
295
296
297
298
299
300
301
302
303
304
305
306
307
308
309
310
311
312
313
314
315
316
317
318
319
320
321
322
323
324
325
326
327
328
329
330
331
332
333
334
335
336
337
338
339
340
341
342
343
344
345
346
347
348
349
350
351
352
353
354
355
356
357
358
359
360
361
362
363
364
365
366
367
368
369
370
371
372
373
374
375
376
377
378
379
380
381
382
383
384
385
386
387
388
389
390
391
392
393
394
395
396
397
398
399
400
401
402
403
404
405
406
407
409
410
411
412
413
414
415
416
417
418
419
420
421
422
423
424
425
426
427
428
429
430
431
432
433
434
435
436
437
438
439
440
441
442
443
444
445
446
447
448
449
450
329
209
198
36
211
186
313
358
188
371
361
354
37
40
32
373
189
354
138
359
373
361
275
271
226
340
220
269
225
219
284
279
209
371
273
15
186
171
183
183
37
5
3
4
6
183
181
354
275
284
271
279
269
273
335
41
37
36
183
181
183
199
361
183
183
313
143
144
145
360
139
37
36
183
32
423
426
427
19
179
354
331
275
271
226
269
223
339
225
284
360
224
279
209
371
273
183
183
429
427
430
32
107
183
179
183
217
37
36
449
431
448
423
429
424
426
427
428
425
430
32
179
183
373
109
360
365
317
374
354
201
295
32
347
224
183
181
105
354
356
36
361
359
111
373
360
371
361
293
40
36
183
183
32
347
139
349
313
361
183
183
217
37
360
188
227
40
36
183
360
365
373
360
209
188
374
171
354
440
32
267
340
179
313
188
361
105
358
356
36
359
360
43
418
373
287
194
374
229
36
334
183
359
360
110
194
36
15
7
8
5
4
32
183
361
105
353
358
217
357
354
356
41
50
38
40
39
36
5
4
6
32
314
183
36
183
183
36
361
183
340
339
37
224
199
13
5
3
4
6
183
288
229
175
347
373
186
313
188
175
313
188
361
423
429
426
428
427
183
360
197
228
353
106
370
209
368
227
357
111
342
112
139
313
371
40
36
48
5
32
142
105
358
354
36
220
183
361
183
143
373
360
142
358
188
374
37
32
183
183
183
359
347
360
290
36
227
47
36
183
437
424
430
220
183
359
373
229
37
36
32
48
220
183
199
289
186
212
371
352
52
42
209
37
40
36
426
427
347
374
359
373
371
194
32
32
188
37
220
183
209
361
36
211
139
192
361
217
37
36
228
36
359
199
109
360
361
110
365
36
186
256
361
354
40
183
183
220
32
358
209
359
373
371
194
374
41
320
209
189
7
8
5
4
6
139
173
354
32
183
186
148
354
289
139
238
193
188
371
361
32
327
437
32
338
217
37
36
41
37
36
217
37
36
373
374
183
36
360
354
40
347
289
211
371
344
361
49
183
32
361
142
340
194
339
211
371
361
354
177
183
32
426
428
430
359
46
41
32
359
353
106
370
368
357
50
38
51
39
52
36
44
43
434
445
444
417
32
430
143
38
37
40
39
32
8
183
361
183
224
173
183
333
224
347
15
139
186
209
217
37
36
365
354
177
354
175
354
347
211
360
290
36
183
199
197
353
209
358
227
37
189
374
354
138
344
361
32
183
32
183
32
183
358
229
32
41
40
39
183
42
173
277
352
51
359
44
268
177
313
358
188
287
361
36
183
209
208
36
332
352
224
183
209
217
37
36
209
202
318
32
313
19
209
198
356
36
36
183
32
199
360
197
358
357
227
37
41
37
36
183
434
438
417
406
32
183
434
438
417
32
177
313
188
361
426
427
183
442
41
38
328
224
359
288
229
36
407
32
171
7
361
142
186
209
358
361
354
143
38
37
40
39
32
183
183
183
139
7
8
4
6
184
358
361
320
2
175
32
183
183
183
183
32
4
313
40
418
325
12
11
32
183
36
5
4
418
340
339
359
373
289
211
360
358
256
361
354
36
434
445
444
417
32
36
40
449
431
432
448
420
423
429
424
426
419
427
428
422
425
421
430
177
220
183
436
40
32
2
417
7
8
424
445
444
