1
2
2
2
2
2
2
2
2
2
2
2
2
2
2
2
2
19
20
21
22
22
22
22
22
22
22
22
22
22
22
22
22
22
22
22
22
22
22
22
22
22
22
22
22
22
22
22
22
22
22
22
22
22
22
22
22
22
22
22
22
22
22
22
22
22
22
22
22
22
22
22
22
22
22
22
22
22
22
22
22
22
22
22
22
22
22
22
22
22
22
22
22
22
22
22
22
22
22
22
22
22
22
22
22
22
22
22
22
22
22
73
73
78
76
118
119
74
73
73
123
124
124
124
124
124
124
124
124
124
124
124
124
124
124
124
124
124
124
142
142
142
142
142
142
142
142
142
142
142
142
142
142
142
142
142
142
142
142
142
138
167
163
1
169
169
169
169
169
169
169
169
169
169
169
169
169
169
169
169
169
169
169
169
169
169
169
169
169
169
169
169
169
169
169
169
169
169
169
169
169
169
169
169
169
169
169
169
169
169
169
169
169
169
169
169
169
169
169
169
169
169
169
169
169
169
169
232
232
232
232
232
232
232
232
232
242
243
243
243
243
243
243
243
243
243
243
243
243
243
243
243
243
243
243
243
243
243
243
243
243
243
243
243
243
243
272
272
272
272
272
272
272
272
272
272
272
243
284
284
284
284
284
284
284
284
284
284
284
243
296
243
298
298
298
298
298
298
298
243
306
306
306
306
306
306
306
306
255
242
316
316
316
316
316
316
316
316
316
316
326
326
326
316
330
330
330
321
322
322
321
321
321
321
321
322
322
322
322
322
322
348
349
349
349
349
349
349
349
349
349
349
349
349
349
349
349
349
349
349
349
349
349
349
349
349
349
349
349
349
349
349
349
349
349
349
349
349
349
349
349
349
349
349
349
349
349
349
349
349
349
349
349
349
349
349
349
349
349
349
349
349
349
349
349
349
349
349
349
349
349
349
349
349
349
349
349
349
349
349
349
349
349
349
349
349
349
349
349
349
349
349
349
349
349
349
349
349
349
349
349
349
349
349
349
349
349
349
349
349
349
349
349
349
349
349
349
349
349
349
349
349
349
349
349
349
349
349
349
349
349
349
349
349
349
349
349
349
349
349
349
349
349
349
349
349
349
349
349
349
349
349
349
349
349
349
349
349
349
349
349
349
349
349
349
349
349
349
349
349
349
349
349
349
349
349
349
349
349
349
349
349
349
349
349
349
349
349
349
349
349
349
349
349
349
349
349
349
349
349
349
349
349
349
349
349
349
349
349
349
349
349
349
349
349
349
349
349
349
349
349
349
349
349
349
349
349
349
349
349
349
349
349
349
349
349
349
349
349
349
349
349
349
349
349
349
349
349
349
349
349
349
349
349
349
349
349
349
349
349
349
349
349
349
349
349
349
349
349
349
349
349
349
349
349
349
349
349
349
349
349
349
349
349
349
349
349
349
349
349
349
349
349
349
349
349
349
349
349
349
349
349
349
349
349
349
349
349
349
349
349
658
658
658
658
349
663
663
663
349
667
667
667
667
667
349
673
673
673
673
673
673
673
673
673
349
683
683
683
683
349
688
688
688
688
688
688
688
688
688
688
688
688
688
688
688
688
688
688
688
688
688
688
688
688
688
688
688
688
713
717
713
719
713
721
713
723
713
725
713
727
713
729
713
731
713
733
556
559
653
653
553
554
741
242
742
742
1
745
745
745
745
745
745
745
745
745
745
745
745
745
745
745
745
745
745
745
745
745
745
745
745
745
745
745
745
745
745
745
745
745
745
745
745
745
745
745
784
784
784
784
784
784
784
745
792
792
792
792
792
792
792
792
792
745
802
802
802
802
802
802
802
802
802
802
802
802
802
802
802
745
818
818
818
818
818
818
818
818
818
818
818
818
818
818
818
818
818
818
818
818
818
818
818
818
745
843
843
843
843
843
843
745
850
850
850
850
850
773
774
773
773
860
861
861
861
861
861
861
861
861
861
861
861
861
861
861
861
861
861
876
880
881
881
881
881
881
881
881
881
881
881
881
881
881
881
881
881
881
881
881
881
881
881
881
881
881
881
881
881
881
881
881
881
881
881
881
881
881
881
881
881
881
881
881
881
881
881
881
881
881
881
881
881
881
881
881
881
881
881
881
881
881
881
881
881
881
881
881
881
881
881
881
881
881
881
881
881
881
881
881
881
881
881
881
881
881
881
881
881
881
881
881
881
881
881
881
881
881
881
881
881
881
881
881
881
881
881
881
881
881
881
881
881
881
881
881
881
881
881
881
881
881
881
881
881
881
881
881
881
881
881
881
881
881
881
881
881
881
881
881
881
881
881
881
881
881
881
881
881
881
881
881
881
881
881
881
881
881
881
881
881
881
881
881
881
881
881
881
881
881
881
881
881
881
881
881
881
881
881
881
881
881
881
881
881
881
881
881
881
881
881
881
881
881
881
881
881
881
881
881
881
881
881
881
881
881
881
881
881
881
881
881
881
881
881
881
881
881
881
881
881
881
881
881
881
881
881
881
881
881
881
881
881
881
881
881
881
881
881
881
881
881
881
881
881
881
881
881
881
881
881
881
881
881
881
881
881
881
881
881
881
881
881
881
881
881
881
881
881
881
881
881
881
881
881
881
881
881
881
881
881
881
881
881
881
881
881
881
881
881
881
881
881
881
881
881
881
881
881
881
881
881
881
881
881
880
1186
1186
1186
1186
1186
1186
1186
1186
1186
1186
1186
1186
1186
1186
1186
1186
1186
1186
1186
1186
1186
1186
1186
1186
1186
1186
1186
1186
1186
1186
1186
1186
1186
1186
1186
1186
1186
1186
1186
1186
1186
1186
1186
1186
1186
1186
1186
1186
1186
1186
1186
1186
1186
1186
1186
1186
1186
1186
1186
1186
1186
1186
1186
1186
1186
1186
1186
1186
1186
1186
1186
1186
1186
1186
1186
1186
1186
1186
1186
1186
1186
1186
1186
1186
1186
1186
1186
1186
1186
1186
1186
1186
1186
1186
1186
1186
1186
1186
1186
1186
1186
1186
1186
1186
1186
1186
1186
1186
1186
1186
1186
1186
1186
1186
1186
1186
1186
1186
1186
1186
1186
1186
1186
1186
1186
1186
1186
1186
1186
1186
1186
1186
1186
1186
1186
1186
1186
1186
1186
1186
1186
1186
1186
1186
1186
1186
1186
1186
1186
1186
1186
1186
1186
1186
1186
1186
1186
1186
1186
1186
1186
1186
1186
1186
1186
1186
1186
243
536
65
757
757
757
757
757
757
757
757
757
757
757
757
757
757
757
757
757
757
757
757
757
757
757
764
764
764
764
764
764
764
764
764
764
764
764
764
648
648
648
648
561
567
567
567
567
567
550
550
263
263
263
263
263
537
537
323
323
323
323
323
323
323
323
323
323
104
104
104
7
7
311
311
311
651
651
651
651
651
43
43
43
43
43
43
43
43
43
43
43
91
1137
138
138
138
138
138
138
138
138
138
138
138
138
138
138
138
138
138
138
138
138
138
138
138
138
138
81
159
159
159
159
159
159
159
464
464
464
464
464
464
464
464
464
464
464
464
464
464
464
464
464
464
464
464
464
464
464
464
464
464
464
464
464
464
464
464
464
464
464
464
464
464
464
464
464
464
464
464
464
464
464
464
464
464
464
464
464
464
464
464
464
464
464
464
464
464
464
464
464
464
464
464
464
464
464
464
464
464
464
464
464
464
464
464
464
464
464
464
464
464
464
464
464
464
464
464
464
464
464
464
464
15
15
503
264
494
494
494
1184
504
77
217
217
217
217
585
585
585
585
585
218
218
218
218
218
218
218
218
218
549
549
553
553
553
553
553
773
773
773
773
773
773
773
773
773
773
773
773
773
773
773
773
773
773
773
773
773
773
1140
1161
64
64
239
211
211
211
211
211
211
211
211
211
609
609
609
609
609
609
609
609
609
609
609
609
609
609
609
609
1181
547
573
573
573
106
566
566
1168
619
619
95
95
95
480
197
197
162
162
162
524
524
713
713
713
713
662
662
1151
303
303
303
70
70
527
625
625
625
625
625
257
1175
67
67
771
771
771
771
771
771
771
771
771
771
771
771
771
771
771
771
771
771
771
771
771
1172
769
769
769
769
769
769
769
769
769
769
769
769
769
769
769
769
769
769
769
769
769
769
769
634
634
634
581
581
1174
66
876
876
479
840
840
840
840
840
840
840
840
840
840
840
840
840
840
469
469
834
834
834
1169
653
653
653
653
653
653
653
565
505
505
505
832
832
832
832
832
832
832
832
832
832
832
832
832
832
153
153
153
153
153
153
153
153
153
133
133
133
135
135
134
134
134
134
134
134
134
134
134
533
586
206
6
6
1139
78
78
78
78
78
78
196
196
196
196
196
196
196
196
196
196
196
196
196
196
196
196
196
196
196
196
196
196
196
196
1351
198
198
478
1157
1157
873
873
255
255
255
255
589
463
492
631
631
631
1141
62
94
839
839
839
839
839
839
839
839
839
839
839
839
839
839
552
552
552
552
552
552
53
501
1185
1185
1171
817
817
817
817
817
817
817
817
817
817
817
817
817
817
68
583
1164
90
72
72
219
782
782
782
782
782
782
782
782
782
782
782
782
782
782
782
782
782
782
782
782
782
782
782
782
782
782
782
782
782
1176
109
849
849
836
836
836
836
836
836
836
836
836
836
836
836
836
11
11
202
202
202
202
202
202
320
1170
50
869
869
869
869
869
158
158
158
158
158
158
158
158
158
158
538
595
595
665
210
210
210
210
210
210
210
210
210
210
210
210
293
293
293
293
293
293
293
293
293
637
637
637
637
637
637
637
637
637
637
637
637
637
637
637
637
637
637
637
637
637
1178
46
46
46
46
46
46
500
256
256
256
141
141
141
141
141
559
559
559
656
656
656
156
156
156
156
156
156
156
846
846
590
590
590
590
590
590
590
590
590
590
45
45
45
45
45
45
45
45
45
45
45
45
45
45
45
45
557
557
557
605
605
155
155
204
204
526
107
535
535
535
105
835
835
835
835
835
835
835
835
835
835
835
835
835
835
205
490
517
517
517
610
610
610
610
610
610
610
610
610
1166
96
96
630
630
630
630
630
630
630
847
847
1162
594
546
546
546
546
489
655
758
758
758
758
758
758
758
499
499
499
499
499
499
499
209
209
209
209
209
209
209
209
209
209
209
209
209
209
209
69
59
271
271
322
322
322
322
322
322
322
322
322
322
322
322
322
872
872
872
1158
544
779
779
779
252
252
252
252
252
252
252
252
252
252
270
601
1134
639
650
650
650
650
650
650
650
666
633
633
633
780
780
780
780
1135
551
551
551
551
551
551
44
44
44
44
44
44
44
44
44
44
607
607
607
607
607
607
261
261
261
261
261
261
261
261
261
261
261
283
283
283
591
870
870
621
621
1173
768
768
768
768
768
768
768
768
768
768
768
768
768
768
768
768
768
768
768
768
768
768
768
768
101
101
163
163
200
200
200
200
200
200
200
93
558
1142
584
584
584
584
584
1152
102
614
614
614
614
614
614
614
772
772
772
772
772
772
772
772
772
772
772
772
772
772
772
772
772
772
772
772
772
772
774
774
774
774
774
774
774
774
774
774
774
774
774
774
774
774
774
774
774
774
774
774
774
774
774
774
774
774
774
774
774
774
774
1353
604
604
604
604
604
604
604
604
604
604
604
604
604
604
604
604
604
604
604
604
604
604
604
604
604
604
604
604
604
604
604
604
604
604
604
604
604
604
604
604
604
604
604
604
604
777
777
777
777
568
635
635
157
157
157
212
212
212
212
212
212
212
212
212
212
763
763
763
763
763
763
763
763
763
763
763
763
763
763
763
763
763
763
763
763
763
18
1145
611
611
611
611
611
611
611
1154
661
661
55
55
514
514
514
514
514
514
514
1147
623
623
623
623
623
623
623
646
646
646
646
646
646
646
646
1143
1159
597
597
597
597
231
231
231
231
231
231
231
231
530
1352
580
580
580
580
580
580
580
580
89
89
89
89
321
321
321
321
321
321
321
321
321
321
321
321
321
781
781
781
781
781
241
1148
304
304
304
304
304
304
304
282
282
282
282
282
282
766
766
766
766
766
766
766
766
766
766
766
766
766
766
98
98
92
216
216
216
216
216
216
599
599
599
599
599
1165
111
111
111
1150
1155
770
770
770
770
770
770
770
770
770
770
770
770
770
770
313
313
313
313
617
617
617
617
616
616
616
616
645
645
645
645
645
645
645
576
576
576
576
576
563
622
622
513
513
513
513
513
513
513
513
513
513
513
513
513
513
513
513
513
513
513
513
513
513
776
776
776
139
139
139
139
649
649
649
649
1183
598
598
598
598
598
598
598
598
598
598
598
598
578
213
213
213
1153
657
657
466
466
52
52
545
545
545
238
238
528
1138
221
221
221
540
540
515
515
515
515
493
493
493
471
471
108
841
841
841
841
841
841
841
841
841
841
841
841
841
841
841
841
837
837
837
58
14
14
324
324
324
324
324
324
324
324
324
324
767
767
767
767
767
767
767
767
767
626
626
626
642
642
642
642
642
642
642
642
642
642
642
642
642
223
223
593
603
603
868
868
868
868
462
556
556
325
325
325
325
325
325
325
325
325
325
325
1177
496
638
87
87
87
87
87
87
208
208
208
82
79
541
541
541
541
543
543
1160
534
262
262
262
112
112
112
112
112
112
542
718
718
222
222
222
267
267
305
305
305
305
305
100
100
48
523
523
523
574
574
574
574
1146
207
207
207
207
207
207
63
63
63
132
132
154
154
154
154
154
461
470
470
555
555
555
714
714
714
714
714
714
714
714
714
714
714
714
714
714
714
714
714
714
714
778
778
778
778
644
644
644
644
644
644
644
80
579
579
596
596
596
596
596
596
596
596
596
332
652
652
652
564
647
647
647
687
88
615
615
615
615
615
615
615
615
615
615
615
627
627
230
569
877
877
258
258
258
258
258
258
258
258
258
258
532
532
13
13
783
577
577
577
577
577
577
577
577
577
577
577
577
577
833
833
833
833
833
833
833
833
833
833
833
833
833
833
833
833
833
629
629
629
629
629
629
1163
97
529
643
643
643
643
643
643
582
582
582
715
715
715
512
51
1156
1156
16
16
854
854
854
203
203
203
620
620
628
628
1182
744
475
57
83
592
592
592
848
848
848
765
765
765
765
765
765
765
765
765
686
686
1180
1350
99
472
575
571
606
606
606
606
606
606
606
606
606
240
259
516
516
636
636
636
636
636
636
636
636
636
636
636
636
636
636
636
636
636
636
54
54
314
60
49
136
281
281
281
281
281
281
281
855
855
613
613
613
613
613
613
613
61
61
160
160
572
572
572
640
842
842
842
842
842
842
842
842
842
842
842
842
842
548
42
716
716
632
632
632
632
56
56
294
294
294
294
294
294
618
137
137
137
137
137
137
137
85
85
76
86
602
602
75
75
654
654
654
654
654
654
654
654
654
654
654
654
654
654
654
654
654
654
1167
333
562
562
562
562
562
110
761
761
761
761
761
761
761
761
761
761
761
761
761
761
612
612
612
612
612
612
612
612
612
269
269
269
539
775
775
775
775
775
775
775
775
775
775
775
775
775
775
775
775
775
220
220
220
220
220
220
220
570
570
570
570
570
570
570
570
570
570
570
570
570
570
570
570
570
570
570
570
570
570
570
570
570
570
214
214
214
214
214
295
295
531
312
312
312
312
312
312
260
608
608
608
608
608
608
491
491
624
624
73
73
73
73
73
73
74
74
74
74
74
74
74
74
280
280
280
280
280
280
280
280
280
280
1136
522
600
600
600
600
600
600
600
600
600
600
600
600
600
600
600
600
600
113
762
762
762
762
762
762
762
762
762
762
762
762
1149
473
641
641
641
641
641
641
641
641
641
641
641
641
641
641
554
554
554
554
554
1179
838
838
838
838
838
838
838
838
838
838
838
838
838
838
838
838
103
484
484
484
484
484
484
484
484
484
484
84
588
588
588
588
588
587
587
587
587
587
587
1144
4
4
819
746
274
690
690
23
317
455
275
823
825
826
3
862
353
751
245
299
5
749
756
287
286
170
192
273
244
827
125
1332
750
118
119
879
879
120
121
121
121
122
315
166
168
739
739
739
739
740
740
740
740
858
858
741
741
741
741
859
859
19
19
735
856
856
856
856
856
856
736
736
736
736
857
857
857
857
116
737
738
