2
3
4
5
6
7
8
9
10
11
12
13
14
15
16
17
18
19
20
21
22
23
24
25
26
27
28
29
30
31
32
33
34
35
36
37
38
39
40
41
42
43
44
45
46
47
48
49
50
51
52
53
54
55
56
57
58
59
60
61
62
63
64
65
66
67
68
69
70
71
72
73
74
75
77
79
81
82
83
84
85
86
87
88
89
90
91
92
93
94
95
96
97
98
99
100
101
102
103
104
105
106
107
108
109
110
35
61
31
60
58
61
65
64
102
18
17
2
2
61
56
88
60
58
11
89
2
11
102
2
11
102
2
11
102
60
67
16
65
2
5
2
2
89
2
88
5
56
88
93
31
63
62
11
102
2
96
45
3
97
2
5
11
102
2
61
31
61
95
88
93
60
56
95
88
45
11
102
2
2
61
63
62
89
88
61
2
2
11
102
2
9
5
3
2
2
33
89
2
88
2
