1
2
2
2
2
2
2
2
2
2
2
2
2
2
2
2
2
2
2
2
2
2
2
2
2
2
2
2
2
2
2
2
2
2
2
2
2
2
2
2
2
2
2
2
2
2
48
49
50
50
50
50
55
56
56
56
56
56
56
56
56
56
56
56
56
56
56
56
56
56
56
56
56
56
56
68
79
79
79
68
83
85
86
87
87
87
87
87
87
87
87
87
87
87
87
87
87
102
103
104
104
104
104
104
104
104
104
104
104
104
112
117
115
119
120
121
121
121
125
126
126
126
126
126
126
126
126
126
126
126
126
126
126
126
126
126
126
126
126
126
126
126
126
126
126
126
126
126
126
126
126
126
126
126
126
126
126
126
126
126
126
126
126
126
126
126
126
126
126
126
126
126
126
126
126
126
126
126
126
126
126
126
126
126
126
126
126
126
126
126
126
126
126
126
126
126
126
126
126
126
126
168
209
209
200
206
213
213
213
207
217
217
126
220
220
220
220
220
220
220
220
126
229
229
229
229
229
126
235
235
235
235
235
235
235
235
235
235
235
235
235
235
235
235
235
235
235
126
255
255
255
255
255
255
200
263
264
264
264
268
11
11
11
11
11
29
164
164
172
172
172
21
203
186
186
186
201
201
210
210
210
210
210
210
189
189
189
234
234
111
111
111
74
74
181
181
181
197
197
76
76
76
76
9
9
9
9
9
9
9
9
9
198
198
198
198
198
208
208
208
208
208
208
208
208
208
63
63
63
171
171
171
225
225
225
16
16
16
16
7
7
7
7
7
7
7
7
7
174
174
174
17
17
17
8
8
8
8
8
8
8
8
8
39
178
178
178
94
101
65
65
179
179
179
190
190
190
200
200
114
114
175
175
175
163
163
163
163
163
163
163
163
163
163
163
163
163
163
163
163
163
163
202
202
32
32
71
71
71
71
227
227
227
169
169
169
169
169
180
180
180
70
70
70
70
36
34
34
34
64
41
41
40
176
176
176
207
207
207
207
207
207
10
10
10
10
10
10
10
10
10
10
10
10
10
10
10
10
10
10
30
38
38
15
167
167
192
192
192
192
192
192
192
192
192
192
192
192
192
192
226
226
226
226
226
226
226
188
188
188
112
112
77
77
122
233
233
233
233
20
205
187
187
187
183
183
183
22
22
22
22
195
195
195
195
195
195
195
195
195
97
97
68
68
68
68
95
173
173
173
27
170
170
170
170
170
12
12
12
12
12
12
12
12
12
37
177
177
177
115
115
115
51
75
75
75
75
72
72
72
72
98
98
98
98
199
199
199
168
168
168
168
168
168
168
168
168
182
182
182
5
66
162
165
165
4
4
228
228
232
232
73
73
73
73
204
204
69
69
13
224
224
224
185
185
185
43
43
14
14
19
19
62
206
206
206
206
196
196
196
196
196
196
196
196
194
194
194
194
194
194
194
194
194
194
194
194
194
194
18
18
18
191
191
191
191
191
191
191
191
191
191
191
191
191
191
191
191
35
35
184
184
184
193
193
193
193
193
193
193
193
193
193
193
193
193
193
193
110
166
166
148
148
222
223
151
116
116
262
