1
2
2
2
2
6
6
6
6
6
6
6
6
6
6
6
6
6
5
5
5
5
5
5
5
27
28
28
28
28
28
28
28
28
28
28
28
28
28
28
28
28
28
28
28
28
28
28
28
28
44
53
53
53
28
57
57
57
40
41
40
41
40
40
40
40
69
70
70
70
70
70
70
70
70
70
70
70
70
70
70
70
70
70
70
70
70
70
70
70
96
97
48
48
48
48
48
48
78
46
46
38
83
83
83
75
5
5
5
17
73
73
85
16
16
16
16
16
34
39
50
37
37
37
74
47
84
84
84
86
86
86
86
86
86
15
44
87
87
87
87
87
12
36
35
35
35
80
80
42
42
3
3
76
76
90
40
40
40
40
40
40
40
40
40
49
49
81
81
51
77
77
79
13
89
88
88
82
82
43
29
65
24
24
66
96
25
25
67
97
68
