1
2
2
2
2
2
2
2
2
8
11
9
9
15
16
16
16
16
16
16
16
16
16
16
16
16
16
16
16
16
16
16
16
28
37
38
38
38
38
38
38
38
38
38
38
38
38
38
38
38
38
38
38
38
38
38
38
38
38
38
38
38
38
37
67
67
67
67
67
67
67
67
67
67
67
67
67
67
62
83
84
84
84
84
84
84
84
84
84
84
84
84
84
91
98
96
100
102
104
96
106
107
107
107
107
107
107
107
107
107
107
107
107
107
107
116
122
116
124
118
126
119
128
135
116
119
119
139
116
116
125
116
116
120
119
147
148
148
148
148
148
148
148
148
148
148
148
148
148
148
161
161
165
166
166
166
166
166
166
166
166
166
166
166
166
166
166
166
166
166
166
166
166
166
166
166
166
166
166
166
166
166
166
166
166
166
166
166
166
166
166
166
166
166
166
166
166
166
166
166
166
166
166
166
166
166
166
166
166
166
166
166
166
166
166
166
166
166
166
166
166
166
166
166
166
166
166
166
166
166
166
166
166
166
166
166
166
166
166
166
166
166
166
166
166
166
166
166
214
262
214
264
214
266
214
268
214
270
214
272
214
274
214
276
238
278
219
12
119
119
119
119
215
215
215
215
215
215
215
215
215
215
215
8
28
156
156
66
66
256
77
92
50
50
277
80
243
6
6
35
279
91
91
91
91
91
91
91
91
91
91
91
91
91
91
91
91
261
223
53
53
161
30
237
237
62
62
62
89
157
255
219
219
249
222
222
222
222
222
235
235
235
235
235
235
235
235
235
235
235
235
235
235
235
235
235
59
59
59
59
59
59
59
250
224
74
218
218
218
218
251
251
155
155
160
160
160
160
160
246
230
54
54
27
27
27
93
93
229
226
234
238
238
238
238
238
238
238
238
238
238
238
238
238
88
88
60
60
60
60
60
60
60
60
60
236
236
236
236
65
65
76
212
260
227
97
241
216
242
242
213
9
9
9
9
9
217
158
158
158
158
158
158
257
257
225
225
10
118
118
118
118
233
233
33
57
57
220
220
232
232
52
52
52
117
25
25
25
25
79
94
94
94
231
211
58
58
58
58
58
29
29
29
240
254
48
48
228
34
120
120
120
259
47
47
47
47
47
32
159
125
55
258
258
63
63
63
61
61
61
61
61
61
61
72
72
72
72
244
49
49
162
162
162
162
162
162
162
95
95
95
248
73
210
210
210
210
210
210
210
210
210
210
210
210
210
210
210
210
210
210
210
210
210
210
210
210
210
210
210
210
210
210
210
210
210
210
75
78
239
239
239
239
239
239
239
239
239
239
239
24
56
56
56
56
56
56
56
56
23
253
253
51
51
51
51
51
51
51
51
51
51
64
64
116
116
116
116
116
116
116
116
116
116
247
252
96
96
101
214
214
214
214
214
214
214
214
214
214
214
214
214
214
214
214
214
214
214
214
214
214
214
214
214
214
31
81
81
81
81
22
245
21
26
221
221
178
179
208
86
45
111
111
111
151
5
185
138
140
140
141
141
143
144
280
13
13
13
14
14
14
14
163
163
163
164
164
164
136
136
136
105
105
137
