1
2
2
2
2
6
6
6
6
6
6
6
6
6
6
6
6
6
1
20
20
20
6
6
6
6
6
6
6
6
6
33
34
34
34
34
34
34
34
34
34
34
34
34
34
34
34
34
34
34
34
34
34
34
34
34
34
34
34
34
34
34
34
34
66
66
66
66
48
48
56
56
56
49
49
49
6
6
62
62
62
23
46
46
54
54
53
53
58
43
45
45
45
5
5
57
57
57
61
61
48
48
48
50
50
50
41
41
64
64
44
44
44
47
47
47
70
40
22
55
55
51
51
63
63
65
65
42
42
42
42
59
59
59
52
52
60
60
39
7
13
72
32
16
18
