2
3
4
5
6
7
8
9
10
11
12
13
14
15
16
17
18
19
5
21
22
23
24
25
26
27
28
29
30
31
32
33
34
35
36
37
38
39
40
41
42
43
44
45
46
47
48
49
50
51
52
53
54
55
56
57
58
59
60
61
62
63
64
65
66
67
68
69
70
71
72
73
74
75
76
77
78
79
80
81
82
83
84
85
86
87
88
89
90
91
92
93
94
95
96
97
98
99
100
101
102
103
104
105
106
107
108
109
110
111
112
113
114
115
116
117
118
119
120
121
122
123
124
125
126
127
128
129
130
131
132
133
134
135
136
137
138
139
140
141
142
143
144
145
146
147
148
149
150
151
152
25
154
155
156
157
158
159
160
161
162
163
164
165
166
167
168
169
170
171
172
173
174
175
176
177
178
179
180
181
182
183
184
185
186
187
188
189
190
191
192
193
194
195
196
197
198
199
200
201
202
203
204
205
206
207
208
209
210
211
212
213
214
215
216
217
163
219
220
221
222
223
224
225
226
227
228
229
230
231
232
233
234
235
236
237
238
239
240
241
242
243
244
245
246
247
248
249
250
251
252
253
254
255
256
257
258
259
260
261
262
263
264
265
266
267
268
269
270
271
272
273
274
275
276
277
278
279
280
281
282
283
284
285
286
287
288
289
290
291
292
293
294
295
296
297
298
299
300
301
302
303
304
305
306
307
308
309
310
311
312
313
314
315
316
317
318
319
320
321
322
323
324
325
326
327
328
329
330
331
332
333
334
335
336
337
338
339
340
341
342
343
344
345
346
347
348
349
350
351
352
353
354
355
356
357
323
359
360
361
362
363
364
365
366
367
368
369
370
371
372
373
374
375
376
377
378
379
380
381
382
383
384
385
386
387
388
389
390
391
392
393
394
395
396
397
398
399
400
401
402
403
404
405
406
407
408
409
410
411
412
413
414
415
416
417
418
419
420
421
422
423
424
425
426
427
428
429
430
431
432
419
434
435
436
437
438
439
440
441
442
443
444
445
446
447
448
449
450
451
452
453
454
455
456
457
458
459
460
461
462
463
464
465
466
467
468
469
470
471
472
473
474
475
476
477
478
479
480
481
482
483
484
485
486
487
488
489
490
491
492
493
494
495
496
497
498
499
500
501
502
503
504
505
506
507
508
509
510
511
512
513
514
515
516
517
518
519
520
521
522
523
524
525
526
527
528
529
530
531
532
533
534
535
536
537
538
539
540
541
542
543
544
545
546
547
548
549
550
551
552
553
554
555
556
557
558
559
560
561
562
563
564
565
566
567
568
569
570
571
572
573
574
575
576
577
440
415
415
381
415
381
396
388
386
511
510
385
398
387
439
487
360
416
381
381
311
190
23
24
25
21
311
190
23
24
25
21
311
190
23
24
25
21
163
23
24
25
28
22
26
332
375
361
366
360
381
203
154
291
285
293
577
576
219
393
385
436
439
311
293
291
285
286
293
282
416
428
292
294
311
190
23
24
25
21
219
299
287
311
23
21
311
190
23
24
25
21
381
379
163
323
23
24
25
28
22
26
282
204
314
197
200
172
161
159
154
311
190
23
24
25
21
21
269
258
381
219
292
258
311
190
23
24
25
21
274
219
388
526
392
385
439
512
416
251
255
220
381
409
311
23
21
388
400
401
390
385
439
371
372
5
432
416
403
437
314
201
184
161
159
293
154
311
293
311
23
21
24
21
381
293
386
444
510
385
387
437
439
487
200
161
21
311
190
23
24
25
21
400
401
389
402
390
385
439
381
346
374
372
5
311
190
23
24
25
21
525
252
220
311
23
24
563
368
294
293
311
190
23
24
25
21
311
190
23
24
25
21
311
190
23
24
25
21
291
292
294
293
359
389
390
385
439
399
439
380
163
323
23
24
25
22
27
282
311
23
21
311
190
23
24
25
21
385
537
439
528
311
293
316
332
430
363
366
381
21
428
377
292
294
311
23
24
412
413
320
23
28
22
192
311
23
24
25
22
311
23
21
27
332
366
362
564
385
439
552
314
165
161
159
154
311
190
23
24
25
21
381
346
348
347
344
345
282
311
293
369
5
24
219
4
345
311
190
23
24
25
21
311
190
23
24
25
21
190
24
25
21
21
311
190
23
24
25
21
371
369
438
437
440
439
435
311
288
293
160
161
159
282
388
436
439
271
382
264
259
381
219
311
190
23
24
25
21
416
400
439
388
400
550
395
401
392
394
385
439
539
274
383
332
161
159
360
154
381
293
311
23
24
31
293
373
372
5
332
366
381
381
203
154
311
23
21
311
190
23
24
25
21
219
381
384
383
372
437
440
219
341
507
165
161
311
293
269
279
274
381
563
21
311
190
23
24
25
21
161
154
293
190
24
25
21
383
404
438
437
21
259
428
377
292
294
525
507
508
5
4
3
197
200
199
161
154
292
293
348
292
311
190
23
24
25
21
388
400
550
401
402
385
399
439
539
311
23
24
21
311
190
23
24
25
21
388
390
439
402
439
292
21
21
373
388
369
372
5
381
366
282
311
23
21
293
165
161
383
404
438
437
379
323
23
24
25
28
22
26
311
23
21
446
483
190
24
25
21
198
383
197
161
159
293
154
381
24
21
160
381
219
381
314
376
332
375
377
366
360
381
203
154
311
190
23
24
25
21
311
190
23
24
25
21
332
366
277
250
270
259
273
219
192
311
23
24
25
219
409
311
293
326
311
23
26
27
311
190
23
24
25
21
198
197
161
388
391
386
385
537
387
437
439
528
374
5
380
163
323
23
24
25
28
22
27
282
219
311
190
23
24
25
21
192
311
23
24
25
311
190
23
24
25
21
332
366
360
388
386
397
511
510
385
399
387
439
487
160
387
311
23
21
311
190
23
24
25
21
388
564
386
394
385
387
437
439
552
536
272
259
219
219
200
161
314
376
332
375
377
361
366
360
311
190
23
24
25
21
253
220
219
311
190
23
24
25
21
388
390
385
439
536
286
282
388
510
385
398
439
487
438
311
23
24
21
21
373
5
21
311
190
23
24
25
21
311
23
24
31
293
311
190
23
24
25
21
344
282
432
416
405
439
311
23
24
311
190
23
24
25
21
21
21
311
190
23
24
25
21
311
23
21
190
24
25
21
190
24
25
21
374
380
371
394
402
385
372
5
381
311
190
23
24
25
21
161
381
392
439
428
316
323
311
299
23
31
26
293
282
311
23
21
381
190
24
25
21
508
311
190
23
24
25
21
311
190
23
24
25
21
381
332
375
361
366
360
381
203
154
167
191
170
435
154
311
293
383
311
370
377
294
381
192
311
23
24
25
22
204
388
550
394
383
385
438
439
539
332
366
365
154
203
154
311
23
21
305
200
161
311
299
293
388
391
526
385
439
512
428
430
377
364
366
154
154
311
23
21
220
395
385
436
439
311
190
23
24
25
21
253
220
219
381
200
161
165
161
314
197
200
199
161
159
154
381
219
190
24
25
21
386
385
387
437
439
483
410
161
159
154
409
311
190
23
24
25
21
190
24
25
21
161
432
416
380
405
439
440
198
383
197
161
159
293
154
381
311
190
23
24
25
21
269
274
381
219
192
311
23
24
25
22
381
381
388
550
395
394
385
439
539
343
343
293
219
347
381
311
23
24
22
256
220
254
220
294
359
381
383
370
5
381
220
311
23
21
161
311
23
21
311
23
21
178
154
549
190
24
25
21
314
198
197
200
199
161
159
154
389
436
439
165
161
381
381
381
311
23
24
31
293
21
21
219
381
311
23
24
31
293
311
190
23
24
25
21
219
380
163
323
23
24
25
22
27
381
311
23
21
293
282
311
23
21
311
190
23
24
25
21
373
371
394
402
385
372
5
381
269
268
258
381
311
23
21
311
23
21
311
293
176
200
195
173
311
190
23
24
25
21
398
439
196
195
194
158
161
157
412
413
154
411
219
311
23
24
202
193
161
311
288
293
346
348
347
344
345
371
372
5
24
21
180
161
154
388
526
392
393
385
439
512
161
549
197
200
199
161
154
197
199
161
311
23
21
383
369
5
381
381
291
284
389
385
436
439
192
311
23
24
25
22
311
190
23
24
25
21
381
282
154
282
359
356
356
411
381
359
411
381
359
282
219
154
381
282
154
