1
2
2
2
2
2
2
2
2
2
2
2
16
16
17
18
19
19
19
19
19
19
19
23
27
23
32
33
33
33
33
33
33
33
37
41
23
46
47
47
47
47
47
47
47
54
55
57
58
59
52
1
61
61
63
62
46
66
66
66
66
66
66
66
66
66
66
66
66
66
66
66
66
66
66
66
66
66
66
66
66
66
66
66
66
66
66
66
66
66
99
66
101
66
103
66
105
66
107
66
109
109
66
112
112
112
112
112
112
120
121
122
122
122
122
122
122
122
122
122
122
122
122
122
122
122
122
122
122
122
122
122
122
122
122
122
122
122
122
122
122
136
46
155
155
155
155
155
155
155
164
1
165
165
165
165
165
165
165
165
165
165
165
165
165
165
165
170
181
174
183
136
177
173
173
190
190
191
192
192
192
192
194
197
23
46
202
202
202
202
202
202
202
202
202
202
202
202
202
202
202
217
202
219
202
221
202
223
202
225
202
227
227
202
230
230
202
233
202
235
202
237
237
241
205
206
207
208
209
210
211
212
214
213
215
178
213
213
213
89
89
89
89
88
88
88
88
92
92
211
211
211
204
204
204
214
214
214
231
209
209
209
117
117
28
28
82
82
82
82
82
229
171
162
162
162
162
162
81
81
81
81
81
118
118
228
42
42
143
129
133
79
79
79
79
79
179
51
38
38
115
12
12
12
12
12
116
180
180
180
182
98
98
98
98
98
98
52
52
50
198
198
95
95
95
95
131
90
90
90
90
238
83
83
83
83
83
208
208
208
26
26
39
39
130
87
87
87
87
220
134
84
84
84
84
84
84
172
173
173
173
173
173
91
91
91
91
136
136
136
114
86
86
86
86
161
161
113
132
96
96
96
96
96
80
80
80
80
125
13
13
13
13
13
215
215
215
97
97
97
97
97
224
94
94
94
94
94
239
210
210
210
49
49
49
25
25
24
24
212
212
212
40
40
126
160
160
160
93
93
93
93
205
205
205
196
196
175
177
206
206
206
207
207
207
85
85
85
85
140
78
78
78
78
37
37
194
194
159
73
9
7
8
74
169
75
23
23
72
5
5
76
76
6
4
153
153
186
187
188
189
189
250
250
250
251
251
251
252
252
17
17
17
17
17
31
45
164
201
57
57
58
60
60
242
242
242
243
243
243
244
244
244
245
245
245
246
246
246
247
247
247
248
248
248
249
249
249
