2
3
4
5
6
7
8
9
10
11
12
13
4
5
13
19
20
21
22
23
24
25
26
27
28
31
33
34
35
36
37
38
39
40
41
42
45
47
48
49
50
51
52
53
54
55
56
49
50
52
60
61
62
63
64
65
66
67
68
69
70
71
72
73
74
75
76
77
78
79
80
81
82
83
84
85
86
87
88
89
90
91
92
93
94
95
96
97
98
99
100
101
102
103
104
105
106
107
108
109
110
111
112
113
114
115
116
117
118
78
122
123
124
125
126
127
128
129
130
131
132
133
134
135
136
137
138
139
140
141
142
143
144
145
146
147
148
149
150
151
152
153
155
156
157
158
159
160
161
162
160
165
166
167
168
169
170
171
172
173
174
175
176
177
178
179
180
181
182
183
184
186
187
188
189
168
169
192
193
194
195
196
197
198
201
202
203
204
205
206
207
208
209
210
211
212
213
214
215
216
217
218
219
220
221
222
223
224
225
226
227
228
229
230
231
232
233
234
235
236
237
238
239
204
242
243
244
245
246
247
248
249
250
251
252
167
51
204
227
78
69
76
70
78
69
76
70
78
155
51
204
227
49
47
240
51
204
230
217
51
204
223
107
107
30
30
78
69
76
70
72
225
170
51
159
157
156
158
78
69
76
70
72
109
109
221
44
44
123
126
123
68
70
77
71
155
167
48
36
35
103
13
9
7
6
8
105
63
62
179
180
78
69
76
70
71
74
54
53
48
200
200
78
69
76
70
126
78
69
76
70
233
78
69
76
70
72
51
204
219
23
20
36
35
126
78
69
76
70
217
123
78
69
76
70
73
77
166
178
176
172
174
170
78
69
76
70
126
123
154
101
78
69
76
70
159
47
99
126
78
69
76
70
75
70
73
75
72
123
10
11
4
5
14
204
203
237
78
69
76
70
71
221
78
69
76
70
75
235
51
204
223
52
47
47
21
22
21
22
51
204
227
37
34
123
49
155
163
78
69
76
70
51
204
216
194
193
173
178
51
204
219
51
204
219
78
69
76
70
124
112
155
119
112
155
43
155
199
47
101
15
15
15
105
185
103
155
29
99
15
15
112
112
15
15
126
154
167
178
172
178
174
51
204
230
51
204
227
204
237
10
11
4
5
14
29
43
49
199
52
47
48
54
53
51
204
216
51
204
219
51
204
219
51
204
219
51
204
223
51
204
223
51
204
227
51
204
227
