2
3
4
5
6
7
8
9
10
11
12
14
15
16
17
18
19
20
21
22
23
24
25
19
28
29
30
31
32
33
34
35
36
37
38
39
40
41
42
43
44
45
46
47
48
49
50
51
52
53
54
55
56
57
58
59
60
61
62
63
64
65
66
67
68
69
36
36
18
15
31
28
36
29
30
31
61
66
46
15
60
55
54
49
8
7
3
23
15
55
48
45
58
57
56
15
41
58
57
56
60
55
23
15
49
44
41
40
37
38
39
29
31
30
42
46
45
36
55
49
41
45
15
48
45
54
49
28
51
52
50
51
52
50
42
15
36
