2
3
4
5
6
7
8
9
10
11
12
13
14
15
16
17
18
19
20
21
22
23
24
25
26
27
28
29
30
31
32
33
34
35
36
37
38
39
40
41
42
24
25
26
34
46
47
48
49
50
51
52
53
54
55
56
57
58
59
60
61
62
63
64
65
66
67
68
69
70
71
72
73
74
75
76
77
78
79
80
81
82
83
84
85
86
87
88
89
90
91
92
93
94
95
96
97
98
99
100
101
102
103
104
105
106
107
108
109
110
111
112
113
114
115
116
117
118
119
120
121
122
123
124
125
126
127
128
129
130
131
132
133
134
135
136
137
138
139
140
141
142
143
144
145
146
147
148
149
150
151
152
153
154
155
156
157
158
159
160
161
162
163
164
165
166
167
168
169
170
171
172
173
174
175
176
177
178
179
180
181
182
183
184
185
186
187
188
189
190
191
192
193
194
195
196
197
198
199
200
201
202
203
204
205
206
207
208
209
210
211
212
213
214
215
216
217
218
219
220
221
222
223
224
225
226
227
228
165
230
231
232
233
234
235
236
237
238
239
240
241
242
243
244
245
246
247
248
249
250
251
252
253
254
255
256
257
258
259
260
261
262
263
264
265
266
267
268
269
270
271
272
273
274
275
276
277
278
279
280
281
282
283
284
285
286
287
288
289
290
291
292
293
294
295
296
297
298
299
255
211
205
157
135
140
139
141
46
84
86
88
87
85
2
147
146
148
149
150
294
149
49
255
204
196
201
199
197
285
281
283
284
279
291
10
9
11
157
144
144
230
113
112
230
70
69
84
86
88
87
85
195
149
175
39
50
8
51
46
230
265
230
146
149
145
77
78
40
50
8
51
46
184
147
148
230
11
51
206
282
52
50
49
48
51
10
51
21
19
5
22
6
4
20
18
23
2
2
68
46
144
144
198
201
196
199
200
197
111
79
77
138
141
78
80
63
115
116
118
117
114
46
281
280
177
230
236
36
2
230
17
62
76
46
62
68
112
46
84
86
88
87
85
83
74
73
31
30
231
268
267
269
230
19
18
11
51
34
211
223
267
32
31
30
104
106
41
8
83
2
83
166
168
149
230
50
49
48
51
83
83
292
147
149
7
46
2
46
50
107
234
62
125
235
243
63
233
231
74
75
76
73
230
46
157
144
144
204
10
9
11
2
26
24
25
208
70
259
71
134
260
263
69
72
141
133
63
115
116
118
117
114
230
46
255
50
80
46
162
147
146
149
148
230
144
2
2
294
51
2
62
132
140
139
131
256
141
257
46
255
294
293
292
193
192
207
21
20
120
119
46
48
146
148
265
271
266
278
50
105
102
39
84
8
86
88
87
85
83
296
285
281
282
283
280
284
279
206
207
205
209
9
51
187
132
140
139
141
257
230
46
255
10
51
157
144
144
10
5
9
6
4
11
2
2
2
270
268
265
266
269
234
62
235
243
121
63
233
231
65
66
68
67
113
115
116
118
117
114
230
46
147
146
148
184
147
148
230
34
32
36
31
30
46
17
46
255
204
205
105
230
10
9
11
2
261
46
255
149
10
9
11
2
52
210
209
208
225
184
181
147
148
230
72
46
11
51
230
57
2
46
281
149
150
65
66
299
293
22
23
226
103
107
40
84
8
86
88
87
85
83
10
51
112
226
84
86
88
87
85
184
147
148
230
57
41
8
46
2
46
52
50
49
48
51
2
10
5
9
4
11
162
217
211
206
207
210
205
208
230
230
144
144
144
9
51
234
233
152
287
270
268
265
271
267
266
230
230
76
46
123
124
46
32
31
30
9
51
261
138
72
262
46
255
205
171
157
106
157
80
46
10
9
11
84
86
88
87
85
46
46
149
149
2
5
6
4
2
230
109
109
95
95
38
38
153
2
291
225
173
278
2
34
10
9
11
68
34
26
24
25
76
