1
2
2
2
2
2
2
2
5
10
7
12
6
6
1
16
16
16
16
16
16
16
16
16
16
16
16
16
16
16
16
16
16
16
16
16
16
16
16
16
16
16
16
16
16
16
16
16
16
16
16
16
16
16
16
16
16
16
16
16
16
16
16
16
16
16
16
16
16
16
16
16
16
16
16
16
16
16
16
16
16
16
16
16
16
16
16
16
16
16
16
16
16
16
16
16
16
16
16
16
16
16
104
105
106
107
108
108
40
40
64
48
48
55
55
74
30
49
87
87
33
33
33
33
76
98
98
98
73
102
102
59
59
59
52
52
95
95
47
86
86
71
71
71
28
28
28
84
84
88
97
97
37
37
37
37
60
60
60
92
92
25
25
25
69
83
83
99
99
63
80
80
66
50
50
82
32
32
32
32
39
39
67
61
85
85
62
38
38
54
54
103
103
45
45
43
81
81
75
53
79
79
89
31
31
31
31
27
27
24
24
24
57
57
57
65
100
100
34
34
34
34
51
51
90
90
94
94
41
41
41
42
42
96
96
101
101
93
93
68
58
91
91
44
35
35
35
