2
3
4
5
6
7
8
9
10
11
12
13
14
15
16
17
18
19
20
21
22
23
24
25
26
27
28
29
30
31
32
33
34
35
36
37
38
39
40
41
42
43
44
45
46
47
48
49
50
51
52
53
54
55
56
57
58
59
60
61
62
63
64
65
66
67
68
69
70
71
72
73
74
75
76
77
78
79
80
81
82
83
84
85
86
87
88
89
90
91
92
93
94
95
96
97
98
99
100
101
102
103
101
102
103
108
109
110
24
25
24
46
17
46
17
24
21
46
24
25
24
25
29
30
24
24
25
26
24
24
25
24
25
56
46
17
24
25
46
24
25
24
25
36
24
25
26
24
25
24
24
25
24
25
36
26
24
25
56
24
25
21
20
18
65
24
25
24
25
56
24
25
65
46
17
24
24
25
29
30
24
25
65
56
24
25
56
24
25
46
17
24
25
24
25
24
24
25
24
46
24
25
24
24
25
29
30
24
25
19
20
18
24
25
56
24
24
25
24
25
29
30
46
17
24
18
24
25
24
25
26
24
25
24
25
24
25
24
25
65
56
24
18
24
24
25
30
