1
2
2
2
2
2
2
2
2
2
2
2
2
2
2
2
2
2
2
2
2
2
2
2
2
2
2
2
2
2
2
32
32
32
32
32
32
32
32
32
32
32
32
32
32
32
32
32
32
32
32
32
32
32
32
32
2
58
58
58
2
62
62
62
62
67
67
68
69
69
69
69
69
69
69
69
69
69
69
69
69
69
69
69
69
69
69
69
69
69
92
93
93
93
93
93
97
98
92
101
101
101
101
105
105
105
105
13
13
13
13
21
21
21
31
31
31
31
84
89
41
41
41
41
41
43
66
66
83
48
46
24
24
24
24
23
23
23
23
45
80
51
14
14
14
14
55
55
77
77
77
47
57
57
57
18
18
18
18
18
28
28
28
28
78
29
29
29
29
19
19
19
30
30
30
30
30
30
30
9
9
50
12
17
17
17
22
22
22
65
65
54
54
79
79
79
86
52
61
61
25
25
25
25
25
10
10
11
85
87
87
87
82
82
82
82
27
27
27
53
49
81
81
81
20
20
20
20
20
96
96
16
16
16
26
26
26
44
56
56
42
15
15
15
15
15
70
6
6
40
5
91
91
