2
3
4
5
6
7
8
9
10
11
12
13
14
16
17
18
19
20
21
22
23
24
25
26
27
28
29
30
31
32
33
34
35
36
37
38
39
40
41
42
43
44
45
46
47
48
49
50
51
52
53
54
55
56
57
58
59
60
61
62
63
64
65
66
67
68
69
70
71
72
73
74
75
76
77
78
79
80
81
82
83
84
85
86
87
88
89
90
91
92
93
94
95
96
97
98
99
100
101
102
103
104
105
106
107
108
109
110
111
112
113
114
115
116
117
118
119
120
121
122
123
124
125
126
127
128
129
130
131
132
133
134
135
136
137
138
139
140
141
142
143
144
145
146
147
148
149
150
151
152
153
154
155
156
157
158
159
160
161
162
163
164
165
166
167
168
169
170
171
172
173
174
175
176
177
178
179
180
181
182
183
184
185
186
187
186
189
190
191
192
193
194
195
196
197
192
167
186
3
125
180
191
24
22
184
182
183
186
177
140
186
3
32
22
184
182
183
186
177
160
33
32
30
22
165
162
164
166
163
160
191
140
125
74
54
142
34
32
28
22
179
78
81
72
79
52
82
34
32
26
22
52
55
51
85
167
184
182
183
186
177
180
178
179
178
32
22
74
55
167
34
32
28
22
34
32
29
22
167
127
90
186
3
78
81
72
79
66
65
60
52
61
82
180
178
179
70
76
59
56
57
58
33
32
22
153
34
32
22
140
72
79
71
68
75
76
59
56
57
140
52
58
82
53
67
66
192
193
185
186
177
178
186
3
167
155
142
186
3
32
22
167
78
72
79
69
77
75
76
59
57
52
58
82
186
3
33
32
22
33
153
185
186
177
34
32
27
22
177
177
27
23
28
24
26
29
30
193
25
22
21
190
125
90
142
190
33
32
