2
3
4
5
6
7
9
10
11
12
13
14
15
16
17
18
19
20
19
13
23
12
25
26
27
28
29
28
27
32
33
34
35
36
36
38
39
40
41
42
43
44
40
46
47
48
42
44
39
52
53
54
55
56
57
58
59
60
61
62
63
64
65
67
68
69
70
71
72
73
74
75
76
77
78
79
80
81
82
83
84
85
86
87
88
89
90
91
92
93
94
95
96
97
98
99
100
101
102
103
104
105
106
107
108
109
110
111
112
113
114
115
116
117
118
119
120
121
122
123
124
125
126
127
13
12
130
131
132
133
134
135
136
137
138
139
140
141
142
143
144
145
146
147
148
149
150
151
152
153
154
155
156
158
160
161
162
163
164
165
166
167
168
169
170
171
172
173
174
175
176
177
178
179
180
181
182
183
184
185
186
187
188
189
190
191
192
193
194
195
196
197
198
199
200
201
202
203
204
205
206
207
208
209
210
211
212
213
214
215
216
217
218
219
220
221
222
223
224
225
226
227
228
229
230
231
232
233
234
235
236
237
238
239
240
241
242
243
244
245
246
247
248
249
250
251
252
253
254
255
256
258
260
262
264
265
266
267
268
269
270
271
272
273
274
275
276
277
278
279
280
281
281
284
285
286
287
288
289
290
291
290
25
2
32
2
52
218
239
242
241
93
93
201
200
188
188
81
98
130
130
93
67
237
271
19
239
241
130
3
69
71
68
70
77
132
57
286
285
52
149
18
140
142
84
130
38
130
75
68
70
73
237
271
276
130
26
135
141
130
25
130
278
271
276
39
132
67
188
68
95
96
94
86
78
84
141
132
272
271
130
242
130
188
188
7
52
52
39
130
20
155
156
137
130
38
81
68
93
242
86
253
92
88
87
95
96
188
93
32
195
272
188
130
79
130
241
190
188
188
15
71
106
26
134
25
244
243
52
242
214
242
6
55
56
166
237
278
271
242
145
84
151
130
67
90
132
130
244
243
165
130
195
152
131
132
188
52
52
272
188
188
271
52
52
130
193
9
25
136
16
130
17
136
130
130
130
291
57
52
3
291
57
52
73
149
88
85
132
272
188
271
71
93
69
71
68
70
67
190
246
248
199
188
214
95
96
94
93
39
29
142
141
130
130
25
26
139
134
130
25
228
130
72
7
38
38
135
130
130
69
177
52
241
64
5
4
33
60
130
130
52
32
67
6
54
55
53
56
56
52
132
67
44
38
3
95
96
94
291
57
52
293
142
144
130
188
33
137
141
130
32
280
130
280
73
36
84
38
242
214
246
72
54
52
52
99
69
71
70
93
95
96
94
55
71
94
93
71
93
130
130
91
132
140
136
130
190
144
130
188
167
69
71
69
134
33
137
32
228
85
132
78
132
38
130
141
130
130
70
188
190
52
148
130
216
106
150
150
25
93
67
75
19
136
69
69
67
141
86
132
92
95
96
132
93
280
7
38
39
39
39
