2
3
4
5
6
7
8
9
10
11
12
13
14
15
16
17
18
19
20
21
22
23
24
25
26
27
28
29
30
31
32
33
34
35
36
37
38
39
40
41
42
43
44
45
46
47
48
49
50
51
52
53
54
55
3
59
60
61
62
63
64
65
66
67
68
69
70
71
72
73
74
75
76
77
78
79
80
81
74
83
84
85
86
87
88
89
90
91
92
93
94
95
96
97
98
99
100
101
102
103
104
105
106
107
109
110
111
112
113
114
115
116
117
118
119
120
121
122
123
124
125
126
127
128
129
130
131
132
133
134
135
136
137
138
139
140
141
142
143
144
145
146
147
148
149
150
151
152
153
154
155
156
157
158
159
160
161
162
163
164
165
166
167
168
169
170
171
172
173
174
175
176
177
178
179
180
181
182
183
184
185
186
187
188
189
190
191
192
193
194
195
196
197
198
199
200
201
202
203
204
205
206
207
208
209
210
211
212
213
214
215
216
217
218
219
220
221
222
223
224
225
226
227
228
229
230
231
232
233
234
235
236
237
238
239
240
241
242
243
244
245
246
247
248
249
250
251
252
253
254
255
256
257
258
259
260
261
262
263
264
265
266
267
268
269
270
271
272
273
274
275
276
277
278
279
280
281
282
283
284
271
272
287
288
289
290
291
292
293
294
295
296
297
299
301
302
303
304
305
306
307
308
309
310
311
312
313
314
315
316
317
318
319
320
321
322
323
324
325
326
327
328
329
330
331
332
333
334
335
336
337
338
339
340
341
342
343
344
345
346
347
348
349
350
351
352
353
354
355
356
357
358
359
360
361
362
363
364
365
366
367
368
369
370
371
372
373
374
375
376
377
378
379
380
381
382
383
384
385
386
387
388
389
390
391
392
393
394
395
396
397
398
399
400
401
402
403
404
405
406
407
408
409
410
411
412
413
414
415
416
417
418
419
420
421
422
423
424
425
426
427
428
429
430
431
432
433
434
435
436
437
438
439
440
441
442
443
444
445
446
447
448
449
450
451
452
453
454
455
456
457
458
459
460
461
462
464
465
466
467
468
469
470
471
472
473
474
475
476
477
478
479
480
481
482
483
484
485
486
487
488
489
490
491
492
493
494
495
496
497
498
494
496
501
502
497
504
506
507
508
509
510
511
512
513
514
515
516
517
518
519
520
521
522
523
524
525
526
527
528
529
530
531
532
533
534
535
536
537
538
539
540
541
542
543
544
545
546
547
548
549
550
551
2
505
17
17
2
359
457
399
396
356
355
392
460
455
359
399
340
495
2
498
2
353
37
37
363
359
421
50
50
12
45
359
374
359
369
385
387
386
359
301
361
359
301
421
346
445
361
359
399
207
62
60
37
304
342
421
421
530
205
359
396
390
388
385
386
304
325
352
347
351
327
326
303
330
301
301
421
325
350
301
17
421
62
61
205
388
359
473
474
421
395
359
64
65
60
473
301
448
421
301
421
445
359
399
377
359
359
374
472
110
426
359
399
110
421
473
474
64
60
363
359
421
411
445
361
359
399
110
377
359
421
103
110
206
329
400
209
6
421
415
341
343
381
359
416
385
443
387
386
359
399
105
272
269
498
446
421
354
359
374
421
400
264
397
359
399
458
431
460
359
399
372
110
263
270
271
272
37
27
383
359
473
348
421
359
399
458
386
359
344
416
359
457
399
396
265
333
331
421
366
359
473
474
305
304
445
359
399
371
460
359
430
399
397
359
399
458
359
369
14
12
15
13
293
3
292
289
291
290
296
2
298
351
359
396
473
392
460
455
359
399
426
359
399
110
4
426
366
359
399
110
301
206
7
387
359
110
301
421
373
359
270
271
272
37
27
473
474
326
304
324
366
359
110
301
383
359
473
474
421
206
301
263
385
359
351
49
12
11
46
94
93
3
96
95
498
105
2
101
99
103
42
103
421
61
60
37
101
65
359
457
399
396
359
457
399
60
101
397
359
399
458
422
421
33
421
6
5
7
44
383
359
330
403
403
421
363
359
345
358
5
205
44
42
42
473
427
429
450
445
449
441
460
425
541
444
454
430
457
435
545
458
431
453
442
399
452
428
536
426
433
538
455
456
542
432
434
389
451
438
535
537
539
459
540
531
512
525
509
521
518
519
523
516
533
508
507
532
520
515
526
513
510
514
517
511
534
524
522
421
301
403
207
383
359
371
359
61
60
50
357
359
369
61
60
37
99
263
271
270
268
8
359
372
50
395
377
366
373
381
359
368
374
312
309
316
301
339
42
347
445
361
359
399
352
392
359
432
460
373
359
399
421
426
359
399
110
61
37
412
403
386
359
395
359
421
37
381
359
328
385
359
265
398
359
330
403
110
380
359
397
359
361
359
421
64
60
349
445
361
359
399
264
421
473
474
421
421
415
334
103
387
359
359
369
403
359
372
110
421
37
324
301
301
461
432
460
373
359
399
207
270
271
272
37
27
336
421
446
421
264
65
359
399
458
272
269
498
391
359
209
301
371
359
338
495
371
359
421
397
359
399
458
30
28
29
31
32
359
457
399
396
421
412
403
432
460
373
359
399
371
359
274
272
269
498
332
64
60
359
457
399
398
459
359
399
330
472
421
50
301
383
359
398
359
421
265
43
337
397
359
265
421
27
110
377
366
381
359
374
312
309
316
301
335
400
494
494
403
415
415
403
403
301
415
415
400
411
403
411
2
494
103
60
101
272
269
498
103
272
269
498
105
270
271
272
37
27
103
270
271
272
37
27
60
101
270
271
272
37
27
99
272
269
498
3
95
2
450
441
425
444
454
455
430
456
435
431
453
432
442
438
531
512
514
517
521
511
518
519
516
532
522
520
515
513
12
13
3
290
2
298
459
534
495
