1
2
2
2
2
2
2
2
2
2
2
2
2
2
2
2
2
2
2
2
2
2
2
2
2
2
2
2
2
2
2
2
2
2
2
2
2
2
2
2
2
2
2
2
2
2
2
2
2
2
2
2
2
2
2
2
2
2
2
2
2
2
2
2
2
2
68
69
70
70
70
70
70
70
70
70
70
70
70
70
70
70
70
70
70
70
70
70
70
70
70
70
70
70
70
70
70
70
70
70
70
70
70
70
70
70
70
70
70
70
70
70
70
70
117
100
85
103
19
19
19
19
37
37
37
37
12
12
12
12
80
80
34
34
34
34
21
21
21
21
113
42
42
42
95
17
17
17
17
115
115
10
10
10
10
58
58
58
58
55
55
55
55
38
38
38
83
56
56
56
56
25
25
25
25
59
59
59
59
60
60
60
110
114
6
6
27
27
27
27
41
41
41
41
16
16
16
16
108
35
35
35
35
49
49
49
49
105
105
31
31
31
31
86
86
102
23
23
23
23
112
94
20
20
20
20
81
81
81
9
9
9
9
15
15
15
15
22
22
22
22
61
61
61
97
107
107
11
11
11
11
96
96
96
96
109
13
13
13
52
52
52
52
44
44
44
44
33
33
33
33
48
48
48
48
53
53
53
53
57
57
57
57
29
29
29
18
18
18
18
106
63
63
63
63
111
32
32
32
32
45
45
45
45
101
101
54
54
54
54
82
82
89
40
40
40
40
77
77
91
100
26
26
26
26
84
43
43
43
43
65
65
65
65
66
66
66
66
62
62
62
62
90
67
67
67
67
28
28
28
92
51
51
51
51
64
64
64
64
30
30
30
30
104
47
47
47
79
79
79
46
46
46
46
24
24
24
24
36
36
36
36
14
14
14
14
87
50
50
50
50
39
39
39
118
