2
3
4
5
6
7
8
9
10
11
12
13
14
15
16
17
18
19
20
21
22
23
24
25
26
27
28
29
30
31
32
33
34
35
36
37
38
39
40
41
42
43
44
45
46
47
48
49
50
51
52
53
54
55
56
57
58
59
60
61
62
63
64
65
66
67
68
69
70
71
72
73
74
75
76
77
78
79
80
81
82
83
84
85
86
87
88
89
90
91
92
93
94
95
96
97
98
99
100
101
102
104
105
106
108
109
110
111
112
113
114
115
116
117
118
119
120
121
122
123
124
125
126
127
128
129
130
131
132
133
134
135
136
137
138
139
140
141
142
143
144
145
146
10
6
6
120
121
10
6
10
6
6
6
10
6
10
6
68
75
6
138
10
6
112
122
10
6
10
6
15
9
4
7
25
6
6
6
24
23
4
10
6
6
109
112
139
140
10
6
109
112
111
6
10
6
6
109
113
115
10
6
141
114
10
8
6
7
6
6
10
6
10
6
6
10
6
6
10
6
49
6
10
6
6
29
10
6
6
10
6
6
117
143
139
6
106
23
22
5
6
6
123
109
112
21
10
6
10
6
6
6
6
10
6
109
110
6
10
6
10
6
6
10
6
10
6
6
10
6
10
6
25
24
10
6
10
6
29
6
6
6
10
6
27
28
111
110
10
6
10
6
10
6
10
6
10
6
6
6
10
6
4
6
10
6
138
138
123
23
24
24
24
24
