1
2
2
2
2
2
2
2
2
2
2
2
2
2
2
2
2
2
2
2
2
2
2
2
2
2
2
2
2
2
22
32
29
34
2
36
36
36
36
36
36
36
36
36
36
36
36
36
40
50
40
52
49
54
24
24
24
21
60
33
24
24
64
18
18
18
68
19
19
19
19
19
74
19
19
77
78
78
78
78
78
78
84
84
24
24
89
90
90
90
90
90
90
90
90
90
90
95
102
103
103
103
103
103
103
103
103
103
103
103
103
103
103
103
103
103
103
103
103
103
103
103
103
103
103
103
103
103
103
103
103
103
103
103
103
103
103
103
103
103
24
1
146
146
146
146
146
146
146
146
146
146
146
146
146
146
146
146
146
146
146
146
146
146
146
146
146
146
146
146
146
146
146
146
146
146
146
181
181
181
146
185
185
185
24
24
191
192
192
192
192
192
192
192
192
192
192
192
192
192
192
192
192
192
192
192
192
192
192
192
192
192
192
192
192
192
192
192
192
192
192
192
192
192
192
192
192
192
192
192
192
192
192
192
192
156
207
96
225
55
160
19
19
202
202
137
168
183
235
134
178
157
25
217
49
49
49
49
49
152
171
123
38
237
237
128
111
111
188
115
205
138
28
176
97
97
26
124
154
184
184
184
184
155
232
236
113
174
29
230
135
227
227
208
208
24
24
24
24
24
24
125
224
170
173
172
158
234
216
203
203
203
81
86
86
162
219
229
229
16
48
48
218
218
218
218
231
164
99
99
99
177
112
112
127
127
228
20
20
136
180
165
233
27
35
223
223
126
126
126
126
126
126
117
80
204
204
211
22
15
129
129
17
199
199
213
222
98
98
130
206
166
43
43
43
43
212
44
21
114
214
175
116
116
116
131
131
163
226
13
40
40
40
120
201
201
201
153
39
159
12
12
12
119
209
14
118
104
56
57
57
57
62
63
189
87
145
145
70
75
