1
2
2
2
2
2
2
2
2
2
2
2
2
2
2
2
2
2
2
2
2
2
2
2
2
2
2
2
2
2
2
2
2
2
2
2
2
2
2
2
2
2
2
2
2
2
2
2
2
2
2
2
2
2
2
2
2
2
2
2
2
2
2
2
2
2
2
2
2
2
2
2
2
2
2
2
2
2
2
2
2
2
2
2
2
2
2
2
2
2
23
92
27
94
96
97
97
97
97
97
97
97
97
97
97
97
97
97
97
97
97
97
97
97
97
97
97
97
97
97
97
97
97
97
97
97
97
97
97
97
97
97
115
135
135
115
138
138
117
141
141
117
144
117
146
97
148
148
148
148
148
148
97
155
97
157
157
157
157
157
163
164
164
164
164
164
164
164
164
164
164
164
164
164
164
164
164
164
164
164
164
164
164
164
164
164
164
164
164
164
164
164
164
164
164
164
164
164
164
164
164
164
164
164
164
164
164
164
164
164
164
164
164
164
164
164
164
164
164
164
164
164
164
164
164
164
164
164
164
164
164
164
164
164
164
164
164
164
164
164
164
164
164
164
182
248
197
250
197
252
197
254
197
256
197
258
96
260
260
260
260
260
260
260
260
260
260
260
260
260
260
260
260
260
260
260
260
272
281
274
283
278
285
279
287
280
289
260
291
291
291
291
291
147
97
47
47
212
212
212
212
41
79
79
238
88
88
204
214
214
66
240
130
130
130
130
38
38
196
196
196
196
67
203
225
243
215
215
215
215
227
19
19
209
209
209
209
209
209
209
209
209
209
209
209
209
209
216
216
217
217
73
128
128
128
128
152
288
60
60
72
49
49
122
161
161
23
23
61
154
145
145
145
211
59
50
50
89
89
147
245
245
245
56
39
295
295
295
33
33
158
210
210
210
70
70
221
221
91
117
117
117
117
117
117
239
21
21
21
21
21
231
235
133
259
83
20
125
125
125
125
125
125
125
125
125
125
125
282
134
232
232
232
232
58
84
84
224
36
36
242
37
37
82
64
77
77
273
273
273
93
93
87
87
208
208
222
222
13
236
119
119
119
119
119
119
234
234
71
71
123
123
123
123
244
57
57
68
68
159
159
207
207
207
207
207
207
207
207
126
126
126
126
126
126
126
126
126
126
230
230
201
201
201
201
118
118
118
118
118
118
118
118
16
44
44
229
197
197
74
74
35
35
85
85
246
14
14
14
14
22
22
150
220
220
81
24
24
24
24
24
34
34
17
124
124
124
124
124
124
51
51
274
193
193
193
193
193
193
193
193
193
193
193
193
193
193
193
12
11
11
11
11
11
192
121
121
121
121
121
121
268
268
42
42
32
32
55
241
48
31
31
95
129
132
279
279
279
40
65
200
200
200
200
200
247
160
160
162
162
114
237
237
115
115
115
115
278
151
76
76
199
199
199
228
228
294
294
219
219
219
219
219
202
202
202
202
53
53
43
63
277
277
277
218
218
218
218
54
205
69
69
296
62
62
233
233
156
226
18
18
270
270
45
45
280
280
206
198
28
28
223
272
272
272
27
271
271
30
30
120
26
26
127
127
127
127
52
52
78
78
131
80
80
46
46
90
15
153
75
75
104
108
266
266
175
297
