1
2
2
2
5
6
6
6
6
6
6
6
6
6
2
9
18
19
19
19
19
19
19
19
19
19
19
19
19
19
19
19
19
19
19
19
19
19
19
19
19
19
19
19
19
19
19
19
19
19
19
19
19
19
56
56
56
56
56
56
56
56
56
56
56
19
68
68
68
68
68
68
68
68
68
68
68
68
28
1
82
82
82
82
82
82
82
82
82
82
82
82
82
95
95
95
99
82
4
73
18
103
103
103
103
103
103
103
103
103
103
103
103
103
103
103
103
103
103
103
103
123
123
123
123
123
123
1
130
130
130
130
130
130
130
130
130
130
130
130
130
130
130
130
130
130
130
130
130
151
151
151
151
151
151
151
151
151
151
151
151
151
151
151
151
151
151
151
151
151
151
174
130
147
1
177
177
177
177
177
177
177
177
177
177
177
177
177
177
177
177
177
177
177
177
177
177
177
177
177
177
177
177
177
177
177
177
177
177
177
177
177
177
177
177
177
177
177
220
220
220
220
220
220
177
227
227
227
227
227
227
227
227
227
177
177
239
177
191
192
193
193
195
195
202
129
126
224
251
252
252
252
252
252
252
252
252
252
252
252
252
252
252
252
252
252
252
252
252
252
252
252
252
252
252
252
252
252
252
252
252
252
252
252
252
252
252
252
252
252
252
252
252
252
252
252
299
299
299
252
303
303
303
303
303
303
303
303
252
312
312
312
312
312
312
312
312
312
312
312
312
312
312
312
312
312
312
312
331
312
333
333
333
337
1
338
338
338
338
338
338
338
338
338
338
338
338
338
338
338
338
338
338
338
338
338
338
338
338
338
338
338
338
338
338
338
338
338
371
371
371
371
371
357
377
377
377
377
338
382
382
382
382
382
338
388
388
388
388
388
338
394
394
394
394
399
400
401
338
403
9
382
129
55
129
129
410
251
411
411
411
411
411
411
411
411
411
411
411
411
411
411
411
411
411
411
411
411
411
411
411
411
411
436
436
436
436
436
436
436
436
411
445
445
445
445
445
445
445
445
445
445
445
445
445
445
459
459
459
459
459
459
459
459
459
459
459
459
445
472
472
472
472
472
472
472
472
1
481
481
481
481
481
481
481
481
490
481
4
177
82
481
394
130
2
312
388
115
115
380
386
386
386
328
328
270
397
397
89
89
192
192
192
192
192
62
62
62
62
62
164
164
164
164
164
164
164
259
259
259
259
259
120
120
480
283
224
224
224
224
35
296
296
487
487
365
365
310
310
310
310
467
467
467
467
467
467
166
166
166
166
166
166
166
166
166
166
166
264
264
264
188
188
188
188
188
188
209
209
428
11
11
351
226
226
226
444
207
207
45
45
66
66
66
66
66
486
486
486
362
362
362
362
362
362
362
362
150
150
233
198
198
198
94
203
203
298
144
144
144
287
368
281
148
148
91
69
69
69
69
69
199
199
199
149
149
149
149
149
149
149
149
149
98
98
98
98
98
98
98
366
366
366
432
171
171
171
200
200
458
458
370
370
165
165
165
165
369
369
294
294
294
4
4
53
53
93
71
71
71
71
71
88
88
88
88
88
88
88
202
202
202
202
202
202
202
202
288
288
288
288
361
361
361
361
361
361
361
376
376
376
376
376
48
236
236
236
236
326
468
116
116
55
55
55
55
55
39
190
190
261
261
311
311
311
311
311
311
469
469
284
284
169
169
364
364
392
392
392
65
65
65
65
65
65
232
232
193
193
193
193
193
193
193
49
49
218
218
343
357
357
357
215
215
221
221
221
204
204
455
455
455
455
455
381
381
381
381
381
381
381
381
40
350
108
108
117
117
329
329
457
73
73
73
73
129
129
275
275
275
222
222
222
367
367
367
367
367
367
430
121
121
15
15
15
54
54
54
54
54
54
54
54
128
128
128
128
476
274
393
393
393
393
234
279
27
27
27
27
32
32
196
196
196
196
219
219
219
219
219
219
219
235
235
235
235
235
76
118
118
262
262
262
113
113
107
107
320
126
189
189
385
385
322
36
36
36
173
173
173
173
292
292
292
292
292
292
292
398
167
167
167
167
167
167
167
167
167
167
167
167
167
167
167
167
479
33
217
217
217
217
217
217
217
217
217
217
217
217
217
217
191
191
191
191
191
478
478
478
302
302
211
211
211
112
112
214
110
110
110
110
347
347
327
111
111
34
271
276
453
453
453
453
213
213
213
213
213
213
213
31
31
72
72
72
72
72
72
72
72
470
470
470
470
470
470
470
470
231
231
231
231
325
325
325
325
360
360
360
360
360
360
360
360
42
345
345
345
345
352
119
119
119
47
359
359
260
260
260
454
454
454
454
454
147
147
147
147
147
147
147
147
147
147
147
147
147
147
147
147
147
147
147
147
147
147
147
147
147
147
485
485
293
293
293
285
285
285
285
353
353
28
28
28
28
28
28
295
295
97
97
97
323
75
195
195
195
195
195
92
109
109
109
109
431
483
483
483
483
9
187
187
187
187
187
280
346
37
321
321
321
321
291
291
291
291
291
5
5
354
44
429
216
216
358
358
349
349
349
96
96
96
96
96
96
96
356
356
356
356
356
356
356
356
114
114
114
168
168
168
168
168
168
29
29
29
471
286
210
170
170
289
41
41
363
484
484
484
477
477
336
387
387
387
387
74
74
74
74
74
74
74
74
206
355
355
355
355
355
43
201
201
201
205
205
205
335
67
67
67
67
67
290
290
290
290
70
70
70
70
26
26
26
26
26
26
145
145
330
330
330
330
330
330
330
330
330
330
330
263
263
38
456
456
456
456
456
456
456
456
456
456
456
456
223
223
223
90
90
90
90
90
90
90
90
225
225
46
324
278
122
122
348
348
348
348
348
348
268
127
127
14
77
269
172
212
212
212
212
64
64
64
64
64
64
64
64
64
64
64
197
277
194
194
194
297
138
138
383
446
104
104
179
179
20
20
342
379
318
300
143
378
378
378
378
374
152
139
139
23
140
140
140
140
158
253
178
466
183
131
163
452
482
157
339
339
228
247
247
247
248
248
248
248
249
249
249
249
249
250
16
402
17
176
176
489
489
238
238
404
492
492
405
406
241
241
241
241
242
242
242
242
243
243
243
243
244
244
244
244
245
246
407
407
407
408
