2
3
4
5
6
7
8
9
10
11
12
13
14
15
16
17
19
20
21
22
23
24
25
26
27
28
29
30
31
32
33
34
35
36
37
38
39
40
41
42
43
44
45
46
47
48
49
50
51
52
53
54
55
56
57
58
59
60
61
62
63
64
65
66
67
68
69
70
71
72
73
74
75
76
77
78
79
80
81
82
83
84
85
86
87
88
89
90
91
92
93
94
95
96
97
98
88
100
101
102
103
104
105
106
107
108
109
110
111
112
113
114
115
116
117
118
119
120
121
122
123
124
125
126
127
128
129
130
131
132
133
134
135
136
137
138
139
140
141
142
143
144
145
146
147
148
149
150
151
152
153
154
155
156
157
158
159
160
161
162
163
164
165
166
167
168
169
170
171
172
173
138
175
176
177
178
179
180
181
182
183
184
185
186
187
188
189
190
191
192
193
194
195
196
197
198
199
200
201
202
203
204
205
206
207
208
209
210
211
212
213
214
215
216
217
218
219
220
221
222
223
224
225
226
227
228
229
230
231
232
233
234
235
236
237
238
188
240
241
242
243
244
245
246
247
248
249
250
252
253
254
255
256
257
258
259
260
261
262
263
264
265
266
267
268
269
270
271
272
273
274
275
276
277
278
279
280
281
282
283
284
285
286
287
288
289
290
291
292
293
294
295
296
297
298
299
300
301
302
303
304
305
306
307
308
309
310
311
312
313
314
315
316
317
318
319
320
321
322
323
324
325
326
327
328
329
330
331
332
333
334
335
336
273
338
339
340
341
342
343
344
345
346
347
348
349
350
351
352
353
354
355
356
357
358
359
360
361
362
363
364
365
366
367
368
369
370
371
372
373
374
375
376
377
378
379
380
381
382
383
384
385
386
387
388
389
390
391
392
393
394
395
396
397
398
339
342
345
402
376
404
405
406
407
408
409
366
411
412
413
414
415
416
417
418
419
420
421
422
423
424
425
426
427
428
429
430
431
432
433
434
435
436
437
438
439
440
441
442
443
444
445
446
447
448
449
450
451
452
453
454
455
456
457
458
459
460
461
462
463
464
465
466
467
468
469
470
471
472
473
474
475
476
477
478
479
480
481
482
483
484
485
486
487
488
489
484
491
492
338
481
338
382
338
481
436
382
106
105
378
356
371
382
319
313
265
359
395
90
82
104
177
177
103
371
57
59
61
60
58
152
155
162
156
153
154
130
255
254
256
257
258
106
105
475
257
191
177
177
371
22
436
312
482
371
371
371
304
309
307
305
466
462
464
465
460
472
434
165
412
433
155
159
163
160
411
411
411
265
252
252
181
183
186
185
103
371
218
411
411
347
411
341
350
368
177
411
181
182
43
42
57
59
61
60
58
365
481
481
344
375
372
340
341
411
371
371
132
133
229
222
179
177
87
368
185
303
138
142
143
257
343
283
141
133
84
106
23
105
24
19
221
179
177
150
139
137
141
132
134
133
135
136
368
87
84
85
83
86
82
371
411
371
411
152
157
143
192
177
446
411
343
411
158
154
153
436
343
411
254
257
253
2
2
50
51
86
106
23
105
24
19
87
84
85
83
86
103
371
432
205
183
373
374
185
411
371
292
255
256
411
362
373
372
340
411
371
411
373
375
372
374
411
24
297
230
228
229
314
463
106
105
25
23
22
21
24
24
103
177
252
252
306
309
304
307
308
305
462
461
285
411
162
411
363
340
389
411
371
57
59
61
60
58
56
412
228
413
416
177
411
177
103
371
47
46
219
181
371
343
411
371
214
185
350
368
177
412
411
412
449
448
450
411
429
263
356
378
372
379
411
411
24
340
103
103
106
105
319
331
448
77
79
56
56
103
103
274
276
257
225
224
177
435
351
347
340
342
411
411
106
105
417
349
11
106
23
22
105
21
24
56
56
106
105
123
103
473
255
361
390
391
389
230
257
104
19
103
19
23
105
366
177
177
371
181
183
373
372
374
185
371
420
419
230
229
228
80
106
105
265
252
252
106
105
106
105
312
123
103
177
343
382
316
106
23
105
162
154
153
160
270
255
254
257
256
411
252
361
434
170
165
444
412
433
161
155
159
156
163
160
411
411
411
436
475
24
417
353
214
413
416
180
183
373
375
372
374
411
411
371
104
177
177
103
371
475
474
473
301
300
350
412
411
106
105
181
106
105
103
103
343
411
315
106
105
21
254
256
446
452
447
459
422
218
350
182
227
411
227
23
103
78
75
57
59
61
60
58
56
477
466
462
463
464
461
465
460
230
228
229
411
314
315
313
317
361
356
372
340
341
371
411
388
24
340
341
342
103
343
106
105
103
24
343
360
265
252
252
451
449
446
447
450
168
173
368
148
417
167
172
206
350
347
166
346
149
373
375
372
142
374
157
140
160
143
177
411
371
151
486
481
255
254
256
292
255
256
411
340
103
122
127
129
19
19
123
436
312
365
82
371
313
78
365
372
177
177
371
85
106
105
103
103
411
482
411
103
371
103
183
186
185
103
371
257
343
25
318
317
316
333
289
292
255
256
411
369
411
343
24
411
214
185
359
350
343
373
371
368
87
84
85
83
86
82
417
429
372
374
340
411
371
411
106
105
103
169
162
159
163
160
411
30
103
19
462
257
218
162
411
258
38
39
394
482
103
371
480
474
334
383
384
411
371
76
80
57
59
61
60
58
56
205
357
417
353
411
411
24
195
177
177
218
183
371
334
57
59
61
60
58
292
255
256
411
30
19
103
19
25
23
22
21
24
103
143
371
270
325
319
314
315
318
313
316
411
411
252
252
252
24
415
414
260
468
451
449
446
452
448
447
411
411
225
224
177
422
418
365
373
82
82
411
371
195
177
24
313
279
123
123
417
343
373
372
374
371
265
126
123
411
79
265
160
218
415
185
411
122
129
126
57
59
61
60
58
19
19
123
186
257
193
177
411
257
371
371
371
411
103
103
220
220
68
68
103
372
333
281
371
411
373
340
371
411
130
130
130
103
130
371
130
371
436
261
177
472
371
130
411
459
371
371
371
371
411
183
185
371
183
372
374
371
183
373
375
372
371
371
366
342
342
140
371
482
371
183
371
340
365
481
342
371
104
177
103
371
104
177
103
371
413
177
103
371
413
177
103
371
177
177
351
340
342
371
