2
3
4
5
6
7
8
9
10
11
12
13
14
15
16
17
18
19
20
21
22
23
24
25
26
27
28
29
30
31
32
33
34
35
36
37
38
39
40
41
42
43
44
45
46
47
48
49
50
51
52
53
54
55
56
57
58
59
60
61
62
63
64
65
66
67
68
69
70
71
72
73
74
75
76
77
78
79
80
81
82
83
84
85
86
87
88
89
90
91
92
93
94
95
96
97
98
99
100
101
102
103
104
105
106
107
108
109
110
111
112
113
114
115
116
117
118
119
120
121
122
123
124
125
126
127
128
129
130
131
132
133
134
135
136
137
138
139
140
141
142
143
144
145
146
147
148
149
150
151
152
153
154
155
156
157
158
159
160
161
162
163
164
165
166
167
168
169
170
171
172
173
174
175
176
177
178
179
180
182
183
184
185
186
187
188
189
190
191
192
193
194
195
196
197
198
199
200
201
202
203
204
205
206
207
208
209
210
211
212
213
214
215
216
217
218
219
220
221
222
223
224
225
226
227
228
229
230
231
232
233
234
235
236
237
238
239
240
241
242
243
244
245
246
247
248
249
250
251
252
253
254
255
256
257
258
188
188
188
73
2
73
61
60
50
49
45
50
64
72
73
71
74
85
20
16
17
3
10
7
81
126
251
74
36
32
73
40
5
7
106
104
105
72
71
132
66
44
77
83
84
39
27
26
5
10
7
172
78
72
80
77
110
242
81
5
10
6
7
31
74
35
32
38
5
8
3
6
75
67
76
81
73
67
66
66
226
2
36
32
109
137
71
50
47
184
128
131
191
236
128
29
235
213
222
218
216
221
226
225
190
220
66
74
108
101
93
151
67
66
66
70
33
35
32
34
8
7
81
130
124
227
218
225
219
215
66
66
200
218
216
225
219
220
215
214
66
66
240
66
81
73
78
67
123
199
81
74
91
66
72
200
81
91
66
66
66
19
252
67
16
17
10
4
7
79
79
67
81
238
22
243
235
135
217
223
248
247
224
66
246
252
129
188
81
73
74
61
57
46
49
48
62
92
66
42
5
9
7
238
22
243
29
216
217
223
248
247
224
66
66
246
60
47
48
92
66
25
22
256
252
173
72
71
72
73
71
74
66
56
81
18
126
233
227
218
226
225
215
66
225
214
66
66
236
22
29
235
222
216
221
226
223
2
66
246
70
81
80
68
84
85
41
5
9
7
78
134
133
66
66
183
182
184
67
81
82
93
104
105
72
71
74
66
66
110
81
102
103
81
74
28
7
74
25
106
96
5
33
35
34
6
66
66
142
139
44
110
121
73
73
119
73
67
66
66
35
32
66
66
135
225
224
214
66
66
73
66
66
24
66
76
76
72
94
7
83
82
76
75
72
25
22
19
62
2
73
88
66
238
2
248
247
66
2
67
76
58
46
48
139
4
75
121
73
72
134
66
66
242
66
16
17
10
7
231
15
14
226
80
75
124
109
126
192
124
137
72
73
71
74
76
190
189
67
188
33
35
32
34
213
66
2
2
66
188
195
66
31
63
63
188
197
62
62
246
2
62
62
66
66
62
2
188
193
66
223
246
256
