2
3
4
5
6
7
8
9
10
11
12
13
14
15
16
17
18
19
20
21
22
23
24
25
14
27
28
29
30
31
33
34
35
36
37
38
39
40
41
42
43
44
45
46
47
48
49
50
51
52
53
54
55
56
57
58
51
60
61
62
64
65
66
67
68
69
70
71
72
73
74
75
76
77
78
79
80
81
82
83
85
86
87
88
89
90
91
92
93
94
95
96
97
98
99
100
101
102
103
104
105
106
107
108
109
110
111
112
113
114
115
116
117
118
119
120
121
122
123
124
125
126
127
128
129
130
131
132
133
134
135
136
138
139
140
141
142
143
144
145
146
147
148
142
150
151
153
154
156
157
158
159
160
161
162
163
164
165
166
167
168
169
170
171
172
173
174
175
176
177
178
179
180
181
182
183
184
185
186
187
188
189
190
191
192
193
194
195
196
197
198
199
200
201
202
203
204
205
206
207
208
209
210
211
212
213
214
215
216
217
218
219
216
221
222
223
224
225
226
227
228
229
230
231
232
233
234
235
236
237
238
239
240
241
242
243
244
243
246
247
248
226
205
208
198
142
145
146
147
144
143
139
14
69
72
208
139
91
132
157
14
187
188
176
196
186
176
139
90
33
17
64
207
208
206
180
50
215
216
212
213
211
207
206
163
82
83
80
81
73
69
71
67
68
72
65
70
16
51
52
34
40
37
39
35
38
36
244
164
69
71
67
68
74
174
171
173
172
87
90
86
88
89
91
244
86
86
88
91
14
90
162
87
86
33
187
198
33
5
19
20
18
4
17
15
14
87
16
240
128
33
164
87
18
180
48
54
47
53
34
40
37
35
36
128
161
88
33
161
88
35
195
191
190
160
192
208
87
86
88
91
85
64
157
194
190
176
187
128
33
161
157
162
73
74
240
244
239
69
71
66
72
19
20
185
64
240
239
244
89
89
240
239
239
205
51
51
51
39
142
216
206
14
216
206
14
35
14
35
139
14
35
139
5
4
