1
2
2
2
2
2
2
2
2
2
2
2
2
2
2
2
2
2
2
2
2
2
2
2
2
2
2
2
2
2
13
32
17
34
19
36
20
38
21
40
29
43
44
44
44
44
44
44
44
44
44
44
44
44
44
44
44
44
44
44
44
44
44
44
44
44
44
64
72
73
73
73
73
73
73
73
73
73
73
73
73
73
73
87
88
12
87
92
93
93
94
95
81
81
87
86
100
101
82
103
72
104
105
105
105
52
52
52
52
52
52
52
60
89
20
20
20
20
54
54
54
54
54
54
54
21
21
21
64
64
64
64
64
64
19
19
19
19
19
67
24
18
18
18
18
18
50
50
50
50
50
50
49
49
49
49
49
49
49
80
80
80
83
63
63
63
63
63
63
63
65
65
65
25
25
81
81
87
87
105
105
105
105
105
17
22
62
28
28
28
28
28
51
51
51
51
51
51
51
30
82
82
48
48
48
48
48
48
48
33
33
13
26
26
47
47
47
47
47
47
66
66
53
53
53
53
53
53
53
55
55
55
55
55
55
55
69
61
59
56
56
56
56
56
56
56
14
14
14
57
57
57
57
57
57
57
16
16
16
16
58
58
58
58
58
27
31
15
15
84
86
86
29
29
85
23
23
3
90
90
91
42
106
107
107
96
97
97
98
99
102
