2
3
4
5
6
7
8
9
10
11
12
13
14
15
16
17
18
19
20
21
22
23
24
25
26
27
28
29
30
31
32
33
34
35
36
37
38
39
40
41
42
44
45
46
47
48
49
50
51
52
53
54
55
56
57
58
59
60
61
62
63
64
65
66
67
68
69
71
73
74
75
76
77
78
79
80
81
82
83
84
85
86
87
88
89
90
91
74
76
77
80
81
96
97
98
99
85
83
102
82
104
105
106
107
108
68
69
67
66
45
46
70
63
81
24
9
3
4
68
69
67
66
45
46
70
9
3
4
69
67
65
45
46
70
24
21
3
6
4
70
25
16
27
19
3
6
68
69
67
45
46
70
68
69
67
66
45
46
70
75
76
78
76
68
69
67
66
45
46
70
46
70
70
9
3
74
76
74
77
83
80
87
81
73
4
9
63
7
5
3
6
4
68
69
67
66
45
46
70
11
74
76
68
69
67
66
45
46
70
25
27
11
17
10
68
69
67
45
46
70
70
70
68
69
67
66
45
46
70
68
69
67
66
45
46
70
70
63
63
68
69
67
66
45
46
70
16
15
7
68
69
67
66
45
46
70
17
7
5
8
68
66
45
46
70
3
6
16
7
78
76
77
12
11
76
5
6
2
81
77
74
11
80
87
81
76
74
76
77
77
74
