2
3
4
5
6
7
8
9
10
11
12
13
14
15
16
17
18
19
20
21
22
23
24
25
26
27
28
29
30
31
32
33
34
35
36
37
38
39
40
41
42
43
44
45
46
47
48
49
50
51
52
53
54
55
56
57
58
59
60
61
62
63
64
65
66
67
68
69
70
71
72
73
74
75
76
77
78
79
80
81
82
83
84
85
86
87
88
89
90
91
92
93
94
95
96
97
98
99
100
101
102
103
104
105
106
107
108
109
110
111
112
113
114
115
116
117
118
119
120
121
122
123
124
125
126
127
128
129
130
131
132
133
134
135
136
137
138
139
140
141
142
143
144
145
146
147
148
149
150
151
152
153
154
155
156
157
158
159
160
161
162
163
164
165
166
167
168
169
170
171
172
173
174
175
176
177
178
179
180
181
182
183
184
185
186
187
188
189
190
191
192
193
194
195
196
197
198
199
200
201
202
203
204
205
206
207
208
209
210
211
212
213
214
215
216
217
218
219
220
221
222
223
224
225
226
227
228
229
230
231
232
233
234
235
236
237
238
239
240
241
242
243
244
245
246
247
248
249
250
251
252
253
254
255
256
257
258
259
260
261
262
263
264
265
266
267
268
269
270
271
272
273
274
275
276
277
278
279
280
281
282
283
284
285
286
287
288
289
290
291
292
293
294
295
296
297
298
299
300
301
302
303
304
305
306
307
308
309
310
311
312
313
314
315
316
317
318
319
320
321
322
323
324
325
326
327
328
329
330
331
332
333
334
335
336
337
338
339
340
341
342
343
344
345
346
347
348
349
350
351
352
353
354
355
356
357
358
359
360
361
362
363
364
365
366
367
368
369
370
371
372
373
374
375
376
377
378
379
380
381
382
383
384
385
386
387
388
389
390
391
392
393
394
395
396
397
398
399
400
401
402
403
404
405
406
407
408
409
410
411
412
413
414
415
416
417
418
419
420
421
422
423
424
425
426
427
428
429
430
431
432
433
434
436
437
438
440
441
442
443
444
445
446
447
448
449
450
451
452
454
455
456
457
458
459
460
461
462
463
464
465
466
467
468
469
470
471
472
473
474
475
476
477
478
479
480
481
482
483
484
485
486
487
488
489
490
491
492
493
494
495
496
497
498
499
500
501
502
503
504
505
506
507
508
509
510
511
512
513
514
515
516
517
518
519
520
521
522
523
524
525
526
527
528
529
530
531
532
533
534
535
536
537
538
539
540
541
542
543
544
545
546
547
548
549
550
551
552
553
554
555
556
557
558
559
560
561
562
563
564
565
566
567
568
569
570
571
572
573
574
575
576
577
578
579
580
581
582
583
584
585
586
587
588
589
590
591
592
593
594
595
596
597
598
599
600
601
602
603
604
605
606
607
608
609
610
611
612
613
614
615
616
617
618
619
620
621
622
623
624
625
626
627
628
629
630
631
632
633
634
635
636
637
638
639
640
641
642
643
644
645
646
647
648
649
650
651
652
653
654
655
656
657
658
659
660
661
662
663
664
665
666
667
668
669
670
671
672
673
674
675
676
677
678
679
680
681
682
683
684
685
686
687
688
689
690
691
692
693
694
695
696
697
698
699
700
701
702
703
704
705
706
707
708
709
710
711
712
713
714
715
716
717
718
719
720
721
722
723
724
725
726
727
728
729
730
731
732
733
734
735
736
737
738
739
740
741
742
743
744
745
746
747
748
749
750
751
752
753
754
755
756
757
758
759
760
761
762
763
764
765
766
767
768
769
770
771
772
773
774
775
776
777
778
779
780
781
782
783
784
785
786
787
788
789
790
791
792
793
794
795
796
797
798
799
800
801
802
803
804
805
806
807
808
809
810
811
812
813
814
815
816
817
818
819
820
821
822
823
824
825
826
827
828
829
830
831
832
833
834
835
836
837
838
839
840
841
842
843
844
845
846
847
848
849
850
851
852
853
854
855
856
857
858
859
860
861
862
863
864
865
866
867
868
869
870
871
872
873
874
875
876
877
878
879
880
881
882
883
884
885
886
887
888
889
890
891
892
893
894
895
896
897
898
899
900
901
902
903
904
905
906
907
908
909
910
911
912
913
914
915
916
917
918
919
920
921
922
923
924
925
926
927
928
929
930
931
932
933
934
935
936
937
941
942
943
944
945
946
947
948
949
950
951
952
953
954
955
956
957
958
959
960
962
963
964
965
966
967
968
969
970
971
972
973
974
975
976
977
978
979
980
981
982
983
984
985
986
987
988
989
990
991
992
993
994
995
996
997
998
999
1000
1001
1002
1003
1004
1005
1006
1007
1008
1009
1010
1011
1012
725
714
554
868
872
727
885
875
702
827
704
555
558
33
74
407
435
887
873
875
783
742
725
793
787
885
735
854
789
736
798
741
785
293
287
702
92
687
104
57
104
57
235
195
208
104
57
168
342
480
104
86
57
388
210
159
163
104
57
868
301
697
104
57
783
793
789
798
787
785
104
57
849
104
169
55
435
57
397
104
57
104
57
192
699
699
699
255
181
92
168
269
827
699
255
92
92
104
399
57
57
92
33
488
181
480
454
845
699
699
699
168
268
56
518
454
388
480
104
57
695
699
404
396
733
163
555
554
104
57
104
57
461
168
550
695
104
57
255
181
699
697
868
404
870
621
554
104
57
875
92
104
57
104
55
168
550
861
655
104
57
322
92
104
55
397
733
555
874
704
558
554
459
874
879
104
57
104
57
57
396
550
171
345
854
781
387
181
368
454
104
57
887
743
710
801
888
554
236
207
192
104
57
335
520
500
531
530
511
456
454
848
104
57
104
57
467
454
454
699
875
868
867
404
872
168
870
871
621
733
559
568
556
558
557
554
57
255
181
92
93
554
699
537
480
533
514
536
535
454
454
368
380
518
104
57
169
435
352
239
250
934
933
932
935
454
57
225
90
435
83
38
57
396
104
57
104
57
699
104
57
740
715
352
480
454
802
743
887
861
540
471
86
542
531
518
544
232
480
514
454
691
875
92
827
215
704
36
92
461
252
86
104
57
396
550
104
399
57
531
530
514
181
368
875
92
104
57
699
57
181
92
90
165
550
341
168
104
57
699
873
861
874
804
554
565
554
168
267
435
181
253
104
57
92
215
36
33
736
699
375
360
435
181
435
104
57
560
480
514
454
181
253
35
34
503
482
500
454
104
57
496
57
104
57
60
861
888
92
104
57
396
104
57
255
181
169
57
168
340
396
550
736
699
518
540
480
468
514
469
542
470
454
454
454
368
92
361
104
57
380
554
873
874
625
875
626
715
868
875
702
770
558
699
294
293
104
57
164
550
232
471
86
454
92
872
307
310
92
104
57
868
873
887
885
710
888
554
168
834
725
104
57
488
181
480
514
454
344
168
62
55
655
868
301
689
344
181
232
471
86
454
388
702
104
57
211
709
655
885
803
875
752
704
518
181
514
471
454
57
511
471
454
454
162
550
511
471
454
454
480
841
104
264
480
166
550
852
104
57
104
169
55
435
63
104
57
104
57
518
462
861
212
55
307
310
858
875
567
699
168
550
875
92
658
531
518
232
480
514
471
86
454
699
271
181
92
550
255
181
276
867
404
873
871
884
622
882
568
556
557
554
562
561
181
92
253
168
272
104
57
659
396
162
163
556
555
558
557
550
104
57
699
104
57
92
104
57
264
171
699
104
57
847
702
211
404
168
154
733
555
554
868
301
693
868
691
301
861
727
874
804
554
699
378
454
868
654
705
888
104
57
57
699
550
699
104
57
57
171
460
104
57
699
872
743
559
558
557
168
396
531
480
514
454
699
514
454
83
38
560
104
399
57
181
92
323
1011
92
215
36
33
458
791
281
280
104
57
873
562
254
192
171
872
782
396
827
215
704
693
36
204
540
232
480
514
471
86
542
454
875
801
699
725
724
554
352
258
377
480
725
104
57
168
396
550
104
57
104
57
323
1011
518
370
481
870
725
714
554
554
104
57
352
255
375
235
939
454
254
104
263
104
57
168
550
526
86
454
263
699
104
57
920
253
165
550
168
550
104
57
503
300
500
481
531
480
517
506
454
254
92
740
104
57
802
873
743
554
512
518
513
235
514
454
104
57
687
55
106
658
531
518
514
454
868
872
875
702
725
659
396
162
163
556
555
558
557
550
104
169
55
57
92
104
57
90
253
435
104
57
872
345
875
700
104
57
181
368
92
514
691
181
92
322
168
550
699
480
514
454
454
255
181
104
57
480
387
181
92
56
368
92
361
104
57
699
92
253
57
827
558
839
265
232
104
181
92
181
354
368
92
518
514
212
699
104
57
554
435
853
854
166
162
165
435
57
104
57
104
57
868
873
887
872
727
874
803
875
770
554
104
57
518
388
480
481
33
162
550
458
558
83
38
104
57
380
220
104
57
843
480
158
550
887
868
654
705
352
248
480
484
454
104
57
380
699
181
92
58
104
57
66
699
555
699
254
368
92
361
255
90
435
104
57
461
459
460
462
202
559
555
554
697
544
461
459
460
462
454
699
57
875
715
480
514
480
660
659
655
661
555
554
550
104
57
104
169
55
265
168
271
435
515
868
695
301
783
742
725
793
787
739
740
885
853
789
798
741
785
168
550
623
192
298
297
375
360
435
531
503
530
300
480
514
271
454
454
104
57
69
528
454
460
937
934
933
935
931
939
514
104
57
282
435
699
887
868
831
874
625
888
879
168
294
293
717
809
396
550
861
104
57
740
104
57
92
215
36
33
887
873
885
874
807
875
627
558
554
699
699
863
875
827
460
104
57
699
104
86
57
90
435
699
699
59
104
57
454
283
209
540
480
514
542
461
459
460
456
462
887
725
888
704
868
301
687
695
875
92
827
215
704
36
92
404
872
870
621
554
104
57
873
874
561
92
253
480
514
162
104
57
435
699
873
874
710
626
554
77
76
407
104
169
55
43
397
550
92
531
454
454
550
828
699
388
480
92
215
36
33
57
512
104
57
699
554
875
92
853
854
181
555
274
104
57
92
104
57
699
691
702
92
827
215
704
36
168
337
104
57
867
871
874
699
884
622
725
882
713
554
655
628
885
856
827
627
558
104
57
254
181
211
459
460
554
566
658
61
868
404
872
621
554
736
699
168
339
181
92
92
887
659
872
658
888
704
555
104
57
699
435
207
235
192
33
2
699
254
699
300
90
200
165
736
699
887
873
743
555
554
168
550
566
181
253
168
399
104
57
104
57
528
86
454
199
728
885
803
702
715
58
164
155
725
555
558
554
181
92
90
166
90
435
104
57
255
181
104
57
181
92
171
514
868
873
887
885
710
181
92
41
92
104
57
396
550
704
555
168
343
540
300
471
86
542
531
518
544
232
480
514
454
875
725
554
92
404
655
727
708
875
733
166
165
555
554
879
554
254
699
104
57
736
480
514
454
454
511
500
471
454
454
725
302
90
104
57
705
531
518
480
514
454
454
531
480
514
461
462
454
454
378
454
454
403
181
92
238
192
208
168
550
699
396
104
57
238
195
208
816
699
104
57
92
104
57
90
435
104
57
480
404
168
397
733
555
554
559
555
554
104
169
55
435
404
157
733
555
554
887
888
699
554
868
874
558
104
57
255
92
727
885
803
90
92
710
853
854
868
727
885
875
693
104
57
238
207
192
550
873
564
554
104
57
462
104
57
168
550
79
104
57
875
92
699
457
740
57
349
168
519
510
454
57
104
57
689
740
168
104
57
518
514
212
861
168
338
461
462
655
725
104
57
868
879
64
99
344
181
236
195
208
104
57
867
872
725
715
162
713
555
554
374
77
76
407
858
875
168
550
165
550
104
57
73
407
435
238
195
208
166
104
57
435
550
70
67
104
169
55
689
344
343
104
57
104
399
57
531
300
517
211
459
460
554
104
57
104
57
846
104
57
867
518
540
480
514
79
542
518
480
740
699
104
57
104
57
92
104
86
57
104
57
404
154
733
555
554
725
92
718
832
388
827
104
57
699
164
457
104
57
872
871
874
715
162
713
555
554
92
207
559
555
554
59
104
57
181
92
699
344
300
875
92
827
215
704
693
36
699
559
556
842
104
57
301
264
104
169
55
435
222
92
7
42
37
40
29
55
63
43
54
50
59
10
23
17
32
27
22
66
16
68
5
65
11
44
36
60
48
53
47
20
58
13
62
49
14
6
30
8
38
45
51
67
61
46
24
4
12
25
26
57
64
56
31
52
9
41
18
39
530
505
454
458
921
104
57
104
57
531
513
396
550
104
86
57
352
255
181
375
939
454
104
57
875
92
699
699
699
92
655
511
454
459
212
104
57
92
215
36
33
480
104
57
255
181
92
254
396
834
90
699
65
932
939
302
181
92
480
389
699
531
518
232
480
514
471
86
454
166
550
104
57
57
104
57
225
168
154
397
550
104
57
458
102
345
157
158
435
104
57
40
554
693
736
699
90
558
550
2
454
454
480
514
461
462
480
514
461
462
540
480
514
542
480
514
461
462
236
236
207
192
816
699
192
