2
3
4
5
6
7
8
9
10
12
13
14
15
16
17
18
19
22
23
24
25
26
27
28
29
30
33
34
35
36
37
38
39
40
41
42
43
44
45
46
47
48
49
50
51
52
53
54
55
56
57
58
59
60
61
62
63
64
65
66
67
68
69
70
71
72
73
74
75
76
77
78
81
82
83
84
85
86
87
88
89
90
91
92
93
94
95
96
97
98
99
100
101
102
103
104
106
107
108
109
110
111
112
113
114
115
116
117
118
119
120
121
123
124
125
126
127
128
129
130
131
132
133
134
135
136
137
138
139
140
141
142
143
144
145
146
147
148
149
150
151
152
153
154
155
156
157
158
159
160
161
162
163
164
165
166
167
168
169
170
171
172
173
174
175
176
177
178
179
180
181
182
183
184
185
186
187
188
189
190
191
192
193
194
195
196
197
198
199
200
201
202
203
204
205
206
207
208
209
210
211
212
213
214
216
217
218
219
220
222
223
224
225
226
227
228
229
230
231
232
233
234
235
236
237
238
239
240
241
242
243
244
245
246
247
249
250
251
252
253
254
255
256
257
258
259
260
261
262
263
264
265
266
267
268
269
270
272
273
274
275
276
277
278
279
280
281
282
283
284
285
286
288
289
290
291
293
294
295
296
297
298
299
300
301
302
303
304
305
306
307
308
309
310
311
312
313
314
315
316
317
318
319
320
321
322
323
324
325
326
328
329
330
331
332
333
334
335
336
337
338
339
340
341
342
343
344
345
346
347
349
350
351
352
353
354
355
356
357
358
359
360
361
362
349
350
351
352
353
354
355
356
357
358
359
360
361
362
365
366
367
368
369
370
371
373
374
375
376
377
378
380
381
382
383
384
385
386
387
388
389
390
391
392
328
328
365
328
279
282
274
310
336
136
34
141
125
241
222
34
243
222
142
139
180
125
255
139
140
107
13
23
24
22
28
22
27
138
293
336
142
141
125
34
338
329
223
34
310
241
222
119
310
141
125
34
137
243
222
34
245
222
141
127
356
34
380
187
126
34
310
93
334
333
328
142
34
142
380
34
139
93
224
223
93
10
3
141
126
135
131
367
35
34
13
141
126
141
126
356
187
127
356
13
142
136
125
10
3
142
142
137
93
3
243
222
93
141
127
93
310
93
349
137
141
136
136
126
142
131
132
129
134
26
133
22
106
241
222
330
356
310
255
34
93
114
142
241
222
283
280
276
275
310
140
142
356
336
375
93
241
222
27
138
142
136
127
114
34
245
222
93
24
245
222
310
139
140
139
135
142
241
222
141
127
137
141
125
34
136
310
310
375
374
356
339
339
136
127
131
132
27
129
134
133
22
114
141
127
242
222
242
222
337
330
338
329
331
336
345
345
367
366
23
28
142
137
337
329
130
22
367
366
27
138
136
126
34
180
127
34
137
27
138
286
277
142
310
142
137
10
4
3
310
241
222
310
137
310
93
310
366
180
126
219
22
34
140
136
125
310
224
137
119
81
140
273
240
244
224
342
342
141
255
141
126
137
34
241
222
187
125
137
28
284
336
374
