1
2
2
2
2
2
2
2
2
2
2
2
2
2
6
17
15
19
20
20
20
20
20
20
20
20
20
20
20
20
20
20
20
20
20
20
20
20
20
20
20
20
20
20
20
20
37
49
49
38
52
52
38
55
39
57
57
40
60
60
60
64
66
42
68
44
70
70
45
73
73
45
76
48
78
45
45
82
83
83
83
83
83
83
83
83
83
83
83
83
83
83
83
35
35
35
35
14
14
96
62
11
12
31
8
8
63
6
6
6
6
6
6
6
30
30
30
30
30
30
30
30
30
94
94
94
94
94
94
94
34
34
34
36
36
36
36
45
45
42
42
42
42
32
32
40
40
40
40
41
9
9
15
95
95
95
95
95
95
95
95
43
43
43
43
33
33
33
44
44
44
44
5
39
39
13
10
10
97
97
38
37
37
16
80
80
18
