1
2
2
2
2
2
2
2
2
2
2
2
2
2
2
2
2
2
2
2
2
21
1
24
24
24
24
24
24
24
24
24
24
24
24
24
24
24
24
24
24
24
24
24
24
24
24
24
24
24
36
17
17
33
33
41
41
50
42
42
40
40
30
30
30
19
19
19
19
11
11
11
15
15
15
15
38
38
13
13
13
13
18
18
18
14
14
14
14
36
36
36
36
31
31
46
16
16
16
10
10
10
35
7
7
7
12
12
12
12
43
20
20
20
32
32
9
9
34
45
48
48
48
48
51
47
6
6
6
6
8
8
8
8
3
