1
2
2
2
2
2
2
2
2
2
2
2
2
2
2
2
2
2
2
2
2
2
2
2
2
2
2
2
2
2
2
2
2
2
2
2
2
2
13
40
2
42
2
44
44
44
44
44
44
44
44
44
44
44
44
2
57
58
10
61
62
62
62
62
62
62
62
62
62
62
62
62
62
62
62
62
62
62
62
62
62
62
62
62
62
62
62
62
62
62
62
62
62
62
62
62
62
62
62
62
62
62
62
62
62
62
103
109
108
112
113
113
113
113
113
113
113
113
113
113
113
113
113
113
113
113
113
113
131
131
131
131
131
131
131
131
131
131
131
131
131
131
131
142
147
142
149
149
149
149
113
154
154
154
157
158
158
113
161
161
161
143
166
167
167
167
167
167
167
167
167
167
167
167
167
167
167
167
167
167
167
167
167
167
167
167
167
167
167
167
167
167
167
167
167
167
167
167
167
167
167
167
167
167
167
167
210
210
210
210
210
210
210
210
210
167
220
220
220
220
220
220
220
220
220
220
220
220
220
220
220
220
167
237
237
237
237
237
167
243
243
243
243
243
243
167
250
250
250
250
250
250
250
250
250
250
250
250
250
250
250
167
266
266
266
266
266
266
266
266
266
266
266
266
266
266
266
266
266
266
167
286
288
289
290
291
292
293
294
294
293
298
299
299
299
299
299
299
299
299
299
299
299
299
299
299
299
299
299
299
299
299
299
299
299
299
299
299
299
299
299
299
299
299
299
299
299
299
299
299
299
299
299
299
299
299
299
299
299
299
299
299
299
299
299
299
299
299
299
299
299
299
299
299
299
299
299
299
299
299
299
299
299
299
299
299
299
299
299
299
299
299
299
299
299
299
299
299
299
299
299
299
299
299
299
299
299
299
299
299
299
299
299
299
299
346
403
347
405
348
407
349
409
356
411
299
413
413
413
417
417
417
417
417
417
417
417
299
426
426
426
426
426
299
432
432
432
432
390
437
299
439
439
439
439
439
166
447
447
447
447
447
447
447
447
447
447
447
447
447
447
447
447
447
447
447
447
447
447
450
470
470
470
470
190
291
476
476
476
476
476
476
476
476
476
476
476
476
476
476
476
476
493
491
495
496
496
496
496
496
496
496
496
496
496
496
501
508
496
511
490
513
504
504
516
517
519
519
166
520
520
520
520
520
520
520
520
520
520
520
520
520
520
522
535
523
537
524
539
528
541
520
543
543
543
547
548
548
548
548
548
548
548
548
548
548
548
548
548
548
548
548
548
548
548
548
548
548
548
548
548
553
574
555
576
568
166
580
580
582
583
583
583
587
588
588
588
588
588
593
593
593
593
597
597
597
597
597
597
597
591
591
291
607
607
607
610
610
610
610
610
610
610
610
610
610
610
610
623
624
625
625
625
625
625
625
625
625
625
625
625
625
625
625
625
625
625
643
644
645
645
645
645
645
645
645
645
645
645
645
645
645
645
645
645
645
645
645
645
645
645
645
645
645
645
645
645
645
645
645
645
645
645
645
645
645
645
645
645
645
645
645
645
645
645
645
645
645
645
645
645
645
645
645
645
645
645
645
645
645
645
645
645
645
645
645
645
645
645
645
645
645
645
645
645
645
645
645
645
645
645
645
645
645
645
645
645
645
645
645
645
645
645
645
645
645
645
645
645
645
645
645
645
645
645
645
645
645
645
645
645
645
645
645
645
645
645
645
645
645
645
645
645
645
645
645
645
645
645
645
645
645
645
645
645
645
645
645
645
645
645
645
645
645
645
645
645
645
645
645
645
645
645
645
645
645
645
645
645
645
645
645
645
645
645
645
645
645
645
645
645
645
645
645
645
645
645
645
645
645
645
645
645
645
645
831
831
831
835
836
837
837
837
837
837
837
837
837
837
837
837
837
837
850
846
852
846
854
846
856
856
846
859
859
859
859
846
864
864
864
846
868
868
868
868
837
873
873
873
873
873
873
873
873
873
873
847
884
847
495
887
887
887
887
887
887
887
887
887
887
887
887
887
887
887
887
887
887
887
887
887
887
887
910
910
910
910
910
910
910
910
910
910
921
922
922
922
922
922
922
922
922
922
922
922
922
922
922
922
922
922
922
922
922
922
922
922
922
922
922
922
922
922
922
922
922
922
922
922
922
922
922
922
922
951
966
951
968
166
970
970
970
970
970
970
970
970
970
970
970
970
970
970
970
970
986
986
986
986
986
986
986
986
432
476
210
588
292
548
837
520
396
528
528
357
328
334
102
341
194
194
479
479
596
596
283
373
918
381
381
375
569
569
569
569
569
225
827
181
181
181
181
181
181
181
181
348
348
359
316
316
316
504
504
504
603
603
603
846
846
209
209
209
209
209
209
567
567
567
567
567
920
193
364
259
367
367
277
277
277
369
323
327
327
327
327
327
983
391
83
83
83
83
83
83
83
83
83
83
83
83
83
83
83
83
83
83
397
397
358
501
501
501
501
501
501
501
501
380
816
816
956
265
265
265
265
265
275
275
275
275
275
142
142
544
246
246
246
246
246
428
26
26
840
840
840
106
398
398
186
186
554
554
554
554
188
188
188
188
542
961
525
525
525
525
525
525
525
525
525
14
23
23
343
262
262
262
465
566
566
566
560
560
560
560
280
908
908
908
985
985
985
985
985
985
985
985
985
985
985
985
985
985
985
985
845
845
845
815
815
444
444
444
444
90
978
978
978
978
527
104
456
206
233
355
273
273
273
51
634
94
826
826
826
826
213
213
402
402
384
101
263
263
263
263
819
819
819
819
819
819
819
642
438
462
462
462
330
883
883
883
883
883
883
883
883
883
907
199
844
844
844
533
88
187
187
187
187
187
187
228
228
228
228
119
119
119
119
119
636
636
636
636
636
636
636
636
990
990
977
977
977
977
977
977
818
818
818
522
522
522
522
522
522
522
522
522
522
522
522
522
820
834
834
276
872
197
197
197
197
197
346
346
143
143
143
321
321
321
406
218
363
565
565
565
565
565
203
203
203
400
400
400
400
48
48
388
553
553
553
553
909
909
842
842
842
279
235
235
235
235
235
235
235
235
572
572
639
236
53
917
55
557
557
50
524
524
524
524
524
524
530
989
352
451
451
451
509
86
506
843
843
843
906
906
906
906
906
906
906
906
906
906
205
205
205
205
205
205
85
365
376
825
825
825
825
408
435
435
97
56
182
182
833
833
957
641
145
145
145
145
332
370
370
146
814
814
814
814
814
814
814
814
814
814
814
814
814
814
814
814
814
814
814
814
814
814
814
814
814
814
814
814
814
814
814
814
814
814
814
814
814
814
814
814
814
814
814
814
814
814
814
814
814
814
814
814
814
814
814
814
814
814
814
814
814
814
814
814
814
814
814
814
814
814
814
814
814
814
814
814
814
814
814
814
814
814
814
387
17
17
383
559
559
559
559
609
390
390
390
390
390
390
410
558
558
558
558
558
558
558
558
344
344
344
344
342
342
455
234
488
488
488
395
395
395
564
564
361
582
821
821
556
556
556
49
49
555
555
555
555
347
347
362
15
15
15
15
192
192
392
392
105
141
141
141
141
98
329
848
848
848
325
325
325
325
385
823
823
353
466
366
241
241
241
110
982
982
982
982
982
229
229
295
272
972
972
972
200
200
103
103
29
29
29
981
981
981
981
226
345
95
592
592
592
592
592
592
592
592
592
592
227
227
227
212
107
107
107
107
107
107
107
107
107
107
100
847
847
847
847
847
847
847
847
847
847
379
379
379
260
570
570
570
257
463
958
368
368
248
523
523
523
523
523
523
523
523
523
331
526
242
242
242
973
99
459
230
230
230
360
360
382
382
828
828
196
196
577
52
536
536
536
536
458
822
822
19
19
19
19
185
144
144
144
813
813
885
885
885
885
885
885
885
885
885
885
885
885
885
340
340
340
638
91
635
190
190
190
190
372
538
829
829
84
318
491
491
491
183
183
461
839
839
839
34
34
492
492
492
284
284
284
962
571
571
571
571
976
976
976
976
976
976
976
976
976
976
976
976
976
469
469
184
184
184
261
457
568
568
568
20
20
20
20
371
371
487
487
487
377
377
377
377
377
377
377
460
637
319
319
319
319
319
319
319
319
319
319
350
350
350
96
838
838
838
608
274
274
274
274
534
22
22
22
351
581
563
563
563
563
232
502
502
502
315
315
140
140
140
140
140
140
140
483
483
483
480
480
552
552
552
552
552
464
326
21
21
374
256
256
256
830
974
974
974
974
974
974
974
974
974
974
974
974
562
349
453
198
198
201
482
482
482
399
399
399
399
412
551
551
915
915
320
505
89
507
247
919
468
561
561
561
561
640
841
841
841
841
849
849
849
849
595
208
354
817
817
817
429
450
211
92
333
293
293
293
991
601
601
601
189
189
189
436
992
486
486
486
264
264
264
264
54
54
54
54
258
87
490
490
490
35
35
905
905
905
905
905
905
905
905
905
905
905
905
905
905
905
905
16
16
335
489
489
489
339
339
386
317
317
317
317
317
317
317
317
317
454
454
454
550
550
550
550
93
249
971
971
971
971
971
971
971
971
195
195
824
824
336
336
204
204
204
485
485
485
481
481
481
338
39
452
467
591
591
591
591
591
591
591
591
108
108
108
108
108
108
108
108
108
278
532
575
404
484
484
484
975
975
975
975
975
975
975
975
975
975
796
796
796
794
794
794
792
792
792
790
790
790
477
804
804
804
311
800
800
800
798
798
798
724
724
724
726
726
726
728
728
728
955
738
738
738
740
740
740
742
742
742
730
730
730
732
732
732
734
734
734
736
736
736
776
776
776
744
744
744
746
746
746
752
752
752
748
748
748
750
750
750
774
774
774
772
772
772
313
788
788
788
704
704
704
786
786
786
702
702
702
784
784
784
708
708
708
782
782
782
706
706
706
780
780
780
805
712
712
712
710
710
710
716
716
716
714
714
714
177
778
778
778
666
666
666
670
670
670
668
668
668
950
950
894
67
935
754
754
754
760
760
760
758
758
758
222
222
756
756
756
770
770
770
768
768
768
766
766
766
764
764
764
762
762
762
720
720
720
722
722
722
648
648
648
650
650
650
954
652
652
652
654
654
654
656
656
656
658
658
658
660
660
660
662
662
662
664
664
664
497
6
802
802
802
700
700
700
951
951
672
672
672
674
674
674
676
676
676
678
678
678
680
680
680
682
682
682
684
684
684
686
686
686
688
688
688
690
690
690
718
718
718
832
179
175
9
698
698
698
692
692
692
696
696
696
694
694
694
886
886
886
285
111
111
494
297
297
297
579
605
605
606
606
510
510
512
514
514
515
