1
2
3
3
3
3
3
3
2
10
10
10
10
10
10
2
17
17
17
17
17
17
2
24
24
24
24
24
24
2
31
31
31
31
31
31
2
38
38
38
38
38
38
2
45
45
45
45
45
45
2
52
52
52
52
52
52
2
59
59
59
59
59
59
2
66
66
66
66
66
66
2
73
73
73
73
73
73
2
80
80
80
80
2
85
85
2
88
88
2
91
91
91
91
91
91
2
98
98
98
98
98
98
2
105
105
105
105
105
105
2
112
112
112
112
112
112
2
119
119
119
119
119
119
2
126
126
126
126
126
126
2
133
133
133
133
133
133
2
140
140
140
140
140
140
2
147
147
147
147
147
147
2
154
154
154
154
154
154
2
161
161
161
161
161
161
2
168
168
168
168
168
168
2
175
175
175
175
175
175
2
182
182
182
182
182
182
2
189
189
189
189
189
189
2
196
196
196
196
2
201
201
2
204
204
204
2
208
208
208
208
2
213
213
2
216
216
216
2
220
220
220
220
220
220
2
227
227
227
227
227
227
2
234
234
234
234
234
234
2
241
241
241
241
241
241
216
213
204
201
88
85
247
