1
2
2
2
2
2
2
2
2
2
2
2
2
2
2
2
2
2
2
2
21
21
1
24
24
24
24
24
24
24
24
24
24
24
24
24
37
37
37
37
37
37
37
37
37
37
37
37
37
37
37
37
37
24
55
55
57
58
55
60
55
50
50
50
50
50
49
49
28
28
28
17
17
17
17
17
19
19
13
32
32
32
33
33
36
31
31
31
23
51
51
9
52
52
54
54
54
54
54
54
54
54
54
54
48
48
48
15
15
15
46
46
47
47
10
59
59
29
29
11
11
18
18
18
18
18
30
30
34
34
34
34
34
35
35
35
14
14
14
3
3
8
8
4
4
7
