1
2
2
2
2
2
2
2
2
2
2
2
2
2
2
2
2
2
2
2
21
21
1
24
24
24
24
24
24
24
24
24
24
24
24
24
24
38
38
38
38
38
38
38
38
38
38
38
38
38
38
38
38
38
24
56
56
58
59
56
61
63
64
64
64
64
64
64
64
64
64
64
64
64
64
64
64
64
64
64
64
64
64
64
64
64
64
64
64
64
64
64
90
56
82
82
82
83
83
83
29
29
29
17
17
17
17
17
19
19
90
90
90
90
33
33
33
85
85
34
34
37
32
32
32
14
14
14
79
79
79
52
52
9
78
78
78
60
60
53
53
76
93
93
93
86
86
87
87
80
81
81
81
92
92
47
47
48
48
10
91
11
11
31
31
35
35
35
35
35
51
51
51
51
51
50
50
94
94
89
89
84
84
84
84
84
23
88
88
13
55
55
55
55
55
55
55
55
55
55
49
49
49
77
15
15
15
30
30
18
18
18
18
18
36
36
36
4
4
3
3
8
8
7
95
