2
3
4
5
6
7
8
9
10
11
12
13
14
15
16
17
18
19
20
21
22
23
24
25
26
27
28
29
30
31
32
33
34
35
36
37
38
39
40
41
42
43
44
45
46
47
48
49
50
51
52
53
54
55
56
57
58
59
60
61
62
64
65
66
67
68
69
70
71
72
73
74
75
76
77
78
79
80
81
82
83
84
85
86
87
88
89
90
91
92
93
94
95
2
86
74
67
85
74
67
26
27
28
19
18
8
7
3
8
22
91
92
69
67
35
28
24
67
73
35
24
26
35
28
24
18
5
6
88
74
67
45
38
2
89
74
67
14
61
44
38
67
67
72
66
67
73
67
73
67
87
74
67
67
66
48
38
39
38
2
93
8
5
32
24
26
28
27
24
61
54
42
41
43
38
40
38
67
72
67
73
71
69
67
70
68
20
67
73
14
42
40
39
41
45
43
44
24
56
24
54
38
24
67
16
4
6
38
38
19
4
7
6
20
35
28
24
20
20
20
20
21
21
20
91
