1
2
2
2
2
2
2
2
2
2
2
2
2
2
2
2
2
2
2
2
2
2
2
2
2
2
2
2
2
2
11
32
12
34
13
36
2
38
40
41
41
41
41
41
41
41
41
41
41
41
41
41
41
41
41
41
41
41
60
60
60
60
60
60
60
60
41
69
69
69
69
69
69
69
69
41
78
78
78
78
78
78
78
78
78
42
88
91
40
92
92
92
92
96
96
96
10
10
10
10
10
10
20
12
24
24
24
24
24
50
50
50
50
8
8
8
8
8
8
7
7
7
7
7
7
67
67
67
67
67
76
76
76
76
76
82
25
25
25
25
23
23
23
23
23
23
74
74
26
55
55
55
66
66
66
84
85
85
85
85
22
53
53
51
51
51
51
9
9
9
9
9
9
54
54
6
6
6
6
6
6
58
58
58
58
58
13
95
95
56
56
56
56
56
5
5
5
5
5
27
11
15
15
15
15
15
15
83
83
21
19
33
16
16
16
16
16
16
89
14
14
14
14
14
14
14
14
65
65
65
65
86
17
17
17
17
17
17
52
52
18
18
18
18
57
57
57
57
37
75
75
94
94
94
35
87
59
59
59
98
93
93
93
68
68
68
68
68
68
61
61
62
43
47
79
79
64
64
45
49
49
