2
3
4
5
6
7
8
9
10
11
12
13
14
15
16
17
18
19
20
21
22
23
24
25
26
27
28
29
30
31
32
33
34
35
36
37
38
39
41
42
43
44
45
46
47
48
49
50
51
52
53
54
55
56
57
58
59
60
61
62
63
64
65
66
67
68
69
70
71
72
73
74
75
76
77
78
79
80
81
82
83
84
85
86
87
88
89
79
92
93
94
95
96
97
98
99
27
29
28
30
3
4
23
14
26
28
30
3
4
45
46
78
60
31
29
28
30
3
4
27
29
28
30
3
4
75
85
61
62
64
77
71
73
72
70
81
27
30
3
4
27
29
28
30
3
4
72
70
4
66
45
46
76
61
63
80
81
79
80
60
23
67
45
45
46
78
60
27
29
28
30
3
4
67
45
27
29
28
30
3
4
76
61
45
44
71
14
96
41
84
62
45
41
60
29
28
30
3
4
31
14
27
29
28
30
3
4
79
60
23
23
30
27
29
28
30
3
4
68
39
27
29
28
30
3
4
38
83
62
78
41
80
27
29
28
30
3
4
68
45
27
29
3
4
66
45
41
41
30
71
73
97
96
41
30
81
86
62
45
97
97
96
41
76
75
85
61
62
64
69
69
78
41
78
60
90
60
60
60
90
90
