1
2
2
2
2
2
2
2
2
2
2
2
2
2
2
2
2
2
2
2
2
2
2
2
2
2
2
2
2
2
2
2
2
2
2
2
2
2
2
2
2
2
2
2
2
2
2
2
2
2
2
2
2
2
2
2
2
2
2
2
2
2
2
2
2
2
2
2
2
2
2
2
2
2
2
2
2
2
2
2
2
2
2
2
2
2
2
2
2
2
2
2
2
2
2
2
2
2
2
2
2
2
2
2
2
2
2
2
2
2
2
2
2
2
2
2
2
2
2
2
2
2
2
2
2
2
2
2
2
2
2
2
2
2
2
2
2
2
2
2
2
2
2
2
2
2
2
2
2
2
2
2
2
2
2
2
2
2
2
2
2
2
2
2
2
2
2
2
2
2
2
2
2
2
2
2
2
2
2
2
2
2
2
2
2
2
2
2
2
2
2
2
2
2
2
2
2
2
2
2
2
2
2
2
2
2
2
2
37
210
43
212
54
214
68
216
2
218
218
218
218
218
218
2
225
225
225
225
225
225
231
232
2
234
125
236
126
238
2
240
132
242
242
168
245
169
247
171
249
2
251
251
251
2
255
255
255
255
33
260
34
262
71
71
266
267
267
267
267
267
267
267
267
267
267
267
267
267
267
267
267
267
267
267
267
267
267
267
267
267
267
267
267
276
296
277
298
278
300
267
302
292
255
275
275
275
275
275
275
275
275
275
275
275
35
153
175
82
82
82
148
113
179
195
131
131
131
131
60
60
60
60
118
107
108
198
172
151
93
59
59
59
59
59
59
59
59
59
101
246
54
54
91
40
144
202
276
119
119
119
119
119
119
119
119
119
119
119
133
52
52
102
294
294
294
294
235
235
235
235
201
163
187
116
283
283
283
283
283
283
283
283
127
127
127
127
154
181
103
120
120
192
51
51
138
138
57
57
57
57
168
168
182
203
132
132
132
132
132
132
132
132
97
231
231
231
231
231
136
136
194
71
71
71
88
98
273
273
273
273
273
273
273
273
273
273
288
288
288
288
288
288
288
288
288
288
288
290
61
66
66
66
66
106
158
67
39
68
68
68
68
208
271
271
271
271
271
271
271
271
271
271
271
271
124
124
124
62
206
206
206
223
223
223
186
186
186
145
145
145
145
145
145
185
73
87
280
280
280
280
280
280
280
280
280
280
280
109
122
297
297
297
143
282
282
282
282
282
282
282
282
282
282
282
282
48
184
199
199
45
37
37
105
166
197
142
142
142
142
142
196
170
170
170
170
230
230
230
230
230
230
230
230
303
162
94
79
134
134
277
190
190
190
70
70
70
123
123
123
123
123
123
46
46
42
128
128
38
38
174
177
137
178
193
112
152
250
287
254
254
111
257
161
161
161
274
274
274
274
274
274
274
274
274
274
274
274
155
89
167
200
44
44
44
44
44
44
44
159
278
173
205
69
64
64
146
207
90
284
243
301
301
301
81
149
149
259
299
299
299
50
169
169
169
169
169
169
169
211
211
53
53
248
248
248
129
189
41
285
141
141
289
289
289
289
289
289
289
289
289
289
289
292
292
292
292
135
272
272
272
272
272
272
272
272
272
272
272
272
272
117
115
115
115
115
115
115
115
115
125
43
43
43
43
43
43
43
43
43
43
43
43
43
43
43
43
165
165
176
139
183
78
78
74
74
99
204
80
80
77
77
209
110
180
180
49
258
55
85
270
270
270
270
270
270
270
270
270
270
270
291
291
291
291
291
291
140
140
156
96
130
130
130
130
130
130
286
114
114
56
56
56
56
121
281
281
281
281
281
281
281
281
281
281
281
281
188
188
188
279
279
279
279
279
279
279
279
279
279
279
279
279
147
147
147
147
147
63
63
63
100
36
36
36
36
36
36
36
36
36
36
150
92
104
224
224
224
224
47
157
157
65
65
65
65
75
95
228
4
