1
2
2
2
2
2
2
6
6
6
6
6
6
1
15
15
15
15
15
15
15
15
15
15
15
15
15
15
15
15
15
15
15
15
15
15
15
15
15
15
15
15
15
15
15
15
15
15
15
15
15
15
15
15
15
15
15
15
43
60
60
15
63
63
63
63
63
63
15
70
70
30
74
75
75
75
75
75
75
75
75
75
85
86
86
86
86
86
86
86
86
86
86
86
86
99
100
100
100
100
100
100
100
100
100
100
100
100
100
100
100
100
100
100
100
100
100
115
115
124
125
125
125
125
125
125
125
125
125
125
125
125
125
125
125
125
125
142
142
132
145
145
138
148
139
150
139
152
125
154
154
154
154
154
154
154
154
154
154
125
165
165
168
169
169
169
169
169
169
169
169
169
169
169
169
169
169
169
169
169
169
169
169
169
169
169
169
169
169
169
169
169
169
169
169
169
169
169
169
169
169
169
169
169
169
169
169
169
169
169
169
169
169
169
169
169
169
169
169
169
169
169
169
169
169
169
169
169
169
169
169
169
169
169
169
169
169
169
169
169
169
169
169
169
169
169
169
169
169
169
169
169
169
169
169
169
169
169
169
169
169
169
169
168
270
270
270
270
270
270
270
168
278
278
278
278
278
278
250
251
251
1
288
288
288
288
288
288
288
288
288
288
288
288
288
288
288
288
288
288
288
288
288
288
288
288
288
288
288
288
308
308
319
320
321
322
322
322
322
322
322
322
322
322
322
322
322
322
322
322
322
322
339
339
339
339
322
344
344
344
344
344
344
344
344
344
344
355
355
322
358
358
358
358
358
364
365
365
365
365
365
365
365
365
365
365
365
365
365
365
365
365
365
365
365
365
365
365
365
365
365
365
365
365
365
365
365
365
374
398
400
401
401
401
401
401
401
401
401
401
401
401
401
401
401
401
416
416
416
416
416
416
410
410
321
425
425
425
425
425
425
425
425
433
433
429
437
438
438
438
438
438
438
438
438
438
438
438
438
438
438
438
438
438
438
438
438
438
438
438
461
461
461
461
461
461
461
461
461
461
461
461
438
474
474
474
474
474
474
474
474
438
438
95
95
95
95
95
95
95
95
95
95
480
480
497
498
498
498
498
498
498
498
498
498
498
498
498
498
498
512
512
498
515
515
498
518
518
518
518
518
518
518
518
518
498
528
528
528
528
528
498
534
534
534
534
534
511
540
527
364
543
543
543
543
543
543
543
543
543
543
543
543
543
543
543
543
543
543
543
543
543
543
543
543
543
543
543
570
570
570
543
574
574
543
577
577
577
577
580
582
567
584
543
586
586
512
515
574
577
263
48
48
48
48
48
242
301
51
51
51
51
51
410
410
410
410
297
297
297
297
297
458
386
306
306
306
306
306
306
396
337
228
228
228
579
384
66
527
527
527
527
527
527
527
527
248
248
248
248
268
268
268
268
268
268
67
67
67
67
67
338
338
353
304
304
304
304
304
304
304
118
118
517
45
45
352
223
224
224
224
560
560
560
560
560
560
560
560
42
564
564
564
564
564
564
564
564
146
28
394
394
97
97
97
97
97
97
97
507
507
507
507
507
507
507
507
507
507
507
507
507
507
507
507
507
507
507
507
507
315
509
509
509
509
509
509
134
134
134
309
411
260
260
260
260
260
260
250
250
250
250
250
250
250
250
250
250
250
250
250
250
250
250
250
250
250
250
250
250
250
250
250
559
559
559
559
559
559
559
559
559
559
559
559
559
559
133
133
95
95
305
305
305
305
305
305
305
342
391
471
471
373
373
373
389
231
231
276
276
8
431
421
421
421
421
98
252
428
428
264
435
282
282
282
282
303
303
303
303
303
303
303
44
44
44
44
44
44
44
360
251
251
251
251
251
508
240
240
343
381
429
429
327
327
327
327
68
68
393
316
6
6
6
226
397
229
307
307
307
307
307
307
383
383
567
567
567
567
62
585
585
227
227
227
227
227
227
227
227
227
227
581
26
113
113
113
113
113
113
113
299
299
299
299
299
299
299
334
308
308
308
308
308
308
308
7
456
456
456
295
77
459
459
459
561
159
159
159
312
312
302
302
302
302
302
302
302
455
235
84
138
34
34
361
376
453
453
453
453
453
453
453
453
453
453
69
69
300
300
300
300
300
300
33
255
255
255
255
255
255
255
255
255
255
255
255
255
255
255
255
255
255
255
255
255
255
255
255
255
255
255
255
255
255
255
255
255
255
255
255
255
255
255
255
255
255
136
284
266
31
31
31
31
31
31
35
311
357
387
379
161
161
161
80
114
114
54
54
54
54
54
54
54
54
482
50
50
50
50
50
454
390
468
468
514
568
241
329
326
326
565
565
238
422
422
422
422
539
539
539
539
39
380
377
479
479
479
162
162
162
162
430
430
430
335
336
243
243
243
243
243
481
481
481
333
382
382
382
96
573
573
573
81
328
328
328
328
29
29
29
29
29
29
29
29
237
294
294
294
294
294
294
510
510
510
94
94
94
94
112
347
378
562
562
562
562
562
246
470
225
225
121
239
58
58
58
58
58
362
362
362
24
24
24
24
24
24
277
40
247
310
310
310
330
467
374
374
374
374
374
52
52
137
275
275
354
392
233
233
233
233
432
236
236
236
236
533
533
533
533
580
569
569
569
569
348
348
78
332
332
385
115
115
115
115
115
115
115
115
115
117
541
472
267
296
296
296
296
296
296
296
296
37
457
457
457
457
457
457
457
457
457
457
457
480
480
480
349
349
349
291
65
65
41
41
566
566
566
566
566
566
30
283
79
140
140
140
140
140
116
234
234
331
331
395
451
451
82
119
119
244
244
244
244
244
244
244
244
341
53
53
563
274
274
274
274
36
36
36
36
25
388
49
375
375
375
83
135
452
452
298
298
298
298
298
298
47
47
47
47
47
47
47
27
399
253
230
230
230
245
245
38
469
249
249
249
249
249
249
249
249
249
249
249
249
249
249
249
249
249
249
249
249
249
249
249
249
249
249
249
249
249
249
249
249
249
249
249
249
249
32
32
32
32
32
32
32
32
293
72
292
292
292
292
292
292
257
46
187
132
271
439
367
367
130
87
272
3
17
17
402
366
557
464
545
279
445
126
446
16
318
318
318
542
542
542
542
542
542
542
542
492
492
492
492
492
9
12
13
285
285
285
436
485
487
487
490
490
317
493
494
