1
2
2
2
2
2
2
2
2
2
2
2
2
2
6
16
8
18
8
10
13
23
24
24
24
24
24
24
24
24
24
24
24
24
24
24
24
24
24
24
24
42
44
24
24
23
48
48
48
48
48
48
48
48
48
48
48
48
48
48
48
48
48
48
48
67
68
69
69
48
48
74
75
75
75
75
75
75
75
75
75
82
85
85
85
89
90
90
90
90
90
94
96
98
98
94
94
94
94
94
94
94
94
94
94
94
94
94
94
94
94
36
15
8
19
40
81
33
35
32
32
32
32
32
80
80
62
62
12
12
82
82
82
82
82
82
56
9
60
60
93
57
42
94
94
94
11
65
65
14
61
43
43
43
43
54
54
54
54
10
38
41
41
41
59
66
66
7
13
13
13
13
39
55
34
37
46
47
72
73
20
21
22
22
100
100
101
101
102
105
106
111
111
111
