2
3
4
5
6
7
8
9
10
11
12
13
15
16
17
18
19
20
21
22
23
24
25
26
27
28
29
30
31
32
33
34
35
36
37
38
39
40
41
17
20
25
47
48
49
38
29
52
30
31
32
33
34
56
57
58
59
60
61
62
63
64
66
67
68
69
70
72
73
74
75
76
77
78
79
80
81
82
83
84
85
87
88
89
90
91
89
93
94
95
96
97
98
99
100
101
102
103
104
105
106
107
108
109
110
111
112
113
114
115
116
117
118
119
120
97
33
34
123
124
125
32
38
128
130
131
132
133
134
135
136
137
138
139
140
141
142
143
144
145
146
147
148
149
150
151
152
153
154
155
156
157
158
159
160
161
162
163
164
165
166
167
168
169
170
171
172
174
175
176
177
178
179
180
181
182
183
184
185
186
187
188
189
190
191
192
193
194
195
196
197
198
199
200
201
202
203
204
205
206
207
208
209
210
213
215
216
217
218
219
220
220
217
218
224
219
226
227
228
229
230
231
232
233
234
235
236
237
238
239
240
241
242
243
244
245
246
247
248
73
76
3
10
2
32
220
35
193
18
21
16
19
24
23
20
42
232
227
180
179
181
176
214
141
140
220
12
180
177
179
181
176
193
212
193
32
15
31
220
37
15
238
40
41
195
202
196
203
214
214
174
193
22
16
19
42
202
203
193
78
76
6
67
29
38
37
30
16
21
24
23
20
42
141
140
18
39
76
193
131
238
88
28
15
193
201
180
177
179
181
176
214
246
17
16
145
164
18
57
145
30
15
41
39
15
142
138
193
201
81
80
26
67
220
240
22
42
139
132
247
241
245
235
246
242
239
236
228
230
229
228
230
77
74
32
35
88
88
145
244
160
58
137
131
218
219
228
42
132
164
166
61
75
73
56
76
12
145
62
57
58
227
87
29
15
243
244
42
21
193
201
247
241
245
237
235
246
242
239
229
72
15
193
159
193
2
130
66
143
212
174
9
160
145
214
227
15
42
87
41
15
15
38
20
29
29
30
21
24
23
20
15
220
30
15
32
195
203
193
15
12
212
220
32
35
15
32
31
220
35
42
219
228
