2
3
4
5
6
7
8
9
10
11
12
13
14
15
16
17
18
19
20
21
22
23
24
25
26
27
28
29
30
31
32
33
34
35
36
37
39
40
41
42
43
45
46
47
48
49
51
52
53
54
55
57
58
59
60
61
63
64
65
66
67
69
70
71
72
73
75
76
77
78
79
81
82
83
84
85
86
87
89
90
91
92
93
95
96
97
98
99
101
103
105
107
109
110
111
112
113
115
117
119
121
123
124
125
126
127
129
130
131
132
133
135
136
137
139
140
141
142
143
145
146
147
148
149
151
152
153
154
155
157
158
159
160
161
163
164
165
166
167
168
169
171
172
173
174
175
176
177
179
180
181
182
183
184
185
187
188
189
190
191
192
193
195
196
197
199
200
201
203
204
205
206
207
208
209
210
211
212
213
214
215
216
217
218
219
220
221
222
223
224
225
226
227
228
229
230
231
232
233
234
235
236
237
238
239
240
241
242
243
244
245
246
247
248
249
250
251
252
253
254
255
256
257
258
259
260
261
262
263
264
265
266
267
268
269
270
271
272
273
274
275
276
277
278
279
280
281
282
284
286
288
289
290
291
292
293
294
295
296
297
298
299
300
301
302
303
304
305
306
307
308
309
212
242
268
267
265
224
225
212
212
212
239
255
256
3
212
263
295
267
265
212
212
212
239
219
212
212
255
239
255
256
3
212
296
212
295
239
219
212
214
223
274
272
212
263
295
300
238
3
255
239
255
256
3
212
236
256
3
212
239
219
212
303
239
256
3
212
252
212
219
255
212
239
255
3
212
239
255
256
3
212
212
239
219
255
212
302
295
300
267
212
255
212
239
255
256
3
212
255
212
239
255
256
3
212
239
255
256
3
212
296
295
268
212
212
212
212
5
7
6
237
256
3
7
212
268
238
272
268
219
296
212
256
3
212
212
267
214
212
212
239
219
212
239
212
255
256
3
212
269
270
239
219
255
212
256
3
212
214
255
212
212
255
212
268
238
212
268
255
256
3
212
239
3
212
263
302
295
239
219
256
212
256
3
212
212
252
268
219
255
212
239
255
256
3
212
239
255
256
3
212
239
255
256
3
212
212
256
3
212
269
270
212
212
212
239
255
256
3
212
255
212
214
239
255
256
3
212
240
296
212
212
295
212
3
212
239
