1
2
2
2
2
2
2
2
2
2
2
2
2
2
2
2
17
18
21
22
16
24
24
25
19
27
17
11
11
17
12
33
34
35
36
37
37
37
37
37
37
37
37
37
37
37
37
37
37
37
37
37
37
37
37
37
37
37
37
37
37
37
37
37
37
37
37
37
37
37
37
37
37
37
37
37
37
37
37
37
37
37
37
37
37
37
37
37
37
37
37
37
37
37
37
37
37
37
37
37
37
37
37
37
37
37
37
37
37
37
37
37
37
37
37
37
37
37
37
37
37
37
37
37
37
37
37
37
37
37
37
37
37
37
37
37
37
37
37
37
37
37
37
37
37
37
37
37
37
37
37
37
37
37
37
37
37
37
37
37
37
37
37
37
37
37
37
41
170
42
172
37
174
174
174
62
178
72
180
75
182
90
184
90
186
114
188
190
190
190
190
190
190
37
197
197
197
197
197
202
197
204
197
206
37
208
37
210
210
210
210
210
210
210
210
210
210
210
210
210
210
210
210
210
210
210
210
230
231
37
233
235
236
236
236
236
236
236
236
236
236
236
236
236
236
236
236
236
236
236
254
254
254
254
254
254
236
261
261
261
261
261
261
261
261
261
261
261
261
261
261
261
261
261
261
261
261
261
261
261
261
261
261
261
261
261
290
290
290
280
295
295
283
276
298
298
280
243
280
280
243
280
305
306
307
243
309
243
279
312
243
279
243
243
279
318
243
279
279
243
243
279
279
279
327
327
279
329
330
331
331
331
331
331
331
331
331
331
331
331
331
331
331
331
331
347
347
347
347
347
347
347
347
331
356
356
356
338
338
1
362
363
363
366
367
367
367
367
367
367
367
367
367
367
367
367
367
367
367
367
367
367
367
367
387
387
387
387
387
376
393
379
395
395
395
367
399
399
399
399
399
399
399
399
399
399
408
206
261
204
254
202
93
154
76
76
76
159
375
375
166
73
73
73
73
73
73
73
73
150
407
407
407
407
363
363
363
363
363
132
97
82
82
82
275
275
275
275
275
275
275
275
275
275
275
275
140
156
343
343
343
343
343
343
343
343
343
70
70
70
70
70
70
70
70
70
243
109
109
111
121
65
65
225
225
225
225
225
225
225
225
225
225
225
225
225
225
225
258
258
258
258
337
337
337
337
381
381
381
381
117
117
226
406
406
406
114
114
163
382
74
74
74
74
168
162
162
171
171
127
227
227
227
253
15
147
91
91
91
91
91
91
91
91
91
91
91
260
260
408
408
408
354
142
142
120
120
405
405
405
405
209
209
232
232
232
13
195
284
284
129
129
129
129
129
129
344
344
344
126
126
126
17
17
17
133
102
136
136
246
246
246
246
246
63
63
63
63
63
160
355
355
355
355
355
12
12
12
338
338
338
338
338
338
338
338
338
338
338
79
90
90
90
90
90
90
90
90
90
90
90
90
274
145
158
376
376
376
10
10
10
86
353
143
143
143
143
143
146
281
281
281
281
128
167
16
16
179
377
377
107
165
380
380
409
409
409
409
108
157
277
99
99
134
103
383
383
252
252
289
289
289
289
289
105
229
229
229
229
229
229
229
229
229
229
229
11
11
244
244
244
155
279
279
279
279
279
279
279
285
285
92
75
75
75
75
75
75
75
75
75
75
116
80
386
248
248
248
115
115
115
115
278
278
104
181
181
346
379
379
68
68
234
234
14
84
84
84
84
84
84
84
149
100
118
135
106
151
247
247
247
161
161
81
81
81
139
19
148
259
245
245
245
245
94
144
96
119
119
119
119
286
71
283
131
131
131
66
66
72
72
112
385
385
385
385
385
385
62
62
62
62
69
69
69
69
69
69
69
69
69
69
69
194
194
194
152
280
280
280
280
280
95
169
384
384
67
67
85
85
85
130
110
87
87
83
230
250
287
287
89
89
89
89
89
153
173
336
199
199
5
5
200
200
45
402
219
42
220
369
369
368
58
58
198
198
38
43
334
372
335
41
295
302
410
360
360
360
360
360
361
361
361
361
361
365
365
313
313
316
319
322
322
322
323
323
300
300
303
308
23
310
311
26
26
315
315
28
320
29
30
30
31
32
32
32
325
