2
3
4
5
6
7
8
9
10
11
12
13
14
15
16
17
18
19
3
5
23
6
7
10
26
11
28
29
30
31
32
12
15
13
37
38
39
40
41
42
43
44
45
46
47
48
49
50
51
52
53
54
55
56
57
58
59
60
61
62
63
64
65
66
67
68
69
70
71
72
73
74
75
76
77
78
79
80
81
82
83
84
85
86
87
88
89
90
91
92
93
94
95
96
97
98
99
100
101
102
103
104
105
106
107
108
109
110
111
112
113
114
115
116
117
118
119
120
121
122
123
124
125
126
127
128
129
130
131
132
133
134
135
136
137
138
139
140
141
142
143
144
145
146
147
148
149
150
151
152
153
154
155
156
157
158
159
160
161
162
163
164
165
166
167
168
169
170
171
172
173
174
175
176
177
178
179
180
181
182
183
184
185
186
187
188
189
191
192
193
194
195
196
197
198
199
200
201
202
203
204
205
206
207
208
209
210
211
212
213
214
215
216
217
218
219
220
221
222
223
224
225
226
227
228
229
230
231
232
233
234
236
237
238
239
240
241
242
243
244
245
246
247
248
249
250
251
252
253
254
255
256
257
258
259
260
261
262
263
264
265
266
267
268
269
270
271
272
273
274
275
276
277
278
279
280
281
282
283
284
285
286
287
288
289
290
291
292
293
294
282
283
296
297
277
278
299
300
301
302
303
304
243
239
247
308
248
310
311
258
313
314
315
316
317
262
319
320
321
322
323
324
325
326
267
268
328
275
331
332
333
334
335
336
337
338
339
340
341
342
343
344
345
346
347
348
349
350
351
352
353
354
355
356
357
358
359
360
361
362
363
364
365
367
368
369
370
371
372
373
374
375
376
377
378
379
380
381
382
383
384
385
386
387
388
389
390
391
392
393
394
395
396
397
398
399
400
401
402
403
404
405
406
407
408
409
410
197
236
197
236
197
48
55
128
37
37
55
374
373
57
74
48
47
46
49
37
174
37
55
168
402
37
37
17
13
10
11
2
54
48
84
83
49
279
339
278
277
285
265
271
270
266
262
264
331
44
55
345
346
344
357
358
359
333
332
356
98
82
225
148
74
58
38
37
37
331
113
48
48
197
66
37
212
48
61
215
224
47
213
46
217
53
216
49
211
214
37
339
255
256
331
333
334
332
347
372
37
37
399
51
38
211
402
37
37
113
48
80
385
234
37
174
233
59
79
102
156
37
47
228
213
214
240
6
52
73
88
92
89
61
218
60
219
58
37
37
255
256
407
37
37
347
370
55
121
197
404
400
401
403
128
37
227
213
214
6
193
250
285
79
218
219
58
53
38
252
336
236
131
99
46
3
7
20
134
47
136
134
250
240
238
237
239
79
64
38
37
37
55
351
352
348
349
350
5
3
6
247
243
244
335
351
334
352
336
348
349
350
47
73
99
120
89
61
218
60
199
219
58
37
37
264
52
55
374
371
373
4
6
8
48
347
218
219
58
37
37
52
283
284
262
264
47
60
6
7
37
371
372
49
56
372
399
402
400
401
403
48
71
268
100
48
136
102
372
399
240
239
288
271
269
270
290
49
230
129
48
218
220
224
47
221
219
58
49
3
6
236
261
254
55
283
289
281
276
284
267
290
273
272
108
61
45
39
221
50
58
60
55
44
174
51
46
371
243
246
331
127
120
45
200
276
268
49
67
37
332
380
372
70
37
37
174
8
86
87
85
225
47
46
58
55
101
118
136
49
55
243
246
331
79
102
51
221
58
47
11
51
255
240
239
242
241
48
52
48
51
57
52
56
269
38
267
79
54
38
67
37
37
37
48
383
407
400
401
403
399
79
108
37
37
86
74
85
225
47
46
58
49
38
37
37
191
193
192
55
289
250
281
263
264
48
59
372
399
70
37
48
49
55
53
48
88
48
49
212
250
286
280
218
219
58
220
37
55
37
236
197
204
20
20
197
206
174
37
37
37
37
367
367
367
210
210
197
202
37
37
347
399
236
37
267
283
37
247
335
352
334
347
243
335
351
334
347
17
11
339
271
278
277
238
271
270
238
270
279
271
271
243
7
243
289
11
7
339
256
3
283
6
3
6
7
5
3
6
267
