1
2
2
2
2
2
2
2
2
2
2
2
2
2
2
2
11
11
12
12
22
23
23
23
23
23
23
23
23
23
23
23
23
23
23
23
23
23
23
23
23
23
23
23
23
23
23
23
23
23
23
43
54
54
54
23
58
58
58
32
32
64
65
65
65
65
65
65
65
65
65
65
65
65
77
71
71
71
82
83
83
83
83
83
83
83
91
88
93
94
94
94
94
94
94
94
94
94
94
94
94
94
94
94
94
48
48
10
10
98
98
45
45
87
33
15
15
15
15
15
47
47
47
47
47
47
47
47
90
90
73
106
29
36
37
69
69
34
68
68
99
40
89
89
101
16
32
32
32
32
32
32
107
39
39
39
39
39
46
103
14
43
105
31
74
30
30
30
44
44
41
41
51
102
71
71
71
71
9
9
9
70
70
72
75
35
35
35
35
35
35
35
35
35
35
35
35
49
49
38
12
12
12
76
100
104
50
50
108
88
88
88
13
11
11
11
11
42
24
95
67
5
62
62
18
19
79
20
21
92
92
92
