2
3
4
5
6
7
8
9
10
11
12
13
14
15
16
17
18
19
20
21
22
23
24
25
26
27
28
29
30
31
32
33
34
35
36
37
38
39
40
41
42
43
44
45
46
47
48
49
50
51
52
53
54
55
56
57
58
59
60
61
62
63
64
65
66
67
68
69
70
71
72
73
74
75
76
77
78
79
80
81
82
83
84
85
86
87
88
89
90
91
92
93
94
95
96
97
98
99
100
101
102
103
104
105
106
107
108
109
110
111
112
113
114
115
116
117
118
119
120
121
122
123
124
125
126
127
128
129
130
131
132
133
134
135
90
137
139
140
141
142
143
144
145
146
147
148
149
150
151
152
153
154
155
156
157
158
159
160
161
162
163
164
165
166
167
168
169
170
171
172
173
174
175
176
177
178
179
180
181
182
183
184
185
186
187
188
189
190
191
192
193
194
195
196
197
198
199
200
201
202
203
204
205
206
207
208
209
210
211
212
213
214
215
216
217
218
219
220
221
222
223
224
4
78
163
173
173
10
109
182
178
180
183
181
179
10
7
148
214
208
215
216
187
184
185
163
165
164
173
173
163
173
173
148
214
220
207
187
184
185
15
7
4
205
120
119
119
10
114
79
4
96
14
7
78
148
214
210
218
219
187
184
185
205
4
130
122
64
140
139
10
7
10
7
10
7
116
128
127
127
10
7
62
167
173
14
7
10
166
173
173
14
7
4
121
212
148
214
223
220
187
184
185
83
65
10
7
6
5
119
119
92
61
63
111
127
127
14
7
4
36
115
10
86
18
109
90
4
90
14
7
28
14
7
102
173
88
14
26
7
204
10
4
156
173
173
148
214
206
187
184
185
4
163
156
173
173
10
7
148
214
213
220
224
187
184
185
165
173
72
205
148
214
208
215
216
187
184
185
82
81
10
7
175
174
204
37
36
7
4
70
10
7
173
118
173
222
23
165
173
173
14
26
7
117
173
163
166
173
173
37
100
185
186
37
7
151
157
150
149
144
142
143
141
145
173
205
14
7
4
5
148
214
220
211
221
187
184
185
10
145
166
173
173
129
10
68
205
7
4
204
25
95
85
65
153
154
152
155
173
148
214
217
209
187
184
185
128
129
158
161
159
162
160
173
4
16
7
4
5
21
120
121
7
117
184
58
127
119
139
139
90
90
4
