1
2
2
2
2
2
2
2
2
2
2
2
2
2
2
2
2
2
2
2
2
2
2
2
2
2
2
2
2
2
31
31
31
31
31
31
38
38
38
38
38
1
39
39
39
39
39
39
39
39
39
39
39
39
39
39
39
39
39
39
39
39
39
39
39
39
39
39
39
39
39
39
69
69
72
73
74
74
74
74
74
74
74
74
74
74
74
74
74
73
88
88
88
88
88
88
88
88
88
88
88
88
88
88
88
88
88
104
106
88
108
108
108
108
108
108
108
108
108
108
108
108
108
108
108
123
123
123
88
127
127
127
127
127
127
127
88
135
135
135
79
79
79
79
79
122
145
146
146
146
146
146
146
146
146
146
146
146
146
146
146
146
146
146
146
146
146
146
146
146
146
146
146
146
146
146
146
146
146
146
146
146
146
146
146
146
146
146
146
146
146
146
146
192
192
195
196
196
198
198
198
198
198
198
198
198
198
198
198
198
198
198
198
196
214
214
214
196
218
218
218
196
222
222
222
222
222
222
222
222
222
222
222
222
222
222
222
222
222
222
241
1
242
242
242
242
242
242
242
242
242
242
242
242
242
242
242
242
242
242
242
242
242
242
242
242
242
242
242
251
270
252
272
253
274
242
276
248
250
255
255
266
256
257
285
286
286
286
286
290
74
19
19
81
81
81
81
81
122
133
133
227
250
250
250
250
250
250
21
21
57
116
116
116
225
64
252
203
165
165
165
23
23
23
23
23
23
23
23
23
169
174
187
212
84
84
84
84
84
184
136
136
136
239
55
164
164
58
58
97
97
97
97
97
97
97
97
59
59
262
53
53
53
249
249
249
249
249
249
181
79
79
79
132
132
132
163
163
107
107
27
27
228
253
37
37
37
37
37
230
186
251
229
175
175
180
180
98
98
98
98
98
98
98
172
172
172
234
208
121
121
121
121
200
259
49
49
49
49
49
49
49
49
54
54
179
179
179
22
22
258
258
258
258
71
71
65
66
66
82
82
82
82
178
178
178
275
86
86
115
115
273
101
137
137
63
171
171
207
51
51
51
30
30
30
30
30
30
30
30
30
30
30
288
114
114
194
61
260
100
159
159
159
159
159
159
177
177
87
87
87
87
233
264
264
264
264
264
206
62
50
50
50
50
50
50
50
50
50
248
248
248
248
248
162
162
162
247
247
247
247
247
247
68
68
96
96
213
263
263
263
263
263
263
25
25
25
25
265
67
67
105
168
183
183
183
183
183
183
99
185
185
185
185
185
185
185
185
52
138
138
138
219
237
173
158
176
176
18
18
161
161
246
246
246
246
246
246
102
20
20
20
20
20
20
20
20
70
70
70
70
70
70
70
70
70
188
17
17
17
17
17
17
17
104
104
104
104
104
104
83
83
83
83
83
83
83
83
83
83
83
224
210
167
245
245
245
245
245
231
60
204
255
255
255
255
255
255
238
160
160
160
261
232
205
56
56
56
117
117
271
256
256
256
256
256
256
254
254
254
254
254
254
254
254
85
257
257
257
257
257
257
26
26
26
26
26
26
26
26
26
26
118
118
118
118
118
118
118
235
202
134
134
80
80
80
236
120
119
131
131
166
166
166
166
166
166
166
170
170
197
197
197
226
182
182
182
182
182
182
211
103
103
103
103
103
103
103
201
209
3
128
128
16
12
40
40
13
75
112
139
140
278
278
141
279
279
142
143
281
281
283
283
144
284
284
