1
2
2
2
2
2
2
2
2
2
2
2
2
2
2
2
2
2
2
2
2
2
2
2
2
2
2
2
2
2
2
2
2
2
2
2
2
2
2
2
2
2
2
2
2
2
2
2
2
2
2
2
2
2
2
2
2
2
2
2
13
62
2
64
64
64
64
40
40
41
29
29
31
31
67
17
63
28
30
30
30
30
30
32
32
32
32
32
34
34
34
34
47
49
51
51
51
41
41
41
39
39
39
39
39
39
19
40
40
40
40
44
44
44
44
45
45
45
37
37
26
42
68
55
25
25
25
25
25
25
25
33
27
27
27
53
15
15
15
15
15
15
54
54
24
35
35
20
52
50
69
69
