2
3
4
5
6
7
8
9
10
11
12
13
14
15
17
18
19
20
21
22
23
24
25
26
27
28
29
30
31
32
33
34
35
36
37
38
39
40
41
42
43
44
45
46
47
48
49
50
51
52
53
54
55
56
57
58
59
60
61
62
63
64
65
66
67
68
69
70
71
72
73
75
57
77
78
79
17
20
52
18
54
3
18
46
24
17
18
46
39
24
74
41
20
19
54
4
23
38
4
25
44
64
54
15
4
43
40
20
18
20
17
54
15
4
18
54
4
3
53
54
15
4
3
35
8
19
20
18
42
40
41
20
57
37
23
18
18
18
74
18
51
26
9
4
3
20
64
57
74
74
