2
3
4
5
6
7
8
9
10
11
12
13
14
15
17
18
19
20
21
22
23
24
25
26
27
29
30
31
32
33
34
35
36
37
38
39
40
41
42
43
44
45
46
47
48
49
50
51
52
53
54
55
56
57
58
59
60
61
62
63
64
65
66
67
68
69
70
71
72
73
74
75
76
77
78
79
80
81
82
83
84
85
86
87
88
89
90
91
92
93
94
95
96
97
98
99
100
101
102
103
104
105
106
107
108
109
110
111
112
113
114
115
116
117
118
119
120
121
122
123
124
125
126
127
128
129
130
131
132
133
134
135
136
137
138
139
140
141
142
143
144
145
146
147
149
150
151
152
153
154
155
156
157
158
159
160
161
162
163
164
165
166
167
168
170
171
172
173
175
176
177
179
180
181
182
183
184
185
185
70
123
68
61
65
67
59
66
64
62
42
58
30
60
43
83
52
42
61
89
162
102
103
78
160
161
153
156
159
152
154
151
29
29
48
2
180
182
181
62
33
166
100
87
29
104
73
63
120
60
37
166
5
71
155
152
151
162
161
157
152
151
33
34
61
60
57
84
85
52
53
32
101
72
56
37
61
65
41
50
66
62
60
64
39
43
57
49
158
58
49
60
33
31
46
57
51
30
58
14
3
182
181
65
40
36
4
45
56
75
76
125
56
37
46
44
51
45
34
52
53
42
38
35
36
73
54
72
30
63
41
33
47
39
43
57
40
49
55
39
46
104
72
56
60
62
43
61
41
57
49
50
20
19
75
105
102
107
33
56
60
51
49
69
102
33
49
6
5
3
34
4
30
59
71
52
59
38
2
79
37
46
68
61
44
34
52
53
36
69
54
30
63
65
67
41
50
70
33
66
39
60
62
64
57
49
63
70
20
19
18
65
33
36
53
83
53
2
29
149
61
67
