2
3
4
5
6
7
8
9
10
11
12
13
14
15
16
17
18
19
20
21
22
23
24
25
26
27
28
29
30
31
32
33
34
35
36
37
38
39
41
42
43
44
45
46
47
48
49
50
51
52
53
54
55
56
57
58
59
60
61
62
63
64
65
66
67
68
69
70
71
72
73
74
75
76
77
78
79
80
81
82
83
84
85
86
87
88
89
90
91
92
93
94
95
96
97
98
99
100
101
102
103
104
105
106
107
108
109
110
111
112
113
114
115
116
117
118
119
120
121
122
123
124
125
126
127
128
129
130
131
132
133
134
136
137
138
139
140
141
142
143
144
145
146
147
148
149
150
151
152
153
154
155
156
157
158
159
160
161
162
163
164
165
166
167
168
169
170
171
172
173
174
175
176
177
178
179
180
181
182
183
184
185
186
187
188
189
190
191
192
193
194
195
196
197
198
199
200
201
202
203
204
205
206
207
208
209
210
211
212
213
214
215
216
217
218
219
220
221
222
223
224
225
226
227
228
229
230
232
149
189
190
202
222
239
240
241
242
243
244
245
246
247
248
249
250
251
252
253
254
255
256
257
258
259
260
261
262
263
264
265
266
267
268
269
270
271
272
273
274
275
276
277
279
280
281
282
283
284
285
286
287
288
289
290
291
292
293
294
295
296
297
298
299
300
301
302
303
304
305
306
307
308
309
310
311
312
313
314
315
316
317
318
319
320
321
322
323
324
325
326
327
328
329
330
331
332
333
334
335
336
337
338
339
340
341
342
343
344
345
346
347
348
349
350
351
352
353
354
355
356
357
358
359
360
361
362
363
364
365
366
367
368
369
370
371
372
373
374
375
376
377
378
379
380
381
382
383
384
385
386
387
388
389
390
391
392
393
394
395
396
397
398
399
400
401
402
403
404
405
406
407
408
409
410
411
412
413
414
415
416
417
418
419
420
421
422
423
424
425
426
427
428
429
430
431
432
433
434
435
436
437
438
440
441
442
443
444
445
446
447
448
449
450
451
452
453
454
455
456
457
458
459
460
461
462
463
464
465
466
467
468
469
470
471
472
473
474
475
476
477
478
479
480
481
482
483
484
485
486
487
488
489
490
491
492
493
494
495
496
497
498
499
500
501
502
503
504
505
506
507
508
509
510
511
512
513
514
450
469
486
490
497
498
502
2
112
150
350
43
52
54
287
283
283
459
453
454
153
53
287
283
287
283
223
49
136
150
41
49
48
58
283
427
428
380
424
459
454
448
459
112
451
166
195
144
287
283
444
448
74
291
293
73
116
111
104
321
451
445
345
49
269
49
447
445
54
478
445
446
294
49
50
48
49
444
449
89
334
70
88
333
71
49
42
55
43
52
54
57
48
287
283
49
43
485
445
115
150
154
93
49
283
400
22
395
389
425
112
150
270
271
150
41
450
472
445
454
112
150
16
287
283
240
244
246
283
272
245
287
283
382
397
12
486
445
283
41
445
454
143
283
480
90
92
451
445
444
450
425
54
120
150
90
214
92
149
143
150
142
144
156
376
433
431
155
149
283
459
112
451
287
283
287
283
19
290
49
52
283
283
38
11
34
142
145
115
150
49
46
48
287
283
12
93
48
287
283
195
80
150
283
442
450
112
150
213
143
142
152
376
377
388
378
381
387
459
112
451
47
177
175
176
141
158
157
138
137
144
140
151
143
142
153
155
139
300
299
282
283
41
453
453
143
504
172
49
136
443
389
79
445
496
445
283
298
427
429
402
380
375
382
383
374
385
384
424
116
111
188
104
321
143
150
445
17
454
156
143
386
107
310
80
52
208
207
108
150
144
283
61
287
283
240
241
62
112
150
287
283
143
287
283
459
112
451
283
195
144
283
287
283
77
143
150
144
16
3
6
143
301
302
287
283
445
454
144
87
49
43
50
448
54
156
283
112
150
429
375
380
374
379
424
200
203
198
49
43
136
149
287
283
400
395
20
389
226
49
136
281
283
287
283
397
12
85
316
86
43
64
52
57
427
429
430
380
375
377
376
374
379
424
144
57
155
154
251
252
429
395
380
386
388
378
381
424
283
57
287
283
147
152
58
44
153
459
453
352
283
144
111
208
334
348
150
287
283
243
459
112
451
253
287
283
63
112
150
489
469
155
115
150
292
286
281
284
302
283
425
144
43
48
283
459
112
451
143
144
154
300
104
301
281
41
287
283
283
240
243
427
429
401
402
380
424
18
287
283
240
243
242
487
489
292
52
46
62
63
59
60
45
51
61
43
53
58
44
279
80
150
144
283
287
285
283
284
373
41
208
120
212
143
150
146
144
153
155
156
429
375
380
374
379
424
5
4
287
283
287
283
469
60
283
326
487
452
287
283
306
386
387
5
3
6
453
283
283
459
453
248
274
270
81
42
55
43
57
51
143
148
204
152
144
459
112
451
397
12
397
12
181
180
182
179
176
373
454
143
142
152
445
52
279
176
459
112
451
6
376
386
378
387
254
240
243
425
34
35
80
49
48
57
287
283
317
43
52
46
57
82
83
43
56
459
470
445
452
287
283
283
446
283
445
16
3
6
94
42
43
56
452
112
150
84
283
500
91
499
483
72
454
450
447
453
451
445
444
452
449
454
33
287
283
144
152
67
54
287
283
48
13
142
147
287
283
143
36
8
3
4
149
287
283
459
112
451
193
91
77
217
99
192
194
191
72
148
144
151
145
156
149
143
142
150
155
153
54
46
77
143
150
144
224
143
156
306
283
458
445
9
3
7
50
283
15
14
459
472
473
474
470
445
452
448
450
287
283
389
305
304
400
395
21
389
242
241
175
144
155
287
283
287
283
147
382
156
287
283
287
283
283
143
283
425
147
287
283
454
459
112
451
155
269
269
424
41
392
33
33
279
41
43
3
254
