1
2
2
2
2
2
2
2
2
2
2
2
2
2
15
15
15
15
21
22
22
22
22
22
22
22
31
32
32
32
32
32
32
32
35
35
35
35
44
45
45
45
45
45
45
45
45
50
54
52
55
58
59
59
59
59
59
59
59
59
59
59
59
59
64
63
74
75
75
75
75
75
75
75
75
75
75
75
75
75
75
75
75
75
75
75
75
75
75
75
75
75
75
75
75
75
75
75
75
75
75
75
75
75
75
75
75
75
75
75
75
75
75
75
75
75
75
75
75
75
75
75
75
75
75
75
75
75
75
75
75
75
75
75
75
75
75
75
75
75
75
75
75
75
75
75
75
75
75
75
75
75
75
75
75
75
75
156
166
75
168
164
170
75
172
75
174
174
174
174
174
174
174
174
174
75
184
184
184
184
184
184
184
184
184
75
194
75
196
196
196
196
196
75
202
202
202
202
202
202
202
202
75
211
211
211
211
211
211
211
211
211
211
211
75
223
223
223
223
223
223
75
231
233
136
235
134
134
134
131
136
136
138
138
138
138
138
137
145
145
148
251
148
44
253
253
253
253
253
253
253
253
253
253
253
262
265
265
265
265
265
265
265
265
253
274
274
274
274
262
262
58
281
281
281
281
281
281
287
290
31
291
291
291
291
291
291
291
291
291
291
291
291
291
291
291
306
291
44
309
309
309
309
309
309
309
309
318
319
320
320
320
320
320
320
320
320
320
320
320
320
320
320
320
320
320
320
320
320
320
320
320
320
320
320
320
320
320
320
350
320
44
353
353
353
353
353
353
357
360
357
362
357
364
358
366
358
368
358
370
359
372
359
374
359
376
358
379
380
380
380
380
380
380
380
380
380
380
380
380
380
380
380
380
380
380
380
380
380
393
393
44
404
404
404
404
404
404
404
404
404
404
404
404
404
404
404
404
404
404
404
404
404
404
404
404
404
404
404
427
432
428
434
404
436
436
436
436
436
404
442
442
442
442
442
442
442
442
442
442
314
454
393
393
430
430
315
169
219
219
384
189
189
189
189
449
449
449
449
449
259
259
386
29
153
133
9
9
9
385
201
382
191
423
423
423
423
12
12
12
12
12
209
52
52
52
52
52
52
52
52
68
262
262
262
262
262
262
262
262
262
262
441
441
441
53
53
53
53
180
260
260
427
427
126
343
302
302
302
302
302
302
302
302
381
220
220
63
27
439
439
439
138
138
138
138
138
138
138
138
138
138
199
392
152
152
152
152
152
152
152
152
431
431
431
431
284
284
284
284
316
146
146
304
304
304
400
26
181
357
357
357
357
357
357
357
357
357
357
357
357
357
357
271
394
349
148
148
148
148
148
148
148
50
50
50
50
50
50
141
450
450
450
450
14
14
14
14
171
345
317
317
317
317
391
391
348
210
7
7
7
221
221
221
221
221
221
207
207
207
286
346
452
452
341
451
124
124
124
124
124
124
124
124
124
124
124
124
124
124
124
124
124
124
124
124
124
124
124
124
124
124
124
162
162
359
359
359
359
359
359
359
173
173
173
144
144
144
144
144
158
158
158
158
158
192
387
142
142
142
131
131
131
131
131
131
131
131
131
131
131
421
421
421
421
421
421
421
421
421
421
421
421
49
49
49
347
10
10
208
397
164
164
164
164
164
164
164
164
164
164
164
425
35
35
35
35
127
127
127
127
127
127
127
127
127
127
127
127
205
205
358
358
358
358
358
358
358
426
426
426
426
426
426
426
426
426
426
426
426
426
426
426
426
426
426
426
426
285
285
285
285
200
193
303
440
440
440
222
222
222
222
222
222
383
143
143
136
136
136
136
136
136
136
136
136
136
389
19
19
19
139
139
139
139
139
139
139
420
305
305
305
340
340
340
340
340
340
340
340
340
340
340
137
137
137
137
137
137
137
190
125
125
125
388
390
135
135
135
135
135
135
135
51
51
51
51
51
51
51
51
51
428
428
428
428
313
313
313
55
55
145
145
145
145
145
145
145
145
145
145
145
145
145
145
145
145
145
145
145
145
145
272
272
272
272
272
272
272
272
272
261
261
261
150
150
150
150
150
206
206
156
156
156
156
156
156
165
263
263
263
128
128
134
134
134
134
134
134
134
134
134
134
195
195
155
155
155
179
179
179
424
424
422
278
278
278
399
198
157
157
157
157
157
157
157
149
149
149
149
147
147
182
140
140
140
140
161
160
8
8
13
13
13
13
183
183
183
342
398
151
151
151
314
314
28
34
34
130
132
132
132
132
132
132
132
344
273
273
273
435
435
435
435
435
435
435
435
301
301
437
212
212
212
283
438
275
275
275
275
443
96
96
96
213
213
310
112
112
109
282
266
218
276
108
108
312
99
97
97
97
119
230
279
234
234
280
280
236
236
236
57
57
237
238
238
239
239
239
240
240
240
241
241
242
242
242
242
243
243
243
243
244
244
244
244
378
245
245
245
245
247
308
73
352
248
248
249
249
250
250
250
250
252
252
252
252
252
453
453
453
453
