1
2
2
2
2
2
2
2
2
2
2
2
2
2
2
2
18
19
20
20
20
20
20
20
20
20
20
20
20
20
20
20
20
20
20
20
20
20
20
20
20
20
20
20
20
20
20
20
20
20
20
20
20
20
20
20
20
20
20
20
20
20
20
20
20
20
20
20
20
20
20
20
20
20
20
20
20
20
20
82
83
84
84
84
84
84
84
84
84
84
84
84
84
84
84
84
84
84
84
84
84
84
84
84
84
84
84
84
111
113
114
115
115
115
115
115
115
115
115
115
125
114
126
126
126
126
126
126
126
126
126
126
126
126
126
126
126
126
126
138
144
139
146
140
148
140
150
150
145
154
155
155
155
155
155
158
158
163
164
164
164
164
164
164
164
164
164
164
164
164
164
164
164
164
181
182
183
184
184
187
188
189
189
189
189
189
189
189
189
189
189
189
189
189
189
189
189
189
189
189
189
189
189
189
189
189
189
189
189
189
189
203
221
222
222
222
222
222
222
222
222
222
222
222
222
222
222
222
222
222
222
222
222
222
222
222
222
222
222
222
222
222
222
222
222
222
222
222
222
222
222
222
222
222
222
222
222
222
222
222
222
222
222
222
222
222
222
222
222
222
222
222
222
222
222
222
222
222
222
222
222
222
222
222
222
222
222
222
222
222
222
222
222
222
222
250
305
305
305
305
305
305
268
313
314
314
314
314
314
314
314
314
314
314
314
314
314
314
314
314
314
314
314
314
314
314
314
337
337
337
337
337
337
337
337
337
337
337
337
350
351
352
353
163
354
354
354
354
354
354
361
362
363
364
365
365
365
365
365
365
365
365
365
365
365
365
365
379
380
381
381
381
381
381
381
381
381
381
381
381
381
381
381
388
396
381
398
398
398
398
398
398
405
406
407
407
407
407
407
407
407
407
407
407
407
407
407
420
420
420
420
420
420
420
420
420
420
420
420
420
420
420
420
437
438
439
439
439
439
439
439
439
439
439
439
439
439
439
439
439
439
439
439
458
459
460
461
461
461
461
461
461
461
461
461
461
461
461
461
461
461
461
461
461
461
461
461
461
461
461
461
461
461
461
461
461
461
461
461
461
461
461
461
461
461
461
461
461
461
461
461
461
461
461
461
461
461
461
461
461
461
461
461
461
461
461
461
461
461
461
461
461
461
461
461
461
461
461
461
461
461
461
461
461
461
461
461
461
461
479
545
494
547
494
549
494
551
494
553
494
555
557
558
558
558
558
558
558
558
558
558
558
558
558
558
558
558
558
558
558
558
558
558
558
558
558
558
558
558
558
558
588
589
590
591
114
592
592
592
592
592
592
592
592
592
592
592
592
592
592
592
592
592
592
592
592
592
592
592
592
592
592
592
592
592
592
592
592
592
592
592
592
592
592
592
592
592
592
592
592
592
592
592
592
592
592
592
592
592
592
592
592
592
592
592
592
592
592
592
592
592
592
592
592
592
592
592
592
592
592
592
592
592
592
592
592
592
592
592
592
592
592
592
592
592
592
592
592
613
685
617
687
647
690
691
691
691
691
691
691
691
691
691
691
691
691
691
691
691
691
691
691
697
710
697
712
697
714
697
716
697
718
697
720
722
83
723
723
723
723
723
723
723
723
723
723
723
723
723
723
723
723
723
723
723
723
735
744
737
746
741
748
742
750
743
752
723
754
754
754
754
754
741
686
154
762
762
762
762
762
762
762
762
770
770
773
774
774
774
774
774
774
774
774
774
774
774
774
774
774
774
783
790
792
793
794
794
794
794
794
794
794
794
794
794
794
794
794
794
794
794
794
794
794
794
794
794
794
794
794
794
794
794
794
794
794
794
794
794
794
794
794
794
794
794
794
794
794
834
840
841
841
841
845
846
847
557
848
848
848
848
848
848
848
848
848
848
848
848
848
848
661
393
865
163
866
866
866
866
866
866
873
874
875
83
876
876
876
876
876
876
876
876
876
876
876
876
876
876
876
876
876
876
876
876
876
876
876
876
876
876
876
876
876
876
876
876
876
876
876
876
876
894
914
914
894
917
917
896
920
920
896
923
896
925
876
927
927
927
927
927
927
876
934
876
936
936
936
936
936
690
942
942
942
942
942
942
942
942
942
942
942
950
954
956
957
958
959
959
959
959
959
959
959
959
959
959
963
970
969
531
840
975
975
975
975
975
975
975
975
975
975
975
975
975
975
975
975
975
975
975
975
975
975
975
975
975
992
1001
975
1003
1003
1003
1003
1003
1003
1003
1011
1012
1013
1014
1014
1014
1014
1014
1014
1014
1014
1014
1014
1014
1014
1014
1014
1014
1014
1014
1014
1014
1014
1014
1014
1037
1038
1036
1034
1024
1023
1023
1044
1021
1021
1047
1027
1025
1024
183
1051
1051
1051
1051
1051
1051
1051
1051
1051
1051
1051
1051
1051
1051
1051
1051
1051
1051
1051
1051
1051
1051
1051
1051
1051
1051
1051
1051
1051
1051
1051
1051
1051
1051
1051
1051
1051
1051
1051
1051
1051
1051
1051
1051
1051
1051
1051
1051
1051
1051
1051
1051
1051
1051
1051
1051
1051
1051
1051
1051
1051
1051
1051
1051
1051
1051
1051
1051
1051
1051
1051
1051
1051
1051
1051
1051
1051
1051
1051
1051
1051
1051
1051
1051
1051
1051
1051
1051
1051
1051
1051
1051
1089
1144
1144
1147
1140
1151
793
1152
1152
1152
1152
1152
1152
1152
1152
1152
1152
1152
1152
1152
1152
1152
1152
1152
1152
1152
1152
1152
1161
1174
1174
1174
1173
1178
1171
1
1181
1181
1181
1181
1181
1181
1181
1181
1181
1181
1181
1181
1181
1181
1181
1181
1181
1199
1200
1201
1201
1201
1201
1201
1201
1201
1201
1201
1201
1201
1201
1201
1201
1201
1201
1201
1201
1201
1201
1201
1201
1201
1201
1201
1201
1201
1201
1201
1201
1201
1201
1201
1201
1201
1201
1201
1201
1201
1201
1201
1201
1201
1201
1201
1201
1201
1201
1201
1201
1201
1201
1201
1201
1201
1201
1201
1201
1201
1201
1201
1201
1201
1201
1201
1201
1201
1201
1201
1201
1201
1201
1201
1201
1201
1201
1201
1201
1280
1281
1282
1282
1282
1282
1282
1282
1282
1282
1282
1291
1291
1291
1291
1291
1291
1291
1291
1300
406
1301
1301
1301
1301
1301
1301
1301
1301
1301
1301
1301
1301
1301
1301
1301
1301
1301
1301
1301
1301
1301
1301
1301
1301
1301
1301
1301
1301
1301
1301
1301
1301
1301
1301
1301
1301
1301
1301
1301
1301
1301
1301
1301
1301
1301
1301
1301
1301
1301
1301
1301
1301
1301
1301
1301
1301
1301
1301
1301
1301
1301
1301
1301
1301
1301
1301
1301
1301
1301
1301
1301
1301
1301
1301
1301
1301
1301
1301
1301
1301
1301
1301
1301
1301
1301
1301
1301
1301
1301
1301
1301
1301
1301
1301
1301
1301
1301
1301
1301
1301
1301
1301
1301
1378
1405
1378
1407
1378
1409
1404
1411
1301
1413
1301
1415
1301
1417
1417
1417
1417
1417
1417
1417
1417
1417
1417
1417
1417
1417
1417
1417
1301
1433
1433
1433
1433
1301
1438
1438
1438
1438
1438
1438
1301
1445
1445
1445
1445
1445
1445
1445
1445
1445
828
1386
828
1387
1256
1380
1256
1380
1403
1388
1465
1466
1327
1327
1332
828
1372
1441
1372
1441
1426
1256
1426
183
1478
1478
1478
1478
1478
1478
1478
1478
1478
1478
1478
1478
1478
1478
1478
1478
1478
1478
1478
1478
1478
1478
1478
1478
1478
1478
1478
1478
1478
1478
1478
1478
1478
1478
1478
1478
1478
1478
1478
1478
1478
1478
1478
1478
1478
1478
1478
1478
1478
1478
1526
1516
1514
1513
1512
1512
1511
1536
1537
1538
1538
1538
1538
1538
1538
1538
1538
1538
1538
1538
1538
1538
1538
1538
1538
1538
1538
1538
1538
1538
1538
1538
1538
1538
1538
1538
1538
1537
1567
1567
1567
1567
1567
1567
1567
1567
1567
1567
1567
1567
1567
1567
1551
1584
1585
1585
1585
1585
1585
1585
1585
1585
1585
1585
1585
1585
1585
1585
1585
1585
1585
1585
1585
1585
1585
1585
1585
1585
1585
1585
1585
1585
1585
1585
1585
1585
1585
1585
1585
1585
1585
1585
1585
1585
1585
1585
1585
1585
1585
1585
1585
1585
1585
1585
1585
1585
1585
1585
1585
1585
1585
1585
1585
1585
1585
1585
1585
1585
1585
1585
1585
1585
1585
1585
1585
1585
1585
1585
1585
1661
163
1662
1662
1662
1666
1667
1668
1669
1670
1670
1670
1670
1670
1670
1670
1670
1670
1670
1670
1670
1670
1670
1670
1670
1670
1670
1670
1670
1670
1691
1670
1693
1693
1693
1693
1693
1693
1693
1701
1702
1703
183
1704
1704
1704
1704
1704
1704
1704
1704
1704
1704
1704
1704
1704
1704
1704
1704
1704
1704
1704
1704
1704
1704
1704
1704
1704
1704
1704
1704
1704
1704
1704
1704
1704
1704
1704
1704
1704
1742
1742
1743
1744
1745
1746
183
1747
1747
1747
1747
1747
1747
1747
1747
1747
1747
1747
1747
1747
1747
1747
1747
1747
1747
1747
1747
1747
1747
1747
1747
1772
1765
1
1774
1774
1774
1778
1779
1780
183
1781
1781
1781
1781
1781
1781
1781
1781
1781
1781
1781
1781
1781
1781
1781
1781
1781
1781
1781
1781
1781
1781
1781
1781
1781
1781
1781
1781
1781
1781
1781
1781
1781
1781
1781
1781
1781
1781
1781
1781
1781
1781
1781
1781
1781
1781
1781
1781
1781
1781
1781
1781
1781
1781
1781
1781
1781
1781
1781
1781
1781
1781
1781
1781
1781
1781
1781
1781
1825
1850
1850
1799
876
1243
637
637
637
1160
1160
679
679
679
679
679
1682
1682
570
1812
1830
1830
1830
1851
239
239
239
1834
1834
1834
1834
1834
1834
1834
1834
658
1681
1681
1274
500
1236
1236
1028
861
861
861
861
861
522
1793
1793
1822
1822
1822
1822
512
512
512
512
512
512
512
512
802
802
802
506
506
506
506
506
506
506
506
506
506
506
506
506
506
506
506
506
506
506
583
260
260
260
1680
1680
1680
1680
1680
1680
797
1021
1021
1021
1021
1021
1095
1095
1100
391
419
419
419
419
419
419
419
419
419
419
419
419
419
1396
201
821
821
1559
1559
1559
1559
1559
1559
1559
834
834
834
907
907
907
907
1258
65
65
581
1386
1770
288
1574
450
832
832
172
1357
1357
826
1253
1846
1123
1123
1191
1191
1191
1191
1191
1388
1388
1402
416
639
639
639
160
160
1006
1006
1228
123
123
123
123
123
1163
1163
1381
1565
1565
1526
1526
1526
1526
1526
1526
1526
1526
1526
1526
858
858
858
858
858
858
858
436
436
436
1641
1765
1765
1765
1835
1835
1835
1835
1835
1835
1835
208
208
208
1443
650
1137
1829
1829
1829
640
640
640
1379
1379
1379
1379
204
204
204
204
204
204
926
1378
1378
1297
310
310
310
310
135
135
135
1684
1075
1075
1097
1097
937
1428
661
661
661
682
682
682
682
1525
1797
833
833
833
1081
1081
810
11
11
11
11
11
11
1248
818
818
17
17
17
17
17
17
1083
1629
1629
1629
1776
808
1278
701
993
610
610
1102
1102
1102
1102
1102
1102
1102
1102
1102
1597
1597
1597
1813
1817
1817
1143
1399
1133
913
675
675
675
1217
1348
1348
1348
1348
1348
1348
1348
1244
205
205
205
205
655
1427
1427
1561
1561
1561
1561
1561
1561
1561
668
668
668
817
9
9
736
736
736
736
736
736
736
736
1686
686
686
686
686
686
686
686
686
686
686
1192
1192
1192
1192
1192
991
1622
1622
206
206
206
206
211
211
211
211
211
211
1697
1697
519
519
585
417
417
417
417
1257
1030
1030
1426
1426
1426
1426
1426
531
531
531
531
531
531
531
531
531
531
531
1090
571
1425
1425
1425
1425
255
902
902
902
902
1678
1394
199
202
1034
1034
1034
1404
326
326
1501
1501
1501
1501
1501
1501
1501
871
950
176
1626
1626
67
432
1577
781
781
282
282
282
282
1550
1550
279
279
279
1078
1093
1337
1839
1839
1276
299
357
665
665
1277
180
1361
1349
244
244
244
244
244
853
1029
676
676
676
1614
1614
543
373
798
798
798
798
798
798
798
798
798
798
798
798
798
798
798
798
798
798
798
798
798
798
798
798
798
798
798
798
798
798
798
798
798
798
798
798
1826
1826
1524
60
947
947
947
947
517
517
517
812
812
859
859
859
859
859
859
1107
1107
1107
1107
1107
624
624
624
445
445
607
103
97
737
737
737
311
311
311
311
311
286
286
286
286
286
246
246
246
246
246
246
246
749
749
749
1082
1082
1082
1082
601
601
601
601
601
601
1738
329
967
967
967
967
967
967
967
1134
1134
1134
1134
1134
1134
1134
1134
1134
1134
1134
1134
1134
1134
321
321
271
271
346
1715
1715
1715
1715
1715
1715
1715
1715
1715
1715
1715
1715
1649
1634
328
328
1424
1424
1424
622
622
622
1359
1806
1287
1287
1287
1287
1287
1287
1287
1287
1287
1287
1635
1700
1824
1845
1845
136
136
136
136
136
136
136
110
392
392
392
392
392
688
688
688
688
688
688
688
1435
1435
1435
1268
1331
1331
1331
1331
1331
742
742
742
742
742
966
171
1008
1625
1625
249
1074
1074
360
1762
1762
1762
1762
1762
1762
1762
1762
106
1114
1114
1114
1821
1234
1255
1687
1146
1146
1363
1363
1363
1363
930
667
667
667
1296
448
448
1733
499
499
499
499
1269
1269
1400
1825
1825
1825
1825
1825
830
633
1368
378
378
378
1397
644
644
644
644
721
1452
1452
1452
1452
1452
1452
1140
1140
1140
1140
1140
1664
336
336
334
334
334
334
334
334
530
530
397
1442
1442
1442
1442
1442
210
210
210
1225
1573
240
240
1623
1623
1658
1658
253
1810
158
158
1431
1232
899
906
906
906
906
302
428
813
813
813
857
857
857
1819
1819
1819
454
454
454
1722
1722
1722
1722
1722
1722
394
394
394
394
1116
969
969
969
275
1510
1086
1086
509
509
509
509
509
807
1342
270
270
270
270
270
270
270
270
270
270
270
270
270
270
270
270
270
270
270
270
270
535
501
501
501
341
511
511
657
909
909
909
909
1580
628
628
628
1131
1131
387
697
1035
1035
1628
1628
1628
254
254
254
254
289
289
289
703
1757
1757
1757
1757
1414
1022
218
1209
16
16
16
16
16
16
16
177
1638
403
1761
1350
1805
1805
175
359
582
1168
1168
1260
1734
431
1607
1607
100
100
1084
1084
1508
456
98
98
1207
250
1613
1613
1136
1136
1554
1554
1816
1816
1395
1395
615
1521
1212
651
651
651
663
940
940
1340
613
613
613
1210
1210
1210
261
261
261
1764
1764
1764
1764
652
706
1505
1104
1104
1104
1104
1104
1104
1104
1104
1104
1104
1096
105
542
542
542
1605
1605
629
629
1615
1615
291
291
291
402
1601
1601
62
215
215
215
215
215
518
518
791
1109
1109
1109
1499
1499
1766
896
896
896
896
896
896
1241
1800
1800
1800
536
611
611
611
611
611
611
528
787
787
1842
401
301
214
214
214
214
214
214
272
272
272
532
532
532
532
532
324
324
324
324
257
257
257
696
696
696
696
1827
674
674
904
904
904
904
904
904
904
904
904
904
904
996
1599
1599
1599
1548
1548
1547
1547
1547
1547
1547
1514
1514
1514
1514
1514
1122
1122
1122
1122
1122
1122
1122
237
237
237
784
784
784
784
784
965
965
539
539
1213
217
96
96
1249
1563
1563
1563
1506
1572
1572
1572
1572
1289
1289
1289
1289
1289
1289
1289
1289
1289
1289
1630
1630
1630
1808
1808
1808
1512
1512
1512
1512
1128
1128
844
1640
1578
1556
1556
1556
1556
1556
1556
1556
1556
1811
603
1117
1343
1189
1189
1189
1189
1189
1189
1739
1739
541
541
541
1326
1326
1326
1326
1326
1326
1326
1326
1326
1326
1326
1326
1326
1326
1326
1326
1326
1326
1326
1326
1326
1326
1326
1326
1326
1385
1600
1600
938
938
1339
1339
1339
1339
1339
1339
1339
1339
1339
1339
1339
1339
1696
1333
1333
1333
1333
1333
1333
1333
1333
1333
1110
1110
1110
828
828
174
567
567
567
567
1246
606
1215
1267
634
634
634
829
1032
1119
1119
1509
1141
1141
1141
1141
1141
994
1354
625
625
625
1504
578
139
139
139
139
139
139
139
139
278
278
278
843
1118
1118
1250
1088
1091
1091
604
604
604
604
1338
929
1115
1115
1430
1430
1430
1430
1430
1768
614
614
614
614
614
614
614
614
1650
953
953
953
953
1372
1372
1372
274
274
1513
1513
1513
376
376
376
376
641
641
641
641
641
1828
1828
1447
1033
602
1502
1502
1610
1610
1266
489
575
575
575
575
575
575
575
900
900
900
900
900
900
757
757
300
1364
1364
1238
964
1007
1007
1007
1007
1731
1731
284
284
284
1679
1679
1679
806
1449
1449
621
621
621
389
389
389
389
869
1833
1398
1235
1803
1803
1803
1507
1557
1557
70
941
941
1432
1000
1000
1000
1000
446
446
446
446
446
446
446
446
1579
1809
1809
1358
1358
1358
1358
1172
1698
1716
1518
707
815
741
741
741
741
741
304
349
496
496
496
1279
1616
1616
1647
643
643
643
643
643
654
740
740
740
740
740
740
740
1027
1027
1099
1099
1345
1688
143
143
1335
1335
1335
758
758
758
1717
1717
1717
1717
1717
1717
1717
1717
1717
1717
1717
1717
653
653
653
854
854
854
1077
1077
608
608
608
747
280
280
280
280
1124
635
635
635
743
743
1454
1801
1801
1801
13
13
13
1162
1162
1632
1233
580
618
618
140
140
140
140
140
140
140
140
140
140
992
992
992
992
992
992
992
1239
734
734
1166
1166
1551
1551
1551
1551
1551
1551
1551
1551
1551
1551
1551
1551
1551
1551
1551
1612
1612
572
395
395
1130
1130
1130
1130
1429
1429
1689
642
642
642
1725
1079
1527
332
332
332
332
332
332
955
1347
605
932
800
800
1196
157
157
1720
1237
200
283
283
283
283
283
109
1198
1198
1198
1198
425
425
1135
1135
537
1799
1799
1799
1799
1799
1080
1794
1794
493
493
493
493
493
493
452
452
452
452
1245
783
783
816
816
816
816
816
816
816
816
816
816
816
816
816
1777
1767
1197
1197
1197
1197
1197
1190
1190
683
683
683
295
513
513
1265
514
514
1603
1603
1619
664
243
243
243
243
243
243
243
243
243
243
243
243
243
243
243
243
1227
371
1351
1351
1271
1820
1820
786
786
786
786
786
786
1620
1620
751
751
751
1685
901
901
1713
1713
1713
1713
1713
1823
1823
1838
1838
1838
584
1125
1330
1330
1330
1330
1330
1330
1330
1330
1330
1330
1330
1330
1330
1330
1330
1330
1330
1330
1330
708
1576
1169
1169
1441
1441
1441
1441
933
508
587
1288
1288
1288
1288
1763
1262
1656
1656
266
1598
209
623
623
623
333
1740
1740
1101
1101
1101
1101
1642
1642
1188
1188
1188
1188
1188
1188
14
1552
1552
1552
1089
1089
1089
1089
1089
1089
1089
1089
1089
1089
1089
1089
1089
1089
1089
1089
1089
1089
1089
1089
1089
1089
1089
1089
1089
1159
1159
1159
1159
256
256
256
1344
1344
265
803
803
803
803
803
216
216
216
1222
434
434
434
912
556
1558
1558
1558
1558
1558
1832
1832
814
814
393
393
393
393
529
529
529
529
649
296
1024
1024
521
15
1448
1106
1106
1106
1106
342
627
627
627
1840
1840
1840
12
12
12
12
12
12
1760
1519
347
789
1112
1112
1112
1112
1112
293
1549
1549
156
1353
1353
785
238
238
962
303
1654
1654
1383
1383
1383
990
505
505
388
533
1085
1085
1327
705
705
705
705
281
281
281
662
662
662
1167
1167
1690
951
1387
647
659
659
659
348
451
241
241
1648
527
527
527
1087
1367
498
498
498
498
498
372
372
569
897
897
897
897
897
897
897
897
1216
1392
526
526
995
258
258
258
494
494
245
1528
447
447
447
1736
1730
1730
1730
1730
1730
1730
1730
612
612
1737
672
672
149
149
149
1148
198
198
198
198
198
198
198
903
903
903
903
903
903
702
273
872
1332
1009
1009
1009
1009
1009
1009
1009
1009
1009
1009
1009
1009
343
343
343
343
731
731
1653
1653
538
638
248
1223
1251
247
630
374
374
374
374
374
656
544
1511
1511
1511
574
574
574
939
939
576
576
576
576
576
997
997
1631
1631
1631
1384
1254
99
99
769
769
769
1161
1161
1161
1161
1161
894
894
894
894
101
1627
1627
1627
1699
525
525
516
516
516
516
516
1621
1621
207
207
207
1240
7
7
7
1211
1211
1362
1362
1362
1362
1633
698
430
1608
1608
111
111
111
111
111
111
111
111
1555
1231
1092
358
935
1295
1272
73
1515
1515
1741
1741
1382
1382
1382
1382
1221
733
733
429
568
390
1139
1139
1139
1795
617
831
831
1807
1807
1807
1807
1807
1807
1807
1807
1807
1807
1847
620
620
620
1735
1373
648
648
648
1273
910
178
1581
1581
1581
1581
1220
1796
1796
1796
1646
1294
345
949
1655
1655
824
801
801
1374
631
1818
1818
1818
1818
1624
1624
1120
670
670
670
455
1566
1566
186
1453
1453
1453
805
1637
819
819
819
287
287
287
1719
1719
1719
1719
426
433
1436
1436
1365
1365
1365
1498
1498
684
684
684
1346
1370
1298
1298
377
267
540
1606
1606
524
179
1841
1841
609
609
609
418
418
418
1723
1723
1723
1723
1723
1723
1723
1723
1723
1723
1723
1723
998
998
998
931
1219
1164
1164
173
1261
1299
1264
1252
1636
108
61
1214
1410
1410
1376
1389
1389
1609
1609
822
822
320
860
860
860
860
860
860
860
986
986
924
924
924
1094
1094
1516
1516
1516
1516
1516
1516
586
1352
1352
1352
1657
1657
680
680
680
680
680
646
1692
159
1604
1604
507
507
507
1036
1036
1639
1369
1659
1665
1230
1843
1660
414
414
809
952
745
837
325
325
770
770
770
770
770
1173
1173
1173
59
1523
276
626
626
626
1098
1098
673
673
827
827
1132
1132
1208
1208
1451
212
1224
1127
855
855
855
1170
1170
1170
1170
1170
323
323
323
1366
1366
678
678
678
268
268
268
268
268
268
268
268
268
268
268
268
268
1575
444
1683
294
835
835
835
835
835
835
577
1329
1329
1329
1329
1329
1329
1329
1329
1329
1329
1329
1329
1329
330
898
898
898
898
898
898
1256
1113
1113
1113
1113
1113
1390
104
263
263
263
1226
1732
335
335
699
504
504
504
504
504
504
504
504
504
905
905
905
905
905
905
905
905
905
905
1341
1380
1380
242
820
820
820
820
820
236
236
1108
58
297
1643
269
269
269
269
269
836
856
856
1401
285
767
767
767
767
1336
1517
1437
804
804
700
1121
277
251
251
1758
1758
1758
1758
1596
1596
1596
122
122
1375
1553
1553
1771
1290
1290
1290
1290
1290
1450
1802
1802
1802
10
10
10
292
292
292
292
292
292
292
435
435
1562
1562
1562
170
102
1500
1500
1500
1500
1171
1171
1171
203
203
203
203
203
203
203
262
262
262
259
259
259
1377
1377
1355
1355
1355
1831
1831
1831
825
404
823
1275
573
573
573
1503
1503
1503
1503
1503
1503
490
490
490
490
490
490
490
490
490
490
490
490
490
490
490
490
490
490
331
137
137
137
137
137
137
137
138
138
138
138
138
138
138
138
870
1334
1334
1334
1334
1334
1334
1334
1334
1334
1560
1560
1560
1560
1560
1560
1560
1560
1560
632
632
632
632
107
124
415
415
415
415
415
415
415
415
415
415
415
415
415
415
645
1242
1759
1714
1714
1714
1714
1714
1714
1714
1714
989
989
989
989
989
908
911
1270
1270
1798
1798
497
497
497
497
497
999
999
999
1129
1129
1129
1129
704
1645
1360
1360
449
449
449
449
449
1259
1522
298
1145
1145
1145
1145
1145
1145
1145
1145
811
893
534
534
1602
1602
1804
1804
1804
1165
1165
759
1328
1328
1328
1328
1328
1328
1328
1328
1328
1328
1328
1328
1328
264
264
264
1229
1848
1837
1837
1837
1837
515
515
515
515
145
1844
1844
375
290
290
290
290
290
290
502
78
1218
1769
1836
1836
1836
1836
1836
1836
1836
1836
1836
1836
1836
1836
1836
1836
1836
1836
1836
1836
1836
1836
1836
1836
1836
1836
1849
1849
213
660
660
660
1391
457
457
457
1371
523
1206
1206
1025
1025
1393
1520
1356
1356
1356
1356
1718
1718
1718
1718
1718
1718
1718
1718
1718
1718
1718
1718
1718
1718
1247
1403
1138
1105
1105
1105
1105
1105
1105
1105
1105
1105
1105
1105
1105
1105
1105
1105
1105
1105
1105
1105
1105
1105
1105
1105
1105
1105
1105
1105
1105
1105
1105
1105
427
1721
1721
1721
1721
1721
1721
1721
1721
1721
1721
1721
503
495
1111
1111
1111
1111
1111
252
1023
1023
1611
1611
520
735
735
735
1263
121
121
1020
1617
1617
141
141
141
141
141
141
141
616
616
1026
1026
579
1564
1564
788
95
95
95
95
669
669
669
671
671
671
709
1142
636
636
636
681
681
681
948
1103
327
327
327
1076
666
666
666
1644
491
862
862
862
883
1706
117
117
232
129
984
234
727
1307
119
1588
1792
1066
887
1286
729
729
1308
1790
1310
411
1712
4
225
483
48
410
1789
1204
851
1306
384
309
1545
1311
1313
51
127
127
47
413
1065
1672
1673
1059
1754
317
1749
1586
472
1184
760
761
1049
1180
1180
153
973
973
1531
1532
1533
1534
1534
1534
1535
1535
1150
1150
1150
1150
220
1529
972
972
1530
1853
1853
1853
1853
1039
1039
1040
1040
1040
864
112
112
112
112
112
112
112
112
1048
689
689
838
838
863
1471
1473
1456
1458
1459
1460
1773
1773
1463
1464
1467
1469
1470
1472
1475
1583
1583
771
771
1041
1043
161
161
1046
