1
2
2
2
2
2
2
2
2
2
2
2
2
2
2
2
2
2
2
2
2
2
2
2
17
16
15
14
13
31
32
32
32
32
32
32
32
32
32
32
32
32
32
32
32
32
32
32
32
32
53
52
49
48
40
45
39
38
37
44
43
42
41
66
67
67
67
67
67
67
67
67
67
67
67
67
67
67
67
67
67
67
67
67
67
67
89
67
91
91
91
91
91
91
91
91
91
91
91
91
88
78
78
75
75
31
109
109
109
109
109
109
109
109
109
109
109
109
109
109
109
109
109
109
109
109
109
109
109
109
134
66
135
135
135
135
135
135
135
135
135
135
135
135
135
135
135
135
151
151
151
135
155
155
31
159
159
159
159
159
159
159
159
159
159
159
159
159
159
159
159
159
159
159
159
159
159
159
159
159
184
184
184
184
184
184
184
184
184
184
184
184
184
184
184
184
184
159
202
202
202
202
202
159
208
208
208
208
208
208
208
208
208
208
208
208
159
221
221
221
130
226
221
130
229
230
197
217
128
128
236
159
127
197
128
241
128
202
244
208
201
217
197
249
31
250
250
250
250
250
250
250
250
250
250
250
250
250
250
250
250
250
267
267
267
267
267
267
267
250
275
275
275
275
275
275
275
275
275
275
275
286
286
286
250
291
254
254
254
31
295
295
295
295
295
295
295
303
298
66
305
305
305
305
305
305
305
305
305
305
305
305
305
305
305
305
305
305
305
305
305
305
305
305
305
305
305
305
305
334
334
334
334
334
334
334
334
343
344
345
345
345
345
345
345
345
345
345
345
345
345
345
345
345
345
345
345
345
345
345
345
345
345
345
345
345
345
345
360
364
31
377
377
377
377
377
377
377
377
377
377
377
377
377
377
377
377
377
377
377
377
377
377
377
377
377
377
377
377
390
403
402
401
400
399
398
395
394
393
391
31
417
417
417
417
417
417
417
417
417
22
22
22
431
22
22
66
434
434
434
434
434
439
439
442
438
31
444
444
444
444
444
444
444
444
444
444
453
452
451
450
449
448
454
66
462
462
462
462
462
467
468
438
31
471
471
471
471
471
471
471
471
471
471
471
471
471
471
471
471
471
471
471
471
471
471
494
127
130
128
130
128
130
128
128
130
128
128
128
128
31
508
508
508
508
508
508
508
508
508
508
508
508
508
508
508
508
508
508
508
508
508
508
508
515
514
513
512
511
521
522
519
520
525
526
517
523
516
524
518
31
548
548
548
548
548
548
548
548
548
548
548
548
548
548
548
548
548
548
548
548
548
548
568
567
566
565
564
563
562
561
570
560
569
559
31
583
583
583
583
583
583
583
583
583
583
583
583
583
583
583
583
109
202
439
89
417
471
583
159
208
221
488
331
454
454
454
527
15
15
15
15
15
15
149
149
149
149
149
149
148
148
148
148
148
148
148
154
154
351
351
351
531
531
372
13
13
13
13
13
13
486
486
490
490
490
490
490
490
490
367
260
260
260
260
260
260
260
260
260
260
126
126
126
126
146
45
45
45
519
519
25
38
38
38
79
79
400
400
400
400
400
400
400
400
400
400
562
562
562
562
562
562
562
562
562
562
204
204
204
395
395
395
395
395
395
395
395
395
452
452
452
355
355
448
448
448
448
523
523
565
565
565
565
565
565
565
404
18
485
103
364
364
19
101
332
520
520
520
21
21
47
47
219
264
264
259
259
259
259
259
259
265
265
265
388
388
388
207
401
401
401
401
401
401
401
401
401
401
48
48
48
183
183
183
183
557
557
557
557
436
436
437
437
51
43
43
43
182
182
182
182
182
182
182
182
182
182
182
482
482
482
482
482
482
330
330
330
330
330
330
330
330
369
514
514
598
598
598
273
273
273
273
273
366
596
340
217
217
217
217
217
217
217
217
217
217
217
217
285
285
285
518
518
360
360
521
521
300
300
300
423
423
423
423
423
423
423
423
423
558
558
491
491
491
524
528
569
569
569
569
569
569
569
569
569
569
568
568
568
568
568
568
568
568
568
447
447
566
566
197
197
197
197
197
341
368
284
361
526
526
424
594
594
594
594
594
594
594
594
594
274
274
274
266
266
144
144
144
144
144
144
144
144
144
176
176
179
179
179
179
179
352
352
196
196
196
196
196
196
196
196
196
196
196
196
196
215
215
215
215
215
150
150
150
567
597
597
174
327
327
327
327
327
393
393
393
393
393
393
393
393
393
370
23
23
449
449
449
449
493
493
493
493
493
493
493
493
595
75
37
37
37
37
435
435
22
22
22
363
363
297
297
511
511
405
405
483
483
301
301
272
272
272
44
44
44
465
465
561
561
561
561
561
561
561
561
561
561
178
178
77
283
283
283
131
131
131
131
131
131
131
516
516
525
86
530
530
530
125
125
125
125
24
24
24
24
35
35
35
78
515
515
563
563
563
563
563
563
563
563
563
563
298
298
298
298
599
599
599
599
258
258
396
80
80
559
559
559
559
559
559
559
559
559
559
133
133
133
133
133
133
133
357
357
357
390
390
390
390
390
390
390
390
390
394
394
394
394
394
394
394
394
394
181
492
492
339
333
333
333
333
333
333
333
333
397
39
39
39
517
517
517
517
76
76
76
426
426
12
12
12
12
522
570
570
570
570
570
570
570
570
570
570
398
398
398
398
398
398
398
398
99
99
99
99
387
387
387
387
387
387
387
374
453
453
453
391
391
391
391
391
391
391
391
391
282
282
282
262
262
262
323
323
323
323
323
323
323
323
323
323
323
323
323
323
464
464
464
464
464
402
402
402
402
402
402
402
402
402
402
463
147
425
425
425
512
512
177
177
42
42
42
467
467
438
438
338
338
338
338
50
529
529
529
17
17
17
17
17
124
124
124
124
124
124
124
132
513
513
513
513
52
52
52
451
451
451
88
88
88
102
102
102
102
102
102
102
102
102
102
102
20
399
399
399
399
399
399
399
399
399
399
16
16
16
16
16
16
49
49
49
49
84
40
40
40
281
281
281
281
403
403
403
403
403
403
403
403
403
403
403
206
206
206
206
224
224
224
224
564
564
564
564
564
564
564
564
198
198
198
261
261
261
261
261
261
489
489
392
223
216
365
450
450
450
422
422
422
422
422
422
145
263
263
263
263
263
173
173
173
173
173
173
173
173
173
173
173
173
173
100
386
302
302
302
560
560
560
560
560
560
560
560
560
560
200
14
14
14
14
14
14
328
328
328
328
46
46
41
41
41
254
171
268
172
474
552
588
69
280
280
123
189
170
420
7
140
406
406
409
409
410
410
411
411
413
413
414
414
415
415
416
416
579
579
232
232
232
232
232
232
232
232
232
232
232
232
232
232
581
581
432
433
433
433
433
433
433
433
433
433
428
428
428
428
428
428
428
428
428
57
57
59
59
60
60
61
61
408
408
459
459
460
460
54
54
55
55
56
56
58
58
62
62
63
63
64
64
65
65
290
290
292
293
294
26
26
27
27
28
28
29
29
455
455
30
30
456
456
457
457
458
458
574
574
574
574
574
575
575
575
575
575
105
105
576
576
577
577
578
578
580
580
582
582
582
582
582
582
237
237
237
237
237
237
237
237
237
237
238
238
537
538
242
242
541
571
571
544
470
443
225
225
225
225
225
225
225
407
407
230
230
230
230
230
239
239
239
496
496
496
243
501
247
248
248
248
248
248
461
461
