2
3
4
5
6
7
8
9
10
11
12
13
14
15
16
17
18
19
20
21
22
23
24
25
26
27
28
29
30
31
32
34
35
36
37
38
39
40
41
42
43
44
45
35
36
37
38
39
40
41
42
50
43
45
53
57
58
59
60
61
62
63
64
65
66
67
68
69
70
71
72
73
74
75
76
77
78
79
80
81
82
83
84
85
86
87
88
89
90
91
92
93
94
95
96
97
98
99
100
101
102
103
104
105
106
107
108
109
110
111
112
113
114
115
116
117
118
119
120
121
122
123
124
125
126
127
128
129
130
131
132
133
134
135
136
137
138
139
140
141
142
143
144
145
146
147
148
149
150
151
152
153
154
155
156
157
158
159
160
161
162
163
164
165
166
167
168
169
170
171
172
173
174
175
176
177
178
179
180
181
182
183
184
185
186
187
188
189
190
191
192
193
194
195
196
197
198
199
200
201
202
203
204
205
206
207
208
209
210
211
212
213
215
216
217
218
219
220
221
222
223
224
225
226
227
228
229
230
231
232
233
234
235
236
237
238
239
223
241
242
243
244
245
246
247
248
249
250
251
252
253
254
255
256
257
258
259
260
261
262
263
264
265
266
267
268
269
270
271
272
273
274
276
277
278
279
280
281
282
283
284
285
286
287
288
289
290
291
288
289
294
295
296
297
298
299
300
301
302
303
304
305
306
307
308
309
310
311
312
313
314
315
316
317
318
319
320
321
322
323
324
325
326
327
328
329
330
331
332
333
334
335
336
337
338
339
340
341
342
334
335
344
345
346
347
348
350
351
352
353
354
355
356
357
358
359
351
361
362
363
364
365
366
367
368
369
370
371
372
373
374
375
376
377
378
379
380
381
382
383
384
385
386
387
373
374
390
391
392
393
394
395
396
397
398
399
400
401
402
403
404
405
406
407
408
409
410
411
412
413
414
415
416
417
418
419
420
421
422
424
425
426
427
428
429
430
431
433
434
435
436
437
438
439
440
441
442
443
444
445
446
448
449
451
452
453
454
455
456
457
458
459
460
461
462
463
464
465
466
467
468
469
470
471
472
473
474
475
476
477
478
479
480
481
482
483
484
485
486
487
488
489
490
492
493
494
495
496
497
498
499
500
501
502
501
504
502
506
498
499
500
510
511
512
513
514
515
516
517
518
519
520
521
522
523
524
525
526
527
528
529
530
531
532
533
534
535
536
528
529
538
539
540
541
542
543
544
545
546
547
34
34
34
277
128
18
12
59
228
227
208
210
58
502
36
37
55
518
254
252
253
245
248
251
244
246
243
289
19
12
20
12
463
140
190
16
12
128
130
60
154
60
60
366
365
368
363
364
278
488
487
60
36
54
55
277
392
72
435
436
434
277
61
40
41
55
375
370
369
128
94
180
63
501
4
3
69
60
61
81
498
140
485
128
289
58
277
375
370
368
367
369
66
205
132
62
65
60
58
69
70
66
78
59
68
72
71
67
79
74
59
267
266
140
149
195
196
271
268
264
263
57
273
194
374
499
497
498
106
94
59
181
191
64
63
59
74
354
352
353
350
375
370
368
369
232
238
396
173
17
12
296
60
127
60
158
333
148
332
322
326
323
57
299
499
497
498
5
7
6
493
495
517
522
515
516
523
371
366
75
247
244
243
277
500
304
300
299
298
54
46
54
228
227
470
106
140
105
59
69
70
217
220
202
43
202
298
140
177
128
94
206
67
144
143
60
277
140
204
134
133
62
78
59
68
60
69
67
70
61
128
140
186
185
178
179
529
182
184
183
58
70
228
229
227
335
524
89
516
57
62
60
65
75
69
63
66
70
61
59
64
68
81
71
67
77
76
169
189
194
201
171
173
71
68
61
297
375
370
368
367
369
74
425
426
128
129
93
131
130
60
58
75
70
78
59
72
128
60
61
14
16
91
93
78
59
80
60
72
58
70
496
392
395
391
493
396
60
267
268
264
265
266
156
60
61
227
189
43
443
500
5
4
7
6
3
73
258
35
37
55
54
296
73
295
335
60
128
59
254
253
249
244
243
202
233
486
355
295
12
12
60
374
425
426
529
59
58
470
140
175
179
176
58
375
370
369
85
84
331
325
327
326
57
57
321
322
323
329
328
78
60
58
38
35
46
54
396
140
59
61
375
370
368
367
369
61
202
393
297
542
541
91
93
78
59
80
60
72
58
70
128
78
14
12
472
526
527
95
530
277
517
57
391
178
58
174
296
295
68
392
207
202
193
192
58
300
88
132
59
60
65
128
435
436
89
330
57
228
227
394
178
501
393
394
395
68
60
501
300
299
298
13
12
542
541
100
65
60
58
59
296
295
494
297
493
298
324
60
58
61
258
138
137
139
105
59
60
65
58
69
66
79
277
71
85
158
525
84
521
519
520
57
57
475
541
57
372
60
60
58
61
526
527
530
95
277
517
516
57
81
271
268
264
263
57
273
153
140
207
125
202
430
60
72
250
94
59
73
15
12
60
199
140
197
58
195
79
257
217
220
78
60
58
67
140
142
59
58
61
201
391
43
500
401
393
394
395
396
178
392
140
140
461
58
18
13
17
14
16
20
19
15
2
2
70
355
340
215
241
194
201
433
173
189
43
356
355
334
324
355
288
435
288
289
500
300
299
298
59
501
300
299
59
500
393
394
395
501
393
394
43
46
373
365
373
365
43
528
518
528
518
500
5
4
3
501
4
3
258
498
498
498
36
54
55
498
35
37
55
54
498
502
37
373
365
36
373
365
373
365
38
35
46
54
373
365
