1
2
2
2
2
6
6
6
2
10
10
10
10
2
15
15
15
15
15
3
22
23
23
23
23
23
23
23
23
23
23
23
23
23
23
23
23
23
23
23
42
42
42
42
42
42
42
42
23
51
51
51
51
51
51
51
51
23
60
60
60
60
60
60
60
60
60
24
70
73
74
75
75
75
75
75
75
75
75
75
75
75
75
75
75
75
75
75
75
75
75
75
75
75
75
75
75
75
75
91
104
93
106
83
108
97
110
100
112
112
112
112
112
118
118
118
102
122
103
124
124
75
127
127
127
127
127
127
127
136
137
138
138
138
138
138
138
138
138
138
138
138
138
138
138
138
138
138
138
138
138
138
138
138
138
138
138
138
138
138
138
138
149
170
150
172
151
174
138
176
22
178
178
178
178
182
182
182
148
148
148
148
148
148
150
32
32
32
32
90
49
49
49
49
49
58
58
58
58
58
105
105
105
105
105
8
64
101
88
37
37
37
67
67
67
67
84
102
160
103
147
147
147
147
147
147
36
36
19
19
19
19
94
94
94
93
93
97
97
151
20
20
20
149
96
96
92
92
92
65
65
157
47
47
47
47
68
100
111
156
156
156
156
107
175
180
180
180
173
179
179
179
130
130
158
162
162
162
162
162
146
146
146
146
146
146
145
145
145
145
145
145
163
163
163
163
9
91
91
56
56
161
161
161
161
161
161
164
48
48
48
13
13
66
132
132
35
35
33
33
33
33
95
95
144
144
144
144
144
144
89
40
40
40
40
40
181
181
38
38
38
38
38
143
143
143
143
143
165
3
153
153
153
153
153
153
14
14
14
159
126
171
71
154
154
154
154
154
154
152
152
152
152
152
152
152
152
86
34
34
155
155
155
155
155
155
142
142
5
5
39
39
39
39
4
4
4
4
4
4
4
85
57
57
69
141
141
87
41
41
41
184
117
50
50
50
50
50
50
43
43
83
16
29
61
61
31
31
44
25
46
46
27
82
