2
3
4
5
6
7
8
9
10
11
12
13
14
15
16
17
18
19
20
21
22
23
24
25
26
27
28
29
30
31
32
33
34
35
36
37
38
39
40
41
42
43
44
45
46
47
48
49
50
51
52
53
54
55
56
57
58
59
60
61
62
63
64
65
66
67
68
69
70
71
72
73
74
75
76
77
78
79
80
81
82
83
84
85
86
87
88
89
90
91
92
93
94
95
96
97
98
99
100
101
102
103
104
105
106
107
108
109
110
111
112
113
114
115
116
117
118
119
120
121
122
123
124
125
126
127
128
129
130
131
132
133
134
135
136
137
138
139
140
141
142
143
144
145
146
147
148
149
150
151
152
153
154
155
156
157
158
159
160
161
163
165
167
169
171
173
175
177
179
181
183
185
187
188
189
190
191
192
193
194
195
196
197
198
199
200
201
202
203
204
205
206
207
208
209
210
211
212
214
215
216
217
218
219
220
221
222
223
224
225
226
228
229
230
231
232
233
234
235
236
237
238
239
240
241
242
243
244
245
246
247
248
249
250
251
252
253
254
255
256
257
258
259
260
261
262
263
264
265
266
267
268
269
270
271
272
273
274
275
276
277
278
279
280
281
282
283
284
285
286
287
288
289
290
291
292
293
294
295
296
297
298
299
300
301
302
303
304
305
306
307
308
309
310
311
312
313
314
315
316
317
318
319
320
321
322
323
324
325
326
327
328
329
330
331
332
333
334
335
336
337
338
339
340
341
342
343
344
345
346
347
348
349
350
351
352
353
354
355
356
357
358
359
360
361
362
363
364
365
366
367
368
369
370
371
372
373
374
375
376
377
378
379
380
381
382
383
384
385
386
387
388
389
390
391
392
393
394
395
396
397
398
399
400
401
402
403
404
405
406
407
408
409
410
411
412
413
414
415
416
417
418
419
420
421
422
423
424
425
426
427
428
429
430
431
432
433
434
435
436
437
438
439
440
441
442
443
444
445
446
447
448
449
450
451
452
453
454
455
456
457
458
459
460
461
462
463
464
465
466
467
468
469
470
471
472
473
474
475
476
477
478
479
480
481
482
483
484
485
486
487
488
489
490
491
492
493
494
495
496
497
498
499
500
501
502
503
504
505
506
507
508
509
510
511
512
513
514
515
516
517
518
519
520
521
522
523
524
525
526
527
528
529
530
531
532
533
534
535
536
537
538
539
540
541
542
543
544
545
546
547
548
549
550
551
552
553
554
555
556
557
558
559
560
561
562
563
564
565
566
567
568
569
570
571
572
573
574
575
576
577
578
579
580
581
582
583
584
585
586
587
588
589
590
591
592
593
594
595
596
597
598
599
600
601
602
603
604
605
606
607
608
609
610
611
612
613
614
615
239
617
456
232
355
610
611
433
270
348
232
233
230
229
606
109
82
86
431
404
256
49
482
496
232
492
607
56
256
234
607
365
232
477
62
53
37
7
8
456
366
229
456
232
232
241
239
482
266
529
433
232
233
230
229
355
266
256
482
45
21
215
496
232
232
373
543
554
609
87
24
23
112
490
240
398
232
482
229
58
477
252
16
300
252
229
18
276
286
280
281
229
260
252
559
379
233
238
456
229
406
232
229
18
420
299
232
229
437
27
307
229
555
422
512
348
514
229
459
486
232
229
229
248
229
431
229
232
55
15
16
248
486
267
232
259
262
229
244
263
155
362
462
232
229
252
582
18
22
437
237
11
465
414
232
229
241
239
420
362
296
305
355
304
47
31
289
290
43
258
233
248
229
262
247
49
28
500
232
55
15
16
426
393
486
516
85
112
355
229
355
90
19
312
383
76
242
240
18
419
422
229
520
355
238
91
216
217
236
232
556
607
84
86
27
415
421
417
531
418
416
392
232
229
520
62
232
259
231
262
229
242
263
456
232
62
55
482
406
232
229
232
243
537
240
250
240
229
239
369
232
252
232
240
395
229
415
406
418
229
355
18
296
301
297
310
303
246
233
234
229
232
262
261
25
229
232
486
232
482
475
233
476
27
291
299
392
259
229
295
230
44
16
22
313
250
249
417
414
19
496
456
232
232
366
613
238
433
347
271
232
229
27
456
232
549
543
355
74
31
18
316
252
505
229
6
19
26
26
270
308
310
348
232
532
537
271
248
229
247
261
232
233
505
253
254
21
215
66
31
216
529
528
236
379
385
233
559
251
529
528
237
201
202
200
199
365
355
51
31
257
482
246
50
19
27
29
370
232
456
368
370
155
229
221
73
72
216
217
49
232
232
256
355
232
229
238
228
25
229
389
493
42
399
31
232
17
112
24
112
199
232
403
256
18
352
307
232
476
475
402
416
232
229
283
66
347
31
482
388
355
24
201
20
202
200
112
199
388
549
352
16
355
229
263
238
19
6
26
510
513
348
232
230
245
229
252
47
31
43
246
233
248
232
391
355
304
406
400
396
416
401
232
262
229
252
532
428
304
232
258
229
261
490
509
229
89
252
235
358
229
18
155
406
232
229
112
199
373
482
485
482
84
112
88
24
23
112
16
18
229
229
468
280
405
229
231
58
49
19
367
486
366
348
582
24
112
199
358
16
160
112
450
398
399
18
456
482
256
421
414
422
232
229
241
239
369
19
26
62
37
54
7
8
491
477
252
22
240
359
366
31
229
2
112
18
28
206
2
537
482
108
456
232
18
376
309
303
243
229
247
502
252
349
309
291
299
304
302
348
313
259
258
230
243
229
232
262
247
350
304
348
259
233
230
229
242
263
232
231
262
18
229
492
232
229
508
509
507
476
232
229
462
24
20
3
17
16
22
23
199
112
376
232
251
201
202
200
16
220
91
16
19
21
215
496
232
208
2
385
232
376
351
242
407
355
413
411
409
393
408
394
397
410
412
392
229
17
112
26
18
283
66
347
31
348
236
253
229
235
240
254
613
433
232
233
267
269
268
487
232
255
232
49
456
41
88
200
199
348
229
496
456
232
232
256
215
264
232
112
228
2
2
582
112
112
112
194
194
112
112
228
228
2
2
2
112
199
112
112
112
112
392
49
49
49
28
49
