2
3
4
5
6
7
8
9
10
11
12
13
14
15
16
17
18
20
21
22
23
24
25
26
27
28
29
30
31
32
33
34
35
36
37
38
39
40
41
42
44
45
46
47
48
49
50
51
52
53
54
55
56
57
58
59
60
61
62
63
64
65
66
67
68
69
70
71
72
73
74
75
76
77
78
79
80
81
82
83
84
85
86
87
88
89
90
91
92
93
94
95
96
97
98
100
102
103
104
105
106
107
108
109
110
111
112
113
114
115
116
117
118
119
120
121
122
123
124
125
126
127
128
129
130
131
132
133
134
135
136
137
138
139
140
141
142
143
144
145
146
147
148
149
150
151
152
153
154
155
156
157
158
159
160
161
162
163
164
165
166
167
168
169
170
171
172
173
174
175
176
177
178
179
180
181
182
183
184
185
186
187
188
189
190
191
192
193
194
195
196
197
198
199
200
201
202
203
204
205
206
207
208
209
210
211
212
213
214
215
217
218
219
220
221
222
223
224
225
226
227
228
229
230
231
232
233
234
235
236
237
238
239
240
241
242
243
244
245
246
248
249
250
251
252
253
254
255
256
257
258
259
260
261
262
263
264
265
266
267
268
269
270
271
272
273
274
275
276
277
278
279
280
281
282
283
284
285
286
287
288
289
290
291
292
293
294
295
296
297
298
299
300
301
302
303
304
305
306
307
308
309
310
311
312
313
314
315
316
317
318
319
320
321
322
323
324
325
326
327
328
329
330
331
332
333
334
335
336
337
338
339
340
341
342
343
344
345
346
347
348
349
350
351
352
353
354
342
356
357
358
359
360
361
362
363
364
365
366
367
368
369
370
371
372
373
374
375
376
377
378
379
380
381
382
383
384
385
386
387
388
389
390
391
392
393
394
395
396
397
398
399
400
401
402
403
404
405
406
407
408
409
410
411
412
413
414
415
416
417
418
419
420
421
422
423
424
425
426
427
428
429
430
431
432
433
434
435
436
437
438
439
440
441
442
443
444
445
446
447
448
449
450
451
452
453
455
456
442
458
459
356
356
122
123
124
368
151
152
358
341
119
340
125
339
356
95
357
339
97
86
95
48
373
93
356
99
212
375
373
341
340
357
356
339
339
356
20
366
381
365
356
377
373
358
22
356
20
339
356
20
236
97
86
87
47
373
96
356
99
20
293
291
289
277
280
281
369
373
22
357
356
339
356
287
252
273
277
272
276
271
324
322
278
263
323
253
321
248
97
86
95
47
373
93
356
99
22
173
147
196
195
193
126
192
194
125
191
427
429
428
358
341
393
340
407
404
339
356
95
357
339
97
86
47
373
96
339
356
99
20
97
86
87
47
373
96
88
339
356
99
20
220
222
221
218
226
219
223
312
282
214
187
123
124
198
97
48
373
93
357
356
99
372
27
26
356
97
95
47
373
93
356
99
371
341
340
339
356
181
122
339
339
302
361
356
16
95
357
339
270
278
341
340
356
97
95
47
373
93
356
99
97
86
95
48
373
93
356
99
393
97
86
87
47
373
96
88
339
356
99
20
174
171
166
158
156
146
145
154
144
131
119
360
356
439
446
393
404
286
261
276
278
426
363
356
337
341
332
340
333
357
356
339
356
297
429
393
339
356
45
359
356
356
427
430
393
407
439
426
421
443
439
393
407
151
357
356
232
30
97
95
47
373
90
96
339
356
99
20
451
440
425
442
395
404
278
427
12
233
235
220
225
222
226
223
218
221
224
230
219
97
86
95
47
373
93
356
99
20
339
356
20
166
175
119
125
127
128
188
122
97
94
95
47
373
93
356
99
290
37
339
339
126
122
123
124
130
127
128
118
167
119
279
280
281
123
124
368
367
366
365
358
356
356
99
184
122
393
395
404
374
376
356
356
20
404
174
149
154
193
196
192
131
119
194
91
97
95
47
373
90
96
93
339
356
99
20
381
356
356
356
449
443
418
423
420
422
425
437
419
436
445
440
424
442
406
393
394
397
398
431
432
433
22
21
356
95
357
339
197
126
131
130
127
128
240
227
133
398
239
400
403
132
401
399
402
238
301
252
260
181
122
406
97
47
373
93
357
356
99
91
97
92
95
47
373
90
96
93
339
356
99
20
186
123
124
339
312
282
271
324
325
323
321
280
121
294
292
91
97
92
95
47
373
90
96
93
339
356
99
20
97
95
47
373
93
356
99
119
125
339
356
299
337
363
184
122
333
439
404
184
122
237
225
229
228
238
340
356
97
95
47
373
93
356
99
371
22
21
20
280
339
95
357
339
293
300
297
251
278
214
123
124
198
13
16
10
9
400
3
8
7
132
399
133
398
6
401
2
212
97
86
87
47
373
96
88
339
356
99
20
195
193
192
196
194
356
95
357
339
127
97
95
47
373
93
356
99
97
86
47
373
356
99
297
260
214
187
123
124
198
169
150
143
173
158
197
126
131
119
130
214
123
124
198
97
48
373
93
357
356
99
270
97
94
95
89
47
373
96
88
93
339
356
99
20
116
106
109
110
111
103
107
108
105
104
113
114
112
318
321
288
316
304
273
278
248
128
393
396
404
441
440
417
420
446
393
404
394
397
410
409
408
393
404
37
351
339
195
193
192
196
194
127
128
191
393
396
404
369
341
340
356
127
97
95
47
373
93
356
99
126
280
241
419
436
449
443
424
447
448
442
393
400
401
394
402
393
151
148
167
119
125
356
97
95
86
48
373
93
356
99
97
47
373
93
357
356
99
4
9
6
8
7
2
5
129
125
298
259
274
278
13
14
405
404
452
363
357
356
339
356
95
357
339
97
48
373
357
356
99
237
240
239
241
357
118
253
302
181
122
171
170
167
144
197
195
126
131
120
125
95
357
339
183
29
22
190
122
97
48
373
96
357
356
99
20
181
122
341
177
127
128
106
107
108
109
110
114
104
113
111
97
95
86
47
373
93
356
99
248
97
94
95
47
373
96
93
339
356
99
20
339
20
337
332
357
385
357
404
158
156
119
121
97
47
373
357
356
99
341
340
393
396
404
368
119
339
185
123
124
392
195
193
192
196
194
127
128
191
368
366
367
379
365
22
357
356
356
339
356
20
182
122
306
393
176
142
141
133
130
280
281
351
97
94
95
47
373
96
93
339
356
99
20
95
357
339
214
187
123
124
198
214
187
123
124
198
97
86
87
47
373
356
99
252
272
126
429
393
404
454
97
86
87
47
373
96
356
99
20
361
172
143
173
167
126
120
130
97
95
47
373
93
356
99
358
341
340
357
356
339
356
20
404
123
234
128
324
322
325
323
318
189
122
91
97
95
47
373
90
96
339
356
99
20
356
280
415
440
416
410
409
408
405
393
407
394
399
181
122
236
181
122
367
366
365
380
358
22
360
357
356
356
20
371
356
356
339
356
339
191
191
356
318
15
15
356
356
238
321
318
321
339
289
321
367
439
404
452
8
5
424
339
221
339
339
339
339
341
339
356
340
357
339
339
356
367
339
