1
2
2
2
2
2
2
2
2
2
2
2
2
2
2
2
2
4
20
21
21
21
21
21
21
21
21
21
21
21
21
21
21
21
21
21
21
21
21
21
21
21
21
21
21
21
21
21
21
21
21
21
21
21
21
21
21
21
21
21
21
21
21
21
21
21
21
21
21
21
21
21
21
21
21
21
21
21
21
21
21
21
21
21
21
21
21
21
21
21
21
21
21
21
21
21
21
21
21
21
21
21
21
21
21
21
21
21
21
21
21
21
21
21
21
21
21
21
21
21
21
21
21
21
21
21
21
21
21
21
21
21
21
21
21
21
21
21
21
21
21
21
21
81
146
81
148
81
150
81
152
81
154
81
156
81
158
81
160
81
162
81
164
164
164
164
83
169
169
111
172
174
175
175
175
175
175
175
175
175
175
175
175
175
175
175
175
175
175
175
175
175
175
175
175
175
175
175
175
175
175
175
175
175
175
175
175
175
175
175
175
175
175
175
175
175
175
175
175
175
175
175
175
175
175
175
175
175
175
175
175
175
175
175
175
175
175
175
175
175
175
175
175
175
175
175
175
175
175
175
175
175
175
175
175
175
175
175
175
175
175
175
175
175
175
175
175
175
175
175
175
175
175
175
175
175
175
175
175
175
175
175
175
175
175
175
175
175
175
175
175
175
175
175
175
175
175
175
175
175
175
175
175
175
175
175
175
175
175
175
175
175
175
175
175
175
175
175
175
175
175
175
175
175
175
175
175
175
175
175
175
175
175
175
175
175
175
175
175
175
175
175
175
175
175
175
175
175
175
175
175
175
175
175
175
175
175
175
175
175
175
175
175
175
175
175
175
175
175
175
175
175
175
175
175
175
175
175
175
175
175
175
175
175
388
174
389
1
391
391
391
391
391
391
391
391
391
391
391
391
391
391
391
391
391
391
402
410
410
391
413
413
413
413
413
413
413
413
413
413
413
413
413
413
413
413
413
413
413
413
413
413
413
413
81
408
408
441
442
442
442
442
442
442
442
442
442
442
442
442
442
442
442
442
442
442
442
442
442
442
1
465
465
465
465
465
465
465
465
465
465
465
465
465
465
465
465
465
465
465
465
465
465
486
1
489
489
489
489
493
489
495
495
495
489
499
499
499
489
503
503
503
503
503
503
503
503
491
20
513
513
516
517
517
517
517
517
517
517
517
517
517
517
517
517
517
517
517
517
517
517
517
517
517
517
517
517
523
544
545
545
545
545
545
545
545
545
545
545
545
545
551
558
545
560
560
560
560
560
567
568
569
569
569
569
569
569
366
250
276
337
479
479
479
139
140
315
274
328
484
484
530
530
84
132
408
408
408
563
563
498
163
119
458
458
458
458
458
458
458
458
458
458
458
458
458
458
532
307
482
482
482
434
173
173
257
343
8
8
95
138
349
401
401
401
401
401
401
401
282
407
407
407
10
10
508
508
508
125
534
502
108
108
108
108
108
108
108
108
108
108
108
108
108
108
108
108
108
108
108
108
108
108
423
360
314
88
88
88
88
88
88
327
387
122
103
402
402
402
402
5
5
5
5
5
5
98
565
107
111
111
111
111
111
111
111
111
111
111
111
111
111
111
111
111
111
277
351
324
112
112
112
112
325
335
4
4
114
114
114
114
114
114
114
114
114
114
114
114
114
114
299
535
296
381
99
260
529
529
267
422
321
286
368
86
79
280
374
333
318
133
348
14
258
377
308
106
297
339
435
105
295
248
347
294
541
541
541
541
553
382
430
272
536
144
549
549
549
271
483
483
550
273
481
481
481
405
405
116
411
411
130
130
433
143
329
135
386
491
437
17
477
477
477
319
311
275
340
289
409
270
312
82
82
82
82
82
376
424
256
378
344
501
9
9
9
76
76
76
76
76
76
76
76
76
76
76
76
76
76
76
76
76
76
76
76
76
76
76
76
76
76
76
76
76
76
76
76
76
76
76
76
76
76
76
76
76
76
76
281
142
304
367
313
537
268
309
385
300
123
128
354
511
511
511
511
81
81
81
81
81
81
81
81
81
81
81
81
81
81
81
81
81
81
81
81
81
81
81
81
81
81
81
81
81
81
81
81
81
81
81
81
81
81
81
81
81
81
81
81
81
81
81
81
364
121
365
317
478
478
478
478
478
551
85
85
85
85
85
85
85
85
85
85
85
85
85
538
540
540
540
556
263
533
262
266
290
425
83
83
83
83
322
167
167
167
361
406
406
406
406
137
460
460
460
460
460
460
431
342
356
326
92
92
369
269
305
372
332
110
110
110
400
400
528
528
350
480
480
480
461
539
341
131
359
89
16
355
94
94
94
94
94
94
94
94
94
251
126
552
346
96
303
363
127
127
338
334
7
7
102
302
370
278
93
93
109
109
109
109
109
109
113
113
113
113
113
113
113
113
113
113
113
78
476
476
476
476
476
476
476
476
476
476
476
264
426
509
509
509
509
249
136
429
298
375
383
486
316
336
117
345
380
118
118
118
436
87
373
432
379
12
12
12
12
97
97
265
90
90
293
559
301
362
358
542
542
542
542
403
403
403
403
403
403
403
403
403
259
285
104
510
510
77
77
306
80
353
514
514
514
514
514
474
474
474
474
474
474
474
474
15
291
101
292
352
287
6
6
252
279
288
557
557
557
115
115
284
564
564
564
254
485
485
320
427
428
134
357
120
459
459
459
459
459
459
459
459
255
371
141
124
331
100
145
323
261
487
492
492
492
492
129
129
18
18
384
390
390
555
283
497
310
330
253
531
531
531
531
531
531
91
91
398
398
181
490
490
466
3
3
25
438
439
440
569
569
569
