2
3
4
5
6
7
8
9
10
11
12
13
14
15
16
17
18
19
20
21
22
23
24
25
26
27
28
29
30
31
32
33
34
35
36
37
38
39
40
41
42
43
44
45
46
47
48
49
50
51
52
53
54
55
56
57
58
59
60
61
62
63
64
65
66
67
49
50
71
72
73
74
75
76
77
78
79
80
81
83
84
85
86
87
88
89
90
91
92
93
94
95
96
97
98
99
100
101
102
103
104
105
106
107
108
109
110
111
112
113
114
115
116
117
118
119
120
121
122
123
124
125
126
127
128
129
130
131
132
133
134
135
136
137
138
139
140
141
142
143
144
145
146
147
148
149
150
151
152
153
154
155
156
157
158
159
160
161
162
163
164
165
166
167
168
169
170
171
172
173
174
175
176
177
178
179
180
181
182
183
184
185
186
187
188
189
190
191
118
193
161
195
197
198
199
200
201
202
203
204
205
206
207
208
209
210
211
212
213
214
215
216
217
218
219
220
221
222
223
224
225
226
227
228
229
230
231
232
233
234
235
236
237
238
239
240
241
242
243
244
245
246
247
248
249
250
251
252
253
254
255
256
257
258
259
260
261
262
263
264
265
266
267
268
269
270
271
272
273
274
275
276
277
278
279
280
281
282
283
284
285
286
287
288
289
290
135
115
148
108
199
30
208
210
137
213
31
8
98
116
133
100
209
145
108
205
50
60
205
204
214
213
31
230
229
214
200
205
129
205
133
210
140
205
206
204
205
227
245
244
226
205
198
211
199
208
33
11
210
213
204
205
199
219
249
205
132
27
118
173
191
108
108
199
204
49
48
49
155
176
146
182
170
180
112
108
97
167
140
35
47
49
153
208
202
18
218
219
215
216
201
207
217
199
209
214
200
2
130
68
145
176
182
170
180
112
94
108
197
132
117
210
216
205
208
138
34
205
202
204
249
204
164
155
139
145
112
108
237
198
211
199
213
207
134
136
135
131
137
133
139
132
203
165
139
137
140
135
156
143
171
183
138
108
108
134
205
208
235
186
163
148
142
188
106
105
107
104
103
159
112
96
108
236
205
204
213
44
199
208
202
213
238
239
199
212
135
33
263
236
208
101
114
135
250
198
199
212
217
162
161
160
120
121
122
123
137
126
127
119
125
124
177
112
128
108
240
218
135
115
163
190
184
148
142
112
94
108
136
164
155
140
139
131
54
223
210
163
190
184
185
148
142
112
94
108
204
30
139
63
210
28
202
144
176
182
170
180
112
94
108
151
149
150
140
108
108
243
205
199
206
206
155
210
114
135
160
138
137
139
131
205
199
145
108
134
136
137
205
99
176
170
180
142
112
94
108
31
138
242
241
199
220
208
213
31
143
171
138
108
108
62
45
60
161
118
68
208
200
68
68
