1
2
2
2
2
2
2
2
2
2
2
2
2
2
15
2
17
2
19
11
11
11
11
26
27
27
1
30
30
30
30
30
30
30
33
38
35
40
34
34
44
45
45
45
45
45
45
45
45
45
45
56
54
58
59
59
59
59
59
59
59
59
59
59
59
59
59
59
73
44
75
75
75
75
75
75
75
75
75
75
75
75
44
88
88
88
88
88
88
88
88
88
88
88
88
88
88
88
88
88
88
88
88
88
88
88
88
88
88
88
88
88
88
88
88
88
88
122
122
88
125
125
125
125
88
130
130
130
130
130
130
130
130
130
130
130
130
130
130
130
130
130
130
130
130
130
130
130
130
130
130
130
130
130
130
130
130
130
130
130
130
130
88
168
168
168
168
168
168
168
168
168
168
168
168
168
88
182
182
182
182
182
182
182
182
182
182
182
182
182
100
196
101
198
88
200
200
200
200
200
200
200
207
207
207
207
207
207
118
214
121
44
217
217
217
217
217
217
217
217
217
217
217
217
217
217
217
217
217
217
217
217
217
217
217
217
217
217
217
234
44
246
246
246
246
246
246
246
254
1
255
255
255
255
255
255
255
255
255
255
255
255
255
255
255
255
255
255
255
255
255
255
255
255
255
255
255
255
255
255
255
255
255
255
255
255
255
255
255
255
255
255
255
255
255
255
255
255
255
255
255
255
307
1
309
309
309
309
309
309
309
309
309
309
309
309
309
309
309
309
309
309
309
309
309
309
309
309
309
309
309
309
309
309
309
309
309
309
309
309
309
309
309
309
309
309
309
309
309
309
309
309
309
309
309
309
309
309
309
309
309
309
309
309
309
309
309
309
309
309
309
309
309
309
309
309
309
309
309
309
309
309
309
309
309
309
309
309
309
309
309
397
398
399
333
333
64
283
283
280
280
391
391
391
181
305
77
77
77
77
77
366
395
395
103
103
103
103
103
103
252
260
167
51
270
270
270
261
377
377
50
288
318
318
318
362
237
237
237
237
316
359
108
108
108
108
108
108
66
278
278
375
253
253
253
253
338
338
53
114
114
80
80
372
372
298
298
324
324
324
324
263
271
271
271
317
317
317
70
292
292
335
335
307
307
361
282
282
384
384
277
277
52
79
79
79
79
79
369
242
242
65
213
299
345
345
379
379
105
105
105
105
105
105
102
102
102
102
364
364
364
273
273
12
12
12
12
12
49
49
49
330
330
330
330
353
353
353
385
385
266
266
240
240
392
392
356
215
215
306
373
373
81
81
55
55
55
104
104
104
104
104
104
104
104
104
104
360
71
239
239
239
355
331
331
118
302
302
281
281
336
374
374
211
346
320
320
67
72
72
289
289
393
393
106
106
106
106
106
106
106
106
106
106
106
106
85
85
327
327
327
327
276
276
387
387
334
334
334
194
86
86
86
386
386
68
229
229
229
229
229
229
229
229
229
229
229
229
275
275
341
341
348
348
166
367
323
326
326
326
326
84
84
268
268
268
110
388
388
340
301
201
78
78
78
78
78
376
376
297
297
212
287
208
264
300
300
343
343
234
234
234
195
354
378
378
109
290
290
269
269
269
13
13
262
265
382
274
274
209
358
383
383
389
389
232
296
296
11
11
11
11
11
11
11
11
11
357
210
83
83
293
293
267
267
267
279
279
342
380
380
230
230
230
291
291
352
352
352
243
243
243
243
112
112
112
244
244
244
244
272
272
272
235
235
235
235
321
321
321
381
390
390
113
120
238
238
238
238
63
325
325
325
325
332
332
294
294
295
295
107
107
107
107
107
107
107
107
107
107
107
107
107
347
347
396
396
87
87
87
284
284
368
82
82
241
241
350
350
350
344
344
233
233
233
304
394
394
236
236
236
236
351
337
54
54
69
328
328
328
96
94
222
93
22
23
24
25
245
245
