2
3
4
5
6
7
8
9
10
11
12
13
14
15
16
17
19
20
21
22
23
24
25
26
27
28
29
30
31
32
33
34
35
36
37
38
39
40
41
42
43
44
45
46
47
48
49
50
51
53
54
55
56
57
58
59
60
61
62
63
64
65
66
67
68
69
70
71
72
73
74
75
76
77
78
79
80
81
82
83
84
85
86
87
88
89
90
91
92
93
94
95
96
97
98
99
100
101
102
103
104
105
106
107
108
109
110
111
112
113
114
115
116
117
118
119
120
121
122
123
124
125
126
127
128
129
130
131
132
133
134
135
136
137
138
140
141
142
143
144
145
146
147
148
149
150
151
152
153
154
155
156
157
158
159
160
161
162
163
164
165
166
167
168
169
170
171
172
173
174
175
176
177
178
179
180
181
182
183
184
185
186
187
188
189
190
191
192
193
194
195
196
197
198
199
200
201
202
203
204
205
206
207
208
209
210
211
212
213
214
215
216
217
218
219
220
221
222
223
224
225
226
227
228
229
230
231
232
234
235
236
237
238
239
240
241
242
243
244
245
246
247
248
249
250
251
252
253
254
255
256
257
258
259
260
261
262
263
264
265
266
267
268
269
270
271
272
273
274
275
276
277
278
279
280
281
282
283
284
285
286
287
288
289
290
291
292
293
294
295
296
297
298
299
300
301
302
303
304
305
306
307
308
309
310
311
312
313
314
315
316
317
318
319
320
321
322
323
324
325
326
327
328
329
330
331
332
333
334
335
336
338
339
340
341
342
343
344
345
346
347
348
349
350
351
352
353
354
355
356
357
358
359
360
361
362
363
364
365
366
367
368
369
370
371
372
373
374
375
376
377
378
379
380
381
382
383
384
385
386
387
388
389
390
391
392
393
394
395
396
397
398
399
400
401
402
403
404
405
406
407
408
409
410
411
412
413
414
415
416
417
418
419
420
421
422
423
424
425
426
427
428
429
430
431
432
433
434
435
436
437
438
439
440
441
442
443
444
445
446
447
448
449
450
451
452
453
454
455
456
457
458
459
460
461
462
463
464
465
466
467
407
469
470
471
472
473
474
475
476
477
478
479
480
481
482
483
484
485
486
487
488
489
490
491
492
493
494
495
496
497
498
499
500
501
502
503
504
505
506
507
508
509
510
511
512
513
514
515
516
517
518
519
520
521
522
523
525
526
527
528
529
530
531
532
533
534
535
536
537
538
539
540
541
542
543
544
545
546
547
548
549
550
551
552
553
554
555
556
557
558
559
560
561
562
563
564
565
538
53
252
153
400
396
168
423
223
360
345
340
344
359
355
528
53
137
138
136
132
131
524
7
11
9
255
551
23
26
370
152
154
142
143
144
141
414
421
341
355
252
313
484
472
479
480
476
219
355
162
69
71
70
268
298
246
25
23
550
395
152
64
307
472
527
162
167
179
222
177
119
99
100
151
151
564
527
546
223
198
342
360
359
355
352
151
534
357
214
223
212
221
228
355
15
313
472
479
160
538
429
531
221
428
535
416
357
355
347
10
14
538
429
531
221
428
535
416
357
355
347
550
25
21
23
24
20
26
252
256
473
476
66
76
78
75
77
74
58
55
54
58
411
152
3
413
226
355
231
124
121
190
100
102
95
151
252
171
457
375
152
433
431
362
361
356
447
547
548
355
252
461
535
357
358
455
252
24
58
60
61
59
403
152
497
473
245
164
369
345
356
359
447
404
200
366
355
252
90
318
251
245
252
244
246
258
257
3
251
160
552
557
527
546
29
25
398
152
244
247
549
252
132
393
152
93
339
397
152
298
252
99
151
151
61
387
69
225
223
530
371
357
345
344
348
355
443
252
317
245
244
254
369
347
132
67
307
472
480
429
515
563
527
546
169
350
351
437
213
229
177
222
99
151
87
223
212
221
83
89
85
345
348
355
449
69
279
280
77
278
145
243
240
260
246
242
253
245
239
244
259
255
257
241
449
547
245
385
356
447
69
345
348
221
355
159
369
345
124
182
178
121
185
95
151
120
124
183
216
424
100
98
151
346
457
456
458
435
369
345
179
182
124
121
100
151
170
509
291
245
252
258
69
348
400
409
540
531
399
367
357
351
245
156
311
69
81
312
252
246
527
546
158
179
177
183
235
151
205
207
124
182
211
121
209
183
216
151
402
347
282
472
223
355
390
152
163
252
215
393
152
153
245
369
347
298
246
376
232
153
152
155
69
245
252
246
8
10
14
101
100
66
307
472
480
245
24
431
362
361
340
344
164
141
408
152
179
177
119
99
100
151
151
157
69
246
551
492
265
495
263
313
496
266
330
494
508
509
394
152
48
44
158
25
69
401
545
357
348
144
159
258
252
202
358
355
299
69
252
246
251
431
152
369
345
23
61
171
23
548
493
494
56
170
161
44
358
455
271
472
479
475
474
473
477
476
238
432
69
246
223
218
217
221
345
355
347
344
349
330
472
474
477
470
257
256
151
562
527
546
515
339
560
527
546
151
141
168
249
254
245
255
124
182
121
183
100
151
405
410
532
406
208
206
210
69
223
412
374
452
541
535
204
202
448
455
246
53
312
252
59
166
167
372
373
221
541
537
357
156
124
120
121
185
151
155
473
195
124
182
178
121
541
98
95
151
339
526
252
23
80
527
528
546
74
58
55
54
257
252
430
224
515
524
12
13
14
157
434
152
69
246
239
347
60
69
245
246
256
79
508
509
192
124
182
178
121
541
185
98
95
151
339
526
388
152
69
81
348
12
3
391
152
81
270
252
246
142
123
124
183
216
424
100
98
151
60
80
312
316
245
252
248
246
255
257
258
230
430
360
539
407
540
221
541
536
357
355
385
356
447
65
58
55
61
54
55
143
22
26
43
339
514
44
491
552
58
61
54
479
153
152
339
429
515
476
542
357
544
527
546
387
69
225
388
530
371
357
345
344
348
355
443
245
250
239
275
498
496
511
512
494
472
470
477
507
68
308
254
246
186
122
187
124
182
177
119
183
100
151
345
151
396
399
497
499
122
124
121
189
95
151
165
387
386
531
431
362
357
361
345
351
285
284
282
279
283
223
342
345
344
355
45
245
244
254
55
69
348
169
456
527
23
161
279
80
223
369
348
347
45
556
527
546
58
151
355
151
479
473
245
544
527
546
448
125
508
165
384
429
93
96
98
97
94
95
151
53
151
339
252
548
369
347
124
182
178
121
541
194
98
95
151
339
526
559
527
546
23
68
348
355
80
246
58
55
61
54
557
527
546
254
533
357
223
426
346
343
345
355
476
507
244
249
377
383
223
382
221
381
378
379
380
345
340
344
355
65
58
55
61
54
55
214
228
145
346
355
245
388
152
251
539
462
461
415
196
460
369
392
357
358
355
455
87
297
294
321
295
83
296
89
85
250
246
253
247
258
251
245
244
252
257
255
469
72
73
56
58
60
61
59
54
177
119
99
151
151
69
245
252
246
328
245
258
352
565
527
546
166
558
527
546
549
163
473
59
490
23
80
278
246
257
547
396
152
249
258
448
245
249
188
122
100
151
69
58
55
54
257
543
386
371
357
344
458
57
151
41
43
53
526
526
53
238
53
339
437
447
339
546
339
455
53
514
25
538
357
151
538
357
347
407
221
355
145
