1
2
2
2
2
2
2
2
2
2
2
2
2
2
2
2
2
2
2
2
2
2
2
2
2
2
2
2
2
2
31
31
31
31
31
37
1
38
38
38
38
38
38
38
38
38
38
38
38
38
38
38
38
38
38
38
38
38
38
38
38
38
38
38
38
38
38
38
38
38
38
38
38
38
38
38
38
38
38
38
38
38
38
38
38
38
38
38
38
38
38
38
38
38
38
38
38
38
38
38
38
38
38
38
38
38
38
38
38
38
38
38
38
38
38
38
38
38
38
38
38
38
38
38
38
38
38
38
38
38
38
38
38
38
38
38
38
38
38
38
38
38
38
38
38
38
38
38
38
38
38
38
38
38
38
38
38
38
38
38
38
38
38
38
38
38
38
38
38
38
38
38
38
38
38
38
38
38
38
38
38
38
38
38
38
38
38
38
38
38
38
38
38
38
38
38
38
38
38
38
38
38
38
38
38
38
38
38
38
38
38
38
38
38
38
38
38
38
38
38
38
38
38
38
38
38
38
38
38
38
38
38
38
38
38
38
38
238
238
238
238
238
238
238
238
238
238
249
1
250
250
250
250
250
250
250
250
250
250
250
250
250
250
250
250
250
250
250
250
250
250
250
250
250
250
250
250
250
250
250
250
250
250
250
250
250
250
250
250
250
250
250
250
250
295
295
295
295
295
301
1
302
302
302
302
302
1
308
308
308
308
308
308
308
308
308
308
308
308
308
308
308
308
308
308
308
308
308
308
308
308
308
308
308
308
308
308
308
308
308
308
308
308
308
308
308
308
308
308
308
308
308
308
308
308
308
308
308
308
308
308
308
308
308
308
308
308
308
308
308
308
308
308
308
308
308
308
308
308
308
308
308
308
308
308
308
308
308
308
308
308
308
308
308
308
308
308
308
308
308
308
308
308
308
308
308
308
308
308
308
308
308
308
308
308
308
308
308
308
308
308
308
308
308
308
308
308
308
308
308
308
308
308
308
308
308
308
308
308
308
308
308
308
308
308
446
446
449
1
450
450
450
450
450
450
450
450
450
450
450
450
450
450
450
450
450
450
450
450
450
450
450
450
450
450
450
450
450
450
450
450
450
450
450
450
450
450
450
450
450
450
450
450
450
450
450
450
450
450
450
450
450
450
450
450
450
450
450
450
450
450
450
450
450
450
450
450
450
450
450
450
450
450
450
450
450
450
450
450
450
450
450
450
450
450
450
450
450
450
450
450
450
450
450
450
450
450
450
450
450
450
450
450
450
450
450
450
450
450
450
450
450
450
450
450
450
450
450
450
450
450
450
450
450
450
450
450
450
450
450
450
450
450
450
450
450
450
450
450
450
450
450
450
450
450
450
450
1
599
599
599
599
599
599
599
599
599
599
599
599
599
599
599
599
599
599
599
599
599
599
599
599
599
599
599
302
57
57
57
539
539
539
539
539
610
610
610
610
610
610
610
610
610
610
610
572
572
572
572
142
142
142
142
612
612
612
612
612
612
612
612
612
612
612
612
132
132
132
132
132
132
132
554
554
554
554
554
554
554
554
554
554
343
343
593
593
593
593
497
497
497
497
17
538
538
538
538
538
406
406
420
420
604
604
604
604
604
377
377
377
377
377
377
459
459
459
459
459
459
49
49
49
49
49
49
49
49
416
416
560
560
560
560
247
247
247
83
83
321
321
182
182
232
232
232
220
220
126
126
485
485
485
485
481
481
481
481
606
606
606
606
606
606
616
616
616
414
414
100
100
100
100
100
100
100
208
208
208
208
208
208
208
521
521
521
521
521
72
371
371
371
371
264
264
264
264
264
460
460
19
19
85
85
85
85
553
553
553
553
553
553
553
553
553
386
386
341
341
575
575
575
575
246
246
224
224
224
224
224
621
621
621
621
305
305
228
228
228
228
194
194
369
369
369
369
62
62
62
314
314
314
314
314
89
89
89
89
192
192
192
192
192
192
192
559
559
559
489
489
489
489
568
568
568
239
239
507
507
507
507
501
501
501
501
622
622
622
398
398
398
398
398
398
398
398
160
160
292
292
292
8
8
8
8
8
8
134
134
260
260
380
380
367
367
367
367
349
349
349
349
349
349
349
349
204
204
75
75
242
242
327
327
477
477
477
477
426
426
127
127
404
404
435
435
347
347
536
536
536
536
536
12
12
12
12
523
523
523
523
523
563
563
563
563
172
172
545
545
545
545
545
248
248
429
429
388
388
467
467
467
605
605
605
574
574
574
124
124
333
333
256
256
256
256
256
270
158
158
14
595
595
595
595
595
595
596
596
596
596
596
596
269
218
218
218
190
190
241
241
286
286
286
410
410
267
267
473
473
473
473
266
266
266
566
566
566
566
116
116
52
52
617
617
617
617
255
355
355
355
355
542
542
542
542
542
463
463
463
276
276
276
276
479
479
479
479
146
146
146
146
623
623
130
130
130
130
130
130
130
394
394
394
394
394
394
394
394
615
615
615
615
243
243
618
618
618
618
626
626
626
51
51
51
51
51
51
51
79
79
206
206
206
206
206
206
206
533
533
533
533
68
68
68
68
233
233
77
77
91
91
91
91
154
154
154
154
319
319
287
287
112
112
284
284
284
186
186
94
94
614
614
614
614
614
64
64
519
519
519
519
226
226
226
226
226
226
226
55
55
577
577
577
400
400
400
400
400
400
400
400
304
304
240
240
402
402
402
402
402
402
402
402
625
625
625
607
607
607
607
607
607
607
202
202
235
235
70
70
509
509
509
509
550
550
550
7
7
7
7
7
613
613
613
613
357
357
357
357
541
541
541
541
541
571
571
571
140
140
140
140
378
378
13
13
13
434
434
424
424
289
289
118
118
214
214
214
214
214
214
214
586
586
586
511
511
511
511
557
557
557
557
437
437
493
493
493
493
315
315
469
469
469
469
422
422
487
487
487
487
428
428
428
471
471
471
471
318
515
515
515
515
166
166
273
221
221
361
361
361
361
196
196
363
363
363
363
306
306
15
15
15
15
198
198
164
164
81
81
562
562
562
331
331
282
282
282
611
611
611
138
138
138
138
176
176
620
620
620
620
620
120
120
188
188
531
531
531
531
531
97
97
97
97
97
97
97
97
212
212
212
212
212
212
212
300
465
465
465
465
465
244
244
375
375
375
375
11
11
11
11
11
11
11
114
114
608
608
608
608
608
608
408
408
609
609
609
609
609
609
609
609
278
278
278
278
278
278
278
278
278
278
431
590
590
590
590
10
10
10
10
10
565
565
565
544
544
544
544
544
548
548
548
548
548
144
144
144
144
491
491
491
491
280
280
382
382
122
122
359
359
359
359
373
373
373
373
174
174
589
589
589
152
152
152
152
581
581
581
581
569
569
569
569
580
580
580
156
156
156
156
156
499
499
499
499
170
170
439
439
439
439
439
439
439
439
36
444
444
444
444
444
444
353
353
353
353
20
20
412
412
396
396
396
396
396
396
396
396
475
475
475
475
16
16
16
16
547
547
547
547
547
583
583
583
216
216
216
216
216
216
216
624
624
624
624
624
624
624
624
624
624
624
624
624
624
624
624
337
337
551
551
551
87
87
87
87
505
505
505
505
584
584
584
584
60
60
483
483
483
483
261
261
329
329
54
54
54
274
274
274
101
101
513
513
513
513
517
517
517
517
148
148
148
148
258
258
258
258
258
258
258
262
262
262
262
262
345
345
592
592
592
432
432
245
245
200
200
578
578
578
578
66
66
66
587
587
587
587
210
210
210
210
210
210
210
556
556
556
92
92
92
92
603
603
603
603
527
527
527
527
527
96
96
96
503
503
503
503
230
230
462
384
384
335
335
601
601
601
602
602
9
9
9
9
9
9
168
168
316
351
351
178
178
271
271
271
535
535
535
535
535
184
184
95
95
95
95
95
95
95
95
95
95
95
95
95
95
95
95
95
323
323
29
325
325
339
339
529
529
529
529
529
619
619
619
619
619
619
619
619
619
525
525
525
525
525
365
365
365
365
150
150
150
150
162
162
180
180
98
98
98
98
98
98
98
418
418
495
495
495
495
392
392
392
392
392
392
392
392
73
73
73
73
136
136
136
136
312
600
600
454
48
48
303
