1
2
2
2
2
2
2
2
2
2
2
2
2
2
2
2
2
2
2
2
2
2
2
2
2
2
2
2
2
2
2
2
2
2
2
2
2
2
2
2
2
2
2
2
2
2
2
2
2
2
2
2
2
2
2
2
2
2
20
20
23
23
43
43
66
67
67
67
67
67
67
67
75
72
72
73
66
79
79
79
79
79
79
79
79
79
79
79
79
79
79
14
14
14
38
54
54
54
35
82
82
45
11
11
11
11
24
53
53
53
49
20
20
20
89
9
84
31
50
50
50
21
23
23
23
57
57
57
57
87
87
32
30
30
7
7
12
22
71
41
17
17
17
26
26
26
43
43
43
8
8
25
6
58
69
85
52
52
37
37
37
51
51
56
40
40
40
70
42
16
33
33
33
10
27
29
29
29
86
28
47
47
47
19
92
92
92
34
34
34
44
91
48
18
46
46
46
36
13
55
88
15
39
74
