2
3
4
5
6
7
8
9
10
11
12
13
14
15
16
17
18
19
20
21
22
23
24
25
26
27
28
29
30
31
32
33
34
35
36
37
38
39
40
41
42
43
44
45
46
47
48
49
50
51
52
53
54
55
56
57
58
59
60
61
62
63
64
65
67
68
69
70
71
72
73
74
72
76
77
78
79
80
81
82
83
84
85
86
87
88
89
90
91
92
93
8
10
3
40
8
9
3
37
80
81
46
8
9
10
3
26
8
9
3
50
8
9
3
93
10
80
33
8
9
3
23
8
9
3
8
10
58
3
93
81
33
9
3
4
3
14
23
68
43
8
9
3
8
10
3
8
9
3
4
3
26
4
59
68
88
53
54
8
9
3
53
54
57
8
9
3
68
43
17
8
9
3
3
29
8
9
3
88
29
8
9
3
20
90
91
67
8
10
3
46
90
50
20
8
9
3
37
14
57
93
17
40
68
