1
2
2
2
2
2
2
2
2
2
2
2
2
2
2
2
2
2
2
2
2
2
2
2
2
2
2
2
2
2
2
2
2
2
2
2
2
2
2
2
2
2
2
2
2
2
2
2
2
2
2
2
2
2
2
2
2
2
11
60
2
62
62
62
62
62
62
62
62
2
71
71
71
71
76
76
76
76
76
76
76
76
76
76
76
76
76
76
76
76
76
76
76
76
76
76
76
76
76
76
76
76
76
76
76
76
76
76
76
76
76
76
76
76
76
76
76
76
76
76
76
76
76
76
76
76
76
76
76
76
76
76
76
76
1
77
77
80
78
79
1
83
83
83
83
83
83
83
83
83
83
83
83
83
83
83
83
83
83
102
1
103
103
103
103
103
103
103
103
103
103
103
103
103
103
103
103
103
103
103
103
103
103
103
103
103
103
103
103
103
103
103
103
103
103
103
103
103
103
108
107
106
105
104
147
117
140
116
139
115
138
114
137
121
120
119
118
141
113
136
112
135
134
133
129
128
127
125
111
132
110
131
109
130
124
123
122
1
180
180
180
180
180
180
180
180
180
180
180
180
180
180
180
180
180
180
180
180
180
180
180
180
205
1
206
206
206
206
206
206
206
206
206
216
1
217
217
217
217
217
217
217
217
217
217
217
217
217
217
217
217
217
217
217
217
217
217
217
217
217
217
217
217
217
217
217
217
217
217
217
217
217
217
256
1
257
257
257
257
257
257
257
264
263
262
261
260
259
258
272
1
273
273
273
273
273
273
273
273
282
1
283
283
283
283
283
283
283
283
283
283
283
283
283
283
283
283
283
283
283
283
283
283
283
283
283
283
283
283
312
313
314
314
314
314
314
314
314
314
314
314
314
314
314
314
314
314
314
314
314
314
314
314
314
314
314
314
314
314
314
314
314
314
314
314
314
314
314
314
314
314
314
314
314
314
314
314
314
314
314
314
314
314
314
314
314
314
323
371
314
373
373
373
373
373
373
373
373
314
382
382
382
382
36
34
34
29
1
391
391
391
391
391
391
391
391
391
391
391
391
403
401
400
399
397
395
393
411
1
412
412
412
412
412
412
412
412
412
412
412
412
412
412
412
412
412
412
412
412
412
412
412
412
412
412
412
412
412
412
443
1
444
444
444
444
444
444
444
444
444
444
444
444
444
444
444
460
1
461
461
461
461
461
461
461
461
461
461
461
461
461
461
461
461
461
461
461
461
461
461
461
461
461
461
461
461
461
461
461
461
461
461
461
461
461
461
461
461
461
461
461
461
461
461
461
461
461
461
461
461
461
461
461
461
461
461
461
461
461
461
461
461
461
461
461
461
461
461
461
461
461
461
461
461
461
461
461
461
461
461
461
461
461
461
461
461
461
461
461
461
461
461
461
461
461
461
461
461
461
461
461
461
461
461
461
461
461
461
461
461
461
575
77
103
412
391
461
180
206
283
444
83
257
273
217
100
100
348
348
348
523
523
523
539
539
539
346
346
346
346
75
227
227
227
551
551
551
78
78
78
78
78
260
260
260
474
474
474
528
528
528
351
111
111
111
119
119
422
422
424
424
141
141
141
108
108
108
491
491
491
36
36
36
36
36
36
36
36
368
485
485
485
56
261
261
261
249
249
249
331
467
467
467
522
395
395
395
540
540
540
524
524
524
552
552
552
279
279
475
475
475
226
226
226
356
356
356
221
221
221
386
85
453
453
453
453
453
549
549
549
99
290
290
253
253
253
305
329
329
484
484
484
490
490
490
432
432
215
215
215
533
533
533
135
135
135
452
452
452
452
452
452
452
396
396
24
24
541
541
541
105
105
105
296
296
296
553
553
553
232
232
232
263
263
263
342
342
550
476
476
476
95
95
335
548
548
548
543
543
543
254
254
254
347
347
347
347
347
347
347
347
447
447
447
447
447
487
487
487
433
433
401
401
527
450
450
450
450
450
534
534
534
469
469
469
68
68
355
355
116
116
116
237
237
237
287
287
367
34
34
34
34
34
339
339
477
477
477
98
98
96
96
423
423
451
451
451
451
451
451
451
451
122
122
122
117
117
136
136
136
547
547
547
544
544
544
448
448
448
448
448
486
486
486
128
128
128
214
214
214
48
48
427
427
55
55
29
29
29
468
468
468
70
535
535
535
121
121
121
211
341
341
341
341
341
341
341
341
106
106
106
220
220
220
276
276
276
546
127
127
127
22
22
22
22
137
137
137
307
307
183
183
183
436
436
436
93
93
572
572
572
17
17
481
495
495
495
440
440
440
398
398
21
238
25
25
25
25
25
74
516
516
516
259
259
259
234
563
563
563
358
569
569
569
197
197
197
18
18
18
18
222
222
222
233
233
233
126
126
126
198
198
198
298
298
298
301
301
301
416
416
258
258
258
306
306
306
470
470
470
247
247
247
94
94
281
281
502
188
188
188
201
201
201
67
393
393
393
97
97
571
571
571
494
494
494
517
517
517
252
564
564
564
236
236
236
568
568
568
454
454
454
454
454
132
132
132
542
200
200
200
525
525
525
231
472
472
472
202
202
202
191
191
191
415
415
91
91
91
394
394
129
129
129
493
493
493
464
464
464
84
84
430
430
378
514
514
514
511
511
511
299
299
299
483
483
483
574
574
574
309
45
45
45
274
274
274
235
235
235
186
186
186
203
203
203
418
418
526
526
526
57
473
473
473
118
118
118
429
429
92
92
131
131
131
109
109
109
573
573
573
385
492
492
492
465
465
465
399
399
195
195
195
515
515
515
13
13
13
13
13
510
510
510
482
482
482
536
208
194
194
194
209
209
209
193
193
193
278
278
278
455
455
455
455
455
458
458
458
458
458
402
402
565
47
325
325
325
325
325
489
264
264
264
286
286
286
44
44
435
435
37
37
37
90
125
125
125
509
509
509
357
545
545
545
255
255
255
559
559
559
392
392
289
289
289
240
240
240
43
43
187
187
187
519
519
519
210
210
210
499
499
499
445
445
445
445
445
554
554
446
446
446
446
446
120
120
120
344
192
192
192
420
420
223
223
223
58
419
419
46
207
207
207
334
334
334
334
463
463
463
332
332
332
332
332
332
332
332
508
508
508
369
498
498
498
140
140
140
400
400
246
246
246
560
560
560
113
113
113
291
291
380
413
413
500
500
500
26
26
89
89
130
130
130
570
462
300
300
300
251
251
251
497
497
497
507
507
507
438
438
438
372
139
139
139
69
561
561
561
20
20
20
20
20
20
20
20
532
330
330
330
330
381
437
521
521
521
184
184
184
337
337
337
337
337
567
567
567
40
124
124
124
295
295
295
115
115
115
262
262
262
501
501
501
27
27
138
138
138
107
107
107
204
204
19
134
134
134
359
359
379
379
30
30
248
248
248
397
397
185
185
185
303
303
303
439
439
439
496
496
496
426
426
506
506
506
228
336
336
512
512
512
562
562
562
520
520
520
566
566
566
239
239
239
79
79
79
79
79
434
434
434
478
478
478
449
449
449
449
449
250
250
250
505
505
505
66
23
219
219
219
212
212
212
86
86
225
225
225
242
242
242
293
293
189
189
189
403
403
441
441
441
421
421
457
457
457
457
457
181
181
181
456
456
456
456
456
196
196
196
471
28
417
417
88
88
292
292
292
479
479
479
531
531
531
297
297
297
466
360
504
504
504
302
302
302
213
213
213
354
354
488
488
488
224
224
224
243
243
243
112
112
112
308
308
308
49
459
459
459
459
459
230
230
230
537
537
537
518
123
123
123
294
294
294
218
218
218
556
556
556
311
311
311
288
288
288
333
366
366
480
480
480
530
530
530
182
182
182
431
431
377
277
277
277
241
503
503
503
110
110
110
244
244
244
338
338
340
101
101
229
229
229
538
538
538
557
557
557
310
310
133
133
133
190
280
280
529
529
529
555
104
104
104
32
245
245
245
442
442
87
87
284
284
558
558
558
114
114
114
285
285
61
428
428
425
425
513
304
304
304
414
414
275
275
275
199
199
199
142
143
144
145
146
148
150
152
154
156
157
158
159
161
163
167
81
168
82
169
170
171
172
173
174
175
176
177
178
179
405
406
407
408
409
410
149
151
153
155
160
162
164
165
166
389
390
265
266
267
268
269
270
271
404
