2
3
4
5
6
7
8
9
10
11
12
13
14
15
16
17
18
19
20
21
22
23
24
25
26
27
28
29
30
31
32
33
34
35
36
37
38
39
40
41
42
43
44
45
46
47
48
49
50
51
52
53
54
55
56
57
58
59
60
61
62
63
64
65
66
67
68
69
70
71
72
73
74
75
2
4
5
6
7
8
3
9
10
11
13
14
15
16
17
18
19
20
12
21
22
23
24
25
26
27
28
29
30
31
32
33
34
35
36
37
38
39
62
40
71
41
42
43
44
45
46
47
48
49
50
51
52
53
54
55
56
57
58
59
77
78
79
77
81
82
83
84
85
86
87
88
89
90
91
92
93
94
95
96
97
98
99
100
101
83
103
104
105
106
107
108
109
110
111
112
113
114
115
116
117
118
119
120
121
122
123
124
125
126
127
128
129
130
131
132
133
134
135
136
137
138
139
140
141
142
143
144
145
146
103
148
149
150
151
152
153
154
155
156
157
158
159
160
161
162
163
164
165
166
167
168
169
170
171
172
173
174
175
176
177
178
179
180
181
182
183
184
185
186
187
188
189
190
191
192
193
194
195
196
197
198
199
200
201
202
203
204
180
206
207
208
209
210
211
212
213
214
215
206
217
218
219
220
221
222
223
224
225
226
227
228
229
230
231
232
233
234
235
236
237
238
239
240
241
242
243
244
245
246
247
248
249
250
251
252
253
254
255
217
257
258
259
260
261
262
263
264
265
266
267
268
269
270
271
257
273
274
275
276
277
278
279
280
281
273
283
284
285
286
287
288
289
290
291
292
293
294
295
296
297
298
299
300
301
302
303
304
305
306
307
308
309
310
311
283
314
315
316
317
318
319
320
321
322
323
324
325
326
327
328
329
330
331
332
333
334
335
336
337
338
339
340
341
342
343
344
345
346
347
348
349
350
351
352
353
354
355
356
357
358
359
360
361
362
363
364
365
366
367
368
369
370
371
372
373
374
375
376
377
378
379
380
381
382
383
384
385
386
387
388
389
390
391
392
393
394
395
396
397
398
399
400
401
402
403
404
405
406
407
408
409
410
391
412
413
414
415
416
417
418
419
420
421
422
423
424
425
426
427
428
429
430
431
432
433
434
435
436
437
438
439
440
441
442
412
444
445
446
447
448
449
450
451
452
453
454
455
456
457
458
459
444
461
462
463
464
465
466
467
468
469
470
471
472
473
474
475
476
477
478
479
480
481
482
483
484
485
486
487
488
489
490
491
492
493
494
495
496
497
498
499
500
501
502
503
504
505
506
507
508
509
510
511
512
513
514
515
516
517
518
519
520
521
522
523
524
525
526
527
528
529
530
531
532
533
534
535
536
537
538
539
540
541
542
543
544
545
546
547
548
549
550
551
552
553
554
555
556
557
558
559
560
561
562
563
564
565
566
567
568
569
570
571
572
573
574
461
314
314
314
314
314
314
314
314
314
314
314
314
314
99
366
349
330
321
522
366
367
536
366
367
340
343
321
324
72
334
366
367
366
367
550
352
332
366
367
353
332
366
367
471
366
367
366
527
367
366
332
366
367
332
366
334
366
334
366
332
366
367
332
366
367
366
489
367
32
31
69
67
70
10
9
62
370
481
366
367
58
332
366
367
334
366
367
332
466
366
367
334
332
366
367
536
366
367
522
366
367
366
367
550
334
366
471
366
367
334
366
367
354
355
333
334
366
367
383
334
352
334
366
367
353
546
366
367
334
334
366
252
366
367
334
326
321
481
366
367
366
489
367
334
366
334
366
367
532
366
367
332
366
367
365
352
334
366
367
353
321
332
366
21
18
536
366
367
332
366
367
334
366
367
366
367
550
231
366
367
332
366
367
345
343
334
471
366
367
90
366
336
546
366
367
542
366
367
252
366
367
343
344
380
381
378
321
322
373
352
334
366
367
353
481
366
367
334
366
332
366
334
352
334
366
367
353
532
366
367
466
366
367
63
64
352
321
332
366
367
334
366
367
334
366
369
28
35
31
12
9
346
341
471
366
367
334
366
90
366
334
366
365
352
334
366
361
367
353
321
332
366
367
332
366
332
366
367
546
366
367
542
366
367
352
334
366
367
353
481
366
367
332
366
367
334
366
367
47
9
334
366
57
58
30
28
9
466
366
367
63
532
366
367
332
366
367
334
340
380
381
342
378
321
322
373
332
366
367
334
366
367
334
366
367
334
332
366
367
23
41
25
9
332
366
367
305
366
334
366
367
334
366
367
90
366
366
367
570
14
9
334
366
489
367
437
366
367
332
366
12
334
44
21
43
26
10
72
513
366
367
332
366
367
334
366
555
367
321
565
366
367
334
366
367
42
41
17
9
334
366
367
231
366
367
332
366
367
334
366
367
334
366
367
334
366
367
334
366
332
366
367
305
366
367
334
366
367
334
366
367
90
366
334
366
334
334
366
367
334
366
367
65
332
366
367
334
366
366
367
570
366
489
367
513
366
367
334
366
555
367
234
366
367
565
366
367
352
334
366
367
353
332
366
367
334
334
366
367
522
366
367
334
471
366
367
334
366
367
190
366
367
334
366
90
366
367
332
366
332
366
367
366
489
367
462
366
367
334
366
334
366
376
513
366
367
366
367
502
334
366
367
481
366
367
366
367
570
334
44
21
43
334
366
367
234
366
367
334
366
367
334
366
367
334
366
522
366
367
59
471
366
367
332
366
367
334
366
90
366
332
366
367
332
366
367
366
367
570
383
366
489
367
462
366
367
332
366
334
366
367
513
366
367
47
8
6
7
9
366
367
502
481
366
367
334
334
334
366
367
208
366
367
334
366
367
334
366
367
352
334
366
367
353
352
334
366
367
353
332
366
334
9
358
318
321
319
320
334
332
366
367
334
366
367
41
9
334
366
18
38
9
334
332
366
367
366
367
502
321
334
366
367
334
366
367
366
555
367
332
366
334
366
367
238
366
367
41
9
334
366
367
518
366
367
208
366
367
366
489
367
352
334
366
367
353
334
366
352
334
366
367
353
332
366
367
321
190
366
367
334
366
334
366
367
59
334
366
9
334
366
367
352
335
337
321
462
366
367
352
347
335
355
333
339
321
322
366
367
502
370
366
489
367
332
366
367
332
366
334
366
367
366
555
367
332
366
367
334
366
376
334
366
366
489
367
27
36
334
366
332
366
367
334
334
334
366
367
334
366
367
366
489
367
366
367
502
437
366
367
359
332
366
367
65
366
555
367
44
21
27
23
41
36
10
9
334
352
353
329
321
374
334
518
366
367
334
366
367
354
338
355
333
322
565
366
367
55
332
366
367
334
366
367
332
366
367
332
366
367
366
489
367
34
29
332
366
367
332
366
367
334
366
20
332
366
367
358
321
375
374
33
31
334
366
367
332
366
334
366
367
334
366
367
437
366
367
366
489
367
334
366
366
367
502
334
330
333
366
367
502
366
555
367
518
366
367
565
366
367
238
366
367
352
332
366
367
353
334
366
367
471
366
367
352
334
366
367
353
334
366
367
366
367
502
64
24
334
366
367
366
367
211
85
366
334
366
367
366
367
241
334
366
334
366
367
332
366
334
366
367
334
366
352
334
366
367
353
334
366
367
352
334
366
367
353
334
366
367
334
9
334
366
334
366
334
366
367
471
366
367
366
527
367
334
366
367
334
322
366
367
502
334
366
367
366
367
211
352
321
481
366
367
334
366
367
366
367
241
332
366
367
334
366
367
10
352
334
366
367
353
228
366
367
536
366
367
334
332
366
367
334
366
367
334
366
367
366
555
367
309
366
367
334
366
367
324
369
368
471
366
367
366
527
367
334
366
367
334
366
375
334
366
367
334
366
367
502
332
366
367
366
367
241
347
339
321
99
366
228
366
367
536
366
367
366
555
367
309
366
332
366
367
334
334
366
366
527
367
334
332
366
367
9
366
367
241
334
366
85
366
334
366
366
555
367
332
366
367
334
366
48
334
366
334
366
334
334
366
367
334
366
334
366
367
334
366
367
366
366
366
366
366
366
366
366
366
366
366
366
366
366
366
366
366
366
366
366
366
366
366
366
366
366
366
366
366
366
366
366
366
366
366
366
366
366
366
366
366
366
366
366
366
321
321
366
366
366
366
366
366
366
366
