2
3
4
5
6
7
8
9
3
4
11
12
13
14
15
16
17
18
19
20
21
22
23
24
25
26
28
29
30
31
32
33
34
35
36
37
38
39
40
41
42
43
44
45
46
47
48
49
50
51
52
53
54
55
56
57
58
59
60
61
62
63
64
65
66
67
68
69
70
71
72
73
74
75
76
77
79
80
81
82
83
84
85
86
87
88
89
90
91
92
55
31
29
59
83
56
72
56
60
55
59
58
40
85
86
57
55
59
58
32
29
33
29
30
47
88
87
82
83
80
81
59
57
59
58
29
29
31
29
32
29
6
29
59
30
58
72
7
4
3
59
60
33
55
29
7
4
4
3
4
4
3
7
4
3
