1
2
2
2
2
2
2
2
2
2
2
2
2
2
2
2
2
2
2
2
2
22
22
2
25
25
28
29
29
29
32
32
32
32
32
29
38
38
38
38
38
29
44
44
44
44
49
49
53
54
54
54
54
54
60
61
61
61
61
61
61
61
61
61
61
61
61
61
61
61
61
61
61
79
80
80
61
83
83
83
83
83
73
90
91
73
73
73
18
73
42
98
99
99
99
99
99
99
99
99
99
99
99
99
99
99
99
99
99
99
99
99
99
99
99
99
99
99
99
99
99
99
99
99
99
99
99
99
99
99
99
99
99
99
99
99
99
99
99
99
99
99
99
99
99
99
99
99
99
99
99
99
99
99
99
99
99
99
99
99
99
99
99
99
99
99
99
99
99
99
99
99
99
99
99
99
99
99
99
99
99
99
99
99
99
99
99
99
99
99
99
99
99
99
99
99
99
99
99
99
99
99
99
99
99
99
99
99
99
99
99
99
99
99
99
99
99
99
99
99
99
99
99
99
99
99
99
99
99
99
99
99
99
99
99
99
99
99
99
99
99
99
99
99
99
99
99
99
99
99
99
99
99
99
99
99
99
99
99
99
99
99
99
99
99
99
99
99
99
99
99
99
99
99
99
99
99
99
99
99
99
99
99
99
99
99
99
99
99
99
99
99
99
99
99
99
99
99
99
99
99
99
99
99
99
99
99
99
99
99
99
99
99
99
99
99
99
99
99
99
99
99
99
99
99
99
99
99
99
99
99
99
99
99
99
99
99
99
99
99
99
99
99
99
99
99
99
99
99
99
99
99
99
99
99
99
99
99
99
99
99
99
99
99
99
99
99
99
99
99
99
99
99
99
99
99
99
99
99
53
387
387
387
387
387
392
394
395
396
53
397
397
397
397
397
397
397
397
391
407
53
408
408
408
408
408
408
408
408
408
408
408
408
408
408
408
408
408
408
408
408
408
408
408
432
430
430
430
408
437
430
428
426
430
430
426
446
424
448
448
448
449
53
450
452
53
453
453
453
453
453
453
453
453
453
453
453
453
465
465
465
465
465
465
465
462
461
461
461
461
458
460
459
460
460
53
483
483
486
53
487
487
53
490
490
490
490
490
490
391
390
390
500
501
53
502
502
502
502
502
502
502
502
502
502
502
502
514
515
44
387
38
32
490
54
408
72
72
72
72
72
72
72
72
459
459
459
459
459
459
459
511
349
458
458
458
458
458
458
458
458
458
458
352
405
405
422
422
422
422
509
57
57
374
428
428
8
8
8
8
8
355
366
37
37
74
74
74
74
74
74
74
74
76
76
357
363
494
494
494
429
429
429
484
471
471
471
392
58
378
358
516
71
71
402
402
402
402
402
88
88
383
78
423
423
423
423
512
356
376
462
462
462
462
462
462
462
462
462
360
365
496
496
12
12
12
12
12
456
456
456
456
68
68
485
87
87
348
384
384
10
10
10
10
420
420
420
420
401
401
401
401
9
9
9
9
9
371
377
368
15
15
15
15
15
21
391
470
431
431
41
41
46
46
69
42
42
419
419
419
419
419
419
7
7
7
7
7
14
14
14
14
14
367
495
495
13
13
13
13
385
385
493
493
390
390
370
36
36
36
36
362
461
461
461
461
461
461
461
359
346
460
460
460
460
460
460
460
460
460
460
82
421
421
421
421
463
372
354
427
427
380
77
67
73
73
73
73
73
73
73
73
73
73
70
70
426
426
426
426
426
426
426
59
6
6
6
6
6
403
513
16
16
16
16
350
17
17
17
17
31
31
31
31
31
31
31
31
31
353
86
373
381
379
27
351
361
472
472
472
472
382
347
5
457
24
389
11
11
11
11
11
430
430
430
430
430
430
430
430
430
375
386
425
425
47
364
75
369
508
508
508
508
508
503
417
34
3
400
409
64
454
455
66
30
505
412
62
414
473
473
475
475
477
477
477
477
406
433
434
479
479
480
480
480
478
478
447
448
448
449
449
95
95
95
97
