1
2
2
2
2
2
2
2
2
2
2
2
2
2
2
2
2
2
2
2
2
2
2
2
2
2
2
2
2
2
2
2
2
2
2
2
2
2
39
39
39
39
39
39
2
46
46
46
46
46
46
46
46
46
46
46
46
46
46
46
46
46
46
46
46
46
46
46
46
46
46
46
46
46
46
46
46
46
46
46
46
46
46
46
46
46
46
46
46
91
36
38
45
95
96
96
96
96
96
96
96
96
96
96
31
79
79
79
79
79
45
45
45
81
81
27
27
27
27
27
74
74
86
86
32
32
32
75
75
70
70
37
72
72
43
41
41
84
84
44
44
44
44
83
83
71
71
76
76
88
88
106
106
106
106
106
106
106
106
106
28
80
80
73
73
89
89
69
69
30
85
85
33
34
34
34
82
82
68
68
78
78
78
78
29
87
87
90
90
90
90
90
90
90
90
90
90
90
90
90
90
90
90
90
90
90
90
90
90
90
90
90
90
90
42
67
67
77
77
35
26
26
26
26
26
26
26
26
26
26
26
26
26
26
26
40
24
25
94
94
94
94
94
94
94
94
94
94
94
94
94
94
94
94
94
94
94
94
94
94
94
94
94
94
