1
2
2
2
2
2
2
2
2
2
2
2
2
2
2
2
2
2
2
2
2
2
2
2
2
2
2
2
2
2
2
13
33
14
35
15
37
2
39
30
42
43
43
43
43
43
43
43
43
43
43
43
43
43
43
43
43
43
43
43
43
43
43
43
43
43
47
69
49
1
72
72
72
72
72
72
72
72
72
72
72
72
72
72
72
72
72
72
72
72
79
93
92
95
97
5
92
100
101
101
101
101
101
101
101
101
101
101
101
101
101
101
101
101
101
101
101
101
101
116
2
72
109
12
12
12
12
12
12
22
119
110
14
120
26
26
26
26
26
10
10
10
10
10
10
9
9
9
9
9
9
108
117
25
25
25
25
25
25
92
92
86
27
80
80
80
80
80
49
49
49
49
49
49
49
49
49
49
49
104
112
88
88
88
24
50
115
11
11
11
11
11
11
87
87
87
87
47
82
82
82
82
82
106
8
8
8
8
8
8
114
15
90
90
122
121
7
7
7
7
7
28
13
45
45
17
17
17
17
17
17
23
89
89
89
89
89
89
89
21
113
34
107
18
18
18
18
18
18
16
16
16
16
16
16
16
16
118
19
19
19
19
19
19
57
20
20
20
20
111
6
6
81
81
81
81
81
63
63
64
38
116
5
5
5
5
5
36
103
91
91
105
105
105
105
73
44
123
71
98
98
98
