1
2
2
2
2
2
2
2
2
2
2
2
2
2
2
2
2
2
2
2
2
2
2
2
2
2
2
2
2
2
2
2
2
2
2
2
2
2
2
2
2
2
2
2
2
2
2
2
2
2
2
2
2
2
2
2
30
58
54
60
56
62
2
64
67
68
68
1
69
69
69
69
69
69
69
69
69
69
69
69
69
69
69
69
69
69
69
69
69
69
69
69
69
69
69
69
69
69
69
69
69
69
69
69
69
69
69
69
69
69
69
69
69
69
69
69
69
69
69
69
69
69
69
69
69
69
69
69
69
69
69
69
69
69
69
69
69
69
69
69
69
69
69
69
69
69
69
69
69
69
69
69
69
69
69
69
69
69
69
69
69
69
69
69
69
69
69
69
69
69
69
69
69
69
69
69
69
69
69
69
69
69
69
69
69
69
69
69
69
69
69
69
69
69
69
69
69
69
69
69
69
69
69
69
69
69
69
69
69
69
69
69
69
69
69
216
216
216
216
216
216
216
216
216
216
216
216
101
229
108
231
109
233
110
235
140
237
148
239
149
241
151
243
152
245
154
247
156
249
157
251
162
253
172
255
174
257
175
259
177
261
178
263
192
265
267
269
193
271
193
273
275
193
277
194
279
194
281
283
194
285
195
287
195
289
291
195
293
197
295
199
297
200
299
301
201
303
203
305
204
307
205
309
206
311
207
313
208
315
208
317
209
319
210
321
212
323
213
325
214
327
117
117
110
144
172
184
135
42
42
42
152
175
83
83
83
153
93
50
50
130
131
192
108
28
28
92
92
36
36
36
36
36
87
87
193
170
182
182
161
17
17
17
17
17
17
185
59
59
111
111
111
143
163
89
89
89
101
101
95
95
37
114
177
145
122
123
123
100
168
124
188
188
98
183
183
25
25
25
120
195
202
105
191
137
34
34
34
34
34
113
35
35
39
39
134
158
140
166
181
181
215
215
41
41
41
31
31
52
52
126
112
129
176
151
27
32
61
29
29
29
29
171
164
154
205
205
44
81
194
165
196
96
96
96
96
80
80
80
80
150
187
187
43
43
48
142
21
21
190
109
169
162
147
147
90
213
213
213
121
204
204
45
141
141
88
88
178
178
138
208
208
125
125
49
214
33
156
94
94
94
20
20
198
119
157
180
203
51
51
160
132
179
127
57
57
173
106
106
106
86
118
118
118
102
102
38
22
22
99
99
99
133
104
146
19
97
211
159
159
159
159
103
103
103
149
26
26
155
139
136
85
116
116
167
148
128
128
18
18
18
18
18
18
24
24
40
40
91
174
107
189
56
186
79
