1
2
2
2
2
2
2
2
2
2
2
2
2
2
2
2
2
2
2
2
2
2
2
2
2
2
2
2
2
2
2
2
7
34
34
7
37
9
39
39
2
42
42
13
45
47
16
49
16
51
17
53
18
55
19
57
20
59
21
61
2
2
64
64
64
64
64
2
70
70
70
70
70
70
70
1
78
78
78
78
78
78
78
78
78
78
78
78
78
78
78
78
78
78
78
78
78
78
78
78
78
78
78
78
78
78
78
78
78
78
78
78
78
78
78
78
78
78
78
78
78
78
78
78
78
78
78
78
78
78
78
78
78
78
78
78
78
78
78
78
78
78
78
78
78
78
78
78
78
78
78
78
78
78
78
78
78
78
78
78
78
78
78
78
78
78
78
78
78
78
78
78
78
116
176
123
178
126
180
128
182
78
184
184
184
184
184
184
184
184
184
184
184
78
196
196
196
196
196
196
196
196
196
196
132
208
209
209
209
209
209
209
209
209
209
209
209
209
216
223
224
224
224
224
224
224
224
224
224
224
224
235
235
235
235
229
240
167
167
244
245
245
245
245
245
245
245
245
245
245
245
245
245
245
245
245
245
245
245
245
245
245
245
245
245
245
269
272
245
274
274
274
274
274
274
274
274
274
274
274
274
274
278
288
278
290
287
292
287
287
216
216
216
17
17
17
171
198
146
25
265
133
133
92
92
92
92
155
122
122
174
44
168
138
21
21
21
93
136
98
98
98
98
266
166
164
121
121
14
14
88
159
238
33
206
269
27
264
264
264
264
123
123
123
123
123
95
95
75
75
75
108
76
76
18
18
18
258
19
19
19
286
286
109
109
94
94
94
142
127
127
204
170
74
16
16
16
16
10
213
267
101
145
145
145
24
115
115
215
165
26
177
96
96
96
96
257
140
9
9
9
9
20
20
20
169
12
12
282
149
175
52
227
151
179
100
100
100
113
113
255
102
102
102
102
147
147
105
111
217
217
99
99
99
120
120
214
158
144
256
172
173
293
131
11
22
77
77
152
152
152
154
287
287
287
287
287
276
29
67
203
143
143
32
91
91
268
135
107
107
87
87
87
87
87
87
6
8
8
110
110
117
117
114
114
124
124
124
124
157
62
62
134
134
150
153
239
239
239
239
163
183
116
116
116
116
156
139
181
202
104
104
104
104
13
56
273
58
200
201
129
132
119
119
119
23
205
259
97
281
281
281
281
128
148
229
229
69
69
162
118
118
118
141
141
167
60
60
106
106
228
228
228
228
161
89
7
7
7
278
278
278
277
199
103
103
103
254
254
254
160
28
54
90
90
90
15
15
15
15
68
126
80
207
