1
2
2
2
2
2
2
8
8
5
5
13
14
14
14
14
14
14
14
14
14
14
14
14
14
14
14
14
14
14
14
14
14
14
14
14
14
14
14
14
14
14
14
14
14
14
14
14
14
14
14
14
14
14
14
14
14
14
14
62
63
63
63
63
63
63
63
63
63
63
63
63
63
63
63
63
63
63
63
63
63
63
63
63
63
63
63
63
82
92
89
94
63
96
96
96
96
96
96
96
96
96
96
96
96
96
100
110
100
112
109
114
80
80
118
79
79
79
122
123
93
125
126
126
126
126
126
126
126
126
126
126
126
126
126
126
126
126
126
126
126
126
126
126
126
126
126
126
126
126
126
126
126
126
126
126
126
126
126
126
126
126
126
5
62
169
169
169
169
169
169
169
169
169
169
169
169
169
169
169
169
169
169
169
169
169
169
169
169
169
169
169
169
169
169
169
169
169
169
169
204
204
204
169
208
208
208
5
5
62
214
214
214
214
214
214
214
214
214
214
214
214
214
214
214
214
214
214
214
214
214
214
214
214
214
214
214
214
214
214
214
214
214
214
214
214
214
214
214
214
214
214
214
214
214
214
214
214
214
214
214
214
214
214
214
214
214
214
214
214
214
214
214
214
214
214
214
214
214
214
214
214
214
287
287
287
287
14
191
180
39
85
194
291
59
59
290
290
138
161
86
147
177
54
58
178
136
89
89
49
49
158
284
284
284
84
84
84
84
84
84
148
195
38
25
25
25
5
10
10
244
185
51
51
77
108
108
40
40
40
40
80
135
135
50
81
81
159
55
87
45
45
105
105
105
149
149
149
149
149
149
140
26
26
33
76
44
153
189
104
198
198
198
139
139
139
154
154
186
74
23
23
23
143
176
242
142
75
179
29
47
115
183
24
24
160
57
206
206
157
201
109
109
109
109
109
175
146
98
151
134
134
211
27
88
199
207
207
207
207
207
207
197
52
30
30
46
193
196
56
181
237
237
41
53
187
200
200
200
248
251
251
251
251
251
241
150
150
203
188
95
247
247
247
247
247
4
82
106
152
152
21
21
35
78
78
78
79
79
79
28
103
103
103
103
243
34
107
107
137
36
239
239
48
100
100
100
99
83
182
73
73
73
73
73
31
141
127
212
11
168
168
119
119
120
124
117
