1
2
2
2
2
2
2
2
2
2
2
2
2
2
2
2
2
2
2
2
2
2
2
2
2
2
2
2
2
2
2
2
2
2
2
2
2
2
2
2
2
2
2
2
2
2
2
2
2
2
2
2
2
2
2
2
2
2
2
2
2
2
2
2
2
2
2
2
2
2
2
2
2
2
2
2
2
2
2
2
2
2
2
2
62
86
2
88
88
88
88
88
88
2
95
95
95
95
60
101
102
102
102
102
102
102
102
102
102
102
102
102
102
102
102
102
102
102
102
102
102
102
102
102
102
102
102
102
102
102
102
102
102
102
102
102
102
102
102
102
102
102
102
102
102
102
102
102
102
102
102
102
102
102
102
102
102
102
102
102
102
102
102
102
102
102
102
102
102
102
102
102
102
102
102
102
102
102
102
102
102
102
102
102
102
102
102
102
102
102
102
102
102
102
102
102
102
102
102
102
102
102
102
102
102
102
102
102
102
102
102
102
102
102
102
102
102
102
102
102
102
102
102
102
102
102
102
102
102
102
102
102
102
102
102
102
102
102
102
102
102
102
102
102
102
102
102
102
102
102
102
102
102
102
102
102
102
102
102
102
102
102
102
102
102
102
102
102
102
102
102
102
102
102
102
102
102
102
102
102
102
102
102
102
102
102
102
102
102
102
102
102
102
102
102
102
102
102
102
102
102
102
102
102
102
102
102
102
102
102
102
102
102
102
102
102
102
102
102
102
102
102
102
102
102
102
102
102
102
102
102
102
102
102
102
102
102
102
102
102
102
102
102
102
102
102
102
102
102
102
102
102
102
102
102
102
102
102
102
102
102
102
102
102
102
367
367
367
367
102
372
372
372
102
376
376
376
376
376
102
382
382
382
382
382
382
382
382
382
392
214
394
395
395
395
395
395
395
395
395
395
395
395
395
395
395
395
395
395
395
395
395
395
395
395
1
420
420
420
420
420
420
420
420
420
420
420
420
420
420
420
420
420
420
420
420
420
420
420
420
420
420
420
420
420
420
420
420
420
420
420
420
420
457
457
457
420
461
461
461
461
461
461
461
461
420
470
470
470
470
420
475
475
475
370
370
253
46
46
405
238
238
238
238
238
238
238
361
361
361
361
272
272
272
454
454
454
454
454
454
454
454
59
338
338
338
338
338
359
359
359
359
359
359
65
65
65
65
65
65
65
280
76
76
76
76
290
290
290
290
290
290
401
309
309
309
245
245
245
245
245
245
245
245
245
245
245
245
245
245
245
245
245
245
245
245
245
245
245
245
245
245
245
245
245
245
245
245
245
245
245
245
245
245
245
245
245
245
245
245
77
77
77
77
77
77
77
77
77
77
77
77
77
77
266
266
85
85
249
254
254
84
84
84
84
98
98
219
219
53
53
311
311
311
311
311
452
452
452
452
452
452
452
452
452
452
332
332
332
332
459
459
331
331
331
331
358
358
358
358
358
358
228
287
287
287
287
287
287
287
287
287
287
287
287
287
287
287
275
337
337
313
313
313
313
313
313
313
313
313
313
313
313
313
229
406
362
362
362
362
310
310
310
310
310
310
310
310
310
310
441
295
295
295
295
288
265
265
67
271
271
271
324
324
324
324
324
324
324
324
261
261
261
248
263
243
285
285
285
44
44
279
279
478
334
334
256
256
209
239
239
371
371
50
50
247
340
340
340
340
350
350
350
291
291
208
341
341
341
355
355
355
355
355
355
355
355
355
355
355
355
355
198
466
278
304
318
318
464
464
474
250
296
416
213
213
447
447
447
447
447
447
447
447
447
447
447
447
447
61
61
61
61
61
61
61
257
257
257
259
259
251
207
244
68
68
68
68
68
477
299
52
52
308
308
308
308
308
308
308
346
346
346
258
315
399
268
268
268
268
268
268
83
83
226
449
449
449
449
449
449
449
449
449
449
449
449
449
408
293
445
445
445
445
445
445
445
445
445
445
445
445
357
357
357
357
357
357
404
436
436
436
436
436
436
436
436
436
436
436
436
436
307
307
307
307
307
307
307
307
307
435
435
435
435
435
435
435
435
435
435
435
435
435
396
396
414
277
360
360
360
330
330
330
330
330
330
330
330
342
342
62
62
348
348
348
348
348
439
439
439
439
282
440
443
443
434
434
434
434
434
434
434
434
434
434
434
434
255
306
306
374
66
66
66
66
66
66
270
81
81
81
344
344
344
344
344
344
353
353
353
353
353
353
353
353
353
353
353
353
353
353
353
353
353
353
353
356
356
356
356
356
292
292
292
225
366
366
366
49
49
57
57
397
73
300
300
300
300
300
300
300
300
300
429
429
79
320
320
335
335
415
246
343
343
273
273
273
273
204
252
252
252
92
92
92
93
93
431
431
431
431
431
431
218
303
303
303
325
325
325
325
325
325
325
325
43
43
345
345
345
345
345
305
262
262
262
262
262
262
262
69
69
69
69
69
69
69
69
69
69
69
69
69
69
69
69
69
69
69
69
69
69
69
69
69
69
69
69
69
69
286
365
224
224
64
64
64
64
64
321
321
321
321
321
321
321
321
240
240
352
352
352
352
352
352
352
352
352
352
352
352
352
352
352
352
352
352
446
446
446
446
446
446
446
446
446
446
446
448
448
448
448
448
448
448
448
448
448
448
448
448
48
48
411
411
78
78
78
78
78
78
78
78
80
80
80
403
407
407
328
328
328
328
328
328
465
465
284
284
284
264
460
460
58
260
347
347
347
347
432
432
333
314
314
94
94
74
74
74
74
74
74
74
74
74
74
74
74
363
363
363
363
363
363
363
375
409
364
364
364
364
364
364
364
364
364
364
364
364
364
364
56
56
349
349
349
47
47
274
412
302
302
302
302
302
302
302
55
55
267
267
267
267
322
322
322
322
322
322
444
444
327
327
327
327
327
327
327
327
327
301
336
336
283
283
283
283
283
283
283
283
283
283
283
283
283
283
283
283
71
323
323
323
323
323
323
339
339
455
269
269
269
269
294
294
294
430
70
99
99
329
329
329
329
329
329
329
312
312
312
312
312
312
312
312
312
312
312
312
312
312
312
312
312
442
442
442
442
442
442
442
442
442
442
433
433
433
433
433
433
433
433
433
433
433
433
54
54
354
354
354
354
354
354
354
354
354
354
354
354
354
75
75
75
319
319
319
319
319
319
319
319
319
319
319
319
319
319
319
319
319
319
319
319
319
319
319
319
319
437
437
437
437
51
51
281
351
351
453
453
453
453
82
82
82
298
298
298
298
298
45
45
297
297
297
297
297
297
326
326
326
326
326
326
60
60
60
60
60
60
60
60
60
60
60
60
60
60
60
60
60
27
463
104
22
458
100
