2
3
4
5
6
7
8
9
10
11
12
13
14
15
16
17
18
19
20
21
22
23
24
25
26
27
28
29
30
31
32
33
34
35
36
37
38
39
40
41
42
43
44
45
46
47
48
49
50
51
52
53
54
55
56
57
58
59
60
61
62
63
64
65
66
67
68
69
70
71
72
73
74
75
76
77
78
79
80
81
82
83
84
85
86
87
88
89
90
91
93
94
95
96
97
98
100
101
102
103
104
105
106
107
108
109
110
111
112
113
114
115
116
117
118
119
120
121
122
123
124
125
126
127
128
129
130
131
132
133
134
135
136
137
138
139
140
141
142
143
144
145
146
147
148
149
150
151
152
153
154
155
156
157
158
159
160
161
162
163
164
165
166
167
168
169
170
171
172
173
174
175
176
177
178
179
180
181
182
183
184
185
186
187
188
192
193
194
195
196
197
198
199
200
201
202
203
204
205
206
207
208
209
210
211
212
213
214
215
216
217
218
219
220
221
222
223
224
225
226
227
228
229
230
231
232
233
234
235
236
237
238
240
241
242
243
244
245
246
247
248
249
250
251
252
253
254
255
256
257
258
259
260
261
262
263
264
265
266
267
268
269
270
271
272
273
274
275
276
277
278
279
280
281
282
283
284
285
286
287
288
289
290
291
292
293
294
295
296
297
298
299
300
301
242
267
304
278
301
307
308
309
310
311
312
313
314
315
316
317
318
319
320
321
322
323
324
325
326
327
328
329
330
331
332
333
334
335
336
337
338
339
340
341
342
343
344
345
346
347
348
349
350
351
352
353
354
355
356
357
358
359
360
361
362
363
364
365
366
367
368
369
370
371
372
373
374
375
376
377
378
379
380
381
382
383
384
385
386
387
388
389
390
391
392
393
394
395
396
397
398
399
400
401
402
403
404
405
406
407
408
409
410
411
412
413
414
415
416
417
418
419
420
421
422
423
424
425
426
427
428
429
430
431
432
433
434
435
436
437
438
439
440
441
442
443
444
445
446
447
448
449
450
451
452
453
454
455
456
457
458
459
460
461
462
463
464
465
466
467
468
469
470
471
472
473
474
475
476
477
478
479
480
481
482
483
484
485
486
487
488
489
490
491
492
493
494
495
496
497
498
499
500
501
502
503
504
505
506
507
508
509
510
511
512
513
514
515
516
517
518
519
520
521
522
523
524
525
526
527
528
529
530
531
532
533
534
535
536
537
538
539
540
541
542
543
544
545
546
547
548
549
550
551
552
553
554
555
556
557
558
559
560
561
562
563
564
565
566
567
568
569
570
571
572
573
574
575
576
577
578
579
580
581
582
583
584
585
586
587
588
589
590
591
592
594
595
596
597
598
599
600
601
603
604
605
606
607
608
609
610
611
612
613
614
615
616
617
618
619
621
622
623
624
625
626
627
628
629
630
631
632
633
634
635
636
637
638
639
640
641
642
643
644
645
646
647
648
649
650
651
653
654
655
656
657
658
659
660
661
662
663
664
665
666
667
668
669
670
671
672
673
674
675
676
677
678
679
680
681
682
683
684
685
686
687
689
690
691
692
693
694
695
678
679
680
681
682
683
684
685
686
687
688
689
690
691
692
697
668
669
667
666
701
653
694
693
705
706
707
708
709
710
711
712
713
714
715
716
717
718
719
720
721
722
723
724
725
726
727
728
729
730
731
732
733
734
735
736
737
738
741
742
743
744
745
746
747
748
749
750
751
752
753
754
755
756
757
758
759
760
761
762
763
764
765
766
767
768
769
770
771
772
773
774
775
776
777
778
779
780
781
782
783
784
785
786
787
788
789
790
791
792
793
794
795
796
797
798
799
800
801
802
803
804
805
806
807
808
809
810
811
812
813
814
815
816
817
818
819
820
821
822
823
824
825
826
827
828
829
830
831
832
833
834
835
836
837
838
839
840
841
842
843
844
845
800
848
849
850
851
852
853
854
855
856
857
858
859
860
861
862
863
864
865
866
867
868
869
870
871
872
873
874
875
876
877
878
879
880
881
882
883
884
885
886
887
888
889
890
891
892
893
894
895
896
897
898
899
900
901
902
903
905
906
907
908
909
910
911
912
913
914
915
916
917
918
919
920
921
922
923
924
925
926
927
928
929
930
931
932
933
934
935
936
937
938
939
940
941
942
943
944
945
946
947
948
949
950
951
952
953
954
955
956
957
958
959
960
961
962
963
964
965
966
967
968
969
970
971
972
973
974
975
976
977
978
979
980
981
982
983
984
985
986
987
988
989
990
991
992
993
994
995
996
997
998
999
1000
1001
1002
1003
1004
1005
1006
1007
1008
1009
1010
1012
1013
1014
1015
1016
1017
1018
1019
1020
1021
1022
1023
1024
1025
1026
1027
1028
1029
1030
1031
1032
1033
1034
1035
1036
1037
1038
1039
1040
1041
1042
1043
1044
1045
1046
1047
1048
1049
1050
1051
1052
1053
1054
1055
1056
1057
1058
1061
1062
1063
1064
1065
1066
1067
1068
1069
1070
1071
1072
1073
1075
1076
1077
1078
1079
1080
1081
1082
1083
1084
1085
1086
1087
1088
1089
1090
1091
1092
1093
1094
1095
1096
1097
1098
1099
1100
1101
1102
1103
1104
1105
1106
1107
1108
1109
1110
1111
1112
1113
1114
1115
1116
1117
1118
1119
1120
1121
1122
1123
1124
1125
1126
1127
1128
1129
1130
1131
1132
1133
1134
1135
1136
1137
1138
1139
1140
1141
1142
1143
1144
1145
1146
1147
1148
1149
1150
1151
1152
1153
1154
1155
1156
1157
1158
1159
1160
1161
1162
1163
1164
1165
1166
1167
1168
1169
1170
1171
1172
1173
1174
1175
1176
1177
1178
1179
1180
1181
1182
1183
1184
1185
1186
1187
1188
1189
1190
1191
1192
1193
1194
1195
1196
1197
1198
1199
1200
1201
1202
1203
1204
1205
1206
1207
1208
1209
1210
1211
1212
1213
1214
1215
1216
1217
1218
1219
1220
1221
1222
1223
1224
1225
1226
1227
1228
1229
1230
1231
1232
1233
1234
1235
1237
1238
1239
1240
1241
1242
1243
1244
1245
1246
1247
1248
1249
1250
1251
1252
1253
1254
1255
1256
1257
1258
1259
1260
1261
1262
1263
1264
1265
1266
1267
1268
1269
1270
1271
1272
1273
1274
1275
1276
1277
1278
1279
1280
1281
1282
1283
1284
1285
1286
1287
1288
1289
1290
1291
1292
1293
1294
1295
1296
1297
1298
1299
1300
1301
1302
1303
1304
1305
1306
1307
1308
1309
1310
1311
1312
1313
1314
1315
1316
1317
1318
1319
1320
1321
1322
1323
1324
1325
1326
1327
1328
1329
1330
1331
1332
1334
1335
1336
1337
1338
1339
1340
1341
1342
1343
1344
1345
1346
1347
1348
1349
1350
1351
1352
1353
1354
1355
1356
1357
1358
1359
1360
1361
1362
1363
1364
1365
1366
1367
1368
1369
1370
1371
1372
1373
1374
1375
1376
1377
1378
1379
1380
1381
1382
1383
1384
1385
1386
1387
1388
1389
1390
1391
1392
1393
1394
1395
1396
1397
1398
1399
1400
1401
1402
1403
1404
1405
1406
1407
1408
1409
1410
1411
1412
1413
1414
1415
1416
1417
1418
1419
1420
1421
1422
1423
1424
1425
1426
1427
1428
1429
1430
1431
1432
1433
1434
1435
1436
1437
1438
1439
1440
1441
1442
1443
1444
1445
1446
1447
1448
1449
1450
1451
1452
1453
1454
1455
1456
1457
1458
1459
1460
1461
1462
1463
1464
1465
1466
1467
1468
1469
1470
1471
1472
1473
1474
1475
1476
1477
1478
1479
1480
1481
1482
1483
1484
1485
1486
1487
1488
1489
1490
1491
1492
1493
1494
1495
1496
1497
1498
1499
1500
1501
1502
1503
1504
1505
1506
1507
1508
1509
1510
1511
1512
1513
1514
1515
1516
1517
1518
1519
1520
1521
1522
1523
1524
1525
1526
1527
1528
1529
1530
1531
1532
1533
1534
1535
1536
1537
1538
1539
1540
1541
1542
1543
1544
1545
1546
1547
1548
1549
1550
1551
1552
1553
1554
1555
1556
1557
1558
1559
1560
1561
1562
1563
1564
1565
1566
1567
1568
1569
1570
1571
1572
1573
1574
1575
1576
1577
1578
1579
1580
1581
1582
1583
1584
1585
1586
1587
1588
1589
1590
1591
1592
1593
1594
1595
1596
1597
1599
1600
1601
1602
1603
1604
1605
1606
1607
1608
1609
1610
1611
1612
1613
1614
1615
1616
1617
1618
1619
1620
1621
1622
1623
1624
1625
1626
1627
1628
1629
1630
1631
1632
1633
1634
1635
1636
1637
1638
1639
1640
1641
1642
1643
1644
1645
1646
1647
1648
1649
1650
1651
1652
1653
1654
1655
1656
1657
1658
1659
1660
1661
1662
1663
1664
1665
1666
1667
1670
1671
1672
1673
1674
1675
1676
1677
1678
1679
1680
1681
1682
1683
1684
1685
1686
1687
1688
1689
1690
1691
1692
1693
1694
1695
1696
1697
1698
1699
1700
1701
1702
1703
1704
1705
1706
1707
1708
1709
1710
1711
1712
1713
1714
1715
1716
1717
1718
1719
1720
1721
1722
1723
1724
1725
1726
1727
1728
1729
1730
1731
1732
1733
1734
1735
100
383
369
307
208
170
383
170
208
394
145
307
369
145
307
170
136
136
100
394
1717
1716
873
872
1367
1340
801
773
793
779
775
777
776
1075
967
961
1000
1003
989
610
606
624
621
1022
1282
1612
390
1242
1240
574
588
589
666
655
222
446
444
441
447
445
448
442
443
390
1516
563
352
544
1556
556
1514
1504
1509
1510
425
425
346
349
308
311
550
555
1516
544
1556
1514
332
382
1504
1509
440
425
375
3
438
550
1516
1556
556
1515
547
1504
1509
432
440
1612
680
1587
1586
804
1141
221
1040
1039
1282
882
883
341
342
327
1516
1556
337
1515
1498
1509
1499
1506
741
432
481
482
480
555
476
564
524
308
527
531
465
842
841
1075
503
322
333
380
332
375
488
489
689
1063
1345
173
1718
1714
1680
267
390
990
1666
1624
1623
1661
1655
426
390
488
466
1449
1403
1361
1189
915
876
872
1351
1451
340
1462
1374
323
308
375
382
507
734
371
247
1208
1257
1267
331
18
328
57
326
516
327
515
352
511
332
382
17
339
513
340
19
7
12
13
432
440
502
375
487
425
857
449
743
748
742
744
749
745
185
1077
432
1694
438
550
1516
1556
1515
547
1504
1509
432
440
1150
1154
1169
1145
1121
1114
1101
713
1090
1118
386
1649
1648
1169
1090
1103
1105
1613
1612
801
912
1649
1621
1621
1685
18
328
57
438
327
19
7
12
432
440
1306
529
527
534
415
410
416
431
409
407
411
418
420
417
524
308
527
534
522
425
1346
1341
470
737
708
707
731
426
1260
1248
103
331
1448
1462
502
487
1042
1039
1713
1712
1720
1719
1680
267
350
311
315
309
459
571
457
283
286
460
454
569
455
282
458
456
308
310
440
1314
322
356
354
355
556
1556
547
432
325
296
1289
494
496
333
500
495
498
330
524
308
508
534
502
487
502
173
502
487
1170
1172
1260
1362
1341
1367
1371
267
724
722
1167
793
1075
1367
1402
1432
1694
197
192
1437
380
375
220
217
442
1153
1077
1101
1062
325
566
550
555
1516
544
334
1556
556
1514
300
1504
264
1509
1510
1511
1506
440
425
403
312
308
319
340
1480
759
1375
369
24
654
655
678
341
1315
331
328
326
516
327
515
1301
511
332
382
1300
339
1299
1294
1288
1289
432
440
502
375
487
425
144
147
136
255
994
986
983
983
1164
1148
1154
1094
1122
558
146
459
18
328
57
415
326
327
19
7
12
432
440
425
1090
1122
1140
1170
1172
1085
1040
1012
1012
356
354
1136
778
793
1075
343
1037
1164
1154
1112
1101
680
688
3
1368
1367
1371
489
325
284
600
280
576
1504
1498
264
266
1507
1508
267
518
594
1367
390
26
25
11
4
3
307
1075
737
734
750
757
1247
402
551
552
333
564
308
531
440
1341
913
1621
284
280
298
279
297
281
525
310
526
309
311
1014
666
914
915
908
909
913
989
595
1154
1153
1091
1457
273
1377
1607
1339
1337
1357
216
213
212
211
209
210
198
193
195
194
214
197
199
196
222
226
218
217
208
225
221
213
832
773
779
834
835
772
776
775
777
386
1302
804
1138
1022
246
1238
1240
1618
1619
1616
1617
1611
1606
527
872
18
57
415
327
19
417
8
7
12
432
1498
566
555
1516
544
1556
1514
1504
1509
1510
1511
425
654
1169
18
57
415
327
340
19
7
12
432
199
192
187
185
471
879
872
1314
518
518
346
527
1243
1104
242
403
708
707
800
1521
17
57
326
19
425
492
487
1063
18
57
415
327
19
7
12
390
432
383
307
861
856
890
1374
1498
1496
627
621
262
369
282
774
1498
1461
1341
339
1462
1452
1373
325
331
277
328
339
327
1516
1556
511
1515
1498
1510
1506
390
432
440
502
307
487
383
5
335
322
321
333
558
308
527
1007
291
290
296
294
289
295
308
311
313
310
314
309
240
1343
1400
1360
1366
680
556
341
1315
339
326
1301
337
1299
1294
1295
1296
1288
1289
425
529
449
1190
672
759
758
891
856
854
892
853
855
459
18
328
57
415
327
19
8
7
12
432
440
516
555
515
352
1514
511
332
382
547
543
513
550
1516
544
1556
556
1515
1504
1509
1510
432
440
502
375
487
425
998
647
645
643
642
1170
1172
1086
1202
1300
506
1212
1203
1162
1163
1092
1100
1111
1104
1091
18
331
328
57
327
511
339
26
27
25
22
19
4
5
3
9
1126
13
390
432
440
502
307
487
383
1075
1087
1092
1112
1351
1403
1361
457
328
463
1450
454
1462
1345
440
397
278
346
267
1173
375
504
507
503
506
505
375
1656
1657
100
397
1618
1619
1616
1617
1611
1606
249
468
433
990
399
680
852
856
854
855
853
851
850
654
1342
804
1165
1371
256
396
804
1169
390
440
244
933
1009
916
919
914
908
909
917
913
918
1004
18
57
415
327
340
19
7
12
432
491
1403
1361
1367
1334
254
325
278
283
575
576
282
281
264
266
267
518
18
57
415
326
19
417
8
7
12
390
425
383
307
18
57
415
327
19
417
8
7
12
432
18
57
415
326
340
19
7
12
425
390
394
1479
286
569
282
534
521
1373
444
447
247
1274
1272
999
997
989
261
248
346
551
333
564
542
308
529
537
397
1093
1090
1097
1084
1095
1079
1077
1096
1091
1094
1078
1413
1382
279
276
273
1369
225
793
1075
1075
965
961
259
440
1133
1174
1162
1175
1087
1092
1112
1090
1123
1120
1104
1103
1101
1094
1216
505
18
57
415
326
19
7
12
425
1400
1360
1366
1221
1220
1224
1219
1222
1223
1217
638
622
214
474
445
240
490
487
1162
1152
1106
1092
1108
1101
1105
277
339
1444
1462
1454
1343
1369
610
606
1612
1690
1682
1691
1527
518
518
681
680
679
654
595
228
225
867
896
1155
1162
1143
1142
1106
1108
1105
1022
101
102
104
103
100
1062
910
224
221
459
415
550
1516
1556
1515
547
1504
1509
1505
432
440
147
18
328
57
438
327
340
19
7
12
432
440
474
465
473
1622
653
1646
573
588
589
1158
1155
1162
1106
1107
1086
1213
1209
1450
410
327
408
407
411
1462
423
420
1345
1376
432
966
961
492
283
559
286
282
521
804
1161
471
467
473
466
470
472
469
468
390
1357
1173
246
397
1191
1190
1192
1359
1346
875
872
277
1460
1463
1362
1369
1367
1371
759
172
459
457
454
455
462
461
456
440
440
1367
1261
1265
1239
1238
1240
1500
667
655
892
1112
1119
1088
1104
1103
1101
1115
914
915
913
1345
500
495
498
380
332
308
508
502
487
502
375
626
621
1117
1101
1337
440
390
440
1689
1690
1682
1687
1675
1688
1674
1684
1672
1673
1683
1686
1691
1681
1671
1685
1334
1697
577
564
524
308
527
534
528
538
536
1170
1525
325
301
1519
352
518
218
987
397
1402
1700
1701
1698
708
707
370
1474
369
398
655
1651
1648
689
654
1284
874
872
1083
1501
1504
1500
1503
1505
1502
1499
723
724
705
705
1337
906
286
279
537
534
377
743
742
988
989
985
990
987
1276
1356
397
623
621
1664
88
324
333
349
308
311
375
375
433
386
325
284
280
1282
1292
1289
1291
4
3
741
491
487
706
390
260
1047
1048
291
572
292
293
286
287
541
288
308
533
525
527
526
534
535
528
309
519
524
523
529
311
539
520
521
522
240
587
582
353
585
935
934
907
339
1462
1403
1361
1367
1340
1366
1334
359
539
1014
216
213
1353
988
1406
328
326
1410
1404
327
1462
1376
1367
394
390
432
440
394
307
425
383
690
689
989
198
192
595
415
1516
544
1556
1515
1504
1509
425
340
1156
1081
1083
1082
1086
1205
1358
1253
1267
341
1315
325
328
339
326
1301
337
334
1299
300
264
1294
1295
1296
1288
1290
1289
440
425
1352
571
285
283
546
286
569
431
409
418
282
425
228
225
804
1144
224
221
898
897
350
312
309
1312
1309
1282
1290
654
655
1464
1361
734
735
1069
1067
1062
1074
245
1349
1613
1624
1623
1239
1241
1238
1240
1242
1240
245
963
961
571
283
410
409
407
411
420
417
439
286
569
415
416
282
308
432
1370
1369
307
407
333
548
549
564
308
531
432
1191
1274
1272
748
749
750
757
241
1055
983
983
415
1516
544
1556
417
1515
1504
1509
1505
425
1335
1363
1364
1468
606
605
759
758
741
804
1166
1022
467
804
1498
1499
741
804
1160
867
896
960
1378
1379
267
1677
1678
595
747
1676
266
264
1680
746
1679
759
750
834
835
768
935
1455
1339
1337
1344
1338
465
390
465
1714
556
1170
1112
1082
1086
667
415
1516
1556
1515
547
1504
1509
432
1057
1015
1014
1046
1052
415
381
555
1516
544
1556
417
1515
332
382
1504
1509
1505
425
375
143
146
136
804
1153
1125
1090
1076
1097
1086
1113
1127
1081
1079
1112
1096
1126
1124
1094
1078
1115
1093
1087
1092
1089
1084
1095
1085
1116
1128
1077
1088
1082
1091
1183
243
1498
1497
1153
1125
1127
242
1515
1526
1524
1498
1506
518
1277
1279
1243
1271
1438
375
1148
1112
1092
882
886
889
881
883
879
888
884
852
851
850
848
872
785
773
789
799
782
787
788
769
790
792
774
777
783
770
781
779
784
786
791
780
772
776
795
771
798
775
796
797
833
838
840
415
1516
1556
417
1515
547
1504
1509
1505
432
1656
1657
397
856
854
853
855
848
338
1462
1470
953
950
907
908
957
909
955
917
958
910
954
952
916
959
919
956
911
912
918
611
606
17
328
57
339
326
340
19
337
334
1125
11
7
9
14
12
13
440
425
1121
1112
1077
1104
1086
1152
407
333
545
548
564
308
531
425
17
57
326
340
19
345
352
7
12
13
425
916
919
908
911
909
917
912
910
918
905
1208
1209
1282
595
459
415
550
1516
544
1556
1515
547
1504
1509
432
440
425
17
328
57
339
326
19
332
382
7
12
440
425
375
1313
1309
1282
1290
518
1337
1367
432
390
432
759
1202
3
891
892
848
804
914
1621
1437
380
375
1106
1101
400
390
195
192
208
399
396
401
395
400
398
402
397
390
165
100
352
1286
1285
1284
1287
1288
1289
1283
856
857
854
855
853
890
415
1516
544
1556
556
1515
1504
1509
425
29
22
352
382
332
4
5
3
9
741
307
471
311
309
375
1047
1048
100
1516
544
1556
556
1514
1504
1509
1587
1586
1585
425
527
534
1623
610
1453
345
1462
371
358
539
856
854
853
855
341
1315
325
339
326
1301
289
1299
332
382
1294
1288
1289
425
375
962
961
1378
1377
1370
1339
1375
1359
1379
1337
1367
1352
270
1344
1362
1342
1345
1350
1336
1363
1341
1356
1358
1338
1372
1354
1351
1360
1340
1357
1347
1343
1346
1335
1376
1353
1355
1369
1349
1348
265
240
101
443
1403
1361
1340
1334
267
1715
1262
21
28
23
22
20
8
11
1125
1128
4
5
6
3
7
9
1126
10
1133
1174
1154
1204
1145
1152
1155
1156
1162
1175
1087
1092
1108
1111
1083
1120
1112
1109
1123
1103
1110
1101
1094
1105
1216
1349
374
348
372
373
333
564
524
308
533
371
504
102
654
17
57
326
340
19
345
352
7
12
425
879
872
279
281
527
1148
804
17
57
326
340
19
88
7
12
425
87
1413
278
301
282
299
300
281
264
267
266
1468
3
27
29
307
1130
793
774
1075
1249
102
1055
1253
1450
410
326
408
407
411
1462
423
420
1345
1376
425
415
1516
1556
1515
547
1504
1509
390
432
383
307
555
1516
563
544
1556
556
1514
332
382
1504
1509
1510
1506
267
375
425
356
444
1367
804
1150
606
1402
1444
1361
1367
307
1155
1151
1162
1106
842
841
1075
1367
1154
1149
1090
1103
1413
338
1462
1470
1074
616
610
604
606
605
647
648
646
644
645
649
643
882
872
1057
1055
1347
1664
1253
1265
1656
654
655
104
103
1308
1307
1282
1283
240
240
680
1241
101
105
104
103
804
1152
689
109
101
107
108
110
106
415
381
555
1516
544
1556
417
1515
332
382
1504
1509
1505
425
375
1355
1167
770
783
793
789
771
794
769
1075
1623
1518
507
375
875
872
18
57
415
327
19
7
12
432
1368
307
307
898
897
1282
1283
741
915
912
910
1155
1153
558
333
308
1007
397
629
1367
1208
415
1516
544
1556
417
1515
1504
1509
1505
390
425
383
307
322
804
1144
278
346
310
267
309
1169
1128
1076
1478
1718
1713
1680
267
1462
1449
332
375
333
560
564
308
527
530
721
415
1516
1556
556
1515
547
1504
1509
432
217
469
1119
102
220
217
625
621
1212
1224
666
187
105
182
727
726
722
875
872
1047
1265
1238
1240
1022
401
1117
1101
472
390
376
942
966
965
967
968
970
962
964
969
971
946
944
963
905
1621
145
905
504
507
503
506
505
757
875
872
804
1137
226
785
773
781
784
789
779
786
791
782
787
788
780
790
776
792
778
775
774
777
1075
1075
298
323
308
375
914
907
908
915
909
917
910
916
919
911
912
913
918
1621
415
1516
1556
1515
547
1504
1509
1505
432
1014
1015
341
1315
331
328
326
516
327
515
1301
511
332
382
1300
339
513
1299
1294
1295
1288
1289
432
440
502
375
487
425
426
18
1265
1239
1516
563
352
544
1556
556
1514
1504
1509
1502
425
377
376
1607
3
398
397
415
1516
1556
556
1515
547
1504
1509
432
490
377
1221
1220
1224
1219
1222
1223
1218
1214
1209
1207
448
1347
386
667
1516
563
352
544
1556
556
1514
1504
1509
1510
425
483
1450
485
329
476
1462
1345
465
325
296
1504
397
1271
1154
1101
312
308
319
1666
1664
864
896
352
8
4
6
5
7
17
57
339
326
340
19
345
332
382
11
1128
7
12
13
375
425
868
854
850
896
896
1282
1343
447
750
757
1208
1348
310
240
446
390
606
898
897
908
1022
258
346
1462
647
646
644
645
649
643
1523
1522
1498
1499
240
240
253
271
252
255
249
263
241
261
267
246
266
250
242
262
258
257
260
264
256
244
254
243
248
269
272
259
274
268
245
251
369
749
193
194
195
229
234
723
722
1014
1015
1258
1267
827
1132
811
785
793
794
1075
340
1162
1145
1146
1106
1117
1108
1101
1105
628
621
213
18
57
327
29
352
340
22
19
337
4
5
3
9
12
741
432
307
1462
334
1359
17
57
326
340
19
345
352
7
12
13
425
961
196
192
192
341
312
309
341
1315
328
339
326
1301
1299
332
382
1294
1288
1289
440
425
375
459
415
550
1516
544
1556
556
1515
547
1504
1509
432
440
425
18
57
415
326
19
417
8
7
12
425
1348
483
554
333
465
639
651
637
626
624
625
628
649
627
623
642
251
1265
1239
1238
1240
346
1102
1358
555
441
243
465
1258
874
876
875
873
848
848
1516
544
1556
556
1514
1504
1509
1586
1585
425
1350
459
18
328
57
415
326
327
340
19
7
12
432
440
425
283
555
564
559
577
333
542
308
533
527
531
538
524
536
532
395
708
707
705
609
611
606
185
18
57
415
327
19
8
7
12
432
1516
544
1556
1514
425
1525
1517
325
284
277
1519
1520
576
1498
264
1507
263
1503
1506
1499
267
269
1501
1504
1500
266
1502
1505
1508
252
1202
336
526
538
341
1315
326
1301
1304
1310
1299
1293
1294
1288
425
250
1191
257
974
978
973
977
975
976
969
971
968
970
961
325
284
277
1305
1302
576
1304
1311
1310
264
1286
1285
1292
1284
263
1288
1290
1283
267
269
1293
1282
266
1287
1289
1291
1337
1367
425
390
425
1366
253
1191
1193
1192
1221
1222
1223
1351
569
415
1516
1556
417
1515
547
1504
1509
1505
432
1158
964
961
1453
343
1462
989
1624
1623
1013
344
1462
1367
1155
1162
1142
1139
1106
1108
1105
1278
1272
390
425
1402
1381
1334
558
896
896
720
741
959
840
240
307
1621
1473
1473
316
954
353
1187
1187
390
848
390
585
1621
833
1207
587
757
1201
1201
1199
307
890
1075
1466
1466
360
390
1207
1207
1229
307
1207
1207
307
957
1695
1695
142
136
100
502
502
142
136
100
953
838
100
369
100
375
518
518
766
766
1207
1098
1207
958
955
369
1038
950
1207
1098
1207
1216
1647
983
768
240
1334
952
307
956
1271
208
316
100
369
1687
1672
800
1054
733
242
267
595
267
240
242
678
689
267
240
264
266
267
240
325
278
1006
689
610
690
681
679
689
655
1663
278
346
310
267
309
240
278
346
310
267
309
240
278
301
1369
267
240
264
266
267
240
1506
267
240
184
172
267
240
325
301
267
240
325
301
267
240
600
267
240
267
240
267
240
267
240
