1
2
2
2
2
2
2
2
2
2
2
2
2
2
2
2
2
2
2
2
2
2
2
2
2
2
2
2
2
2
2
2
2
23
36
37
37
37
37
37
37
37
37
37
37
37
37
37
37
37
38
54
55
55
55
55
55
55
55
55
55
55
55
55
55
55
55
55
55
55
55
55
55
55
55
55
55
55
55
55
55
55
55
55
23
89
90
90
90
90
90
90
90
90
90
90
90
90
90
90
90
38
107
108
108
108
108
108
108
108
108
108
108
108
108
108
108
108
38
125
126
126
126
126
126
126
126
126
126
126
126
126
126
126
126
38
36
143
143
143
143
143
143
143
143
143
143
143
143
143
143
143
143
143
143
143
143
143
143
143
143
143
143
143
143
143
143
143
143
23
54
177
177
177
177
177
177
177
177
177
177
177
177
177
177
177
38
194
195
195
195
195
195
195
195
195
195
195
195
195
195
195
195
195
195
195
195
195
195
195
195
195
195
195
195
195
195
195
195
195
23
89
229
229
229
229
229
229
229
229
229
229
229
229
229
229
229
229
229
229
229
229
229
229
229
229
229
229
229
229
229
229
229
229
23
125
263
263
263
263
263
263
263
263
263
263
263
263
263
263
263
263
263
263
263
263
263
263
263
263
263
263
263
263
263
263
263
263
23
107
297
297
297
297
297
297
297
297
297
297
297
297
297
297
297
297
297
297
297
297
297
297
297
297
297
297
297
297
297
297
297
297
23
