2
3
4
5
6
7
8
9
10
11
12
13
14
15
16
17
18
8
20
21
22
24
25
26
27
28
29
30
31
32
33
34
35
36
37
38
39
40
41
42
43
44
45
46
47
48
49
50
51
52
53
54
55
56
57
58
59
60
61
62
63
64
65
66
67
68
69
70
71
72
73
74
75
76
77
78
79
80
81
82
83
84
85
86
87
88
89
90
91
92
93
94
95
96
97
98
99
100
101
102
103
104
105
106
107
108
109
110
111
112
113
114
115
116
117
118
119
120
121
122
123
124
125
126
127
128
129
130
131
132
97
134
135
136
137
138
139
140
141
142
143
144
145
146
147
148
149
150
151
152
153
154
155
156
157
158
159
160
161
162
163
164
165
166
167
168
169
170
171
172
173
174
175
176
177
178
179
180
181
182
183
184
185
186
187
188
189
190
191
192
193
194
195
196
197
147
199
200
201
202
203
204
205
206
207
208
209
210
211
212
213
214
215
216
217
218
219
220
221
222
223
224
225
226
227
228
229
230
231
232
233
234
235
236
237
238
239
240
241
242
243
244
245
246
247
248
249
250
251
252
253
254
255
256
257
258
259
260
261
262
263
264
265
266
267
268
269
270
211
214
217
274
248
276
277
278
279
280
281
238
284
285
286
287
288
289
290
291
292
293
294
295
296
297
298
299
300
301
302
303
304
305
306
307
308
309
310
311
312
313
314
315
316
317
318
319
320
321
314
210
210
311
254
311
210
254
25
26
28
27
52
287
286
27
284
136
250
228
243
254
215
254
58
231
267
10
2
285
136
136
284
243
27
111
114
121
115
112
113
89
287
286
121
113
112
119
150
136
136
243
233
312
243
129
124
120
114
118
115
122
119
243
243
173
225
139
142
245
247
244
246
243
124
114
118
122
119
285
136
136
284
243
53
222
287
286
140
142
145
144
284
243
177
219
27
68
140
25
215
287
286
284
284
213
222
240
136
287
286
29
140
141
222
177
141
186
186
237
311
311
216
247
244
212
213
243
243
91
92
188
181
138
136
7
240
144
27
189
187
188
228
233
244
212
213
243
260
212
213
214
284
97
101
102
215
215
287
286
284
100
92
4
57
53
54
180
138
136
232
215
109
98
96
100
91
93
92
94
95
240
7
4
5
3
6
2
243
243
26
27
63
63
25
111
116
102
125
240
131
126
218
219
127
222
132
107
165
108
245
247
244
101
246
116
99
119
102
136
243
110
151
136
316
311
215
117
113
112
215
212
284
237
2
243
73
73
237
244
136
136
243
5
6
287
286
284
284
312
284
243
284
142
145
144
284
243
215
7
4
5
3
6
284
243
164
142
245
246
144
243
234
245
244
212
243
245
247
244
246
24
189
187
188
241
215
287
286
284
136
50
173
144
231
222
215
245
243
240
7
4
5
3
6
2
244
246
212
243
128
121
118
122
119
287
286
284
121
177
235
212
121
261
243
266
312
284
243
187
44
27
136
136
284
243
68
26
28
67
65
66
64
24
178
140
243
255
256
243
164
225
229
215
243
173
144
24
38
28
154
136
136
177
142
243
222
240
136
24
228
250
244
251
102
243
27
212
284
284
287
286
44
27
184
183
136
284
284
237
245
2
2
243
154
136
184
183
136
219
223
212
214
287
286
27
82
221
304
304
287
286
304
284
53
54
215
245
244
246
243
233
262
263
261
189
238
136
136
243
140
142
245
244
246
144
243
307
304
60
61
63
189
188
187
41
68
67
65
66
64
119
177
144
287
286
287
286
287
286
304
145
152
136
89
243
243
89
89
243
63
89
243
89
243
284
284
179
179
24
284
244
24
136
24
243
89
243
243
243
245
212
243
243
243
142
245
247
244
243
142
244
246
243
142
144
243
243
25
238
214
214
99
243
312
243
142
243
212
243
237
311
214
223
212
214
285
136
284
243
285
136
284
243
136
284
243
136
284
243
136
136
243
