1
2
2
2
2
2
2
2
2
2
2
2
2
2
2
2
2
2
2
2
2
2
2
2
2
2
2
2
2
2
2
2
2
2
2
2
2
2
2
2
2
2
2
2
2
2
2
35
35
51
52
52
52
52
56
56
59
59
55
61
62
62
62
62
62
62
62
62
62
71
71
71
71
71
71
71
71
71
71
71
71
51
84
84
84
84
84
84
84
84
84
84
84
84
84
84
84
84
84
84
84
84
84
102
106
108
101
101
101
100
100
114
115
115
117
119
120
120
120
120
120
120
120
120
120
120
120
120
120
120
120
120
120
120
120
120
120
120
120
120
120
120
120
120
120
120
120
120
120
120
120
120
120
120
120
138
160
160
138
163
163
140
166
166
140
169
140
171
120
173
173
173
173
173
173
120
180
120
182
182
182
182
182
188
189
189
170
153
192
193
183
1
195
195
195
195
195
195
195
195
195
195
195
195
195
208
208
208
208
208
208
208
208
208
208
208
208
208
208
208
208
207
226
227
227
227
227
227
227
227
227
227
227
227
227
227
227
227
227
227
227
227
227
227
227
227
227
251
251
251
251
251
251
251
251
227
260
260
260
260
260
260
260
260
260
260
227
271
271
271
271
271
271
271
271
271
271
271
271
271
271
271
271
271
271
271
271
271
271
271
295
51
296
296
296
296
296
296
296
296
296
296
296
296
296
296
296
296
296
296
296
296
296
296
296
100
1
321
321
321
321
321
321
321
321
321
61
331
331
331
331
331
331
331
331
331
331
331
331
331
331
331
331
331
331
331
331
331
331
331
331
331
331
331
331
331
331
331
331
331
331
331
331
331
331
349
349
70
185
18
18
31
31
31
154
154
154
154
26
341
38
38
36
240
240
240
259
309
48
311
311
292
292
292
292
292
292
292
22
308
369
369
46
67
65
35
35
35
35
152
152
152
177
290
290
290
223
223
328
328
328
328
328
328
283
96
96
96
96
145
187
158
179
256
256
256
170
170
170
186
216
239
239
28
28
203
203
203
203
203
203
203
203
203
203
203
203
94
94
94
94
94
245
330
330
330
330
330
330
29
29
140
140
140
140
140
140
282
243
243
243
243
238
238
20
20
20
41
41
41
285
285
285
156
80
237
237
237
237
237
237
237
45
258
258
258
258
149
149
149
149
149
149
149
149
149
149
149
37
25
157
33
33
33
319
319
319
319
319
319
319
319
19
19
19
19
247
329
329
329
329
329
329
329
93
93
93
93
93
93
93
93
93
93
93
34
34
100
100
100
100
100
100
40
307
307
307
307
307
307
307
307
27
43
142
142
142
142
142
142
222
222
222
147
147
147
39
39
39
249
214
150
150
150
150
150
150
150
150
150
150
23
288
288
288
288
117
13
13
13
13
81
289
289
289
289
218
141
141
141
141
141
141
141
141
63
215
266
266
44
241
241
241
102
102
102
102
102
102
102
102
102
102
55
55
55
55
55
291
291
291
291
291
206
206
206
312
284
318
47
364
77
265
293
293
293
293
293
293
293
293
293
293
293
293
103
103
103
103
103
175
92
92
92
92
317
202
316
220
16
313
313
313
313
313
313
313
313
313
148
148
148
148
148
148
248
79
97
97
97
97
97
97
97
97
97
97
32
32
32
32
24
24
24
82
219
101
101
101
101
101
144
144
144
144
144
144
159
315
83
350
221
95
95
95
95
95
95
153
155
255
205
205
205
205
242
270
56
56
56
56
56
56
286
286
286
286
286
224
224
224
66
42
137
217
267
267
30
30
30
138
138
138
138
176
21
21
21
21
21
21
246
246
246
246
246
268
268
310
310
310
310
353
14
14
14
184
269
99
99
99
99
99
99
250
78
213
213
287
287
327
327
327
327
327
15
107
76
294
143
204
151
151
151
17
17
17
244
257
146
178
207
207
207
207
207
207
207
207
207
207
207
69
90
127
9
231
131
199
236
235
198
322
190
225
225
49
49
49
320
320
320
112
112
113
60
60
60
57
57
57
58
110
111
