1
2
2
2
2
2
2
2
2
2
2
2
2
2
2
2
2
2
2
2
2
2
2
2
2
2
2
2
2
2
2
2
2
2
2
2
2
2
2
2
2
2
2
2
2
2
2
2
2
2
2
2
2
2
2
2
2
2
2
2
2
2
2
2
2
2
2
2
2
2
2
2
2
2
2
2
2
2
2
2
2
2
2
2
2
2
2
2
2
2
2
2
2
2
2
2
2
2
2
2
2
2
2
2
2
2
2
2
2
2
2
2
2
2
2
2
2
2
2
2
2
2
2
2
2
2
2
2
2
2
2
2
2
2
2
2
2
2
2
2
2
2
2
2
2
2
2
2
2
2
2
2
2
2
2
2
2
2
2
2
2
2
2
2
2
2
2
2
2
2
2
2
2
2
2
2
2
2
2
2
2
2
2
2
2
2
2
2
2
2
2
2
2
2
2
2
2
2
2
2
2
2
2
2
2
2
2
2
2
2
2
2
2
2
2
2
2
2
2
2
2
2
2
2
2
2
2
2
2
2
2
2
2
2
2
2
2
2
2
2
2
2
2
2
2
2
2
2
2
2
2
2
2
2
2
2
2
2
2
2
2
2
2
2
2
2
2
2
2
2
2
2
2
2
2
2
2
2
2
2
2
2
2
2
2
2
2
2
2
2
2
2
2
2
2
2
2
2
2
2
2
2
2
2
2
2
2
2
2
2
2
2
2
2
2
2
2
2
2
2
2
2
2
2
2
2
2
2
2
2
2
2
2
2
2
2
2
2
2
2
2
2
2
2
2
2
2
2
2
2
2
2
2
2
2
2
2
2
2
2
2
2
2
2
2
2
2
2
2
2
2
2
2
2
2
2
2
2
2
2
2
2
2
2
2
2
2
2
2
2
2
2
2
2
2
2
2
2
2
2
2
2
2
2
2
2
407
407
407
407
407
407
407
407
407
407
174
418
174
420
175
422
176
424
176
426
178
428
179
430
207
207
207
207
192
192
439
440
440
440
440
440
440
440
440
440
440
440
440
440
440
440
440
455
458
459
459
459
459
459
459
459
459
459
459
461
465
439
472
472
472
472
472
472
472
472
480
480
480
480
480
480
475
478
439
492
492
492
492
492
492
492
492
492
492
492
492
492
492
492
492
492
492
492
492
492
492
492
492
492
492
492
492
492
492
492
492
492
492
492
492
492
492
492
492
492
492
492
492
492
492
492
492
492
492
492
492
492
492
492
492
492
492
492
492
492
492
492
492
492
492
492
492
492
492
492
492
492
492
492
492
492
492
492
492
492
492
492
492
492
492
492
492
492
492
492
492
549
549
549
348
348
529
75
75
75
477
477
477
477
477
318
318
238
238
94
332
332
462
462
462
381
381
405
278
278
300
300
532
245
245
245
211
211
211
383
383
91
91
91
190
190
323
323
289
289
503
503
503
503
165
165
165
165
203
257
306
306
306
303
303
194
511
511
511
511
511
511
106
255
255
537
537
560
341
341
341
354
395
395
450
450
450
450
164
164
164
315
261
261
399
554
193
254
254
171
442
442
76
76
76
566
566
566
566
566
566
566
566
566
527
527
186
186
340
340
81
564
564
555
475
475
475
475
475
475
568
268
268
313
313
251
251
579
216
216
338
338
377
377
308
308
291
291
311
311
155
155
552
333
333
379
379
232
232
232
162
162
175
175
88
319
319
518
502
210
210
570
570
570
570
570
570
570
570
570
327
327
280
280
256
98
452
452
452
252
252
371
371
584
584
465
465
465
343
343
343
343
314
314
339
557
557
557
557
557
557
557
360
360
73
73
73
369
369
509
509
509
154
154
154
85
510
510
510
382
524
524
522
522
522
522
522
522
522
522
181
551
521
326
326
217
217
387
387
485
485
485
485
485
485
485
485
189
227
174
174
104
104
358
271
271
271
389
389
180
233
233
243
243
266
266
478
478
478
446
446
446
446
446
446
446
446
446
446
446
295
295
337
337
307
307
401
401
512
512
512
578
247
247
321
321
84
272
272
272
540
540
540
297
297
276
276
355
305
305
99
466
466
466
215
215
299
299
380
380
253
253
79
199
199
199
199
386
386
400
400
77
77
77
312
312
176
357
357
565
565
565
202
349
349
95
583
583
583
444
444
444
444
292
292
533
187
350
350
178
178
92
290
290
282
282
288
288
288
336
336
538
538
263
263
298
298
170
283
283
301
301
505
505
505
505
505
505
505
505
505
505
505
447
447
447
447
447
447
447
447
447
447
447
447
218
218
366
361
361
284
284
453
453
453
453
523
523
523
523
544
544
544
544
544
277
277
226
226
388
388
451
451
451
451
451
273
273
302
302
93
160
541
541
541
541
541
541
549
549
549
549
549
549
549
504
504
504
342
402
454
454
454
454
454
468
468
468
281
281
304
304
304
463
463
463
275
275
204
335
335
448
448
448
448
448
259
546
546
546
546
179
179
330
330
543
543
543
543
561
173
173
531
562
368
368
158
158
158
158
166
166
166
166
86
385
385
390
390
528
581
213
240
240
153
364
449
449
449
449
449
449
449
449
370
370
467
467
467
506
269
269
580
285
285
262
262
80
274
274
294
294
344
344
574
224
352
352
347
347
547
547
547
236
236
316
222
392
392
102
184
184
287
287
287
514
514
514
296
296
582
582
214
241
241
83
97
461
461
461
249
249
501
501
74
74
74
74
391
391
188
229
229
191
520
520
310
310
72
72
72
250
250
464
464
464
329
329
329
396
397
397
82
406
558
558
558
558
161
161
161
559
559
270
270
270
573
345
345
346
346
346
539
539
539
393
393
195
198
455
455
455
455
455
455
455
455
513
513
513
309
309
320
320
376
376
207
207
207
526
526
526
526
526
526
534
534
394
394
556
375
375
267
267
248
248
248
373
373
317
317
244
244
331
331
530
530
530
237
237
476
476
476
476
476
476
163
264
264
264
183
183
575
260
260
208
563
563
563
205
87
286
286
324
324
508
508
265
265
545
545
545
545
545
545
545
545
545
322
322
325
325
225
225
157
157
157
157
403
403
403
403
403
403
403
403
403
403
403
403
403
403
403
403
403
403
403
403
403
403
403
403
403
403
403
403
403
403
403
403
403
403
403
403
403
403
403
403
403
403
403
403
403
403
403
403
403
403
403
403
403
403
403
403
403
403
403
403
548
548
548
572
242
242
362
362
576
576
443
443
443
443
443
443
293
293
151
235
235
235
474
474
474
474
474
474
279
279
168
550
550
550
550
156
156
156
167
577
577
519
197
372
372
239
239
90
90
90
351
351
536
182
182
367
367
569
365
542
542
542
542
353
353
567
567
404
486
486
507
172
525
525
356
356
445
445
445
445
445
445
445
445
378
378
258
384
234
234
234
363
363
228
220
220
515
515
515
553
359
359
398
101
101
159
159
159
159
223
246
246
185
185
152
152
152
328
328
219
219
78
535
535
535
535
535
571
105
105
334
334
221
481
71
494
585
585
585
585
457
457
457
457
586
586
586
586
587
587
587
587
470
471
471
471
438
