2
3
4
5
6
7
8
9
10
11
12
13
14
15
16
17
18
19
20
21
22
23
24
25
26
27
28
29
30
31
32
33
34
35
36
37
38
39
40
41
42
43
44
45
46
47
48
49
50
51
52
53
54
55
56
57
58
59
60
61
62
63
64
65
66
67
68
69
70
71
72
73
74
75
76
77
78
79
80
81
82
83
84
85
86
87
88
89
90
91
92
93
94
95
96
97
26
99
100
102
103
104
105
106
107
108
109
110
111
112
113
114
115
116
117
118
119
120
121
122
123
124
125
126
127
128
129
130
131
132
133
134
135
136
137
138
139
141
142
143
144
145
146
147
148
149
150
151
152
153
154
155
156
157
158
159
160
161
162
163
164
165
166
167
168
169
170
171
172
173
174
175
176
177
178
179
180
181
182
183
184
185
186
187
188
189
190
191
192
193
194
195
196
197
198
199
200
201
202
203
204
205
206
207
208
209
210
211
212
213
214
215
216
217
218
219
220
221
222
223
224
225
226
227
228
229
230
231
232
233
234
235
236
237
238
239
240
241
242
243
244
245
246
247
248
249
250
251
252
253
254
255
256
257
258
259
260
261
262
263
264
265
266
267
268
269
270
271
272
273
274
275
276
277
278
279
280
281
282
283
284
285
286
287
288
289
290
291
292
293
294
295
296
297
298
299
300
301
303
304
305
306
307
308
309
310
311
312
313
314
315
316
317
318
319
320
321
322
323
324
325
326
327
328
329
330
331
332
333
334
335
336
337
338
339
340
341
342
343
344
345
346
347
348
349
350
351
352
353
354
355
356
357
358
359
360
361
362
363
364
365
366
367
368
369
370
371
372
373
374
375
376
377
378
379
380
381
382
383
384
385
386
387
388
389
390
391
392
393
394
395
396
397
398
399
400
401
402
403
404
405
406
407
408
409
410
411
316
317
358
357
416
417
418
419
421
422
423
424
425
426
427
428
429
430
431
432
433
434
435
437
438
439
440
441
442
443
444
445
446
447
448
449
450
451
452
453
454
455
456
457
458
459
460
461
462
463
464
465
466
467
468
469
470
471
472
473
474
475
476
477
478
479
480
481
482
483
484
485
486
487
488
489
490
491
492
493
494
495
496
497
498
499
500
501
502
503
504
505
506
507
508
509
510
511
512
513
514
515
516
517
518
519
520
521
522
523
524
525
526
527
528
529
530
531
532
533
534
535
536
537
538
539
540
541
542
543
544
545
546
547
548
549
550
551
552
553
554
555
556
557
558
559
560
561
562
563
564
565
566
567
568
569
570
571
572
573
574
575
576
577
578
579
580
581
582
583
584
585
586
587
588
589
590
591
592
593
594
595
596
597
598
599
600
601
602
603
604
605
606
607
608
609
610
611
612
613
614
615
616
617
618
619
620
621
622
623
624
625
626
628
629
630
631
632
633
634
635
636
637
638
639
640
641
642
643
644
645
646
647
648
649
650
651
652
653
654
655
656
657
658
659
660
661
662
663
664
665
666
667
668
669
670
671
672
673
369
369
369
187
176
362
424
165
142
328
171
464
20
483
36
35
10
460
10
333
331
305
308
151
10
11
9
478
32
52
33
434
426
51
10
3
16
4
13
15
18
9
421
10
4
478
56
10
332
663
667
650
629
635
630
657
459
194
165
658
455
172
481
479
406
407
116
379
380
305
376
377
442
456
631
632
659
458
426
15
421
494
184
181
153
144
174
457
448
451
396
394
395
393
486
423
158
443
177
484
484
665
635
657
188
487
307
333
404
396
305
393
394
395
399
306
304
308
397
479
483
173
438
423
424
42
155
427
434
426
435
631
632
629
636
633
421
446
445
469
476
71
43
13
180
23
155
357
342
343
410
307
305
311
308
312
315
405
492
439
363
364
490
307
631
634
632
629
633
635
657
421
116
103
106
631
632
491
462
444
168
468
313
309
310
308
50
10
4
11
15
451
179
10
4
314
307
357
342
343
307
305
311
308
315
493
452
475
383
361
69
18
464
317
308
316
71
75
10
7
660
442
183
631
632
309
310
308
181
156
18
450
497
20
5
194
488
167
307
383
384
361
189
460
25
193
307
495
191
187
309
307
310
311
308
312
375
413
382
392
371
308
315
4
9
118
177
357
307
305
152
404
396
398
394
305
395
393
399
306
308
397
489
149
440
446
105
104
188
494
482
161
22
449
176
466
307
308
477
424
105
103
106
422
317
308
316
386
12
491
182
465
453
162
147
473
447
69
18
375
462
4
13
7
18
480
45
46
4
17
186
149
145
460
366
367
384
361
632
425
29
15
421
192
480
470
136
108
496
456
658
159
423
424
421
169
308
184
486
485
439
151
475
163
658
659
661
660
386
387
390
305
489
448
4
13
15
146
307
305
313
14
10
631
632
305
10
9
661
424
148
167
447
178
15
10
493
463
487
461
423
305
348
307
496
645
631
463
146
189
170
476
170
461
175
362
161
333
411
305
408
304
406
407
485
158
10
13
368
305
308
361
10
7
9
56
9
150
178
588
581
497
330
307
305
308
154
477
337
330
307
305
308
8
160
19
10
492
173
117
171
634
633
634
632
636
633
635
498
163
142
145
24
472
164
305
304
308
385
368
309
305
310
308
361
382
307
444
631
634
632
658
659
661
660
445
470
495
150
659
143
660
164
371
499
426
647
631
634
629
636
635
633
657
421
466
422
455
154
490
162
346
347
191
10
465
498
467
473
48
49
4
26
13
18
19
166
484
454
183
307
169
423
424
459
468
192
172
179
632
629
143
441
174
426
631
634
633
421
180
485
469
395
449
160
152
405
405
453
175
13
7
24
25
21
22
6
12
23
4
14
20
5
488
2
307
135
134
426
667
434
631
634
632
629
636
635
633
657
421
182
471
474
382
457
499
166
450
168
315
454
44
3
16
4
18
452
481
434
423
421
157
632
629
441
373
305
372
661
193
307
308
148
190
13
307
106
156
43
10
9
133
157
190
144
472
147
116
103
106
57
3
4
17
185
47
153
111
138
134
9
467
185
443
103
104
474
458
482
426
15
421
7
440
11
109
103
107
114
115
438
314
471
363
364
427
426
643
435
669
642
631
634
629
636
633
635
657
421
631
632
159
186
434
426
421
413
413
421
361
657
361
369
369
413
413
405
195
133
133
49
26
4
13
18
19
49
4
13
19
317
308
316
317
308
316
358
357
358
357
427
435
421
105
103
427
434
426
435
421
