1
2
2
2
2
2
2
2
2
2
2
2
2
2
2
2
2
2
2
2
2
2
17
25
26
26
26
26
26
26
26
26
26
26
26
26
26
26
26
26
26
26
26
26
26
26
26
26
26
26
26
26
26
26
37
57
38
59
39
61
26
63
54
66
67
67
67
70
70
70
70
70
70
70
70
70
67
80
80
80
80
80
80
80
80
80
67
90
90
90
90
90
90
90
90
80
100
101
101
101
101
101
101
101
101
101
101
101
101
101
101
101
101
101
101
101
101
101
101
101
101
101
105
127
107
25
130
130
130
130
130
130
130
130
130
130
130
130
130
130
130
130
130
130
130
130
137
151
150
153
149
150
26
130
10
36
36
36
36
36
36
20
11
21
38
9
18
5
146
146
146
48
108
16
35
35
35
35
35
35
79
145
145
145
145
105
140
140
140
140
140
39
23
22
37
76
76
76
147
147
147
147
147
147
147
14
45
8
115
44
44
44
44
12
95
62
60
46
97
97
97
98
50
50
50
50
50
77
34
34
34
34
34
34
87
87
87
87
87
33
33
33
33
33
33
49
49
49
49
49
49
150
150
144
51
138
138
138
138
138
107
107
107
107
107
107
107
107
107
107
107
13
69
69
7
32
32
32
32
32
32
78
78
78
15
75
75
75
75
148
148
31
31
31
31
31
52
103
103
89
41
41
41
41
41
41
47
58
42
42
42
42
42
42
40
40
40
40
40
40
40
40
96
96
96
19
43
43
43
43
43
43
30
30
139
139
139
139
139
121
121
122
17
29
29
29
29
29
94
4
88
88
88
88
88
149
149
6
6
6
6
68
68
131
102
155
99
24
129
