2
3
4
5
6
7
8
9
10
11
12
13
14
15
16
17
18
19
20
21
22
23
24
26
27
28
29
30
31
32
33
34
35
36
37
38
39
40
41
42
43
44
45
46
47
48
49
50
51
52
53
54
55
56
57
58
59
60
61
62
63
64
65
67
68
69
70
71
72
73
74
75
76
77
78
79
80
81
82
83
84
85
86
87
88
89
90
91
92
93
94
95
96
97
98
99
101
102
103
104
105
106
107
108
109
110
111
112
113
114
115
116
117
118
119
120
121
122
123
124
125
126
127
128
129
130
131
132
133
134
135
136
137
138
139
140
141
142
143
144
145
146
147
148
149
150
151
152
153
154
155
156
101
101
3
55
52
54
53
27
28
3
9
3
40
10
9
3
144
135
136
49
109
9
55
52
54
53
27
28
72
144
132
135
136
121
133
132
134
135
136
40
3
3
40
77
72
74
144
143
141
142
137
135
136
9
49
3
116
52
54
27
28
9
92
55
55
49
93
92
91
93
55
51
53
27
28
74
55
56
54
53
27
28
82
84
85
83
81
55
52
54
53
27
28
55
52
54
53
27
28
144
141
143
28
114
108
105
135
136
112
114
118
113
115
116
120
117
110
119
111
9
80
80
3
55
52
54
53
27
28
71
72
73
9
71
72
73
74
135
136
55
54
53
27
28
56
105
106
82
55
52
54
53
27
28
49
55
55
52
54
53
27
28
55
64
52
54
53
27
28
63
93
92
91
9
55
52
54
53
27
28
27
28
133
132
134
135
136
123
122
126
10
114
108
105
27
28
92
3
84
85
83
81
86
135
136
3
2
2
2
70
70
130
101
136
81
10
114
