1
2
2
2
2
2
2
2
2
2
2
12
2
14
11
16
18
6
6
6
22
7
7
25
8
8
28
9
9
31
32
32
32
32
32
32
32
32
32
32
32
32
32
32
32
32
32
32
32
32
32
32
54
54
54
54
54
54
49
50
50
51
52
31
67
67
67
67
67
67
67
74
75
74
77
67
79
79
79
79
79
79
85
86
85
1
90
90
90
90
90
90
90
90
90
90
90
90
90
103
90
105
90
107
90
109
90
111
111
111
115
116
116
116
116
116
116
116
116
116
116
116
125
1
131
131
131
131
131
131
131
131
131
131
131
131
131
131
140
143
147
145
1
150
150
150
150
150
150
150
150
150
160
158
158
133
125
125
125
125
58
58
58
58
58
73
73
73
73
73
95
95
95
95
124
124
124
124
124
45
45
45
99
99
99
8
8
8
8
8
8
51
51
51
85
52
52
52
52
6
6
6
6
6
97
46
46
46
84
84
42
42
42
42
42
42
42
42
42
98
98
98
5
5
5
5
5
5
5
5
47
47
47
50
50
50
50
48
48
48
7
7
7
7
7
7
7
145
59
59
59
158
158
158
158
158
158
158
44
44
49
49
49
49
49
83
83
102
102
102
9
9
9
9
9
9
53
53
53
53
53
100
100
100
100
100
100
3
3
28
28
28
29
29
29
30
30
30
89
62
63
64
130
19
19
19
65
66
161
161
161
161
161
161
161
22
22
22
22
162
23
23
23
25
25
25
26
26
26
