2
3
4
5
6
7
8
9
10
11
12
13
14
15
16
17
18
19
20
21
22
23
24
25
26
27
28
29
30
31
32
33
34
35
36
37
38
39
40
41
42
43
44
45
46
47
48
49
50
51
52
53
54
55
56
57
58
59
60
61
62
63
64
65
66
67
68
69
70
71
72
73
74
75
76
77
78
79
80
81
82
83
84
85
86
87
88
89
90
91
92
93
94
95
96
97
98
99
100
101
102
103
104
105
106
107
108
109
110
111
112
113
114
115
116
117
118
119
120
121
110
124
125
126
127
128
129
130
131
132
133
134
135
136
137
138
139
140
141
142
143
144
145
146
147
148
149
150
151
152
153
154
155
156
157
158
159
160
161
162
163
164
165
166
167
168
169
170
171
172
173
174
175
176
177
178
179
180
181
182
183
184
185
186
187
188
189
190
191
192
193
194
195
196
197
198
199
200
201
202
203
204
205
206
207
208
209
210
211
212
213
214
215
216
217
218
219
220
221
222
223
224
225
226
227
228
229
230
231
232
233
234
235
236
237
238
239
240
241
242
243
244
245
246
247
248
249
250
251
252
253
254
255
256
257
258
259
260
261
262
263
264
265
266
267
268
269
270
271
272
273
274
275
276
277
278
279
280
281
282
283
284
285
286
287
288
289
290
291
292
293
294
295
296
297
298
299
300
301
302
303
304
305
306
307
308
309
310
311
312
313
314
315
316
317
318
319
320
317
323
324
325
326
327
328
329
330
331
332
333
334
335
336
337
338
329
332
332
342
343
344
345
347
348
349
350
351
352
353
354
355
356
357
358
359
360
361
362
363
364
365
366
367
368
369
370
371
372
373
374
375
376
377
378
379
380
381
382
383
384
385
386
387
388
389
390
391
392
393
394
395
396
397
398
399
400
401
402
403
404
405
406
407
408
409
410
411
412
413
414
415
417
418
419
420
421
422
423
424
425
426
427
428
429
430
431
432
433
434
435
436
437
438
439
440
441
442
443
444
445
446
447
448
449
450
451
452
453
454
455
456
457
458
459
460
461
462
463
464
465
466
467
468
469
470
471
472
473
474
475
476
477
478
479
480
481
482
483
484
485
486
487
488
489
490
491
492
493
494
495
496
497
498
499
500
501
502
503
504
505
506
507
508
509
510
511
512
513
514
515
516
517
518
519
520
521
522
523
524
525
526
485
528
529
530
531
532
533
534
535
536
537
538
539
540
541
542
543
544
545
546
547
548
549
550
551
552
553
554
555
556
557
558
559
560
561
562
563
564
565
566
567
568
569
570
571
572
176
313
301
311
299
380
306
317
315
292
259
320
304
256
293
295
309
297
222
225
296
298
302
307
318
257
381
310
291
379
228
363
361
356
353
354
362
359
377
371
375
364
360
352
349
376
348
366
372
378
358
350
373
367
374
368
357
370
365
369
355
351
288
176
111
16
2
387
106
15
2
288
121
19
2
303
288
200
16
112
2
414
37
4
2
206
7
63
2
387
50
7
2
4
38
2
288
36
4
2
288
176
414
387
55
7
2
59
7
2
202
387
102
100
14
2
548
536
531
533
2
288
184
182
176
7
49
2
251
181
392
191
288
231
301
224
232
257
125
185
15
105
2
222
320
257
295
125
387
288
217
125
176
196
282
281
303
288
88
12
2
186
264
288
96
14
2
338
336
327
326
329
387
413
7
58
2
387
54
7
2
120
19
2
241
248
242
228
246
212
194
211
195
187
203
196
214
186
191
184
200
192
201
202
205
193
213
208
199
210
185
204
201
288
327
328
326
288
333
536
533
534
537
125
288
288
299
257
125
205
85
11
2
190
7
56
2
333
548
536
531
539
533
534
538
537
207
208
18
114
2
408
189
9
74
2
292
297
320
257
125
331
327
330
328
326
329
414
16
110
2
193
387
92
13
2
387
387
387
292
297
320
257
125
52
7
524
2
211
288
264
87
12
2
6
33
2
387
288
198
195
98
14
2
28
5
2
7
44
2
387
6
32
2
180
187
179
186
387
214
325
331
330
329
5
30
2
288
233
224
302
257
234
125
99
14
2
282
281
387
262
240
250
176
176
176
176
288
48
7
2
414
16
109
2
188
387
7
64
2
337
548
536
533
534
5
29
2
254
288
272
288
7
43
2
337
334
335
324
215
176
176
7
46
2
288
7
42
2
248
125
84
11
2
296
298
297
291
299
126
125
288
7
53
2
253
197
95
14
2
288
549
536
535
539
533
534
529
538
537
323
68
8
2
115
118
18
2
288
389
288
21
3
2
288
275
292
297
320
257
293
125
231
301
224
232
257
125
94
14
2
73
9
2
333
548
536
530
533
534
537
387
233
224
302
257
234
125
251
181
34
6
2
7
65
2
213
91
13
2
387
210
258
288
385
386
2
384
2
281
280
7
61
2
204
262
176
176
262
125
288
320
291
217
257
125
71
17
2
104
15
2
40
4
2
39
4
2
212
199
288
192
90
13
2
176
288
182
176
7
45
2
194
203
177
209
115
117
18
2
187
179
387
60
7
2
248
7
62
2
258
288
254
288
387
187
275
413
57
7
2
272
300
257
125
387
97
14
2
387
16
108
2
249
126
125
7
47
2
333
548
536
531
533
534
537
387
292
297
320
257
125
300
257
125
72
176
89
116
119
83
20
86
27
31
107
101
70
93
264
75
280
275
66
176
384
41
275
264
264
275
103
113
35
2
323
414
16
110
107
2
327
329
338
336
327
329
329
