2
3
4
5
6
7
8
9
10
11
12
13
14
15
17
18
20
21
22
23
24
25
26
27
28
29
30
31
32
33
34
35
36
38
39
40
42
43
44
45
46
47
48
49
50
51
52
53
54
55
56
57
58
59
61
62
63
62
66
67
69
70
71
72
73
74
75
76
77
78
79
80
81
82
83
84
85
86
87
88
89
90
91
92
93
94
95
96
97
98
99
100
101
102
103
104
105
106
107
108
109
110
111
112
113
114
115
116
117
118
119
120
121
122
123
124
125
126
127
128
129
130
131
132
133
134
135
136
137
138
139
140
141
142
143
144
145
146
147
148
149
150
151
152
154
155
156
157
158
159
160
161
162
163
164
165
167
168
169
170
171
173
174
175
176
177
178
179
180
181
182
183
184
185
186
187
189
190
191
192
193
194
195
196
197
198
199
200
201
202
203
205
206
207
208
209
210
211
212
213
214
215
216
217
218
219
220
221
222
223
224
225
226
227
228
229
230
231
232
233
234
235
236
237
238
240
241
242
243
244
245
246
247
248
249
250
251
252
253
254
255
256
257
258
259
260
261
262
263
264
265
266
267
268
269
270
271
272
273
274
275
276
277
278
279
280
281
282
283
284
285
286
287
288
289
290
291
292
293
294
295
296
297
298
299
300
301
302
303
304
305
306
307
308
309
310
311
312
313
314
315
316
317
318
319
320
321
322
323
324
326
327
328
329
330
331
332
333
335
336
338
339
340
341
342
343
344
345
346
347
348
349
350
351
352
353
354
355
356
357
358
359
360
361
362
363
364
365
366
367
368
369
370
371
372
373
374
375
376
377
378
379
380
381
382
383
384
385
386
387
388
389
390
391
392
393
394
395
396
397
398
399
400
401
402
403
404
405
406
407
408
410
411
412
413
415
416
417
418
419
420
421
422
423
424
425
426
428
429
430
432
433
434
435
436
437
438
439
440
441
442
443
444
445
446
447
448
449
450
451
452
453
454
455
456
457
458
459
460
461
463
464
465
466
467
468
469
470
471
472
473
474
475
476
477
478
479
480
481
482
483
485
486
487
489
490
491
492
493
494
495
496
497
498
499
500
501
502
503
504
505
506
507
508
509
510
511
512
513
514
515
516
517
518
519
520
521
522
523
524
525
526
527
528
529
530
531
532
533
534
535
536
537
538
539
540
541
542
543
544
545
546
547
548
549
550
551
552
553
554
555
556
557
558
559
560
561
562
563
564
565
566
567
568
569
570
571
572
573
574
575
576
577
578
579
580
581
582
583
584
585
586
587
588
589
590
591
592
593
594
595
596
597
598
599
600
601
602
603
604
605
606
607
608
609
610
611
612
613
614
615
616
617
618
619
620
621
622
623
624
625
626
627
628
630
631
632
633
634
635
636
637
638
639
641
642
643
644
645
646
647
648
649
650
651
652
653
654
655
657
658
659
660
661
662
663
664
665
666
667
668
669
670
671
672
673
674
675
676
677
678
679
680
681
682
683
684
685
686
687
688
689
690
691
692
693
694
695
696
697
698
699
700
701
702
703
704
705
706
707
708
709
710
711
712
713
714
715
716
717
718
719
720
721
722
723
724
725
726
727
728
729
730
731
732
733
734
735
736
737
738
739
740
741
742
743
744
745
746
747
749
750
751
752
753
754
755
756
757
758
759
760
761
762
763
764
765
766
767
768
769
770
771
772
773
774
775
776
777
778
779
780
781
782
783
784
785
786
787
788
789
790
791
792
793
794
795
796
797
799
800
801
802
803
804
806
807
808
809
810
811
812
813
814
816
817
818
820
821
822
823
824
825
826
827
828
829
830
831
832
833
834
835
836
837
838
839
840
841
843
844
845
846
847
849
850
851
852
853
854
855
856
857
858
859
860
861
862
863
864
865
866
867
868
869
870
871
872
873
874
875
876
877
878
879
880
881
882
883
884
885
886
887
888
889
890
891
892
893
894
895
896
897
898
899
900
901
902
903
904
905
906
907
909
910
911
912
913
915
916
916
918
919
920
919
608
581
582
104
89
99
98
241
916
631
632
915
241
564
559
583
388
382
374
287
882
760
555
437
120
860
862
854
489
270
853
489
559
486
712
710
711
705
376
388
496
498
493
494
503
499
495
501
492
491
500
502
504
689
249
498
493
494
492
491
853
647
854
853
111
216
210
313
820
853
489
429
631
632
884
853
489
268
268
732
728
659
505
268
268
870
124
500
319
268
268
609
27
21
277
271
272
270
165
802
800
801
803
745
277
271
268
839
822
826
830
823
825
828
827
821
794
277
271
270
268
120
89
429
631
648
828
659
234
229
495
388
381
373
861
448
155
859
886
884
106
89
99
98
176
175
174
329
328
327
847
844
845
270
627
248
249
246
315
82
410
580
900
128
601
581
582
731
730
732
81
80
776
775
411
678
854
853
489
489
559
732
729
605
273
243
315
271
270
165
216
124
822
824
823
825
165
659
256
254
250
245
243
242
241
659
446
242
624
625
355
790
491
505
594
328
327
503
760
882
310
271
270
268
268
588
777
775
599
355
72
73
388
376
384
658
388
383
375
625
617
617
631
632
630
357
356
360
355
358
359
361
362
500
854
853
890
854
489
559
203
411
902
493
492
491
489
210
134
135
71
46
44
165
293
292
649
448
654
642
658
94
89
271
273
146
780
775
151
493
491
503
811
813
829
873
873
176
173
606
315
82
310
271
270
268
268
716
503
499
388
387
379
313
216
46
44
873
272
810
812
809
817
23
340
346
360
339
341
342
358
359
361
357
356
344
345
355
362
343
181
177
179
178
388
373
89
89
271
907
489
903
326
42
177
173
749
749
906
903
759
760
313
302
272
268
873
291
288
294
380
492
446
678
811
813
71
448
496
78
647
916
242
241
915
314
491
732
727
242
315
70
243
378
388
386
22
708
712
706
710
707
711
709
496
779
775
563
559
99
44
493
496
497
24
715
712
710
713
711
714
565
559
792
23
825
492
631
632
52
49
47
43
44
45
658
777
778
763
762
776
761
779
764
760
780
775
502
411
30
28
790
31
730
732
490
63
388
377
491
313
315
310
271
270
268
268
440
388
375
89
45
503
442
491
763
762
761
764
760
778
775
696
504
197
190
504
248
763
762
761
764
760
749
495
55
53
49
48
760
290
208
355
659
491
503
296
579
193
313
315
310
271
270
268
268
88
81
492
174
173
822
790
578
499
417
228
825
658
873
873
859
886
884
228
253
255
250
245
244
243
251
247
242
246
241
357
356
355
362
338
191
856
850
249
479
886
884
329
327
560
559
501
315
175
173
498
564
566
489
165
385
388
377
493
388
374
491
503
712
710
711
429
882
25
89
109
102
502
605
731
727
728
729
705
705
501
496
493
503
499
501
495
492
491
497
502
500
631
632
630
24
763
762
761
758
764
757
756
755
760
826
744
209
23
763
762
754
761
764
750
752
751
753
760
357
356
360
355
358
359
361
362
248
24
348
360
349
358
359
361
353
357
356
351
347
355
350
362
352
313
272
712
710
711
561
559
597
271
501
495
493
494
502
503
504
658
853
495
566
559
194
190
903
903
496
491
502
500
491
503
499
555
602
388
379
873
854
853
562
559
165
604
581
582
229
354
355
385
383
384
382
381
386
387
380
338
338
826
614
164
176
175
174
178
179
870
920
378
388
48
29
35
103
101
810
814
812
809
71
272
227
228
853
489
593
418
820
750
489
758
757
756
755
849
268
351
347
348
349
350
352
353
846
741
750
846
715
713
714
205
173
827
916
915
916
915
45
181
178
