2
3
4
5
6
7
8
9
10
11
12
13
14
15
16
17
18
19
20
21
22
23
24
25
26
27
28
29
30
31
32
33
34
35
36
37
38
39
40
41
42
43
44
45
46
47
48
49
50
51
52
53
54
55
56
57
58
59
60
61
62
63
64
65
66
67
68
69
70
71
72
73
74
75
76
77
78
79
80
81
82
83
84
85
86
87
88
89
90
91
92
93
94
95
96
97
98
99
100
101
102
103
104
105
106
107
108
109
110
111
112
113
114
115
2
117
118
119
120
121
122
123
124
125
117
127
128
129
130
131
132
133
134
135
136
137
138
139
140
141
142
143
144
145
127
147
148
149
150
151
152
153
154
155
156
147
158
159
160
161
162
163
164
165
166
167
168
169
170
171
172
173
174
175
176
177
178
179
180
181
182
183
184
185
186
158
188
189
190
191
192
193
194
195
196
197
198
199
200
201
202
203
204
205
206
207
208
209
210
211
212
213
214
215
216
217
218
219
220
221
222
223
224
225
226
227
228
229
230
231
232
233
234
235
236
237
238
239
240
241
242
243
244
245
246
247
248
249
250
251
252
253
254
255
256
257
258
259
260
261
188
190
191
192
193
194
189
195
196
197
199
200
201
202
203
204
205
206
198
207
208
209
210
211
212
213
214
215
216
217
218
219
220
221
222
223
224
225
248
226
257
227
228
229
230
231
232
233
234
235
236
237
238
239
240
241
242
243
244
245
263
264
265
266
263
268
269
270
271
272
273
274
275
276
277
278
279
280
281
282
283
284
269
286
287
288
289
290
291
292
293
294
295
286
297
298
299
300
301
302
303
304
305
306
307
308
309
310
311
312
313
314
315
316
317
318
319
320
321
302
323
324
325
326
327
328
329
330
331
332
333
334
335
336
337
338
339
340
341
342
343
344
345
346
347
348
349
350
351
352
353
354
355
356
357
358
359
360
361
323
363
364
365
366
367
368
369
370
371
372
373
374
375
376
377
378
379
380
381
382
383
384
385
386
387
363
389
390
391
392
393
394
395
396
397
398
399
400
401
402
403
404
405
406
407
408
409
410
411
412
413
414
415
416
417
418
419
420
421
422
423
424
425
426
427
428
429
430
431
389
433
434
435
436
437
438
439
440
441
442
443
444
445
446
447
448
449
450
451
452
453
454
455
456
457
458
459
460
461
462
463
464
465
467
468
469
470
471
472
473
474
475
476
477
478
479
480
481
482
483
484
485
486
487
488
489
490
491
492
493
494
495
496
497
498
499
500
501
502
503
504
505
506
507
508
509
510
511
512
513
514
515
516
517
518
519
520
521
522
523
524
525
526
527
528
529
530
531
532
533
534
535
536
537
538
539
540
541
542
543
544
545
546
547
548
549
550
551
552
553
554
555
556
557
558
559
560
561
562
563
564
565
566
567
568
569
570
571
572
573
574
544
467
467
467
467
467
467
467
467
467
467
467
467
467
519
520
63
519
143
502
483
474
519
520
77
496
493
474
477
258
519
520
487
519
520
91
519
485
520
505
506
519
485
520
519
520
12
519
68
520
519
519
485
520
519
485
519
487
519
487
519
485
520
519
485
520
519
520
30
217
253
218
255
256
196
195
248
523
22
519
520
244
519
485
520
519
520
487
485
519
7
520
487
519
485
520
519
520
77
519
520
63
519
520
91
519
487
519
520
12
519
520
487
508
486
507
519
520
487
536
487
519
520
505
487
506
519
87
520
487
519
487
519
520
358
487
479
474
22
519
520
519
520
30
519
487
519
520
73
519
520
487
519
485
520
518
519
520
505
487
506
474
519
485
519
520
77
207
204
519
485
520
519
520
487
519
520
91
519
485
520
519
337
520
487
496
498
519
520
12
519
134
489
519
87
520
519
520
83
519
520
358
496
497
534
533
531
474
475
526
22
519
520
519
520
505
487
506
519
487
519
485
487
519
520
73
519
520
505
487
506
519
7
520
249
250
505
474
519
485
520
519
487
519
520
487
522
217
214
221
198
195
494
499
519
520
12
519
487
519
134
519
487
519
518
520
505
514
487
506
474
519
485
520
519
485
519
87
520
519
485
520
519
520
83
22
519
520
519
520
505
487
506
519
485
520
519
520
487
233
195
519
487
243
244
519
7
520
214
216
195
249
519
520
73
487
519
485
520
495
534
533
493
531
474
475
526
519
485
520
487
519
520
487
519
520
487
519
485
520
211
209
227
195
519
180
519
485
520
519
520
487
519
520
487
519
134
519
520
111
487
200
195
519
520
30
519
520
569
519
485
198
487
54
519
520
207
230
212
229
196
258
519
485
520
487
519
520
96
106
519
520
474
519
520
487
228
227
203
195
519
520
487
519
337
520
519
485
520
519
520
487
519
520
487
519
520
487
519
487
519
520
487
519
180
520
519
485
520
519
520
487
519
134
519
487
487
519
520
487
519
520
487
251
519
485
520
519
487
519
520
111
519
520
30
54
519
520
487
519
520
96
340
519
520
106
519
520
519
520
505
487
506
487
519
485
520
519
520
487
519
520
63
487
519
520
12
519
520
487
373
519
520
519
487
519
134
520
519
485
519
485
520
519
520
30
3
519
520
519
487
519
487
529
54
519
520
519
520
43
22
519
520
519
520
111
519
520
487
487
519
520
487
207
230
229
340
519
520
519
520
487
519
520
487
519
487
519
520
63
245
519
520
12
519
485
520
519
487
519
134
519
485
520
519
485
520
519
520
111
519
520
30
536
3
519
520
519
485
519
520
487
54
519
520
519
520
43
233
194
192
193
195
22
519
520
487
487
519
149
520
519
520
487
519
520
487
519
520
487
519
520
505
487
506
519
520
505
487
506
519
485
487
195
511
471
474
472
473
487
519
485
520
519
520
487
227
195
519
487
487
224
204
195
519
485
520
519
520
43
474
519
520
487
519
520
487
519
520
96
519
485
519
520
487
519
344
520
227
195
519
520
487
59
519
520
519
149
520
519
520
30
519
520
505
487
506
519
487
519
520
505
487
506
519
485
520
474
373
519
520
519
487
519
520
487
245
519
487
195
519
520
487
505
490
488
474
3
519
520
508
492
486
500
505
488
474
475
519
520
43
519
520
30
523
519
485
520
519
485
519
520
96
519
520
487
519
485
520
519
487
529
519
487
519
520
30
222
213
519
487
519
485
520
487
487
519
520
487
519
520
487
519
520
30
519
520
43
519
520
569
512
519
485
520
251
519
520
96
207
230
222
209
227
213
196
195
487
505
482
506
474
527
487
59
519
520
519
520
487
106
519
520
508
486
491
507
475
241
519
485
520
519
520
487
519
485
520
519
485
520
519
520
30
220
215
519
485
520
519
487
519
485
520
206
519
485
520
511
474
528
527
217
219
519
520
487
519
485
519
520
487
519
520
487
519
520
569
519
520
30
519
487
519
520
43
487
486
483
519
520
43
519
520
96
59
519
520
106
519
520
519
344
520
519
485
520
505
506
519
520
487
519
520
12
519
520
505
487
506
519
520
487
519
520
43
250
210
519
520
487
519
520
152
519
129
519
520
487
519
487
519
520
347
519
520
487
519
485
519
520
487
519
487
519
520
505
487
506
519
520
487
519
520
505
487
506
519
520
487
487
195
519
487
519
487
519
520
12
519
68
520
519
520
487
519
520
487
487
519
520
43
475
519
520
487
519
520
152
505
474
22
519
520
519
520
487
519
520
347
519
485
520
519
520
487
196
519
520
505
487
506
519
520
334
519
520
77
487
519
485
520
519
520
487
519
520
96
519
520
487
519
520
184
519
520
487
477
522
521
519
520
12
519
68
520
519
520
487
519
487
528
519
520
487
487
519
520
43
519
485
520
519
520
347
492
500
474
519
143
519
520
334
519
520
77
519
520
96
519
184
519
485
520
487
519
487
519
68
520
487
519
485
520
195
519
520
347
519
487
519
129
519
520
96
519
487
519
485
520
519
487
234
519
487
487
519
487
519
520
487
519
487
519
520
487
519
520
487
519
519
519
519
519
519
519
519
519
519
519
519
519
519
519
519
519
474
474
519
519
519
519
519
519
519
519
519
519
519
519
519
519
519
519
519
519
519
519
519
519
519
519
519
519
519
519
519
519
519
519
519
519
519
519
