1
2
2
2
2
2
2
2
2
2
2
2
11
15
16
16
16
16
16
16
16
16
24
24
24
24
24
24
24
24
24
24
35
36
37
38
38
38
38
38
38
38
38
38
38
38
38
38
38
38
38
38
38
38
38
58
58
58
58
38
63
63
63
63
63
63
63
15
71
71
71
71
71
71
77
77
77
77
82
83
84
85
85
85
85
85
85
85
85
85
85
85
85
85
85
85
85
85
85
85
85
85
85
107
107
107
107
107
113
114
1
115
115
115
115
115
115
115
115
115
115
115
115
115
115
115
115
115
115
115
115
115
115
115
115
115
115
115
115
115
115
115
115
115
115
115
115
115
115
115
115
115
115
115
115
115
115
115
115
115
115
115
115
115
115
115
115
122
172
115
174
174
174
132
178
115
180
180
115
183
183
183
183
133
188
188
134
191
191
194
135
196
196
136
199
139
201
141
203
143
205
115
207
207
207
207
211
211
211
211
213
216
207
218
218
218
218
218
218
151
225
152
227
115
229
115
231
231
115
234
234
234
234
234
115
240
115
242
115
244
244
115
247
247
247
247
15
252
252
252
252
256
256
256
260
261
262
263
263
263
263
263
263
263
263
263
263
263
263
263
263
263
263
263
263
281
281
281
281
281
281
263
288
288
288
288
288
288
288
288
288
288
288
288
288
288
288
288
288
288
288
288
288
288
288
288
288
288
288
288
288
288
318
318
318
317
317
270
325
15
326
326
326
326
326
326
326
326
326
326
326
326
326
339
339
339
339
339
345
345
326
348
348
348
348
348
354
355
356
357
357
357
357
357
357
357
357
357
357
357
357
357
357
357
357
357
357
357
357
357
357
357
357
357
357
357
357
357
381
387
383
384
384
384
384
384
383
383
400
400
380
386
380
386
380
386
386
384
384
384
411
386
413
414
414
414
414
414
414
414
414
414
414
414
425
425
414
428
428
428
414
432
432
432
436
414
1
438
438
438
438
438
438
438
438
438
438
438
438
438
451
451
450
15
455
455
455
455
455
455
461
461
461
461
461
461
72
469
31
471
472
1
473
473
473
473
473
473
473
473
473
473
473
473
473
473
473
473
473
473
473
473
473
473
473
473
473
473
473
473
473
473
473
473
473
473
473
473
473
473
473
507
513
515
516
508
518
519
519
519
519
519
519
519
519
519
519
519
530
530
530
530
519
535
535
535
529
539
208
208
482
544
519
519
547
547
1
548
548
548
548
548
548
548
548
548
548
548
548
548
548
548
548
548
548
548
548
548
569
569
569
569
569
569
569
569
569
569
569
569
569
567
583
508
508
508
508
508
590
356
591
591
591
591
591
591
591
591
591
591
591
591
591
591
591
591
591
591
591
591
591
591
591
604
604
617
618
618
618
618
618
618
618
618
618
618
618
618
618
618
618
618
618
618
618
618
618
618
618
618
618
618
618
618
618
618
618
618
618
618
618
618
618
618
618
618
618
627
660
633
662
618
664
664
664
618
668
668
668
668
668
668
668
668
668
668
668
668
668
668
668
668
668
668
668
668
668
640
691
693
356
694
694
694
694
694
694
694
694
694
694
694
694
694
694
694
694
694
694
694
694
694
694
694
694
694
694
694
694
694
694
694
694
694
694
694
694
694
694
694
694
694
694
694
694
694
694
694
694
694
694
694
694
694
694
694
694
694
694
694
694
694
694
694
694
694
694
694
694
694
694
694
694
694
694
694
694
694
694
694
694
694
694
694
694
694
694
694
694
694
694
694
694
694
694
694
694
694
694
694
694
694
694
694
694
694
694
694
694
694
694
694
694
694
694
694
694
694
694
694
694
694
694
694
694
694
694
694
694
694
694
694
694
694
694
694
694
694
698
832
699
834
694
836
836
836
723
840
731
842
733
844
737
846
752
848
752
850
776
852
854
854
854
854
854
854
694
861
861
861
861
861
866
861
868
861
870
694
872
874
736
736
736
878
879
880
880
880
880
880
880
880
880
880
885
890
880
892
892
892
892
892
892
892
892
892
880
902
902
880
905
905
905
905
880
910
910
910
886
886
886
917
885
177
177
177
886
923
1
924
924
924
924
924
924
924
924
924
924
924
924
924
924
924
924
924
924
935
943
935
935
935
935
935
935
935
935
935
935
935
935
84
957
957
957
957
957
957
957
957
957
957
957
957
957
957
957
957
957
973
975
957
977
977
977
977
977
977
977
977
977
977
977
977
977
977
957
992
992
992
992
992
992
992
957
1000
1000
1000
972
1006
1007
105
413
1009
1009
1009
1009
1009
1009
1009
1016
1016
1016
1009
1020
1020
1020
1024
1009
356
1026
1026
1026
1026
1026
1026
1026
1026
1026
1026
1026
1026
1026
1026
1026
1026
1026
1026
1026
1026
1026
1026
1026
1026
1026
1026
1026
1026
1026
1026
1026
1026
1026
1026
1026
1061
1061
1061
1061
1061
1061
1061
1061
1061
1061
1061
1061
31
31
1051
105
1078
105
1051
1051
1051
1051
1051
1085
105
105
15
1088
1088
1088
1091
1091
1091
1095
1096
455
548
16
256
910
240
218
905
211
461
1091
242
868
866
870
24
252
288
77
281
599
599
599
599
599
599
599
599
599
599
599
599
599
599
200
68
68
934
934
254
788
330
140
140
140
630
630
630
745
745
745
745
745
745
745
745
745
142
142
189
189
1055
1055
1055
1055
1055
1055
422
422
338
338
831
7
810
744
1070
1070
813
376
376
755
508
508
508
508
508
997
997
997
784
784
784
784
674
674
674
674
674
674
674
659
659
729
729
729
729
729
729
729
749
749
930
930
930
100
100
100
100
100
1067
1067
1067
1067
1067
818
158
146
146
751
751
751
105
105
105
105
105
105
600
600
600
600
600
600
600
600
600
600
600
600
600
600
450
450
450
450
450
450
450
450
450
450
450
450
741
741
506
506
614
614
165
811
740
740
936
936
936
678
678
984
984
190
190
782
782
970
466
466
466
135
135
135
135
135
661
661
287
287
132
132
132
132
132
132
511
511
511
511
493
213
816
597
597
597
597
597
597
597
597
597
597
597
597
420
420
1039
1039
1039
1039
965
965
192
192
555
858
858
858
176
312
312
974
435
435
141
658
658
658
658
1003
1003
1003
333
333
650
650
650
650
758
1052
1052
1052
685
685
685
685
685
685
685
685
685
430
886
886
886
886
886
388
735
735
735
732
732
732
732
491
971
528
528
973
973
973
973
973
973
973
806
807
564
656
602
602
602
602
602
602
602
602
602
602
602
602
602
602
786
786
554
197
197
197
197
138
138
259
259
383
383
383
383
383
383
383
383
383
383
383
383
724
724
490
803
803
803
803
95
95
95
95
95
95
1011
347
21
21
21
309
309
309
309
309
901
901
901
901
901
164
30
30
30
159
148
148
148
148
81
81
81
1043
1043
1043
1043
996
996
496
913
627
627
627
627
972
972
972
972
972
972
972
331
331
331
386
386
386
386
386
386
386
386
386
553
553
553
553
648
648
648
759
134
134
332
332
332
663
663
633
633
633
633
633
633
812
1044
1044
1044
1044
1044
1044
133
133
13
13
13
13
13
13
13
13
13
13
13
13
884
884
884
884
884
1071
1071
136
136
22
22
22
688
688
688
688
223
223
525
525
525
525
525
525
525
525
873
873
465
465
465
465
465
787
279
279
676
966
966
966
966
966
966
966
966
628
628
637
637
561
561
561
561
271
271
271
502
754
1049
805
307
307
307
307
307
307
307
634
634
634
634
634
634
634
634
598
598
598
598
598
598
598
598
598
598
598
598
598
598
11
11
11
11
11
11
11
11
11
11
1072
1072
976
976
505
505
505
505
34
681
681
681
681
681
681
681
169
459
459
275
275
647
306
306
584
584
931
582
761
761
557
99
99
99
99
99
99
99
99
99
99
460
460
645
645
645
645
645
342
991
991
991
991
941
725
725
514
514
80
80
80
646
646
646
646
646
646
883
883
734
734
734
734
734
734
734
887
581
581
1046
1046
1046
1046
1046
819
500
500
1040
1040
1040
1040
743
743
743
274
274
187
642
642
642
642
642
642
642
341
649
649
649
657
1015
382
382
382
382
382
382
382
612
612
612
841
206
639
639
639
639
639
639
177
177
177
177
177
827
827
827
827
733
733
733
733
733
733
733
733
258
258
825
161
737
8
809
56
56
56
56
23
23
23
769
163
20
20
771
771
150
150
150
150
150
150
150
150
150
150
150
150
150
150
150
560
538
538
772
137
137
137
137
137
137
731
731
1051
1051
1093
1093
497
497
497
908
611
611
611
611
629
629
629
629
629
629
623
623
623
567
129
987
987
987
987
987
987
608
757
381
381
381
381
381
381
381
381
381
381
781
781
781
986
986
151
237
804
632
632
750
750
750
31
31
576
576
576
576
576
576
576
576
576
576
576
576
576
576
808
889
889
889
889
889
889
889
32
32
32
990
277
489
489
489
489
489
489
489
489
489
489
489
489
489
489
378
378
378
378
29
29
29
54
54
54
54
54
54
1069
1069
1069
1069
1069
103
103
103
103
103
103
103
103
103
103
103
103
424
689
689
689
1036
767
336
1053
1053
1053
1053
1053
1053
1053
1053
1053
1053
1053
1053
106
747
747
747
449
449
449
449
449
449
449
449
449
826
789
789
789
789
821
821
527
527
527
527
527
833
833
643
643
643
643
643
643
643
1042
1042
1042
1042
1042
1042
1042
70
70
70
303
303
303
303
303
303
303
303
303
303
835
379
379
379
379
379
379
379
379
379
379
379
379
379
379
379
777
777
777
777
419
419
625
625
1019
1019
1019
1041
1041
635
635
635
251
251
251
375
375
375
375
375
375
375
375
375
375
375
624
684
684
684
684
684
684
684
684
684
534
534
534
1094
1094
790
790
790
790
285
285
181
181
507
507
748
748
748
33
208
208
208
766
214
214
214
605
605
605
605
605
644
644
644
638
638
638
638
638
448
448
448
448
448
448
448
448
448
448
448
448
448
448
78
885
885
885
577
577
577
793
1002
1002
727
727
280
179
73
73
350
209
909
434
829
829
829
829
1023
1023
1023
969
736
736
736
736
736
736
736
736
736
736
736
736
224
224
224
377
377
377
377
377
377
377
377
377
458
12
12
12
12
12
12
12
12
12
12
12
62
62
62
62
778
675
675
423
143
773
610
610
610
610
610
610
610
610
610
610
610
610
610
610
610
610
182
937
937
937
1022
1048
1048
1048
1048
820
579
728
728
728
728
728
728
728
728
728
728
728
728
728
765
765
1045
230
968
421
421
222
222
222
1057
273
273
273
273
273
509
509
797
797
822
822
774
1068
1068
57
57
57
57
595
595
595
595
595
595
595
595
595
595
595
595
666
679
679
770
932
932
1038
1038
1038
1038
1038
1038
1038
1038
302
168
61
61
61
351
1059
160
847
847
847
847
847
847
170
799
799
687
687
687
687
540
198
198
604
604
604
604
604
604
604
604
604
604
604
604
604
604
730
139
944
501
907
776
776
828
828
828
385
385
385
385
385
385
385
385
385
385
385
385
385
385
967
967
967
967
967
967
967
568
568
563
752
752
752
752
752
752
752
752
752
752
752
752
752
752
752
752
752
463
463
130
130
130
130
195
998
998
558
558
723
723
723
723
985
985
985
601
601
601
601
601
601
601
601
601
601
601
601
601
601
1013
780
680
680
680
680
680
680
680
655
492
305
167
1047
559
559
559
559
559
559
559
651
651
1001
1001
1001
250
250
250
317
317
317
317
317
510
510
510
510
510
510
510
510
510
510
510
510
641
641
641
641
823
1054
1054
9
9
9
9
9
9
9
9
9
334
334
334
609
779
779
859
313
313
768
526
526
526
526
526
526
526
526
556
800
152
145
145
28
631
631
631
631
631
631
631
631
631
636
636
636
636
636
384
384
384
814
606
653
653
149
149
149
149
149
149
149
352
352
352
101
101
101
101
101
764
764
764
764
815
843
843
1018
562
935
935
935
935
935
935
935
935
935
935
935
935
935
935
935
935
935
935
935
935
935
935
935
830
457
457
851
792
792
792
380
380
380
380
380
380
380
380
380
380
380
380
380
380
380
204
204
686
686
686
69
69
69
69
654
654
726
726
147
147
147
147
147
147
147
147
147
147
147
147
147
147
147
147
147
147
147
147
147
147
983
983
578
578
578
578
578
578
578
607
286
418
418
418
272
272
272
272
76
76
596
596
596
596
596
596
596
596
596
596
596
596
596
596
596
596
596
596
596
596
104
104
236
431
431
791
112
112
112
112
988
988
988
988
988
988
314
193
1060
311
74
640
640
640
640
640
640
55
55
55
55
55
55
55
55
55
55
55
55
55
900
900
900
900
900
900
900
10
10
512
512
626
626
667
667
682
682
682
682
682
682
682
682
682
682
682
762
594
594
594
594
594
594
594
594
594
594
166
308
308
308
308
308
753
753
753
753
753
753
753
753
753
753
753
753
753
753
753
753
753
753
746
746
746
746
746
817
912
102
102
102
580
756
603
603
603
603
603
603
603
603
603
603
603
603
603
603
802
75
75
795
467
467
467
683
683
683
683
683
683
683
683
683
683
939
939
1050
1050
1050
1050
1050
1050
1050
1050
1050
1050
1050
1050
1050
1050
1050
1050
1050
999
999
677
677
785
785
989
315
315
942
942
942
742
742
742
652
652
783
783
783
783
783
783
783
783
783
783
783
783
783
783
783
783
783
374
565
565
565
565
565
565
565
565
565
565
549
717
118
718
863
863
474
993
993
864
864
925
702
19
415
17
699
571
665
665
366
367
862
862
88
672
1027
360
364
364
59
898
1029
703
716
1030
46
572
45
704
123
123
622
365
248
373
363
363
981
673
125
125
124
124
929
445
698
126
126
1063
700
619
671
369
369
372
462
370
370
370
456
440
44
441
72
119
695
437
401
401
401
401
401
401
401
401
83
83
403
405
405
405
546
546
1025
876
876
876
876
876
876
876
877
517
517
260
541
541
543
543
543
545
545
545
545
545
545
468
468
468
945
945
947
947
947
947
947
920
920
920
920
322
323
324
324
470
470
956
956
956
956
956
956
956
472
472
389
389
389
390
390
391
391
391
391
392
393
393
393
394
394
921
395
395
395
395
396
922
922
690
586
586
586
587
587
587
587
587
1005
1005
589
589
589
589
589
589
589
1008
1008
1096
402
402
402
402
402
914
915
915
915
916
918
919
919
919
410
410
410
410
410
410
412
412
412
412
412
616
949
949
950
950
114
114
114
114
114
951
14
952
952
954
954
954
954
954
954
954
954
954
954
954
954
955
955
1075
1075
1075
1075
1075
1075
1076
1076
1077
1079
1079
1080
1081
1081
1081
1081
1081
1081
1081
1081
1081
1081
1081
1082
1082
1082
1082
1082
1082
1082
1083
1083
1083
1083
1083
1083
1083
1084
1084
1084
1084
1084
1086
1086
1087
1087
1087
