2
3
4
5
6
7
8
9
10
11
12
13
14
16
17
18
19
20
21
22
23
24
25
26
27
28
29
30
31
32
33
34
30
31
38
39
40
41
42
43
44
45
46
47
48
49
50
51
52
53
54
55
56
57
58
59
60
61
62
63
64
65
66
67
68
69
70
71
72
73
74
75
76
77
78
79
80
81
80
81
85
86
87
88
89
90
91
92
93
94
95
96
97
98
99
100
101
102
103
104
105
106
107
108
109
110
111
112
100
101
115
116
117
118
119
120
121
122
123
124
125
126
127
128
129
130
131
132
133
134
135
136
137
138
139
140
141
142
143
144
145
146
147
148
149
150
151
152
153
154
155
156
157
158
159
160
161
162
163
164
165
166
167
168
169
170
171
172
173
174
175
176
177
178
179
180
181
182
183
184
185
186
187
188
189
190
191
192
193
195
196
197
198
199
200
201
202
203
204
205
206
207
208
209
210
211
212
213
214
215
216
217
218
219
220
221
222
223
224
225
226
227
228
229
230
231
232
233
234
235
236
237
238
239
240
241
242
243
244
245
246
247
248
249
250
251
252
253
254
255
256
257
258
259
259
258
263
264
265
266
267
268
269
270
271
272
273
274
275
276
277
278
279
280
281
282
283
284
285
286
287
288
289
290
291
292
293
294
295
296
297
298
299
300
301
302
303
304
305
306
307
308
309
310
311
312
313
314
315
316
317
318
319
320
321
322
323
324
294
326
327
328
329
330
331
332
333
334
335
336
337
338
339
340
341
342
343
344
346
347
348
349
350
351
352
353
342
341
357
358
359
360
361
362
363
364
365
366
367
368
369
370
371
372
373
374
375
376
377
378
379
380
381
382
383
384
385
386
387
388
389
390
391
392
393
394
395
396
369
370
401
402
403
404
405
406
407
408
409
410
386
412
414
415
416
417
418
419
420
421
422
423
424
425
426
427
428
429
430
431
432
433
434
435
419
437
438
439
440
441
442
443
444
445
446
447
448
449
450
451
452
453
454
455
456
457
458
459
460
461
462
463
464
465
466
467
468
465
470
467
466
473
474
475
476
477
478
479
480
481
482
483
484
485
486
487
488
489
490
491
492
493
494
495
496
497
498
499
500
501
502
503
504
505
506
507
508
509
510
511
512
513
514
508
509
517
519
520
521
522
523
524
525
526
527
528
529
530
531
532
533
534
535
536
537
538
539
540
541
542
543
531
545
546
521
522
548
549
550
551
552
553
554
555
556
557
558
559
560
561
562
563
564
565
566
567
568
569
570
571
572
573
574
575
576
577
578
579
580
581
582
583
584
585
586
587
588
589
565
591
592
593
594
595
596
597
598
599
600
601
602
603
604
605
606
607
608
609
610
611
612
613
614
615
616
618
619
620
621
622
623
624
625
626
627
628
629
630
631
632
633
634
635
636
637
638
639
640
641
642
643
644
645
646
647
648
649
650
651
652
653
654
655
656
657
658
659
660
661
662
663
664
665
666
667
668
669
670
671
672
673
674
675
676
677
678
679
680
681
682
683
684
685
686
687
688
689
690
692
692
694
695
696
697
698
699
700
701
702
703
704
705
706
707
708
709
710
711
712
713
714
715
716
717
718
719
720
721
722
723
724
725
726
727
728
729
730
731
732
733
734
735
736
737
738
739
740
741
742
743
744
745
746
747
748
749
750
751
752
753
754
755
756
757
758
759
760
761
762
763
764
765
766
767
768
769
770
771
772
773
774
775
776
777
778
779
780
781
782
783
784
785
786
787
788
789
790
791
792
793
794
795
796
797
798
799
800
801
802
803
804
805
806
807
808
809
810
811
812
813
814
815
816
817
818
819
820
821
822
823
824
825
826
827
828
829
830
831
832
833
834
835
836
837
838
839
840
841
842
843
844
845
846
847
848
849
850
851
852
853
855
856
857
858
859
860
861
862
863
864
865
866
867
868
869
870
871
872
873
718
875
876
877
751
880
881
882
883
884
885
886
887
888
889
890
891
892
893
894
895
896
897
898
899
900
901
902
903
904
905
906
907
908
909
910
911
912
913
914
915
916
886
918
919
920
921
922
889
924
925
926
927
928
929
930
931
932
933
934
935
936
937
938
939
940
941
942
943
944
945
946
947
948
949
950
951
952
953
954
955
956
957
958
959
960
961
962
963
964
965
966
967
968
969
970
971
972
973
974
975
976
977
978
979
980
981
982
983
984
985
986
987
988
989
990
991
992
993
994
995
996
997
998
999
1000
1001
1002
1003
1005
987
988
1008
1009
1010
1011
1012
1013
1014
1015
1016
1017
1018
1019
1020
1021
1022
1023
1012
1025
1026
1027
1028
1029
1030
1031
1032
1033
1034
1035
1036
1037
1038
1039
1040
1041
1042
1043
1044
1045
1046
1047
1048
1049
1050
1051
1052
1053
1054
1055
1056
1057
1058
1059
1060
1061
1062
1063
1064
1065
1066
1067
1068
1069
1070
1071
1072
1073
1074
1075
1076
1077
1053
1079
1080
1081
1082
1083
1084
1055
1086
1087
1088
1089
1090
1091
1092
1093
1094
1093
1094
326
473
326
339
902
234
207
902
207
339
339
234
861
861
861
339
326
263
461
263
1060
384
612
374
383
614
377
611
376
613
592
593
694
357
137
64
65
940
925
327
709
326
141
153
118
681
622
668
341
746
747
748
332
333
704
703
339
694
694
694
694
1057
1070
1056
1029
1034
1031
420
415
328
327
721
6
712
706
1065
1062
712
372
1026
705
129
797
119
694
694
995
994
992
792
761
336
703
670
669
672
671
673
694
664
628
694
808
760
743
695
694
694
836
343
339
927
926
694
987
87
92
88
957
332
1063
1065
1062
1064
712
126
784
694
702
718
694
991
91
93
92
88
94
383
1060
614
377
611
376
612
613
374
380
592
593
694
357
383
377
820
384
449
942
380
439
440
447
441
357
703
327
694
694
1026
1026
123
712
704
327
820
694
694
670
669
977
977
145
694
783
861
961
465
326
455
132
208
118
183
207
671
694
282
283
181
123
118
183
180
694
479
480
481
478
487
212
712
614
1044
1050
612
790
613
789
1048
592
593
694
1026
416
263
1071
1029
1033
1031
957
957
694
694
549
856
855
857
175
313
277
961
422
433
123
664
694
694
664
995
994
992
334
339
810
812
625
694
705
1053
1035
694
670
669
672
671
673
668
694
694
668
429
889
888
887
882
881
778
786
694
694
694
326
836
694
487
963
535
530
964
961
962
959
992
1004
992
708
708
552
620
383
1060
614
377
384
611
376
612
613
374
592
593
694
357
704
329
549
694
694
694
872
139
153
258
326
1050
382
381
368
362
367
372
369
370
1026
694
399
725
694
487
716
715
694
694
984
89
90
88
86
94
1010
345
19
345
345
311
312
289
294
291
904
903
896
893
898
123
32
326
16
126
818
1026
694
1026
465
326
71
1042
1041
1034
1031
995
994
694
911
622
694
694
668
964
961
963
962
959
992
992
329
328
327
383
362
363
371
370
397
694
1026
399
551
549
552
550
770
625
694
705
132
183
339
1091
24
791
694
684
622
671
694
694
668
712
1045
1042
1041
1027
1034
1031
132
183
131
556
802
10
819
3
551
4
6
119
694
548
885
886
889
882
881
1066
1062
123
694
21
327
345
670
669
672
671
794
694
537
522
524
536
520
523
521
535
786
694
101
965
100
462
957
709
267
266
669
971
964
961
963
960
958
962
959
622
668
643
694
818
483
694
694
263
288
281
488
770
1032
708
317
311
304
309
312
295
318
685
639
790
621
622
694
694
668
1060
384
612
374
383
614
377
611
376
613
592
593
694
357
556
735
10
509
3
551
4
6
694
548
1066
1062
994
992
130
119
483
694
25
670
669
672
671
673
668
668
124
456
957
273
270
621
304
296
811
694
928
571
762
705
551
104
985
87
89
91
93
90
92
88
86
974
456
742
621
619
694
694
326
986
979
982
981
1026
726
694
793
694
465
326
71
790
789
621
619
694
694
882
881
704
705
703
706
326
836
694
888
574
575
1042
1041
1034
1028
1031
712
487
488
1072
1029
1033
1031
744
745
706
273
270
186
742
683
789
622
694
694
668
326
810
625
694
620
1020
750
633
371
360
694
694
397
788
791
694
694
149
644
651
683
622
694
668
494
130
153
175
473
787
789
694
694
701
712
702
719
696
721
722
836
326
252
713
126
709
6
712
69
43
46
63
19
17
345
706
123
19
345
775
705
380
383
377
723
148
740
509
385
701
118
694
694
694
357
473
694
537
536
705
150
828
819
118
694
694
694
694
1052
694
326
1088
483
694
924
906
1044
1051
694
1026
676
655
680
621
622
668
641
621
622
694
128
979
978
981
982
957
957
610
705
779
803
752
373
364
371
361
694
397
694
714
713
707
979
978
123
234
708
801
694
717
715
694
30
326
771
770
129
785
797
573
570
699
574
571
119
572
694
694
707
904
897
881
902
905
892
910
25
345
345
982
277
512
502
511
476
482
475
486
484
478
479
485
480
477
483
377
1039
1040
372
27
26
25
69
56
55
41
45
63
340
1063
1065
1062
1064
990
989
87
89
91
108
90
110
88
109
111
107
432
669
673
694
1026
706
348
341
1055
748
732
1029
1063
1065
1064
1030
694
694
326
86
344
705
339
817
818
439
442
446
441
1026
694
1026
714
736
704
709
327
764
740
528
519
519
535
530
816
694
644
683
646
621
622
694
668
340
1069
1029
1032
1034
1027
1030
66
65
67
307
313
305
306
292
299
298
293
289
291
694
1050
382
1059
381
782
359
368
364
362
367
372
371
863
366
694
785
782
702
864
425
425
622
694
1010
1017
263
1032
1031
651
643
694
249
248
694
740
364
362
371
365
366
361
360
694
397
694
622
670
669
672
671
673
668
694
694
668
533
531
532
1093
326
740
710
715
695
282
283
694
694
694
694
749
705
339
25
207
211
218
706
797
212
694
611
613
592
593
694
645
646
694
643
632
652
694
694
499
723
735
740
439
444
440
442
447
446
441
445
694
451
85
889
882
881
694
694
694
711
992
992
729
694
267
182
72
957
349
694
906
433
830
704
703
327
280
1021
263
964
737
790
705
719
706
709
715
704
716
717
327
722
220
219
221
780
379
1043
373
364
372
371
361
694
456
131
10
818
819
3
551
4
6
119
694
548
59
60
63
63
707
670
669
428
124
705
1060
386
612
374
380
383
614
377
611
376
613
592
593
694
357
1026
694
938
1026
1026
1021
1029
1065
1062
1031
712
574
341
746
747
706
704
703
695
694
339
694
836
256
461
764
970
1028
694
964
420
415
220
219
221
1058
277
267
265
264
266
508
694
794
797
764
740
705
1062
1064
64
43
46
63
384
612
374
383
614
377
611
613
592
593
694
357
694
672
671
705
929
244
334
332
1029
1035
1034
1030
1031
1061
291
124
59
60
63
349
1031
126
337
829
704
703
327
326
124
335
704
672
694
694
694
528
147
694
1060
384
612
374
383
614
377
611
376
613
592
593
694
357
695
123
694
488
906
775
705
789
694
694
383
634
382
362
363
371
370
360
397
694
397
694
1026
399
964
961
963
958
960
962
959
511
550
551
750
761
782
701
712
702
705
706
715
863
704
703
721
722
694
694
836
462
85
123
127
118
174
694
995
994
500
559
770
740
694
694
982
981
980
383
1060
614
377
611
376
612
613
374
380
592
593
694
357
1016
780
670
669
672
671
673
668
668
620
487
296
124
1048
818
564
567
551
549
483
694
620
694
995
994
992
249
248
694
316
299
297
298
318
771
810
824
772
770
811
485
486
484
483
694
694
667
621
622
668
741
1055
1035
143
556
10
3
5
4
6
119
548
339
85
77
610
707
695
857
301
300
706
522
524
533
520
523
532
521
530
551
701
123
126
694
25
683
682
645
632
652
621
622
694
668
651
643
621
694
694
385
397
694
712
610
620
694
771
153
126
118
694
692
229
335
349
327
988
87
92
88
957
964
704
957
957
712
726
694
1017
551
942
245
377
939
509
941
735
380
383
499
936
723
376
937
385
931
925
927
929
694
692
357
473
695
456
957
327
740
711
695
383
634
790
789
381
363
369
371
365
370
360
397
694
398
399
142
694
687
694
694
64
66
65
67
620
694
729
694
146
384
210
380
209
251
383
377
820
723
786
129
148
740
701
126
118
207
694
694
357
247
979
978
129
797
570
574
575
119
572
610
282
416
415
425
267
266
269
268
974
72
384
612
374
782
383
777
614
377
611
376
613
1059
785
702
592
864
862
593
694
357
96
87
234
421
429
710
108
110
109
111
979
978
982
981
957
957
297
694
1031
295
72
651
683
622
672
694
668
61
62
64
42
40
65
43
44
45
46
63
58
63
896
895
893
898
899
894
902
556
548
482
481
622
694
665
664
658
686
670
669
672
671
668
694
694
668
664
763
384
612
383
614
377
613
592
593
694
357
123
317
277
309
290
291
754
750
332
749
333
701
712
702
706
715
704
703
721
722
694
339
694
836
340
712
705
706
339
730
911
87
91
107
573
705
383
1060
614
377
384
611
376
612
613
374
592
593
694
357
712
72
957
794
465
326
455
687
658
670
669
671
668
694
694
668
664
926
694
1068
342
732
789
782
1031
1029
1063
1035
1065
1034
1064
1030
864
694
694
326
995
994
670
669
704
328
981
308
314
701
694
694
719
707
618
620
694
763
762
865
335
779
780
792
336
704
705
703
706
708
863
862
695
861
359
577
802
129
818
797
551
119
694
694
569
548
694
115
694
861
868
473
992
1000
861
870
924
836
345
425
16
694
694
664
664
397
694
861
866
977
694
1026
618
694
397
63
902
1061
326
694
339
63
694
63
326
234
234
668
397
694
397
397
694
980
664
234
242
234
240
244
473
694
123
124
339
694
618
694
397
694
1026
85
397
694
1026
957
694
58
694
957
115
694
419
790
369
371
370
397
694
398
399
465
71
371
634
360
397
522
521
1012
704
705
718
706
327
694
326
717
797
694
258
519
530
533
531
532
522
533
520
532
521
530
101
100
462
246
929
735
931
925
927
694
886
889
882
881
297
297
307
299
465
455
383
377
941
376
937
380
385
465
455
372
370
399
397
694
370
694
397
1026
399
362
363
694
371
399
881
1050
362
372
694
369
887
881
694
577
694
569
129
797
119
694
115
961
959
577
129
797
119
694
115
569
982
981
1093
362
363
371
694
399
881
889
882
881
881
889
889
882
881
634
382
363
371
360
399
383
370
397
694
1026
694
383
937
941
376
988
987
87
92
88
377
509
383
937
499
936
245
723
735
942
509
925
927
929
692
357
939
694
342
1029
1063
1030
1061
326
1053
1035
1057
1056
1034
1055
341
732
1029
1063
1065
1064
1030
1061
694
326
836
732
1029
1065
1064
1061
694
836
732
1029
1065
1064
1061
694
836
748
1029
1063
1030
1061
1055
1035
1070
1029
1031
