1
2
2
2
2
2
2
2
2
2
2
2
2
2
2
2
2
2
2
2
2
2
2
2
2
2
2
2
2
2
31
31
31
31
31
37
1
38
38
38
38
38
38
38
38
38
38
38
38
38
38
38
38
38
38
38
38
38
38
38
38
38
38
38
38
38
38
38
38
38
38
38
38
38
38
38
38
38
38
38
38
38
38
38
38
38
38
38
38
38
38
38
38
38
38
38
38
38
38
38
38
38
38
38
38
38
38
38
38
38
38
38
38
38
38
38
38
38
38
38
38
38
38
38
38
38
38
38
38
38
38
38
38
38
38
38
38
38
38
38
38
38
38
38
38
38
38
38
38
38
38
38
38
38
38
38
38
38
38
38
38
38
38
38
38
38
38
38
38
38
38
38
38
38
38
38
38
38
38
38
38
38
38
38
38
187
1
188
188
188
188
188
188
188
188
188
188
188
188
188
188
188
188
188
188
188
188
188
188
188
188
188
188
188
188
188
188
188
188
188
188
188
188
188
188
188
188
188
188
188
188
188
233
233
233
233
233
239
240
241
241
241
243
243
243
243
243
243
243
243
243
243
243
243
243
243
243
243
243
1
262
262
262
262
262
1
268
268
268
268
268
268
268
268
268
268
268
268
268
268
268
268
268
268
268
268
268
268
268
268
268
268
268
268
268
268
268
268
268
268
268
268
268
268
268
268
268
268
268
268
268
268
268
268
268
268
268
268
268
268
268
268
268
268
268
268
268
268
268
268
268
268
268
268
268
268
268
268
268
268
268
268
268
268
268
268
268
268
268
268
268
268
268
268
268
268
268
268
268
268
268
268
268
268
268
268
268
268
268
268
268
268
268
268
268
268
268
268
268
268
268
268
268
268
268
268
268
268
268
268
268
268
268
268
268
268
268
268
268
268
268
268
268
268
406
406
409
1
410
410
410
410
410
410
410
410
410
410
410
410
410
410
410
410
410
410
410
410
410
410
410
410
410
410
410
410
410
410
410
410
410
410
410
410
410
410
410
410
410
410
410
410
410
410
410
410
410
410
410
410
410
410
410
410
410
410
410
410
410
410
410
410
410
410
410
410
410
410
410
410
410
410
410
410
410
410
410
410
410
410
410
410
410
410
410
410
410
410
410
410
410
410
410
410
410
410
410
410
410
410
410
410
410
410
410
410
410
410
410
410
410
410
410
410
410
410
410
410
410
410
410
410
410
410
410
410
410
410
410
410
410
410
410
410
410
410
410
410
410
410
410
410
410
410
410
410
410
410
410
410
410
410
410
410
410
410
410
410
410
410
410
410
410
410
410
410
410
410
410
410
410
410
410
410
410
410
410
410
410
410
410
410
410
410
410
410
410
410
410
410
410
410
410
410
410
410
410
410
610
610
610
610
610
610
610
610
610
610
621
262
429
429
429
127
127
127
127
127
160
160
160
160
514
514
514
514
142
142
142
142
142
142
142
142
142
142
504
504
504
504
504
504
504
303
303
181
181
181
181
85
85
85
85
17
126
126
126
126
126
366
366
380
380
337
337
337
337
337
337
47
47
47
47
47
47
421
421
421
421
421
421
421
421
148
148
148
148
376
376
619
619
619
281
281
455
455
554
554
604
604
604
592
592
498
498
73
73
73
73
69
69
69
69
374
374
472
472
472
472
472
472
472
580
580
580
580
580
580
580
109
109
109
109
109
331
331
331
331
444
202
202
202
202
202
48
48
19
19
457
457
457
457
141
141
141
141
141
141
141
141
141
346
346
301
301
163
163
163
163
618
618
596
596
596
596
596
265
265
600
600
600
600
566
566
329
329
329
329
434
434
434
274
274
274
274
274
461
461
461
461
564
564
564
564
564
564
564
147
147
147
77
77
77
77
156
156
156
611
611
243
243
243
243
243
243
243
243
243
243
243
243
243
243
243
243
243
243
243
243
243
243
243
243
243
243
243
243
243
243
243
243
243
243
243
243
243
243
95
95
95
95
89
89
89
89
358
358
358
358
358
358
358
358
532
532
230
230
230
8
8
8
8
8
8
198
198
506
506
340
340
242
327
327
327
327
309
309
309
309
309
309
309
309
576
576
447
447
614
614
287
287
65
65
65
65
386
386
364
364
499
499
395
395
307
307
124
124
124
124
124
12
12
12
12
111
111
111
111
111
151
151
151
151
133
133
133
133
133
544
544
620
620
389
389
348
348
55
55
55
162
162
162
496
496
293
293
194
194
194
194
194
208
530
530
14
183
183
183
183
183
183
184
184
184
184
184
184
207
590
590
590
562
562
613
613
224
224
224
370
370
205
205
61
61
61
61
204
204
204
154
154
154
154
488
488
424
424
193
130
130
130
130
130
315
315
315
315
51
51
51
67
67
67
67
214
214
214
214
518
518
518
518
502
502
502
502
502
502
502
354
354
354
354
354
354
354
354
615
615
423
423
423
423
423
423
423
451
451
578
578
578
578
578
578
578
121
121
121
121
440
440
440
440
605
605
449
449
463
463
463
463
526
526
526
526
279
279
225
225
484
484
222
222
222
558
558
466
466
436
436
107
107
107
107
598
598
598
598
598
598
598
427
427
165
165
165
360
360
360
360
360
360
360
360
264
264
612
612
362
362
362
362
362
362
362
362
574
574
607
607
97
97
97
97
442
442
138
138
138
7
7
7
7
7
317
317
317
317
129
129
129
129
129
159
159
159
512
512
512
512
338
338
13
13
13
394
394
384
384
227
227
490
490
586
586
586
586
586
586
586
174
174
174
99
99
99
99
145
145
145
145
397
397
81
81
81
81
275
275
57
57
57
57
382
382
75
75
75
75
388
388
388
59
59
59
59
103
103
103
103
278
538
538
211
321
321
321
321
593
593
568
568
323
323
323
323
266
266
15
15
15
15
570
570
536
536
453
453
150
150
150
291
291
220
220
220
510
510
510
510
548
548
492
492
560
560
119
119
119
119
119
469
469
469
469
469
469
469
469
584
584
584
584
584
584
584
238
53
53
53
53
53
616
616
335
335
335
335
11
11
11
11
11
11
11
486
486
368
368
216
216
216
216
216
216
216
216
216
216
178
178
178
178
391
10
10
10
10
10
153
153
153
132
132
132
132
132
136
136
136
136
136
79
79
79
79
516
516
516
516
218
218
342
342
319
319
319
319
494
494
333
333
333
333
546
546
177
177
177
524
524
524
524
169
169
169
169
157
157
157
157
168
168
168
528
528
528
528
528
87
87
87
87
542
542
399
399
399
399
399
399
399
399
36
404
404
404
404
404
404
313
313
313
313
20
20
372
372
356
356
356
356
356
356
356
356
63
63
63
63
16
16
16
16
135
135
135
135
135
171
171
171
588
588
588
588
588
588
588
297
297
139
139
139
459
459
459
459
93
93
93
93
172
172
172
172
432
432
71
71
71
71
199
199
289
289
426
426
426
212
212
212
473
473
101
101
101
101
105
105
105
105
196
196
196
196
196
196
196
520
520
520
520
200
200
200
200
200
305
305
180
180
180
392
392
617
617
166
166
166
166
572
572
438
438
438
175
175
175
175
582
582
582
582
582
582
582
144
144
144
464
464
464
464
115
115
115
115
115
468
468
468
91
91
91
91
602
602
50
344
344
295
295
9
9
9
9
9
9
540
540
276
311
311
550
550
209
209
209
123
123
123
123
123
556
556
283
283
467
467
467
467
467
467
467
467
467
467
467
467
467
467
467
467
467
29
285
285
299
299
117
117
117
117
117
113
113
113
113
113
325
325
325
325
522
522
522
522
534
534
552
552
470
470
470
470
470
470
470
378
378
83
83
83
83
352
352
352
352
352
352
352
352
445
445
445
445
508
508
508
508
272
42
263
420
420
245
246
247
247
247
248
248
249
249
249
249
250
250
250
250
250
250
251
251
251
251
251
251
251
251
252
252
253
253
254
254
255
257
258
258
259
261
261
