2
3
4
5
6
7
8
9
10
11
12
13
14
15
16
17
18
19
20
21
22
23
24
25
26
27
28
29
30
31
32
33
34
35
36
2
38
39
40
41
42
43
44
45
46
47
48
49
50
51
52
53
54
55
56
57
58
59
60
61
62
63
64
65
66
67
68
69
70
71
72
73
74
75
76
77
78
79
80
81
82
83
84
85
86
87
88
89
90
91
92
93
94
95
96
97
98
99
100
101
102
103
104
105
106
107
108
109
110
111
112
113
114
115
116
117
118
119
120
121
122
123
124
125
126
127
128
129
130
131
132
133
134
135
136
137
138
139
140
141
142
143
144
145
146
147
148
149
150
151
152
153
154
155
156
157
158
159
160
161
162
163
164
165
166
167
168
169
170
171
172
173
174
175
176
177
178
179
180
181
182
183
184
185
186
38
188
189
190
191
192
193
194
195
196
197
198
199
200
201
202
203
204
205
206
207
208
209
210
211
212
213
214
215
216
217
218
219
220
221
222
223
224
225
226
227
228
229
230
231
232
233
234
235
236
237
238
188
241
242
243
244
245
246
247
248
249
250
251
252
253
254
255
256
257
258
259
260
261
262
263
264
265
266
267
268
269
270
271
272
273
274
275
276
277
278
279
280
281
282
283
284
285
286
287
288
289
290
291
292
293
294
295
296
297
298
299
300
301
302
303
304
305
306
307
308
309
310
311
312
313
314
315
316
317
318
319
320
321
322
323
324
325
326
327
328
329
330
331
332
333
334
335
336
337
338
339
340
341
342
343
344
345
346
347
348
349
350
351
352
353
354
355
356
357
358
359
360
361
362
363
364
365
366
367
368
369
370
371
372
373
374
375
376
377
378
379
380
381
382
383
384
385
386
387
388
389
390
391
392
393
394
395
396
397
398
399
400
401
402
403
404
405
406
407
408
268
410
411
412
413
414
415
416
417
418
419
420
421
422
423
424
425
426
427
428
429
430
431
432
433
434
435
436
437
438
439
440
441
442
443
444
445
446
447
448
449
450
451
452
453
454
455
456
457
458
459
460
461
462
463
464
465
466
467
468
469
470
471
472
473
474
475
476
477
478
479
480
481
482
483
484
485
486
487
488
489
490
491
492
493
494
495
496
497
498
499
500
501
502
503
504
505
506
507
508
509
510
511
512
513
514
515
516
517
518
519
520
521
522
523
524
525
526
527
528
529
530
531
532
533
534
535
536
537
538
539
540
541
542
543
544
545
546
547
548
549
550
551
552
553
554
555
556
557
558
559
560
561
562
563
564
565
566
567
568
569
570
571
572
573
574
575
576
577
578
579
580
581
582
583
584
585
586
587
588
589
590
591
592
593
594
595
596
597
598
599
600
601
602
603
604
605
606
607
608
609
610
611
612
613
614
615
616
617
618
619
620
410
188
430
413
410
128
40
44
46
38
51
161
412
40
515
609
413
414
51
277
143
412
40
42
41
43
268
268
505
425
413
416
414
410
410
304
270
51
182
412
40
86
40
44
38
4
128
40
44
46
38
367
270
381
270
278
279
401
336
270
271
39
40
42
41
43
410
422
413
415
416
418
417
419
414
149
51
412
40
377
270
468
609
482
282
270
456
413
555
413
606
412
413
594
413
501
413
74
40
44
38
70
40
44
38
375
270
455
442
457
609
447
467
414
277
581
413
416
414
268
268
110
45
40
44
38
332
401
270
271
442
193
203
190
192
191
49
43
22
4
458
609
413
414
51
277
143
40
42
41
43
268
268
347
270
302
270
51
164
412
40
609
481
597
455
413
410
410
12
263
601
609
413
414
567
413
401
330
270
271
435
431
413
270
271
273
272
410
462
609
413
414
49
565
413
416
414
38
38
149
51
40
78
40
44
38
51
158
40
476
609
442
457
467
107
136
434
216
466
63
301
494
486
77
520
57
564
133
142
222
55
484
11
279
244
444
10
370
291
472
218
447
576
188
268
38
2
410
262
96
40
44
38
90
40
44
38
277
359
270
271
273
272
268
268
533
413
231
190
188
29
28
4
35
6
31
233
188
507
413
341
270
243
401
328
270
271
310
425
270
271
273
272
410
410
577
413
448
413
477
609
288
270
66
40
44
38
387
270
365
270
500
413
396
270
308
270
125
40
44
46
38
17
24
4
5
112
45
40
44
38
51
152
412
40
134
40
44
46
38
545
413
483
609
390
270
349
270
56
40
38
51
164
40
497
413
294
270
195
193
190
192
191
190
531
413
6
186
51
185
412
40
41
186
51
185
412
40
41
192
455
591
413
563
413
474
609
208
228
190
371
270
206
192
62
40
44
38
190
192
191
51
155
412
40
489
413
425
416
190
131
40
44
46
38
401
316
270
271
52
40
44
68
40
44
38
209
215
208
190
609
519
413
414
503
425
413
416
414
410
410
355
277
270
271
273
272
268
268
609
478
413
415
416
418
417
419
414
452
413
579
277
413
416
414
268
268
122
40
44
38
441
609
413
414
606
413
450
413
609
465
413
414
527
609
413
414
280
270
226
190
485
413
208
223
190
559
413
442
467
437
413
108
40
44
38
277
599
413
416
414
268
268
428
413
51
167
40
277
361
270
271
273
272
268
268
263
2
475
609
363
277
270
271
273
272
268
268
575
413
608
413
98
40
44
38
443
413
51
140
40
29
28
4
35
6
318
401
270
271
131
40
44
46
38
51
161
40
609
513
413
414
339
270
30
5
6
396
270
385
270
229
190
491
413
587
277
413
416
414
268
268
51
176
40
100
40
44
38
146
51
412
40
398
270
82
40
44
38
277
273
58
40
44
38
383
270
76
40
44
38
390
270
406
60
40
44
38
104
40
44
38
279
539
413
209
401
322
270
271
595
413
569
413
324
401
270
271
12
263
26
17
4
5
571
413
537
413
454
413
51
152
40
292
270
219
208
190
511
609
413
414
549
413
493
413
561
413
120
45
40
44
38
471
277
413
416
414
268
406
268
585
277
413
416
414
268
268
237
54
270
40
38
268
479
609
401
336
270
271
206
23
4
5
6
262
262
487
413
369
270
217
232
208
425
212
190
192
191
410
410
179
51
412
40
410
25
206
4
5
6
51
155
40
134
40
44
46
38
137
40
44
46
38
80
40
44
38
517
609
413
414
220
208
343
270
320
401
270
271
495
413
401
334
270
271
547
413
179
51
40
525
609
413
414
51
170
412
40
51
158
412
40
51
170
40
455
609
529
413
414
88
40
44
38
543
413
49
400
270
271
273
272
38
38
35
289
405
270
413
410
410
401
314
270
271
21
4
373
270
277
357
270
271
273
272
268
268
64
40
44
38
17
27
4
5
137
40
44
46
38
173
51
40
277
589
413
416
414
268
268
298
270
51
140
40
460
609
413
414
94
40
44
38
173
51
412
40
433
413
72
40
44
38
233
188
290
270
416
418
417
208
213
190
420
610
102
40
44
38
106
40
44
38
197
193
190
192
237
191
233
521
609
413
414
201
193
190
192
191
306
270
51
182
40
393
270
480
609
51
167
412
40
573
413
439
431
413
51
176
412
40
583
277
413
416
414
268
268
146
51
40
609
465
413
414
116
45
40
44
38
504
467
410
92
40
44
38
603
413
43
345
270
296
270
29
28
4
35
6
31
541
413
273
312
270
551
413
210
208
190
125
40
44
46
38
557
413
284
270
475
480
455
479
442
478
481
482
477
476
474
468
483
609
447
413
414
4
286
270
300
270
118
45
40
44
38
114
45
40
44
38
401
326
270
271
523
609
413
414
535
413
553
413
471
277
413
416
414
268
268
379
270
84
40
44
38
353
277
270
271
273
272
268
268
446
609
413
414
609
509
413
414
410
410
2
610
610
442
494
244
442
494
484
494
564
77
136
55
564
63
77
107
55
136
564
133
63
77
57
107
55
136
301
291
484
494
484
494
10
2
484
494
265
11
262
