2
3
4
5
6
7
8
9
10
11
12
13
14
15
16
17
11
22
23
24
25
26
27
28
29
30
31
32
33
34
35
36
37
38
39
40
41
42
43
44
45
46
47
48
49
50
51
52
53
54
55
56
57
58
59
60
62
63
64
65
63
68
69
70
71
72
73
74
75
76
77
78
79
80
81
82
83
84
85
86
87
88
89
90
91
92
93
94
95
96
97
98
99
100
101
102
103
104
105
106
107
108
109
85
89
96
97
114
115
116
117
118
104
121
122
123
124
125
126
129
130
131
132
133
134
135
136
137
138
139
140
141
142
143
144
145
146
147
148
149
150
151
152
153
154
155
156
157
158
159
160
161
162
163
164
166
167
168
169
170
171
172
173
174
175
176
177
178
179
180
181
182
183
184
185
186
187
188
189
190
191
192
193
194
195
196
197
198
199
200
201
202
203
204
205
206
207
208
209
210
211
212
213
214
215
216
217
218
219
220
221
222
223
224
225
226
227
228
229
230
231
232
233
234
235
236
237
238
239
240
241
242
243
244
245
246
247
248
249
250
251
252
253
254
255
256
257
259
260
261
262
263
264
265
266
267
268
269
270
271
273
274
275
276
277
278
279
280
281
282
284
285
286
287
288
289
290
291
293
294
295
297
298
299
300
301
302
303
304
305
306
307
308
309
310
311
312
313
314
315
316
317
318
319
320
321
322
323
324
325
326
327
328
329
330
331
332
335
336
337
338
339
340
341
342
343
344
345
346
348
349
350
351
352
353
354
355
356
357
359
360
361
362
363
364
365
366
367
368
369
370
371
372
373
374
375
376
377
378
379
380
381
382
383
384
385
386
387
388
389
390
391
392
393
394
395
396
397
398
399
400
401
402
403
404
397
398
407
399
409
410
411
412
413
414
415
416
417
418
419
420
421
422
423
424
425
426
427
428
429
430
431
432
433
434
435
436
437
438
439
440
441
442
443
444
445
446
447
448
449
450
451
452
453
454
455
456
457
458
459
460
461
462
463
464
465
466
467
468
469
470
471
472
473
474
475
476
477
478
479
480
481
482
483
484
485
486
487
483
490
491
492
493
494
495
496
497
498
499
500
501
502
503
504
505
506
507
508
509
510
511
512
513
514
515
516
517
518
519
520
521
522
523
524
525
526
527
528
529
530
531
532
533
534
535
536
537
538
539
540
541
542
543
544
545
546
547
548
549
550
551
552
553
554
555
556
557
558
559
500
500
500
500
499
499
500
538
499
500
499
500
32
25
160
152
164
149
148
129
179
7
372
374
373
30
25
98
100
86
87
92
99
184
168
501
324
19
185
182
261
259
139
135
134
133
136
399
129
372
374
373
444
262
223
168
497
496
481
56
41
42
478
182
183
451
352
181
467
466
464
455
456
131
185
184
168
285
435
434
436
7
388
129
493
494
497
496
475
41
42
476
479
477
478
471
57
490
262
416
415
147
415
495
184
168
180
184
170
274
71
76
446
230
169
414
6
4
434
416
415
7
185
324
127
7
362
363
365
364
367
366
387
370
145
151
150
143
142
129
465
452
456
185
457
182
495
75
77
79
80
78
130
435
434
436
184
169
178
147
174
7
271
260
271
260
433
184
169
31
32
497
155
157
159
158
25
24
490
184
169
543
502
491
499
451
147
230
170
185
179
168
324
292
147
509
511
185
185
180
415
559
184
170
551
520
494
481
56
41
42
478
324
292
416
415
180
184
179
455
491
538
262
260
179
169
185
10
11
174
176
7
175
172
177
7
435
434
436
415
271
260
129
457
72
185
333
416
338
415
275
528
548
183
443
185
139
135
136
398
129
416
415
30
132
139
137
133
134
136
89
100
97
96
86
87
129
181
185
179
170
388
389
435
434
436
482
495
338
304
335
129
335
147
481
56
41
42
438
77
79
80
78
182
378
7
377
183
271
260
519
523
529
182
178
185
338
147
145
151
150
143
129
30
132
139
138
137
133
134
136
89
100
97
96
86
87
99
129
184
170
180
184
168
132
140
139
138
135
137
134
133
136
335
179
302
147
149
147
179
170
174
415
176
175
172
177
184
170
481
56
41
42
476
30
109
98
100
86
87
146
90
88
98
25
27
100
97
86
94
92
89
93
24
95
26
28
91
22
153
147
351
463
453
456
185
180
435
434
436
7
173
497
496
481
56
41
42
478
457
527
5
492
544
497
496
481
56
41
42
478
181
147
179
169
30
25
98
100
86
87
92
99
223
170
147
481
56
41
42
479
59
540
558
180
539
499
497
496
481
56
41
42
478
181
185
185
180
481
56
41
42
477
147
338
335
310
316
308
314
318
312
530
546
416
415
32
180
481
56
41
42
494
481
56
41
42
478
438
223
169
454
335
30
25
98
100
86
87
92
99
183
147
145
151
150
147
179
168
6
180
335
335
497
496
481
56
41
42
478
543
491
545
531
550
336
335
129
324
127
183
484
493
494
483
497
482
496
472
475
474
476
473
479
477
478
184
148
147
448
184
169
414
541
180
335
230
168
350
349
552
180
306
292
499
396
147
523
511
396
22
268
264
335
129
259
259
490
538
96
471
471
550
259
558
546
265
264
324
19
274
71
76
163
401
402
25
27
26
129
477
494
478
484
493
483
482
475
476
479
478
324
292
324
292
292
338
89
133
96
324
127
275
127
324
127
454
333
268
264
397
7
265
264
397
135
136
398
135
134
133
136
399
89
27
100
22
89
133
96
