1
2
2
2
2
2
2
2
2
2
2
2
14
12
7
7
18
11
20
21
21
21
21
21
21
21
21
21
21
21
21
21
21
21
21
21
21
21
21
21
21
21
21
21
21
21
21
21
50
50
50
21
54
54
54
54
54
54
54
54
54
54
54
54
54
54
54
54
54
54
54
54
21
75
75
75
75
75
75
36
36
84
37
86
87
87
87
87
87
87
87
87
87
87
87
87
87
87
87
87
87
87
87
87
87
87
87
87
103
110
114
115
115
115
115
115
115
115
115
115
115
115
115
115
33
114
130
130
130
130
130
130
130
130
130
130
130
130
130
130
130
130
130
130
130
130
33
86
152
152
152
152
70
70
70
125
125
126
126
126
148
148
148
37
37
37
37
37
37
37
37
138
9
136
104
104
104
104
104
144
141
141
134
134
12
99
99
99
11
137
43
64
64
110
110
122
109
109
47
47
124
97
97
97
74
74
74
74
74
74
74
74
74
68
68
68
139
32
32
32
32
32
32
32
32
32
32
32
32
32
32
32
32
32
32
106
106
33
33
128
67
67
67
107
107
107
107
107
63
146
38
38
38
38
38
38
38
72
72
72
69
69
69
98
100
100
100
102
102
102
42
36
36
36
36
36
36
36
39
39
39
39
39
39
39
39
66
66
66
143
101
101
101
101
101
123
140
149
149
149
145
119
119
142
96
96
120
120
120
135
135
135
10
73
73
73
121
103
103
103
150
147
48
49
49
49
49
65
65
46
46
41
41
41
41
41
41
41
41
41
35
35
35
35
35
71
71
71
105
105
111
111
111
108
108
108
108
108
127
127
127
23
27
26
56
59
60
82
82
83
83
85
85
113
