2
3
4
5
6
7
8
9
10
11
12
13
12
15
16
17
11
19
21
22
23
24
25
26
27
28
29
30
31
32
33
34
35
36
37
38
39
40
41
42
43
44
45
46
47
48
49
50
51
52
53
54
55
56
57
58
59
60
61
62
63
64
65
66
67
68
69
70
71
72
73
74
75
76
77
78
79
80
81
82
83
37
85
87
88
89
90
91
92
93
94
95
96
97
98
99
100
101
102
103
104
105
106
107
108
109
110
111
112
113
115
116
117
118
119
120
121
122
123
124
125
126
127
128
129
130
131
132
133
134
135
136
137
138
139
140
141
142
143
144
145
146
147
148
149
150
151
152
153
154
155
156
60
54
75
118
116
118
116
117
132
133
131
41
38
39
29
76
30
75
75
131
3
131
103
89
95
88
90
131
133
131
132
131
3
98
88
91
4
131
31
57
54
89
91
116
89
91
24
25
116
102
88
90
59
76
58
60
55
57
21
21
75
59
54
75
131
24
27
26
30
58
61
56
29
25
62
22
59
60
55
23
57
54
54
109
91
35
22
116
59
54
75
111
109
92
88
91
55
131
80
81
78
77
79
75
75
60
54
75
59
54
75
88
98
92
88
95
92
90
31
37
29
27
28
31
26
23
40
80
81
78
77
79
75
75
56
54
50
131
110
93
89
94
91
116
131
132
133
131
131
116
117
131
101
89
118
116
117
132
133
131
4
62
61
54
116
89
94
88
131
131
48
36
24
25
28
58
54
24
25
29
80
81
78
77
23
79
75
75
36
47
24
25
28
60
54
75
109
91
95
92
90
111
109
92
88
91
118
116
117
50
75
75
50
75
75
37
26
37
27
29
30
89
