2
3
4
5
6
7
8
9
10
11
12
13
14
15
16
17
18
19
20
21
22
23
24
25
26
27
28
29
30
31
32
33
34
35
36
37
38
39
40
41
42
43
44
45
46
47
49
50
51
52
53
54
55
56
57
58
59
60
61
62
63
41
37
24
3
9
4
31
6
51
52
50
5
8
6
5
8
6
3
7
9
31
49
32
33
35
34
32
51
62
51
49
5
6
6
3
39
9
31
5
6
19
5
34
35
5
6
32
35
33
51
52
49
51
52
52
34
54
41
62
5
8
6
3
10
9
7
31
49
51
52
54
21
5
8
3
10
9
7
31
49
63
54
55
62
5
6
3
10
7
49
5
6
33
50
8
7
63
54
17
43
16
55
5
8
3
10
7
9
31
49
6
3
5
6
8
6
10
7
9
54
5
8
7
49
32
33
35
34
52
31
49
63
55
49
63
54
55
62
49
