2
3
4
5
6
7
8
9
10
11
12
13
14
15
16
17
18
19
20
21
22
23
24
25
26
27
28
29
30
31
32
33
34
35
36
37
38
40
41
42
43
44
45
46
47
48
49
50
51
52
53
54
55
56
57
58
59
60
61
62
63
64
65
66
67
68
69
70
71
72
73
74
75
76
77
78
79
80
81
82
83
84
85
86
87
88
89
90
91
92
93
94
95
96
97
98
99
100
101
102
103
104
105
106
107
108
109
110
111
112
113
114
115
116
117
118
119
120
121
122
123
124
125
126
127
128
129
130
131
132
133
134
135
136
137
138
139
140
141
142
143
145
146
147
148
149
150
151
152
40
4
56
62
32
29
26
30
28
10
5
76
44
50
49
126
31
7
4
3
12
6
5
14
13
9
8
134
68
97
85
96
51
54
50
101
58
85
80
86
51
18
11
4
3
15
70
68
72
77
78
126
113
112
56
62
29
31
26
30
8
114
7
6
5
9
8
127
118
116
119
45
51
50
111
86
83
81
94
50
29
30
9
82
68
97
96
121
86
75
74
3
16
34
94
50
132
11
127
127
56
70
87
50
57
29
30
28
7
10
86
94
50
12
137
11
113
86
76
95
69
94
50
100
46
48
50
47
50
126
31
16
66
50
86
68
97
85
81
94
51
50
100
50
3
15
14
13
112
4
121
127
126
114
34
40
