1
2
2
2
2
2
2
2
2
2
2
2
2
2
2
2
2
2
2
2
2
2
24
25
25
25
25
25
25
25
25
25
25
25
25
25
25
25
25
25
25
25
25
25
25
25
25
25
25
25
25
25
25
25
25
25
25
25
25
25
25
25
25
65
48
67
67
67
50
71
71
71
50
75
75
75
75
80
80
83
83
32
85
86
86
86
86
86
86
86
86
86
86
86
86
86
86
86
86
86
86
86
86
86
86
86
86
86
86
86
86
86
86
86
86
86
86
86
86
86
86
86
86
86
86
86
86
86
86
86
86
86
86
86
86
86
86
86
86
86
86
86
86
86
86
86
99
150
150
106
153
153
153
153
106
158
158
158
158
107
163
163
163
163
108
168
168
168
168
173
173
173
173
173
173
173
173
173
110
183
183
183
183
111
188
188
188
188
112
193
193
193
193
113
198
198
114
201
201
201
114
205
205
205
116
209
116
211
211
211
211
117
216
117
218
218
218
218
117
223
223
223
223
118
228
228
228
228
86
233
233
233
233
233
233
233
86
241
241
241
241
86
246
246
246
246
86
251
251
251
251
86
256
256
256
256
86
261
261
261
261
119
266
119
268
268
268
268
120
273
120
275
275
275
275
121
280
280
280
280
122
285
285
285
285
123
290
290
290
290
124
295
295
295
295
125
300
300
300
300
126
305
305
305
305
126
310
310
310
310
86
315
315
315
315
315
315
315
86
323
323
323
323
323
127
329
329
332
332
332
335
336
336
336
336
341
341
341
341
341
341
133
348
135
350
136
352
352
352
352
137
357
357
357
357
138
362
362
138
365
365
365
365
139
370
370
139
373
373
373
373
141
378
378
141
381
381
381
381
146
386
386
390
391
391
391
391
391
391
391
391
391
391
391
391
24
404
404
407
407
407
408
409
409
1
412
412
412
412
412
412
412
412
412
412
412
412
412
412
412
412
412
412
412
412
412
412
412
412
412
412
412
412
412
412
412
412
412
412
412
412
412
412
412
412
412
412
412
412
412
412
412
412
412
412
412
412
412
412
412
412
412
412
412
412
412
412
412
412
412
412
412
412
412
412
412
412
412
412
412
412
412
412
412
412
412
412
412
412
412
412
412
412
412
412
412
412
412
412
412
412
412
412
412
412
412
412
412
412
412
412
412
412
412
412
412
412
412
412
412
412
412
412
412
412
412
412
412
412
412
412
412
412
412
412
412
412
412
412
412
413
548
425
550
550
413
553
412
555
555
412
558
558
558
558
558
1
564
564
564
564
564
564
564
564
564
564
564
564
564
564
564
564
564
564
564
564
564
564
564
564
564
564
564
564
593
594
594
594
594
594
594
594
594
594
594
604
604
604
604
604
610
611
611
611
611
613
616
616
614
619
614
621
621
575
626
627
627
627
627
627
627
627
627
86
404
564
627
251
261
178
107
107
107
107
107
107
107
107
544
544
563
563
563
563
125
125
125
125
125
111
111
111
111
111
111
334
109
109
109
109
109
109
124
124
124
124
124
210
210
263
53
147
453
144
335
335
335
335
335
335
335
335
259
129
129
129
267
267
267
267
267
70
61
69
101
101
499
325
494
543
543
181
145
145
115
115
115
115
532
20
20
105
406
406
301
301
394
394
394
394
394
180
346
533
136
136
136
136
347
126
126
126
126
126
22
55
170
170
270
270
493
493
498
328
74
161
161
164
164
441
441
441
441
179
127
127
127
127
127
127
127
127
127
127
449
226
226
612
612
339
133
133
133
133
121
121
121
121
121
121
121
121
63
355
578
578
104
540
44
118
118
118
118
118
118
118
539
635
635
18
21
128
128
110
110
110
450
450
450
395
395
395
395
395
395
523
120
120
120
120
120
120
120
120
120
255
282
282
282
488
455
583
321
321
566
566
566
566
351
287
287
614
447
51
51
459
117
117
117
117
117
117
586
586
397
504
534
196
496
100
100
100
100
100
100
100
320
52
281
281
276
276
354
47
47
58
17
448
46
327
41
41
56
240
240
452
452
567
15
258
530
265
274
274
274
274
245
340
12
12
12
12
12
12
12
12
12
12
12
189
189
551
585
585
590
634
43
239
570
569
569
569
569
569
217
217
217
217
411
524
524
54
54
293
589
601
601
601
601
630
140
140
141
141
141
141
141
141
141
584
584
49
49
36
112
112
112
112
116
116
116
116
159
159
131
131
131
30
431
495
510
16
312
599
102
102
343
525
525
531
254
582
387
387
135
135
135
135
108
108
108
73
123
123
123
123
123
123
237
237
212
212
244
191
191
236
236
207
103
103
103
103
345
345
23
526
526
577
577
577
577
577
577
552
50
513
608
608
106
106
106
106
106
106
142
326
344
344
249
35
516
491
505
581
598
598
598
598
169
169
609
609
298
337
337
229
229
264
511
14
39
39
571
512
440
440
269
269
311
311
460
319
319
114
114
114
114
114
114
114
114
114
114
114
224
224
519
230
29
29
29
194
194
138
138
138
138
138
132
132
132
132
132
628
470
470
464
243
302
113
113
143
143
134
134
134
291
291
546
19
19
580
62
405
260
45
45
238
545
545
286
286
99
99
99
99
99
99
99
99
99
99
99
99
99
99
497
48
629
629
467
130
130
130
338
338
338
338
31
568
568
214
541
32
34
587
433
122
122
122
122
122
122
42
42
57
296
296
600
492
451
502
139
139
139
139
139
139
139
40
40
182
250
613
445
445
445
445
445
445
445
277
277
277
33
33
322
137
137
137
137
454
166
166
166
489
119
119
119
119
119
119
119
3
91
26
596
95
410
430
430
625
625
84
