2
3
4
5
6
7
8
9
10
11
12
14
15
16
17
18
19
20
21
22
23
24
25
26
27
28
29
30
31
32
33
34
35
37
38
39
40
41
42
43
44
45
46
47
48
49
50
51
52
53
54
55
56
57
58
59
60
61
62
63
64
66
67
68
69
70
71
72
73
74
75
76
77
78
79
80
81
82
83
84
85
86
87
88
89
90
91
92
93
94
95
96
97
98
99
100
101
102
103
104
105
106
107
108
109
110
111
112
113
114
115
116
117
118
119
120
121
122
123
124
125
126
127
128
129
130
131
132
133
134
135
136
137
138
139
140
141
142
143
144
145
146
147
148
149
150
151
153
154
155
156
157
158
159
160
161
162
163
164
165
166
167
168
169
170
171
172
173
174
175
176
177
178
179
180
181
182
183
184
185
186
187
188
189
190
191
192
193
194
195
196
197
198
199
200
201
202
203
204
205
206
207
208
209
210
211
212
213
214
215
216
217
218
219
220
221
222
223
224
225
226
227
228
229
230
231
232
233
234
235
236
237
238
239
240
241
242
243
244
245
246
247
248
249
250
251
252
253
254
255
256
257
258
259
260
261
262
263
264
265
266
267
268
269
270
271
272
273
274
276
277
278
279
280
281
282
283
284
285
286
287
288
289
290
291
292
293
294
297
298
299
300
301
302
303
304
305
306
307
308
309
310
311
312
313
314
315
316
317
318
319
320
321
322
323
324
325
326
327
328
329
330
331
332
333
334
335
336
337
338
339
340
341
342
343
344
345
346
347
348
352
353
354
355
356
357
358
359
360
361
363
364
365
366
367
368
369
370
371
372
373
374
375
376
377
371
379
381
382
383
384
385
386
387
388
390
391
392
393
394
395
396
397
398
399
400
401
402
403
404
405
406
407
408
409
410
411
412
413
414
415
416
417
418
419
420
421
422
423
424
425
426
427
428
429
430
431
432
433
434
435
436
437
438
439
440
441
442
443
444
445
446
447
448
449
450
451
452
453
454
455
456
457
458
459
460
461
462
463
464
465
466
467
468
469
470
471
472
473
474
475
476
477
478
479
480
481
482
483
484
485
486
487
488
489
490
491
492
493
494
495
496
497
498
499
500
501
502
503
504
506
507
508
509
510
511
512
513
514
515
516
517
518
519
520
521
522
523
524
525
526
527
528
529
530
531
532
533
534
535
536
537
538
539
540
541
542
543
544
545
547
548
549
550
551
552
553
554
555
556
557
558
559
560
561
562
563
564
565
566
567
568
569
570
571
572
573
574
575
576
577
578
579
580
581
582
583
584
585
586
587
588
589
590
591
593
594
595
596
597
598
599
127
114
128
126
112
125
75
85
81
520
519
509
538
44
15
17
16
290
518
294
280
395
579
44
48
46
50
45
49
47
162
80
587
403
398
87
80
74
169
289
563
218
412
569
540
537
541
529
517
513
516
520
518
519
397
400
249
184
240
217
236
272
219
15
16
94
130
563
587
403
535
542
513
520
5
293
278
556
550
549
572
577
563
566
564
481
162
162
130
370
112
82
79
78
538
542
513
492
466
86
396
392
393
77
75
78
76
52
37
209
161
159
162
563
162
371
29
48
162
412
568
228
127
128
126
115
113
75
82
71
76
229
490
487
418
488
469
471
401
394
480
358
556
19
555
163
86
124
161
563
584
570
577
563
566
564
404
513
162
580
550
575
565
50
283
246
251
239
225
162
179
498
483
365
366
363
476
477
473
478
471
480
482
577
563
566
564
66
358
563
158
224
248
385
129
563
358
405
567
369
372
407
392
159
410
70
69
81
87
208
167
446
246
226
239
230
229
550
563
45
114
129
86
75
80
74
179
162
578
577
82
522
513
515
249
220
248
240
247
272
170
594
513
44
48
50
45
76
563
160
249
583
582
4
162
412
563
46
47
111
110
134
75
493
495
494
472
475
479
481
471
480
20
101
74
161
518
596
593
412
120
522
538
513
508
410
283
281
513
516
127
128
126
123
115
75
83
76
132
75
78
474
469
563
162
581
160
162
370
375
368
249
229
370
375
10
2
162
236
128
124
120
84
53
38
40
41
39
42
43
37
37
162
510
514
515
508
563
371
392
66
74
111
110
81
167
180
182
160
159
171
172
162
542
520
527
517
513
512
516
511
508
373
371
392
27
174
406
563
574
365
366
363
168
399
85
82
118
68
358
571
412
480
499
476
477
473
478
471
480
49
573
164
162
153
66
299
326
322
563
294
278
527
51
37
400
410
283
282
83
249
223
251
248
272
230
229
293
279
582
563
566
564
408
392
323
322
550
412
97
250
249
251
248
222
496
408
370
456
392
294
279
392
563
563
400
132
74
489
513
87
162
162
555
372
407
392
390
129
75
82
352
128
73
162
28
25
27
24
30
26
31
15
18
576
586
358
246
239
594
162
370
375
368
77
75
534
533
513
514
582
563
566
564
376
585
83
80
74
75
208
168
223
384
166
293
280
412
407
392
535
542
514
520
18
402
582
563
566
564
245
229
563
221
408
250
249
251
248
247
409
400
513
520
400
451
506
266
266
455
449
407
547
452
484
149
149
454
447
457
372
390
372
560
2
2
448
453
153
216
66
149
149
466
450
2
229
249
156
157
297
352
560
555
390
