1
2
2
2
2
2
2
2
2
2
2
2
2
2
2
2
2
2
2
2
2
2
2
2
2
2
2
2
2
2
2
2
2
2
2
2
2
2
2
2
2
2
2
2
2
2
2
2
2
2
2
30
1
54
54
54
54
54
54
54
54
54
54
54
54
54
64
69
70
70
70
70
70
70
70
70
70
70
78
79
80
80
86
87
87
87
87
87
87
87
87
87
87
87
87
87
87
87
87
87
87
87
87
87
87
87
87
87
87
87
87
87
107
117
87
119
119
119
119
119
119
119
69
127
127
127
127
127
127
127
127
127
127
127
127
127
127
127
127
142
142
148
149
149
150
76
76
76
154
77
142
157
79
159
140
77
33
33
139
139
139
139
139
139
20
37
124
41
41
9
9
46
23
115
109
10
10
143
79
79
79
79
79
79
79
79
79
116
116
116
18
31
31
49
113
24
16
16
32
32
17
67
67
111
140
140
140
140
140
140
11
11
13
21
42
103
22
28
108
108
29
112
27
27
110
50
76
76
76
76
76
76
76
76
76
15
15
43
138
138
138
138
138
138
138
142
142
142
142
142
66
66
6
6
6
6
6
6
6
6
6
6
6
6
6
6
6
6
6
6
6
6
6
6
6
6
6
6
6
6
6
6
6
6
6
6
6
6
6
6
6
6
6
6
5
137
137
137
137
137
114
34
34
80
80
80
80
80
80
80
40
40
47
47
25
25
38
63
63
63
63
63
63
63
63
30
36
14
45
45
39
75
75
75
75
106
125
125
125
125
125
125
125
125
12
12
105
122
122
141
141
141
141
141
141
35
35
107
107
107
107
107
107
107
65
65
65
65
65
48
44
44
51
51
51
123
123
123
123
123
78
78
78
78
78
78
78
78
100
100
26
26
64
64
64
64
64
64
64
77
77
77
77
77
77
77
77
19
104
104
104
104
8
8
133
71
132
132
145
145
145
53
82
82
82
82
68
68
83
83
83
83
150
150
150
150
150
84
84
84
84
151
151
151
151
151
151
151
151
152
153
153
153
153
153
153
153
153
155
155
155
155
155
155
155
156
156
157
157
157
157
157
157
157
158
158
158
158
158
158
158
159
159
159
159
159
159
159
160
160
160
160
160
160
160
161
161
161
161
161
161
161
