2
3
4
5
6
7
8
9
10
11
12
13
14
15
16
17
18
19
20
21
22
23
24
25
26
27
28
29
30
31
32
33
34
35
36
37
38
39
40
41
42
43
44
45
46
47
48
49
50
51
52
53
54
55
56
57
58
59
60
61
62
63
64
65
66
67
68
70
71
72
73
74
75
76
77
78
79
80
82
83
84
85
87
88
89
90
91
92
93
94
95
96
97
98
99
100
101
102
103
104
105
106
107
108
109
110
111
112
113
114
115
116
117
118
119
120
121
122
123
124
125
126
127
128
129
130
131
132
133
134
135
136
137
138
139
140
141
142
143
145
147
129
132
133
137
151
152
153
139
155
156
141
158
140
160
161
3
4
133
134
129
132
128
144
4
4
120
3
4
3
4
4
4
94
96
3
4
134
140
143
137
141
72
73
74
71
81
95
93
99
4
3
4
4
95
4
3
4
3
4
4
60
61
115
133
134
129
132
128
144
3
4
4
4
49
98
48
4
96
97
4
116
3
4
99
4
138
140
143
137
72
73
74
71
127
3
4
4
133
134
129
132
128
130
144
133
135
131
128
144
60
61
21
12
27
41
44
20
47
10
39
36
51
50
40
17
23
42
16
13
28
45
46
11
15
18
24
30
8
26
43
32
38
19
14
29
34
33
25
37
9
22
31
35
4
133
129
132
144
144
94
3
4
140
137
141
72
73
71
81
3
4
3
4
3
4
4
60
56
62
59
61
57
58
55
4
4
4
3
4
4
73
74
71
127
93
106
126
102
105
124
120
121
119
3
4
94
120
121
133
134
129
132
128
144
3
4
96
97
94
90
95
93
119
67
56
61
57
55
4
49
4
52
3
4
125
109
120
121
119
140
143
137
72
73
74
71
81
98
95
3
4
66
56
59
61
57
58
55
139
140
143
137
72
73
74
71
4
102
94
89
95
3
4
144
127
146
146
135
131
128
4
137
72
71
81
56
61
137
72
71
81
133
129
132
146
144
137
72
71
81
133
134
129
132
128
130
146
144
128
133
134
129
132
128
130
144
146
133
134
129
132
128
146
144
133
144
133
134
129
132
128
146
144
133
134
129
132
128
146
144
133
134
129
132
128
146
144
133
134
128
129
132
146
144
133
134
129
132
128
146
144
