2
3
4
5
6
7
8
9
10
11
12
13
14
15
16
17
18
19
20
21
22
23
24
25
26
27
28
29
30
31
32
33
34
35
36
37
38
39
40
41
42
43
44
45
46
47
48
49
50
51
52
53
54
55
56
57
58
59
60
61
62
63
64
65
66
67
68
69
70
71
72
73
74
75
76
77
78
79
80
81
82
83
84
85
86
87
89
90
91
92
93
94
95
96
97
98
99
100
101
102
103
104
105
106
107
108
109
110
111
112
113
114
115
116
118
119
120
121
122
123
124
125
126
127
128
129
130
131
132
133
134
135
136
137
138
139
140
141
142
143
144
145
146
147
148
149
150
151
152
153
154
155
157
158
159
160
161
162
163
164
165
166
167
168
169
170
171
172
173
174
175
176
177
178
179
180
181
182
183
184
185
186
187
188
189
190
191
192
193
194
195
196
197
198
199
200
201
202
203
204
205
206
207
208
209
210
211
212
213
214
215
216
217
218
219
220
221
222
223
224
225
226
227
228
229
230
231
232
233
234
235
236
237
238
239
240
241
242
243
244
245
246
247
248
249
250
251
252
253
254
255
256
257
258
259
260
261
262
263
264
265
266
267
268
269
270
271
272
273
274
275
276
277
278
210
280
281
282
283
284
285
286
287
288
289
290
291
292
293
294
295
296
297
298
299
300
301
302
303
304
305
306
307
308
309
310
311
312
313
314
315
316
317
318
319
320
321
322
323
324
325
326
327
328
329
330
331
332
333
246
103
246
64
61
63
48
50
62
11
21
17
210
212
188
123
282
120
173
16
280
23
16
10
30
66
152
211
188
103
123
282
120
173
107
109
280
106
110
111
108
109
89
66
103
105
280
266
213
259
188
48
18
15
14
140
141
22
13
11
14
12
172
210
212
188
188
103
257
188
181
182
180
64
49
51
63
62
11
18
7
12
184
181
280
123
282
120
173
123
282
120
173
22
60
210
212
188
210
207
180
123
282
294
120
180
179
142
265
103
264
188
188
258
257
257
103
264
188
257
103
257
257
188
294
280
2
123
318
152
121
151
110
123
282
120
173
140
141
188
65
95
105
184
188
210
207
6
5
17
265
264
264
23
258
103
257
65
50
22
11
16
10
280
18
103
142
12
184
182
46
70
47
11
37
10
56
139
175
64
51
59
63
62
11
19
12
68
11
14
142
188
264
103
264
264
211
188
250
251
248
249
119
305
120
121
210
212
188
56
64
60
20
188
294
174
175
2
10
46
47
188
17
280
105
188
21
18
54
4
2
119
294
175
19
246
94
294
175
319
188
33
247
103
68
10
23
65
11
18
64
9
174
175
13
11
19
16
10
11
294
174
175
106
108
107
109
120
121
119
280
188
210
212
188
294
174
140
142
138
139
174
2
280
85
85
85
85
105
280
89
89
264
89
103
257
89
210
210
210
210
210
210
210
