2
3
4
5
6
7
8
9
10
11
12
13
14
15
16
17
18
19
20
21
22
23
24
25
26
27
28
29
30
31
32
33
34
35
36
37
38
39
40
41
42
43
44
45
46
48
49
50
51
52
53
54
55
56
57
58
59
60
61
62
63
64
65
66
67
68
69
70
71
72
73
74
75
76
77
78
79
80
81
82
83
84
85
86
87
88
89
90
91
92
93
94
95
96
97
98
99
100
101
102
103
104
105
106
107
108
109
110
111
112
113
114
115
116
117
118
119
120
121
122
123
124
125
126
127
128
129
130
131
132
133
134
135
136
137
138
139
140
141
142
143
144
145
146
147
148
149
150
151
152
153
154
155
156
157
158
159
160
161
162
163
164
165
166
167
168
169
170
171
172
173
174
175
176
177
178
179
180
181
182
183
184
185
186
187
188
189
190
191
192
193
194
195
196
197
199
200
201
202
203
204
205
206
207
208
209
210
211
212
213
214
74
77
79
18
157
52
69
77
76
77
74
77
52
81
74
77
74
167
74
167
23
18
169
74
77
79
52
76
74
77
79
77
139
161
153
213
201
204
205
203
202
74
77
79
155
74
77
79
74
77
79
77
76
23
77
69
152
153
154
3
10
5
4
9
7
6
8
15
13
77
155
38
161
74
165
74
77
74
77
188
77
79
74
77
192
77
38
161
74
77
79
38
161
77
74
77
196
74
77
79
18
204
201
205
203
202
208
152
185
187
184
153
186
181
174
178
175
176
173
188
139
161
74
169
74
77
157
19
159
49
19
161
139
161
38
161
103
74
77
190
74
77
79
139
159
18
13
38
161
49
139
161
18
167
139
167
19
19
22
74
77
81
180
179
173
77
19
15
77
188
38
163
103
74
77
79
161
167
159
165
169
163
74
77
79
74
76
74
77
80
74
76
77
157
103
196
192
190
18
18
74
77
79
139
163
77
79
74
77
80
22
74
165
18
165
77
139
161
74
77
80
74
77
194
77
154
177
175
172
194
18
155
77
74
77
194
77
22
74
169
139
161
