2
3
4
5
6
7
8
9
10
11
12
13
14
15
16
17
18
19
20
21
22
23
24
25
26
27
28
29
30
31
32
33
34
35
36
37
38
39
40
41
42
43
44
45
46
47
48
49
50
51
52
53
54
55
56
57
58
59
60
61
62
63
64
65
66
67
68
69
70
71
72
73
74
75
76
77
78
79
80
81
82
83
84
85
86
87
88
89
90
91
92
93
94
95
96
97
98
99
100
101
102
103
104
105
106
107
108
109
110
111
112
113
114
115
116
117
118
119
120
121
122
123
124
125
126
127
128
129
130
131
132
133
134
135
136
137
138
139
140
141
142
143
46
46
68
48
68
68
86
66
71
68
99
95
65
69
71
68
42
3
65
39
7
46
46
6
17
69
81
138
58
71
68
82
83
70
132
69
99
101
5
7
46
21
3
71
28
3
38
6
47
46
57
48
17
3
99
102
65
69
68
92
97
33
3
85
66
69
71
68
22
3
28
3
69
68
67
68
80
82
83
138
71
12
3
85
66
71
67
68
66
68
74
66
36
3
58
109
97
62
67
98
66
66
49
48
113
49
48
124
68
64
130
95
65
72
67
68
72
85
103
66
69
71
68
66
65
72
44
49
58
48
47
46
46
46
54
57
22
38
47
46
54
46
46
70
14
3
28
33
3
3
8
6
7
4
21
96
71
18
3
97
43
52
49
48
6
7
46
68
71
68
99
102
65
69
68
42
3
6
28
27
3
58
34
3
8
4
7
46
46
27
3
86
66
69
71
67
68
34
3
27
71
8
12
5
66
46
132
137
137
85
71
