1
2
2
2
2
2
2
2
2
2
2
2
2
2
2
2
2
18
18
18
18
18
18
18
18
1
27
27
27
27
27
27
27
27
27
27
27
27
27
27
27
27
27
1
45
45
45
45
45
45
45
45
45
45
45
45
45
45
45
45
45
45
45
45
45
1
67
67
67
67
67
67
67
67
67
67
67
67
67
67
67
67
67
67
67
67
67
67
67
67
67
67
67
67
67
67
67
67
67
67
67
67
67
96
96
45
2
18
63
63
44
22
22
38
86
71
71
71
85
41
41
84
97
97
97
62
62
39
39
77
83
57
57
57
57
53
40
40
78
7
7
7
7
23
23
23
36
8
8
8
24
9
9
9
9
37
69
69
55
55
55
55
82
75
56
60
60
60
60
60
59
59
59
59
59
59
74
96
96
96
58
76
80
73
66
66
72
72
99
99
5
5
5
5
5
5
93
21
21
21
64
64
64
98
10
10
10
65
65
65
65
65
6
13
70
19
105
105
106
106
