2
3
4
5
6
7
8
9
10
11
12
13
14
15
16
17
18
19
20
21
22
23
24
25
26
27
28
29
30
31
32
33
34
35
36
37
38
39
40
41
42
43
44
45
46
47
48
49
50
51
52
53
54
55
56
57
58
59
60
61
62
63
64
65
66
67
68
69
70
71
72
73
74
75
76
77
78
79
80
81
82
83
84
85
86
87
88
89
90
91
92
93
94
95
96
97
98
99
100
101
102
103
104
105
106
27
27
27
52
48
28
19
67
28
67
99
103
68
67
44
28
67
101
68
67
52
46
44
28
67
67
61
47
52
46
52
44
28
67
16
9
4
67
14
19
67
28
13
14
3
19
17
4
67
67
28
100
68
61
47
52
46
67
67
52
61
62
63
52
46
61
62
63
47
52
46
67
101
68
67
52
67
67
67
52
51
104
68
102
68
15
22
98
4
18
67
67
14
24
19
42
49
52
68
14
3
67
63
42
40
50
52
4
3
68
67
101
68
101
68
