1
2
2
2
2
2
2
2
2
2
2
2
2
7
6
17
18
18
18
18
18
18
18
18
18
18
18
18
18
31
31
31
31
37
38
38
38
38
38
38
38
38
38
38
38
38
38
38
38
38
38
38
38
38
38
38
38
38
38
38
38
61
66
62
68
38
70
70
70
70
70
38
76
76
76
76
76
76
76
76
76
76
84
88
37
89
89
89
89
89
89
89
89
98
37
99
99
99
99
99
99
99
99
104
108
106
109
112
113
113
113
113
113
113
113
113
113
113
113
113
113
113
113
113
113
113
113
113
113
126
126
37
137
137
137
137
137
137
137
137
137
137
137
146
149
149
149
149
149
149
149
149
137
158
158
158
158
146
146
1
165
165
165
165
165
165
171
174
175
176
176
176
176
176
176
176
37
185
185
185
185
185
185
189
192
189
194
189
196
190
198
190
200
190
202
191
204
191
206
191
208
190
211
212
212
212
212
212
212
212
212
212
212
212
212
212
212
212
212
212
212
212
212
212
212
212
212
212
212
212
212
212
212
212
212
212
212
212
212
212
212
212
212
212
212
212
212
212
212
212
212
212
212
212
212
212
212
212
212
212
212
212
212
212
212
212
212
212
212
212
212
212
212
212
212
212
212
212
212
212
212
212
212
212
212
212
212
212
212
212
212
212
212
293
303
212
305
301
307
212
309
212
311
311
311
311
311
311
311
311
311
212
321
321
321
321
321
321
321
321
321
212
331
212
333
333
333
333
333
212
339
339
339
339
339
339
339
339
212
348
348
348
348
348
348
348
348
348
348
348
212
360
360
360
360
360
360
367
369
285
371
285
282
374
282
273
271
271
271
268
275
212
274
275
275
275
273
275
273
126
126
64
64
103
103
103
26
26
95
306
345
356
356
117
130
301
301
301
301
301
301
301
301
301
301
301
326
326
326
326
83
83
83
83
83
143
143
119
59
183
264
264
264
264
264
264
264
264
264
264
264
264
190
190
190
190
190
190
190
342
342
60
60
60
60
60
60
60
60
60
60
60
60
60
60
60
60
60
60
60
60
169
169
169
169
290
270
337
330
74
74
74
359
359
359
359
359
359
116
25
25
25
118
280
280
338
122
273
273
273
273
273
273
273
273
273
273
35
35
35
115
328
276
276
276
276
276
276
276
57
57
57
57
54
28
28
28
28
28
346
106
106
106
106
106
106
106
106
11
274
274
274
274
274
274
274
327
121
262
262
262
75
75
75
146
146
146
146
146
146
146
146
146
146
107
107
107
107
123
272
272
272
272
272
272
272
144
144
317
61
61
105
105
105
105
105
105
105
105
105
62
62
62
62
263
93
93
93
114
357
357
109
109
156
156
156
156
156
156
156
156
156
282
282
282
282
282
282
282
282
282
282
282
282
282
282
282
282
282
282
282
282
282
6
181
73
73
73
145
145
145
275
275
275
275
275
275
275
275
275
275
287
287
287
287
287
343
343
125
293
293
293
293
293
293
336
65
65
65
65
289
289
289
289
289
289
289
289
302
96
147
147
147
168
168
168
168
283
283
133
180
318
265
265
189
189
189
189
189
189
189
189
189
189
189
189
189
189
271
271
271
271
271
271
271
271
271
271
332
332
127
155
292
292
292
316
316
316
58
58
285
285
285
285
285
285
285
56
104
104
104
104
104
104
278
84
84
84
84
162
162
162
30
30
30
30
308
132
335
97
97
97
97
124
124
294
294
294
294
294
294
294
286
286
286
286
284
284
319
277
277
277
277
298
347
23
23
23
297
358
358
358
358
358
358
24
24
344
344
344
86
86
170
29
29
29
29
320
320
320
131
288
288
288
94
94
85
261
261
261
261
261
261
261
261
261
261
261
261
261
261
261
261
261
261
261
261
261
261
261
261
261
261
261
182
191
191
191
191
191
191
191
299
299
310
310
310
267
281
281
281
281
281
269
269
269
269
269
269
269
295
295
295
295
295
329
120
279
279
279
157
157
157
55
55
55
55
55
55
55
55
55
55
55
55
268
268
268
268
268
268
268
268
268
268
268
69
69
69
69
69
69
69
69
71
349
349
349
167
72
159
159
159
159
77
233
233
233
90
350
350
249
249
246
166
150
355
160
245
245
92
236
234
234
234
256
210
370
370
370
370
372
372
372
372
372
373
373
375
375
87
87
87
87
163
164
164
111
111
16
376
376
377
377
377
378
379
379
380
380
380
381
381
381
381
382
383
384
384
384
384
386
386
386
386
387
387
388
388
388
388
389
389
389
