2
3
4
5
6
7
8
9
10
11
12
13
14
15
16
18
19
20
21
22
23
24
25
26
27
28
29
30
31
32
33
34
35
38
39
40
41
42
43
44
45
46
47
48
49
50
51
52
53
54
55
56
57
58
59
60
61
62
63
64
65
66
67
68
69
70
71
72
73
74
75
76
77
78
79
80
81
82
83
84
85
86
87
76
89
90
91
92
93
94
95
96
97
89
99
100
101
102
103
104
105
106
107
108
109
110
111
113
114
115
116
117
118
119
120
121
122
123
124
125
126
127
128
129
130
131
132
133
134
135
136
137
138
139
140
141
142
143
144
145
146
147
148
149
150
151
152
153
154
155
156
157
158
159
160
161
162
163
164
165
166
167
168
169
170
171
172
166
176
177
178
179
180
181
182
183
185
186
187
188
189
190
191
192
193
194
195
196
197
198
199
200
201
202
203
204
205
206
207
208
209
210
212
213
214
215
216
217
218
219
220
221
222
223
224
225
226
227
228
229
230
231
232
233
234
235
236
237
238
239
240
241
242
243
244
245
246
247
248
249
250
251
252
253
254
255
256
257
258
259
260
261
262
263
264
265
266
267
268
269
270
271
272
273
274
275
276
277
278
279
280
281
282
283
284
285
286
287
288
289
290
291
292
293
294
295
296
297
298
299
300
301
302
303
304
305
306
307
308
309
310
311
312
313
314
315
316
317
318
319
320
321
322
323
324
325
326
327
328
329
330
331
332
333
334
335
336
337
338
339
340
341
342
343
344
345
346
347
348
349
350
351
352
353
354
355
356
357
358
359
360
361
362
363
364
365
366
246
321
370
296
372
373
285
375
376
377
378
379
380
381
382
383
384
385
386
387
388
389
133
113
45
46
100
101
102
20
19
96
295
340
353
354
133
133
227
224
231
218
229
215
213
230
225
228
214
324
322
323
325
81
79
82
80
78
138
137
132
40
178
265
302
301
226
224
256
254
238
237
235
228
348
147
146
95
185
89
137
38
340
341
61
63
64
74
62
58
39
51
52
40
44
53
72
43
41
78
80
70
70
76
166
172
167
171
238
295
334
325
71
76
76
353
352
355
351
354
349
132
20
19
36
132
240
235
337
133
299
327
328
297
329
296
21
220
321
368
34
32
33
133
322
270
285
240
226
242
235
239
61
58
51
52
38
28
21
33
31
31
340
107
91
101
92
76
70
76
89
4
270
275
240
251
242
235
239
324
133
282
213
235
71
76
76
107
104
142
159
158
76
158
99
89
70
100
102
76
70
133
270
273
240
251
242
235
239
139
137
312
40
47
106
105
72
100
71
102
76
70
70
40
48
78
76
253
91
92
76
132
344
355
91
89
75
151
153
152
154
77
150
76
70
283
265
270
284
285
302
336
301
226
242
245
254
220
243
256
237
244
235
228
239
348
5
178
72
71
76
142
141
140
299
327
328
297
329
296
21
220
321
368
270
284
282
240
241
345
341
133
283
291
277
228
255
368
334
63
44
76
76
335
290
344
226
234
245
238
225
236
97
146
148
158
166
172
167
171
251
235
134
179
313
224
255
96
146
147
95
187
160
161
188
186
137
185
89
158
38
299
327
328
297
329
296
21
220
321
368
300
277
133
151
283
291
277
313
312
314
50
42
281
327
297
329
246
321
368
57
105
101
90
89
70
89
311
79
82
78
80
160
161
89
22
31
31
36
300
133
334
92
82
78
76
133
113
246
253
222
238
237
235
249
270
284
280
240
251
235
313
283
278
224
237
297
340
20
19
36
368
353
352
355
351
354
350
20
19
346
341
339
78
76
166
28
21
33
31
313
315
314
133
283
282
225
91
92
78
258
224
231
220
247
260
216
215
246
230
259
257
228
214
249
227
221
226
223
218
229
219
250
213
222
225
305
178
146
147
95
137
185
89
38
29
277
282
258
260
217
283
279
295
248
235
270
271
240
251
242
235
239
347
251
253
233
252
323
132
295
237
239
153
154
150
39
49
40
50
53
44
43
42
47
48
41
46
328
329
296
330
28
277
246
226
33
31
321
63
57
49
44
79
78
80
76
76
339
339
360
171
76
158
90
158
89
76
339
232
339
89
339
339
309
309
321
171
70
339
89
333
333
76
331
339
232
339
348
95
297
246
321
368
327
329
216
246
217
285
220
285
220
79
82
78
80
158
104
89
91
89
5
296
368
246
220
321
246
296
368
296
246
321
226
246
220
321
246
285
226
246
220
321
226
246
220
321
246
321
296
246
321
368
246
220
321
