2
3
4
5
6
7
8
9
10
11
12
13
14
15
16
17
18
19
20
21
22
23
24
25
26
27
28
29
30
31
32
33
34
35
36
37
38
39
40
41
42
43
44
45
46
47
48
49
50
51
52
53
54
55
56
57
58
59
60
61
62
63
64
65
66
67
68
69
70
71
72
73
74
75
76
77
78
79
80
81
82
83
84
85
86
87
88
89
90
91
92
93
94
95
96
97
98
99
100
101
102
103
104
105
106
107
108
109
110
111
112
113
114
115
116
117
118
119
120
121
122
123
124
125
126
127
128
129
130
131
132
133
134
135
136
137
138
139
140
141
142
143
144
145
146
147
148
149
150
151
152
153
154
155
156
157
158
159
160
161
162
163
165
166
167
168
169
170
171
172
173
174
175
176
177
178
179
180
181
182
183
184
185
186
187
188
189
190
191
192
193
194
195
196
197
198
199
200
201
202
203
70
64
101
77
23
9
45
44
123
137
139
122
46
45
64
44
10
64
64
88
38
112
113
37
20
34
36
122
41
7
6
64
129
85
86
81
94
73
84
175
171
98
94
84
89
130
87
85
93
94
89
143
141
146
144
130
145
82
75
86
81
93
94
69
84
86
92
66
67
83
86
71
81
84
38
112
113
37
20
34
36
122
41
7
6
64
159
160
172
171
80
64
76
64
83
64
84
3
9
79
193
168
176
172
166
173
167
175
171
179
168
107
118
106
7
3
6
8
40
40
64
41
64
153
152
154
7
5
6
8
9
4
153
154
179
65
64
9
134
135
136
125
71
65
88
76
73
82
98
94
80
70
72
101
104
68
66
78
69
75
85
86
79
92
91
74
77
84
84
169
147
129
87
94
84
166
171
38
24
37
34
36
122
41
6
8
9
64
38
33
112
121
113
24
37
34
36
41
6
9
64
74
64
142
75
86
79
96
94
80
84
66
64
59
86
92
66
182
46
45
178
171
133
41
75
195
5
9
167
77
64
152
151
124
127
87
85
98
94
99
102
84
89
154
151
195
174
171
104
64
72
64
48
46
45
67
64
168
64
64
55
167
181
174
177
38
33
112
121
113
24
37
34
36
41
6
9
64
84
177
138
125
93
100
94
99
84
9
171
9
101
88
84
89
83
151
59
159
160
79
64
178
38
27
112
113
37
34
36
41
6
64
38
112
113
37
20
34
36
122
41
7
6
64
82
64
168
169
166
170
177
21
46
9
44
100
99
76
86
81
38
33
112
121
113
24
37
34
36
41
6
9
64
78
64
22
24
37
39
34
36
122
41
7
6
9
64
132
64
58
44
112
113
37
39
34
21
27
115
36
41
6
9
64
112
113
37
34
38
33
27
115
36
41
6
9
64
86
81
158
68
64
128
140
124
131
126
127
87
78
99
69
103
85
97
98
94
102
84
151
64
151
151
165
64
103
113
37
