2
3
4
5
6
7
8
9
10
11
12
13
14
15
16
17
18
19
20
21
22
23
24
25
26
27
28
29
30
31
32
33
34
35
36
37
38
39
40
41
42
43
44
45
46
47
48
49
50
51
52
53
54
55
56
57
59
60
61
62
63
64
65
66
67
68
69
70
71
72
73
74
75
76
77
78
79
80
81
82
83
84
85
86
87
88
89
90
91
92
93
94
95
96
97
98
99
100
101
102
103
104
105
106
107
108
109
110
111
112
113
114
115
116
117
118
119
120
121
122
123
124
125
126
127
128
129
130
131
132
133
134
135
136
137
138
139
140
141
142
143
144
145
146
147
148
149
150
151
152
153
154
155
156
157
158
159
160
161
162
163
164
165
166
167
168
169
170
171
172
173
174
175
176
177
178
179
180
181
182
183
184
185
186
187
188
189
190
191
192
193
194
195
196
197
198
199
200
201
202
203
204
205
206
207
208
209
210
211
212
213
214
215
216
217
218
219
220
221
222
223
224
225
226
227
228
229
230
231
232
233
234
235
236
237
238
239
240
241
242
243
244
245
246
247
248
249
250
251
252
253
254
255
256
257
258
259
260
262
263
264
265
266
267
268
269
271
272
273
274
275
276
277
278
279
280
281
282
283
284
285
286
287
288
290
291
292
293
294
295
296
297
298
299
300
301
302
303
304
305
306
307
308
309
310
311
312
313
314
315
316
317
318
319
320
321
322
323
324
325
326
327
328
329
330
331
332
333
334
335
336
337
338
339
340
341
342
343
344
345
346
347
348
349
350
351
352
353
354
355
356
357
358
46
24
178
89
62
60
61
72
272
20
19
122
310
294
290
127
293
293
292
22
310
294
290
46
251
250
249
248
118
294
86
81
79
80
74
111
49
50
47
48
123
104
111
24
19
118
251
250
249
196
293
294
293
293
294
290
290
50
49
170
112
106
119
126
126
149
293
320
319
92
93
148
115
116
294
328
336
329
330
337
331
300
293
272
116
176
196
21
179
119
275
353
346
347
352
348
354
151
49
155
146
108
109
344
342
334
335
331
142
119
264
293
171
124
196
248
72
116
294
293
112
118
92
93
138
116
121
122
263
118
272
180
264
265
170
106
119
126
277
274
271
147
155
108
109
4
317
317
143
28
119
127
2
122
128
28
10
112
106
126
28
10
16
11
93
23
16
118
46
341
328
332
345
254
101
310
294
290
320
319
290
290
25
17
18
272
155
151
194
85
84
87
62
60
76
61
271
72
116
118
131
153
75
76
73
74
148
155
166
165
269
13
264
265
293
93
125
118
50
118
333
124
120
102
117
116
122
123
248
196
117
196
177
124
123
196
328
334
27
17
331
116
118
278
180
268
116
119
121
263
17
13
14
92
78
91
319
131
153
75
73
74
294
118
256
101
38
40
53
49
21
47
48
17
19
46
55
127
127
117
196
124
120
251
250
196
248
118
125
126
79
75
76
80
78
77
74
76
80
73
74
116
118
272
293
346
347
119
107
126
50
49
47
22
16
46
79
80
88
76
73
78
74
142
2
135
148
115
116
43
16
46
119
300
293
294
290
310
294
290
344
342
332
333
350
353
334
335
331
352
351
349
348
354
345
30
42
171
39
131
27
40
168
36
111
105
107
15
20
9
24
7
14
17
4
19
93
118
46
196
101
196
291
290
243
243
345
101
196
248
196
263
101
101
107
196
196
196
196
101
101
72
196
196
2
196
300
293
92
91
86
79
