1
2
2
2
2
2
2
2
2
2
2
6
13
13
13
13
18
1
19
19
19
19
19
19
19
19
19
19
19
19
19
19
19
19
19
19
19
19
19
19
19
19
19
19
19
19
19
19
19
19
19
19
19
19
19
19
19
19
19
19
19
19
19
19
19
19
19
19
19
19
19
19
19
19
19
19
19
19
19
19
19
19
19
19
19
19
19
19
19
19
19
92
92
92
92
92
92
19
99
99
99
99
99
99
99
99
99
99
99
99
99
99
99
99
116
117
117
117
117
117
117
117
117
117
117
117
117
117
117
117
117
117
117
117
117
117
117
117
117
117
117
117
117
117
117
117
117
117
117
117
117
117
117
117
117
117
117
117
117
117
117
117
117
117
117
117
117
117
117
117
117
117
117
117
117
117
117
117
117
117
117
117
117
117
117
187
187
117
190
190
190
190
190
190
168
157
140
1
200
200
200
200
200
200
200
200
200
200
200
200
200
200
200
208
216
216
216
216
16
10
1
223
223
223
223
223
223
223
223
223
223
223
223
223
223
223
223
223
223
223
223
223
223
223
223
223
223
223
223
223
230
240
241
241
243
246
1
259
259
259
259
259
259
259
259
259
259
259
259
259
259
259
259
259
259
259
259
259
259
259
259
259
259
259
259
259
259
259
259
259
259
259
259
259
259
259
259
259
259
259
259
259
259
259
259
259
259
259
259
259
259
259
259
259
259
259
318
318
294
300
323
324
324
324
324
324
324
324
324
324
324
324
324
324
324
324
324
324
324
324
324
324
324
324
324
324
331
1
351
351
351
351
351
351
357
323
359
359
359
359
359
359
359
359
359
359
359
359
359
359
359
359
359
359
359
359
359
359
359
359
359
359
359
359
359
359
359
359
359
359
359
359
359
359
359
359
359
359
359
359
359
359
359
359
359
359
359
359
359
410
245
2
200
39
39
39
52
52
52
52
52
52
52
52
52
52
409
409
409
372
372
372
372
372
372
372
372
115
241
241
241
241
241
241
241
241
241
241
248
248
248
248
243
243
243
243
243
243
243
243
243
392
392
392
392
392
392
392
392
392
157
157
157
157
181
181
155
155
155
155
155
155
155
155
155
155
155
155
155
155
155
213
213
213
213
213
213
213
383
383
383
383
383
383
383
383
45
45
45
45
45
45
45
45
45
45
210
294
294
294
294
294
294
294
294
294
294
294
401
401
401
388
388
388
388
388
388
388
388
388
389
389
389
389
389
389
389
389
389
389
389
184
184
86
86
86
86
86
367
367
367
367
367
367
367
205
205
205
205
379
379
379
379
379
379
379
11
11
11
11
233
69
69
6
6
167
229
252
408
408
408
156
156
5
5
5
376
376
376
376
376
376
376
384
384
384
384
384
384
384
384
289
387
387
387
387
387
387
387
387
387
387
387
44
44
44
44
44
44
44
44
44
44
44
237
237
312
312
312
312
154
154
154
154
287
287
287
357
357
357
357
357
357
357
357
357
165
300
300
300
300
361
361
244
244
295
295
295
295
307
286
286
286
286
286
286
51
51
51
209
400
400
400
400
400
400
400
400
400
400
302
283
283
283
283
283
176
293
371
371
371
371
371
371
371
371
48
48
48
48
48
48
411
411
411
411
77
77
382
382
382
382
382
382
382
382
158
37
37
37
37
37
37
37
37
219
219
219
49
49
174
182
182
88
88
76
76
292
292
292
412
412
412
412
412
412
412
412
240
240
240
240
240
309
47
47
47
47
47
47
47
47
47
397
397
397
397
397
397
397
397
397
397
397
397
247
247
247
247
284
284
284
284
284
284
284
284
284
284
284
284
284
284
284
284
284
284
284
297
297
297
204
204
204
41
41
41
41
41
41
403
403
403
168
168
168
71
71
317
366
366
366
366
366
366
366
396
396
396
396
396
396
396
396
396
396
396
396
396
91
91
91
173
173
173
173
173
173
173
179
208
58
160
160
398
398
398
398
398
398
398
398
398
398
398
398
398
53
53
53
53
385
385
385
385
385
385
385
172
356
356
75
75
308
308
354
74
74
8
8
377
377
377
377
377
377
377
177
214
214
214
214
231
402
402
402
164
164
164
164
164
83
83
83
83
114
98
98
98
98
98
390
390
390
390
390
390
390
390
390
390
390
250
405
405
405
63
380
380
380
380
380
380
380
370
370
370
370
370
370
163
163
84
84
84
84
84
42
42
42
42
42
42
42
42
42
42
82
82
82
82
369
369
369
369
369
369
369
166
395
395
395
395
395
395
395
395
395
395
395
395
395
195
195
152
152
152
152
152
152
65
315
315
315
282
282
282
282
282
282
282
282
282
299
299
299
299
299
218
16
16
56
56
56
56
56
56
56
56
316
316
316
10
10
10
10
64
61
381
381
381
381
381
381
381
180
285
285
285
285
285
285
285
285
285
285
285
285
285
305
46
46
46
46
46
211
374
374
374
374
374
374
374
374
368
368
368
368
368
368
368
36
36
159
159
159
159
279
279
320
230
230
230
230
230
404
404
404
365
365
365
365
365
365
235
35
169
171
72
72
43
43
43
43
43
43
43
43
43
43
407
407
407
89
215
215
81
81
70
70
386
386
386
386
386
386
386
386
9
67
67
67
153
373
373
373
373
373
373
373
373
393
393
393
393
393
393
393
393
393
393
393
203
203
355
355
355
251
251
306
57
57
57
57
364
364
364
364
364
364
12
12
314
314
314
90
90
90
278
55
55
55
55
55
55
55
55
246
246
246
246
246
246
246
246
246
246
246
246
79
79
175
298
15
40
40
40
40
40
183
183
85
85
85
85
85
394
394
394
394
394
394
394
394
394
394
394
406
406
406
87
87
87
87
87
375
375
375
375
375
375
375
170
170
62
303
303
303
238
391
391
391
391
391
391
391
391
391
54
54
54
54
54
54
54
378
378
378
378
378
378
378
242
242
242
242
242
242
242
242
296
38
66
196
196
196
196
196
78
78
399
399
399
399
399
399
399
399
399
399
399
236
50
178
281
281
281
281
281
281
281
281
281
281
281
73
73
80
80
245
245
245
245
245
245
245
245
245
245
245
206
206
206
410
410
410
32
32
274
193
3
201
140
140
140
221
222
358
321
253
322
255
255
255
198
256
256
256
414
199
257
257
415
258
258
