2
3
5
6
7
8
9
10
11
12
13
14
15
16
17
18
19
20
21
22
23
24
25
26
27
28
29
30
31
32
33
34
35
36
37
38
39
40
41
42
43
44
45
46
47
48
49
50
51
52
53
54
55
56
57
58
59
60
61
62
63
64
65
66
67
68
69
70
71
72
73
74
75
76
77
78
79
80
81
82
83
84
85
86
87
88
89
90
91
92
93
94
95
96
97
98
99
100
101
102
103
104
105
106
107
108
109
110
111
112
113
114
115
116
117
118
119
120
121
122
123
124
125
126
127
128
129
130
131
132
133
134
135
136
137
138
139
140
141
142
143
144
145
146
147
148
149
150
151
152
153
154
155
156
157
158
159
160
161
162
163
164
165
166
167
168
169
170
171
172
173
174
175
176
177
178
179
180
181
182
183
184
185
186
187
188
189
190
191
192
193
194
195
196
197
198
199
200
201
202
203
204
205
206
207
208
209
210
211
212
213
214
215
216
217
218
219
220
221
222
223
224
225
226
227
228
229
230
231
232
233
234
235
236
237
238
239
240
241
242
243
244
245
246
247
248
249
250
251
252
253
254
255
256
257
258
259
260
261
262
263
264
265
266
267
268
269
270
271
272
273
274
275
276
277
278
279
280
281
282
283
284
285
286
287
288
289
290
291
292
293
294
295
296
297
298
299
300
301
302
303
304
305
306
307
308
309
310
311
312
313
314
315
316
317
318
319
320
321
322
323
324
325
326
327
328
329
330
331
332
333
334
336
337
338
339
340
341
342
343
344
345
346
347
348
349
350
351
352
353
354
355
356
357
358
359
360
361
362
363
364
365
366
367
368
369
370
371
372
373
374
375
376
377
378
380
381
382
383
384
385
386
387
388
389
390
391
392
393
394
395
386
397
399
400
401
402
403
404
405
406
407
408
409
410
411
412
413
414
415
416
417
418
419
420
421
422
423
424
425
426
427
428
429
430
431
432
433
434
435
436
437
438
439
440
441
442
443
444
445
446
447
448
449
450
451
452
453
454
455
456
457
458
459
460
461
462
463
464
465
466
467
468
469
470
471
472
473
474
475
476
477
478
480
481
482
483
484
485
486
487
488
489
490
491
492
493
494
495
496
497
498
499
500
501
502
503
504
505
506
507
508
509
510
511
512
513
514
515
516
517
518
519
520
521
522
523
524
525
526
527
528
529
530
531
532
533
534
535
536
537
538
539
540
541
542
543
544
545
546
547
548
549
550
551
552
553
554
555
556
557
558
559
560
561
562
563
564
565
566
567
568
569
570
571
572
573
574
575
576
577
578
579
580
581
582
583
584
585
586
587
588
589
590
591
592
593
594
595
596
597
598
599
600
601
602
603
604
605
606
607
608
609
610
611
612
613
614
615
616
617
618
619
620
621
622
623
624
625
626
627
628
629
630
631
632
633
634
635
636
637
638
639
640
641
642
643
644
645
646
647
648
649
650
651
652
653
654
655
656
657
658
659
660
661
519
519
492
259
492
636
185
630
5
288
438
426
630
32
402
5
202
659
201
19
364
363
362
344
607
541
274
592
153
597
97
5
33
97
637
630
7
28
5
21
623
33
563
25
547
57
7
356
344
343
553
614
592
410
149
202
118
80
209
75
121
132
20
7
33
21
138
33
407
29
5
21
630
617
33
594
593
274
75
121
659
56
5
617
136
146
659
20
7
19
21
203
5
275
282
279
289
283
330
187
592
430
202
659
417
19
402
28
468
5
617
595
291
289
21
659
466
175
20
407
19
402
468
5
465
142
141
571
25
565
567
574
569
298
543
73
33
25
274
497
5
31
274
154
625
5
423
403
627
617
632
617
316
315
460
5
20
407
402
5
39
54
625
20
21
5
588
588
626
33
21
71
544
541
274
274
594
593
595
598
599
597
592
592
5
65
596
595
592
226
223
224
195
414
30
403
29
31
77
555
25
539
424
438
5
97
353
122
637
5
31
28
5
407
7
21
410
260
583
96
5
5
65
22
21
5
5
22
288
322
289
21
5
567
609
541
592
541
592
80
247
20
7
246
33
72
47
5
419
403
468
21
292
287
293
288
286
544
417
468
5
544
25
202
417
468
5
209
164
21
636
655
48
203
5
617
594
593
596
595
643
19
20
33
353
33
33
97
625
5
593
274
592
32
659
638
5
541
592
566
97
583
552
260
261
274
264
274
611
92
561
540
541
592
33
24
260
21
309
594
593
595
598
599
597
592
274
274
592
316
315
408
33
361
358
354
340
339
540
33
68
602
547
25
274
32
33
659
540
20
33
19
538
659
300
275
287
280
135
301
331
288
279
284
286
274
558
414
25
403
568
609
541
592
594
593
596
595
598
599
597
274
588
281
320
625
5
72
20
7
232
623
19
25
229
40
307
306
70
602
547
274
5
617
5
579
640
162
152
210
636
59
617
5
617
33
471
390
389
21
21
28
544
539
21
636
647
622
617
5
617
209
123
119
132
120
20
33
21
434
574
568
569
609
541
592
659
92
189
438
414
460
20
19
659
557
23
33
27
19
30
21
25
29
28
35
20
32
22
7
34
31
617
537
599
592
410
407
144
414
403
31
75
78
64
556
96
433
85
32
410
19
21
402
5
33
21
5
353
79
21
534
533
539
27
33
264
628
7
148
418
403
468
578
606
602
540
541
274
274
592
563
540
541
5
412
145
141
33
11
33
13
15
18
14
386
659
209
20
7
19
97
407
402
659
20
27
19
519
33
40
203
68
602
547
30
21
25
29
31
28
5
33
353
226
223
225
224
69
232
25
229
79
353
593
599
9
32
33
33
422
583
96
552
33
659
164
22
19
21
288
33
22
152
625
20
5
33
626
32
25
537
659
547
558
27
19
21
25
28
20
32
7
22
33
33
341
541
659
540
20
33
19
538
627
617
21
565
574
569
534
533
31
594
593
595
598
599
597
592
592
56
5
617
67
96
169
602
547
289
28
5
274
31
21
28
492
5
496
503
497
128
127
22
21
33
31
551
575
566
33
356
309
601
547
25
292
279
286
128
127
22
260
21
261
246
259
33
91
306
549
233
230
232
231
225
289
25
274
467
420
403
468
164
505
504
506
28
33
594
593
274
408
5
323
322
321
96
602
547
20
7
28
274
634
617
390
389
505
504
506
5
21
203
68
602
547
25
5
32
596
595
604
547
25
599
259
259
592
408
592
97
583
90
25
315
150
203
7
260
19
5
614
592
410
408
659
648
645
622
623
621
33
596
70
625
21
32
493
432
492
637
62
630
617
189
407
402
5
647
625
19
624
26
5
33
562
25
33
40
289
294
21
284
5
33
583
456
415
96
203
189
403
5
203
548
233
230
232
231
25
624
5
222
274
659
188
189
20
407
19
411
402
5
459
81
142
141
594
593
595
598
599
597
592
274
274
592
195
30
29
65
659
304
329
78
20
19
619
28
539
274
353
127
260
261
263
263
259
408
23
33
344
564
539
21
31
21
33
33
591
540
541
274
592
33
344
344
632
628
619
617
344
74
625
28
621
5
33
659
164
20
19
28
407
402
5
162
49
561
24
21
25
31
35
28
407
402
410
5
342
21
608
551
567
92
575
609
540
541
274
592
70
627
617
610
541
596
595
592
96
573
290
539
126
155
154
151
121
659
92
438
36
410
264
19
21
20
37
22
260
402
5
263
5
514
249
359
288
72
149
264
572
25
651
427
189
21
28
621
620
5
539
30
202
431
494
413
96
85
495
536
556
433
32
410
21
402
28
492
5
532
659
97
64
96
576
435
554
19
402
5
21
91
328
325
32
322
321
341
519
625
5
5
564
22
592
189
202
121
5
636
655
5
5
617
323
574
609
541
596
592
33
547
7
25
588
357
344
331
5
297
547
602
601
596
25
592
84
20
287
33
659
20
19
541
589
588
582
594
593
596
595
599
598
597
592
274
274
592
588
407
33
122
20
195
30
29
547
32
7
22
21
25
296
20
287
289
286
32
582
594
593
596
595
598
592
588
592
33
407
594
593
274
33
209
21
45
97
72
168
630
21
28
5
574
609
541
592
545
25
539
274
519
527
617
519
525
399
617
5
274
5
592
592
388
407
408
588
588
537
5
537
274
274
5
5
5
274
5
617
5
22
519
519
592
5
222
5
399
588
31
92
540
456
415
403
399
286
