1
2
2
2
2
4
8
9
9
9
9
9
9
9
9
9
9
9
9
9
19
24
25
25
25
25
25
25
25
25
25
25
33
34
35
35
8
41
41
41
41
41
41
41
41
41
41
41
41
41
41
41
41
41
41
41
41
41
41
41
41
41
41
41
41
41
41
41
41
41
41
41
41
41
41
41
41
41
41
41
41
41
41
41
41
41
41
69
24
93
93
93
93
93
93
93
93
93
93
93
93
93
93
93
93
108
108
114
115
115
116
31
31
31
120
32
108
123
34
125
106
32
128
129
129
129
130
133
130
135
135
130
138
128
140
140
140
128
144
144
144
144
128
149
149
149
149
149
149
149
149
149
149
149
149
149
149
149
130
130
134
134
134
136
136
136
130
3
3
130
130
181
134
134
184
131
131
148
188
189
190
191
191
191
191
192
193
194
195
195
195
196
197
157
199
200
201
202
203
203
203
203
203
203
203
203
203
203
203
203
203
203
203
203
203
203
203
203
203
203
203
203
203
203
203
203
203
223
233
203
235
235
235
235
235
235
235
140
144
72
72
59
76
80
80
48
48
34
34
34
34
34
34
34
34
34
57
88
71
71
163
56
227
50
50
81
219
68
148
148
148
226
31
31
31
31
31
31
31
31
31
54
54
104
104
104
104
104
104
104
108
108
108
108
108
21
21
45
45
45
45
45
45
45
45
45
45
45
45
45
45
45
45
45
45
45
45
45
45
45
45
45
45
45
45
45
45
45
45
45
45
45
45
45
45
45
45
45
45
44
103
103
103
103
103
230
73
73
86
86
64
64
18
18
18
18
18
18
18
18
77
75
84
84
158
78
143
241
241
241
241
241
241
241
241
51
51
238
238
74
74
90
90
90
161
239
239
239
239
239
216
216
58
220
220
220
220
137
105
105
105
105
105
105
240
164
85
62
231
225
49
49
109
232
232
232
70
70
229
63
55
55
130
130
130
130
130
130
130
130
22
22
106
106
106
106
106
106
52
60
61
67
224
224
228
66
66
89
82
160
35
35
35
35
35
35
35
79
79
159
131
69
53
162
30
30
30
30
139
139
139
139
139
139
222
107
107
107
107
107
107
221
223
223
223
223
223
223
223
20
20
20
20
20
87
83
83
142
33
33
33
33
33
33
33
33
19
19
19
19
19
19
19
65
65
32
32
32
32
32
32
32
32
136
47
47
147
147
147
99
26
146
98
98
166
168
168
168
169
172
173
173
111
111
111
92
23
23
122
122
123
123
123
123
123
123
123
124
124
124
124
124
124
124
182
125
125
125
125
125
125
125
183
183
183
183
183
183
126
126
126
126
126
126
126
127
127
127
127
127
127
127
189
190
191
191
192
192
192
37
37
37
37
38
38
38
38
116
116
116
116
116
39
39
39
39
117
117
117
117
117
117
117
117
118
119
119
119
119
119
119
119
119
121
121
121
121
121
121
121
193
194
199
200
201
