1
2
2
2
2
2
2
2
2
2
2
2
2
2
2
2
2
2
2
2
2
2
2
2
2
2
2
2
2
2
2
2
2
2
2
2
2
2
2
2
2
2
2
2
25
1
47
47
47
47
47
47
47
47
47
47
47
47
50
60
60
60
60
58
65
47
67
50
70
71
71
71
71
71
71
71
71
71
71
71
72
83
78
78
79
89
90
90
90
90
90
90
90
90
90
90
100
100
90
103
103
90
106
106
106
106
106
106
113
114
114
114
114
114
114
114
114
114
114
114
114
114
114
114
114
114
114
114
114
114
114
114
114
114
114
114
114
114
114
121
145
145
114
148
148
148
148
131
153
133
155
155
134
158
158
135
161
161
136
164
164
137
167
167
139
170
170
143
173
173
173
173
173
173
173
173
114
182
182
182
182
182
182
182
114
190
190
190
190
190
190
114
197
197
70
200
200
200
200
200
200
200
200
200
200
200
200
200
200
214
214
214
214
200
219
200
221
221
221
221
221
221
221
221
221
221
221
221
221
221
221
221
213
238
238
238
228
120
120
120
120
120
120
236
236
125
125
125
125
125
51
143
143
143
143
82
94
126
126
126
126
126
235
235
235
235
152
228
228
127
127
127
127
127
93
93
93
140
140
140
140
31
77
77
227
227
227
227
227
150
208
208
208
139
139
139
55
23
53
141
141
141
141
32
36
39
35
207
207
207
75
75
25
25
25
25
25
25
194
194
34
134
134
134
134
134
78
78
57
57
57
195
111
111
111
111
95
136
136
136
54
33
130
130
130
121
121
121
133
133
133
133
133
37
129
129
129
129
129
129
129
129
22
22
22
22
22
22
22
22
22
22
22
22
22
22
81
81
237
45
45
142
142
142
142
52
79
79
193
29
29
40
138
138
138
138
231
231
231
80
80
42
59
128
128
128
128
128
99
41
135
135
135
24
24
74
74
110
110
110
92
131
131
131
131
131
73
73
132
132
132
137
137
137
196
209
209
209
56
98
43
43
43
43
27
58
58
58
212
212
212
212
234
30
30
30
30
76
76
229
229
229
50
105
124
124
124
124
124
28
28
28
28
230
230
230
233
203
72
72
201
226
202
