2
3
4
5
6
7
8
9
10
11
12
13
14
15
16
17
18
19
20
21
22
23
24
25
26
27
28
29
30
31
32
33
34
35
36
37
38
39
40
41
42
43
44
45
46
47
48
49
50
51
52
53
54
55
56
57
58
59
60
61
62
63
64
65
66
67
68
69
71
72
73
74
75
76
77
78
79
80
81
82
83
84
86
87
88
90
91
92
93
94
95
96
97
98
99
100
101
102
103
104
105
106
107
108
109
110
111
112
114
115
116
117
118
119
120
121
122
123
124
125
126
127
128
129
130
131
132
133
134
135
136
137
138
139
140
141
142
143
144
145
146
147
148
149
150
151
152
153
154
155
156
157
158
159
160
161
162
163
164
165
166
167
168
169
170
171
172
173
174
175
176
177
178
179
180
181
182
183
184
185
186
187
188
189
190
191
192
193
194
195
196
197
198
199
200
201
202
203
204
205
206
207
208
209
210
211
212
213
214
215
216
217
218
219
220
221
222
223
224
225
226
227
228
229
230
231
232
233
234
235
236
237
238
239
240
241
242
118
117
119
115
116
182
220
200
144
117
115
116
190
53
195
196
117
190
200
91
144
117
115
116
190
224
226
214
200
149
225
222
144
117
115
116
197
91
106
103
195
196
117
190
11
72
200
224
225
222
223
226
149
203
205
204
196
117
190
2
20
2
195
196
117
190
11
8
9
8
203
202
219
72
200
18
8
11
4
16
12
191
192
10
196
117
115
116
190
72
200
49
48
2
192
112
107
109
108
91
196
117
190
2
4
196
117
190
118
119
190
196
117
115
116
190
7
196
144
118
117
119
115
116
190
15
13
8
5
10
14
20
6
21
11
4
9
7
12
72
200
222
18
19
195
196
117
190
53
72
200
191
11
7
5
195
196
117
190
224
226
200
72
200
7
67
144
117
115
116
190
91
6
196
117
190
8
7
72
200
107
108
109
91
196
117
115
116
190
72
200
196
117
190
196
117
190
195
203
205
204
2
100
15
13
3
14
16
49
48
2
203
204
205
214
225
18
11
4
16
72
200
226
200
200
2
104
144
118
119
182
190
11
18
17
16
224
226
200
225
200
219
85
214
200
219
