1
2
2
2
2
2
2
2
2
2
2
2
2
2
2
2
2
2
2
2
2
2
17
25
26
27
29
30
30
30
30
30
30
30
30
30
30
30
30
30
30
30
30
30
30
30
30
30
30
30
30
30
30
30
30
30
30
30
30
30
30
30
30
30
30
30
30
30
30
30
30
30
30
30
30
30
30
30
30
30
30
30
30
30
30
30
30
30
30
30
30
30
30
30
30
30
30
30
30
30
30
30
30
30
30
30
30
30
30
30
30
30
30
30
30
30
30
30
30
30
30
30
30
30
30
30
30
30
30
30
30
30
30
30
30
30
30
30
30
30
30
30
30
30
30
30
30
30
30
30
30
30
30
30
30
30
30
30
30
30
30
30
30
30
30
30
30
30
30
30
30
30
30
30
30
30
30
1
181
181
181
181
181
181
181
181
181
181
181
181
181
181
181
181
181
181
181
181
181
181
197
197
29
206
206
206
206
206
206
206
206
206
206
206
206
206
206
206
206
206
206
206
206
206
206
206
206
206
206
206
206
206
206
206
206
206
206
206
206
206
206
206
206
206
206
206
206
206
206
206
206
206
206
206
206
206
206
206
206
206
206
206
206
206
206
206
206
206
206
206
206
206
206
206
206
206
206
206
206
206
206
206
206
206
206
206
206
206
206
206
206
206
206
206
206
206
206
206
206
206
206
206
206
206
206
206
206
206
206
206
206
206
206
206
206
206
206
206
206
206
206
206
206
206
206
206
206
206
206
206
206
206
206
206
206
206
206
206
206
206
206
206
206
206
206
206
206
206
206
206
206
206
206
206
206
206
206
206
206
206
206
206
206
206
206
206
206
206
206
206
206
206
206
206
206
206
206
206
206
206
206
206
206
206
206
206
206
206
206
206
206
206
206
206
206
206
206
206
206
206
206
206
206
206
206
206
206
29
411
411
411
411
411
411
411
414
414
414
415
415
415
416
418
416
418
416
418
417
417
417
418
154
154
154
94
94
94
315
315
315
315
136
136
136
136
136
175
175
175
79
79
79
133
133
133
12
12
12
12
12
12
83
83
83
119
119
119
114
114
114
194
194
194
194
194
194
182
182
182
182
182
182
182
182
182
182
182
182
182
182
182
182
182
182
182
182
214
214
214
214
214
46
46
46
27
27
27
27
246
246
7
7
7
7
7
7
339
339
118
118
118
245
245
357
357
405
405
405
121
121
121
395
395
299
299
62
62
62
56
56
56
54
54
54
260
260
260
260
260
260
260
383
383
383
236
36
36
36
248
248
248
248
103
103
103
10
10
10
10
10
10
132
132
184
184
184
184
184
135
135
135
16
16
16
16
16
150
150
150
157
157
157
261
261
261
261
401
401
401
401
97
97
97
369
369
226
226
226
148
148
148
252
252
252
252
367
367
367
367
367
21
21
21
21
21
193
193
193
193
193
193
68
68
68
19
19
19
19
19
85
85
85
198
198
198
198
198
198
417
417
417
417
417
17
17
17
17
17
17
17
379
379
279
279
279
279
279
239
239
267
267
267
267
3
3
3
3
3
3
3
3
3
3
3
3
3
3
3
3
3
3
3
3
138
138
138
188
188
188
188
188
300
300
110
110
110
127
127
127
347
347
40
40
40
116
116
116
297
297
333
333
177
177
177
177
177
178
178
178
178
178
393
393
393
393
365
365
113
113
113
189
189
189
189
189
120
120
120
224
224
9
9
9
9
9
9
162
162
162
287
287
218
124
124
124
171
171
171
319
319
319
319
185
185
185
185
185
185
185
415
415
415
415
415
415
18
18
18
18
18
18
271
271
271
271
269
269
269
269
413
413
413
413
413
413
243
243
60
60
60
381
381
381
11
11
11
11
11
11
63
63
63
232
232
232
232
406
406
190
190
190
190
190
190
190
241
241
254
254
254
254
147
147
147
13
13
13
13
13
13
305
305
305
305
305
337
337
53
53
53
399
399
399
174
174
174
295
295
283
283
361
361
257
257
228
228
221
221
192
192
192
192
192
192
377
377
408
408
275
275
275
275
96
96
96
234
234
90
90
90
200
200
200
200
200
200
123
123
123
313
313
313
313
34
34
34
15
15
15
15
15
289
289
389
389
389
412
412
412
412
412
412
412
412
99
99
99
42
42
42
65
65
65
105
105
105
168
168
168
220
396
396
371
371
145
145
145
74
74
74
273
273
273
273
144
144
144
373
373
329
329
329
329
311
311
311
311
351
351
202
202
202
202
202
202
335
335
303
303
303
303
303
291
291
73
73
73
363
363
387
387
387
258
258
258
258
258
258
258
258
258
258
258
258
258
258
258
258
258
258
38
38
38
285
285
323
323
323
323
172
172
172
126
126
126
130
130
130
106
106
106
317
317
317
317
293
293
414
414
414
414
414
414
414
414
349
349
327
327
327
327
265
265
265
265
163
163
163
6
6
6
6
6
6
151
151
151
331
331
331
331
331
82
82
82
187
187
187
187
187
197
197
197
197
197
197
197
345
345
5
5
5
5
80
80
80
139
139
139
48
48
48
191
191
191
191
191
191
191
129
129
129
309
309
309
309
391
391
391
23
23
23
23
23
23
250
250
250
250
183
183
183
183
183
183
277
277
277
277
166
166
166
59
59
59
141
141
141
142
142
142
57
57
57
50
50
50
91
91
91
156
156
156
77
77
77
307
307
263
263
263
263
70
70
70
217
217
217
196
196
196
196
196
196
4
4
4
4
51
51
51
71
71
71
102
102
102
108
108
108
201
201
201
201
201
201
321
321
321
321
8
8
8
8
8
8
14
14
14
14
14
199
199
199
199
199
199
160
160
160
375
375
93
93
93
159
159
159
416
416
416
416
416
416
216
216
216
216
216
230
230
230
169
169
169
66
66
66
186
186
186
186
186
385
385
385
255
255
255
255
259
259
259
88
88
88
403
403
35
22
22
22
22
22
111
111
111
195
195
195
195
195
195
343
343
353
353
100
100
100
20
20
20
20
20
44
44
44
359
359
115
115
115
153
153
153
86
86
86
281
281
281
281
165
165
165
341
341
418
418
418
418
418
325
325
325
325
355
355
76
76
76
237
237
237
237
204
204
205
419
28
28
422
425
430
430
431
434
