2
3
4
5
6
7
8
9
10
11
12
13
14
15
16
17
18
19
20
21
22
23
24
26
27
28
30
31
32
33
34
35
36
37
38
39
40
41
42
43
44
45
46
47
48
49
50
51
52
53
54
55
56
57
58
59
60
61
62
63
64
65
66
67
68
69
70
71
72
73
74
75
76
77
78
79
80
81
82
83
84
85
86
87
88
89
90
91
92
93
94
95
96
97
98
99
100
101
102
103
104
105
106
107
108
109
110
111
112
113
114
115
116
117
118
119
120
121
122
123
124
125
126
127
128
129
130
131
132
133
134
135
136
137
138
139
140
141
142
143
144
145
146
147
148
149
150
151
152
153
154
155
156
157
158
159
160
161
162
163
164
165
166
167
168
169
170
171
172
173
174
175
176
177
178
179
180
181
182
183
184
185
186
187
188
189
190
191
192
193
194
195
196
197
198
199
200
201
202
203
204
205
206
207
208
209
210
211
212
213
214
215
216
217
218
219
220
221
222
223
224
225
226
227
228
229
230
231
232
233
234
235
236
237
238
239
240
241
242
243
244
245
246
247
248
249
250
251
252
253
254
255
256
257
258
259
260
261
262
263
264
265
266
267
268
269
270
271
272
273
274
275
276
277
278
279
280
281
282
283
284
285
286
287
288
289
290
291
292
293
294
295
296
297
298
299
300
301
302
303
304
305
306
307
308
309
310
311
312
313
314
315
316
317
318
319
320
321
322
323
324
325
326
327
328
329
330
331
332
333
334
335
336
337
338
339
340
341
342
343
344
345
346
347
348
349
350
351
352
353
354
355
356
357
358
359
360
361
362
363
364
365
366
367
368
369
370
371
372
373
374
375
376
377
378
379
380
381
382
383
384
385
386
387
388
389
390
391
392
393
394
395
396
397
398
399
400
401
402
403
404
405
406
407
408
409
410
411
412
413
414
415
416
417
418
419
420
421
422
423
424
425
426
427
428
429
430
431
432
433
434
155
208
32
95
32
30
410
316
209
210
137
208
32
33
206
176
208
32
81
32
30
134
208
32
226
257
127
367
136
206
84
32
30
122
32
30
117
32
30
226
257
367
203
136
206
186
199
187
188
194
200
195
193
190
196
198
183
192
185
201
184
189
202
191
197
215
209
212
211
213
47
32
30
367
136
30
206
247
209
226
59
257
367
136
206
340
209
122
32
30
239
243
358
209
407
208
209
122
32
30
397
209
302
209
64
32
30
58
32
30
55
32
30
410
248
246
239
258
234
210
384
209
210
234
37
31
32
410
249
209
210
104
32
30
226
257
68
367
136
206
134
32
226
367
203
136
206
137
32
33
226
257
367
136
206
152
208
32
158
208
32
410
266
209
210
410
402
209
210
98
32
30
370
209
227
223
209
149
208
32
410
253
209
210
368
209
210
30
30
226
257
56
367
206
226
257
367
203
136
206
69
32
30
226
257
56
367
206
87
32
30
226
257
367
203
136
206
226
257
303
224
206
226
257
313
56
367
30
206
380
209
410
280
259
209
210
240
209
410
268
209
210
16
12
11
21
6
18
19
10
8
9
7
14
20
23
13
22
17
4
5
2
140
208
32
226
367
203
136
206
301
209
112
32
30
128
32
30
348
209
41
32
30
117
32
30
298
209
334
209
179
180
208
32
33
179
180
208
32
33
246
394
333
209
366
209
117
32
30
226
367
203
136
206
122
32
30
225
209
226
257
367
136
65
206
164
208
32
288
209
219
125
32
30
173
208
32
410
320
209
210
226
257
367
203
136
236
206
226
257
303
239
224
206
226
257
175
56
367
206
410
272
209
210
410
270
209
210
232
257
303
283
234
206
244
209
61
32
30
382
209
210
226
257
124
367
136
206
64
32
30
410
233
209
210
407
209
226
257
367
203
136
234
206
242
209
410
256
209
210
149
208
32
226
257
130
367
136
206
306
209
210
206
206
338
209
55
32
30
400
209
210
176
208
32
296
209
284
209
362
209
258
234
229
209
222
209
226
257
367
203
136
206
378
209
409
209
410
276
209
210
98
32
30
235
209
92
32
30
226
257
367
203
136
206
125
32
30
410
314
209
210
31
32
33
226
257
44
367
206
290
209
390
209
210
237
232
257
220
303
283
234
206
101
32
30
43
32
30
67
32
30
107
32
30
170
208
32
218
398
209
372
209
146
208
32
75
32
30
410
274
209
210
146
208
32
374
209
410
330
209
210
410
312
209
210
352
209
226
257
367
203
136
206
336
209
304
209
210
206
206
292
209
75
32
30
364
209
388
209
210
264
246
278
239
272
410
268
276
262
274
266
280
270
281
234
259
209
210
39
32
30
286
209
410
324
209
210
173
208
32
128
32
30
131
32
30
107
32
30
410
318
209
210
294
209
226
257
303
243
283
224
293
206
350
209
410
328
209
210
410
264
209
210
164
208
32
226
257
56
367
136
206
152
208
32
410
246
332
209
210
84
32
30
226
367
203
136
206
226
257
367
203
136
30
206
346
209
226
257
367
206
81
32
30
140
208
32
49
32
30
226
257
367
203
136
234
206
131
32
30
410
310
209
210
392
209
210
226
178
257
56
367
206
410
251
209
210
226
257
367
203
136
206
410
278
209
210
167
208
32
61
32
30
143
208
32
143
208
32
58
32
30
52
32
30
92
32
30
158
208
32
78
32
30
308
209
410
262
209
210
72
32
30
218
212
211
226
257
367
203
136
206
226
257
367
206
52
32
30
72
32
30
104
32
30
109
32
30
226
257
367
203
136
206
410
322
209
210
226
257
62
367
136
206
226
257
40
367
206
226
257
367
203
136
206
161
208
32
376
209
95
32
30
161
208
32
226
257
303
243
224
206
209
212
211
213
210
231
223
209
170
208
32
67
32
30
226
367
203
136
206
386
209
210
410
256
209
210
305
258
206
89
32
30
404
209
36
226
257
56
367
206
112
32
30
226
257
367
203
136
206
344
209
354
209
101
32
30
226
257
56
367
206
45
32
30
360
209
117
32
30
155
208
32
87
32
30
410
282
209
210
167
208
32
342
209
226
257
303
224
206
410
326
209
210
356
209
78
32
30
410
238
209
210
367
136
203
226
367
30
226
226
226
303
226
226
