2
3
6
7
8
9
10
11
12
13
14
15
16
17
18
19
20
21
22
23
24
25
26
27
28
29
30
31
32
33
34
35
36
37
38
39
40
41
42
43
44
45
46
47
48
49
50
51
52
53
54
55
56
57
58
59
60
61
62
63
64
65
66
67
68
69
70
71
72
73
74
75
76
77
78
79
80
81
82
83
84
85
86
87
88
89
90
91
92
93
94
95
96
97
98
99
100
101
102
103
104
105
106
107
108
109
110
111
112
113
114
115
116
117
118
119
120
121
122
123
124
125
126
127
128
129
130
131
132
133
134
135
136
137
138
139
140
141
142
143
144
145
146
147
148
149
150
151
152
153
154
155
156
157
158
159
160
161
162
163
164
165
166
167
168
169
170
171
172
173
174
175
176
177
178
180
181
182
183
184
185
186
187
188
189
190
191
192
193
194
195
196
197
198
199
200
202
203
204
205
206
207
208
209
210
211
212
213
214
215
216
217
218
219
220
221
222
223
224
225
226
227
228
229
230
231
232
233
234
235
236
237
238
239
240
241
242
243
244
245
246
247
248
249
250
251
252
253
254
255
256
257
258
259
260
261
262
263
264
265
266
267
268
269
270
271
272
273
274
275
276
277
278
279
280
281
282
283
284
285
286
287
288
289
290
291
292
293
294
295
296
297
298
299
300
301
302
303
304
305
306
307
308
309
310
311
312
313
314
315
316
317
318
319
320
321
322
323
324
325
326
327
328
329
330
331
332
333
334
335
336
337
338
339
340
341
342
343
344
345
346
347
348
349
350
351
352
353
354
355
356
357
358
359
360
361
362
363
364
365
366
367
368
369
370
371
372
373
374
375
376
377
378
379
380
381
382
383
384
385
386
387
388
389
390
391
392
393
394
395
396
397
398
399
400
401
402
403
404
405
406
407
408
409
410
411
412
413
414
415
416
417
418
419
420
421
422
423
424
425
426
427
428
429
430
431
432
433
434
435
436
437
438
439
440
441
442
443
444
445
446
447
448
449
450
451
452
453
454
455
456
457
458
459
460
461
462
463
464
465
466
467
468
469
470
471
472
473
474
475
476
477
478
479
480
481
482
483
484
485
486
487
488
489
490
491
492
493
494
495
496
497
498
499
500
501
502
503
504
505
506
507
508
509
510
511
512
513
514
515
516
517
518
519
520
521
522
523
524
525
526
527
528
529
530
531
532
533
534
535
536
537
538
539
540
541
542
543
544
545
546
547
548
549
550
551
552
553
554
555
556
557
558
559
560
561
562
563
564
565
566
567
568
569
570
571
572
573
574
575
576
577
499
368
379
206
381
483
528
531
541
524
358
356
207
210
202
359
308
524
543
8
15
8
14
531
543
529
396
379
541
445
510
390
441
389
439
454
443
449
395
45
15
8
21
356
91
32
24
341
353
11
353
207
353
351
524
92
454
445
443
449
441
439
505
138
75
19
211
207
206
353
351
353
18
15
111
89
174
91
136
169
173
127
32
15
24
7
531
369
353
353
483
309
315
313
530
314
207
206
353
150
202
9
349
524
89
8
501
396
394
379
541
445
441
439
454
443
449
530
509
393
395
353
353
202
277
353
90
158
170
164
129
157
86
135
64
18
15
8
51
137
129
8
6
164
42
349
353
84
10
8
15
14
387
207
206
202
349
353
103
530
544
487
524
535
543
279
371
465
139
202
517
394
353
10
351
170
42
8
526
524
275
206
531
281
531
463
541
530
543
529
210
206
353
353
15
202
309
517
483
531
519
353
353
387
207
397
530
358
210
206
353
530
535
379
530
544
543
358
524
341
104
174
173
103
202
510
437
349
483
531
358
105
104
42
66
129
528
526
275
206
530
529
213
399
457
364
544
543
206
104
169
8
504
353
280
530
364
529
206
10
202
45
13
24
8
353
531
387
527
528
526
524
523
275
211
220
208
210
209
206
202
484
353
206
353
353
206
12
531
353
138
139
20
510
509
10
207
394
369
353
399
458
345
138
65
11
517
543
356
66
136
97
483
358
483
531
345
358
276
527
367
379
353
397
530
540
538
398
523
163
45
10
12
483
309
281
541
512
282
210
9
8
138
65
132
10
48
87
16
17
21
206
218
202
312
528
524
275
206
390
353
531
353
312
528
313
530
544
543
358
207
56
8
202
353
353
353
530
460
517
529
206
397
217
206
111
174
91
136
29
88
173
94
127
32
15
24
11
353
172
171
127
10
11
24
8
14
6
44
163
135
10
8
390
353
399
543
529
207
206
202
218
390
353
46
382
541
369
459
356
13
68
120
522
222
14
212
379
207
210
206
18
544
517
16
541
364
543
529
8
98
10
11
202
202
358
207
390
353
531
379
206
105
104
8
381
387
309
531
362
207
206
398
206
531
280
530
369
529
279
535
206
531
524
426
356
210
353
353
390
202
528
379
8
541
364
544
543
529
211
490
379
359
164
42
8
309
524
343
202
353
356
87
116
111
91
136
29
88
94
127
32
15
24
91
32
24
524
318
176
309
531
541
408
358
459
363
80
202
56
10
497
8
202
508
387
207
206
211
207
206
387
207
206
544
543
353
206
530
524
210
517
63
22
381
541
459
514
531
219
353
202
531
312
364
510
509
22
381
531
541
524
139
347
353
202
529
216
211
66
129
135
127
11
202
276
527
540
538
523
529
220
208
221
209
222
206
214
213
202
313
208
207
210
209
202
353
531
353
95
394
76
137
28
128
13
15
20
8
12
9
14
98
174
88
173
15
61
174
66
173
343
353
503
394
20
111
130
75
42
13
6
6
517
174
136
158
129
157
173
60
309
356
379
387
207
206
55
10
8
524
535
524
347
524
345
381
530
460
517
206
353
379
367
528
397
369
523
207
359
308
544
524
44
137
56
138
139
135
34
42
127
15
7
14
23
514
531
202
353
42
7
202
353
115
8
202
130
45
6
353
399
528
202
211
210
209
353
212
343
447
522
221
529
214
23
483
528
438
358
347
457
531
206
378
379
353
206
75
502
522
137
48
139
164
129
42
15
11
16
7
21
48
65
129
11
7
21
29
394
353
379
387
207
206
379
372
488
202
61
127
483
8
65
42
127
368
379
526
206
206
103
353
202
527
367
528
397
530
369
207
15
10
211
207
206
144
81
353
576
202
11
353
202
483
531
358
347
8
353
211
208
8
498
394
64
8
399
458
529
206
10
11
24
8
174
136
158
129
157
173
63
120
42
10
18
8
7
577
202
341
164
58
42
127
531
312
531
379
528
524
356
313
208
207
210
209
202
64
127
353
60
353
353
309
8
111
29
127
152
354
531
528
112
490
66
345
202
353
98
129
137
48
139
164
129
42
15
11
7
21
353
353
353
202
8
483
210
495
130
45
6
8
202
8
353
206
510
509
381
528
531
530
524
426
543
459
529
206
137
56
42
15
7
202
206
210
347
390
353
163
166
164
42
8
17
210
202
6
80
