2
3
4
5
6
7
8
9
10
11
12
13
14
15
16
17
18
19
20
21
22
23
24
25
26
27
28
29
30
31
32
33
34
35
36
37
38
39
40
41
42
43
44
45
46
47
48
49
50
51
52
53
54
55
56
57
58
59
60
61
62
63
64
65
66
67
68
69
70
71
72
73
74
75
76
77
78
79
80
81
82
83
84
85
86
87
88
89
90
91
92
93
94
95
96
97
98
99
100
73
74
75
104
105
56
59
108
109
110
111
112
35
35
69
5
35
36
76
46
75
69
56
75
46
76
5
15
19
36
76
66
49
63
57
62
60
58
88
87
86
46
69
85
82
36
76
50
46
46
76
46
41
37
40
38
76
19
83
77
85
81
79
80
78
82
2
16
17
18
15
83
81
50
46
36
58
88
46
83
81
84
36
78
36
72
48
50
52
48
53
49
70
76
68
64
19
88
87
86
73
48
66
67
65
76
36
64
61
59
80
47
36
76
46
76
73
67
70
64
40
76
74
52
51
48
67
53
49
36
64
52
48
68
37
84
38
36
36
35
64
64
36
36
76
46
46
46
76
46
68
46
76
64
2
46
2
46
75
69
74
48
67
49
64
73
48
67
64
59
73
48
67
64
