2
3
4
5
6
7
10
11
12
13
14
15
16
17
18
20
21
22
24
25
26
27
28
29
30
31
32
33
34
35
36
37
38
39
40
41
42
43
44
45
46
47
48
49
50
51
52
53
54
55
56
57
58
59
60
61
62
63
58
66
67
68
69
70
71
72
73
74
75
76
77
78
79
80
81
82
83
84
85
86
87
88
89
90
91
92
94
95
96
97
98
99
100
101
102
103
104
105
108
109
110
111
112
114
115
117
118
119
120
121
122
123
125
126
127
128
129
130
131
132
133
134
135
136
137
138
139
140
141
142
143
144
145
146
147
148
149
150
152
153
154
155
156
157
158
159
160
163
164
165
166
167
168
169
170
171
172
173
174
175
176
177
178
179
180
181
182
183
184
185
186
187
188
189
191
192
193
194
195
197
198
200
201
202
203
204
205
206
207
208
209
210
211
212
213
214
215
216
217
218
219
220
221
222
223
224
225
226
227
229
230
231
232
233
234
237
238
239
240
241
242
243
246
247
248
249
250
251
252
253
254
255
256
257
258
261
262
263
264
265
266
267
268
269
270
272
274
275
276
277
278
279
281
282
283
284
285
286
287
288
289
290
292
294
295
296
297
298
299
300
302
303
305
306
307
308
309
310
313
314
315
316
317
318
319
320
321
322
323
324
325
326
327
328
329
330
331
332
333
334
335
336
337
338
339
340
341
342
343
344
345
346
347
348
349
350
351
352
353
354
355
356
357
358
359
361
362
363
364
365
366
367
368
370
371
373
374
375
376
377
378
379
380
381
382
383
384
385
386
387
388
389
390
391
392
393
394
395
396
397
398
399
400
401
402
403
404
405
406
407
408
409
410
411
412
413
414
415
416
417
418
419
421
424
425
426
427
428
429
430
431
432
433
434
435
436
439
440
441
442
443
444
447
448
449
450
451
452
453
454
455
456
457
458
459
460
461
462
464
466
467
468
469
470
471
472
473
474
475
476
477
479
480
481
482
483
484
485
487
488
489
490
491
492
493
494
495
496
497
498
499
500
501
502
503
504
505
506
507
508
509
510
511
512
513
514
515
516
517
518
519
520
521
522
523
524
525
526
527
528
529
530
531
532
533
534
535
536
537
538
539
540
541
542
543
544
545
546
547
548
549
550
551
552
553
554
555
556
557
559
560
548
562
563
564
565
566
567
568
569
546
571
544
573
574
550
576
539
579
580
581
582
583
584
585
586
587
588
589
590
591
592
593
594
595
596
597
598
599
600
601
602
603
604
605
606
607
608
609
610
611
612
613
614
615
616
617
618
619
620
621
622
623
625
626
627
628
629
630
631
632
633
634
635
636
637
638
639
640
641
642
643
644
645
646
647
648
649
650
652
653
654
655
657
658
659
660
661
662
663
664
666
667
668
669
670
671
672
673
674
675
676
677
678
679
680
681
682
683
684
685
686
687
689
691
692
693
694
695
696
699
700
701
702
703
704
705
706
707
709
710
711
712
713
714
715
716
717
718
719
720
722
724
725
726
727
728
729
730
731
732
733
734
735
736
737
738
739
740
741
742
743
744
745
746
747
748
749
750
751
752
753
754
755
756
757
758
759
760
761
762
763
764
765
766
767
768
769
770
771
772
773
774
775
776
777
778
779
780
781
782
783
784
785
786
787
788
789
790
791
792
793
794
795
796
797
798
799
800
801
802
803
804
805
806
807
808
809
812
813
814
815
816
817
818
819
820
821
822
823
824
825
826
827
828
829
830
833
834
835
836
837
838
839
840
841
842
843
844
845
846
847
848
849
850
851
852
853
854
855
856
857
858
859
860
861
862
863
865
866
867
868
869
870
871
872
873
874
875
876
877
878
880
881
882
883
884
885
886
887
888
889
890
891
892
893
894
895
896
897
898
899
900
901
902
903
904
905
906
907
908
909
910
911
912
913
914
915
916
917
918
919
920
921
922
923
924
925
927
928
929
930
931
932
933
934
935
938
939
940
941
942
943
944
945
946
947
948
949
952
953
954
955
956
957
958
959
960
961
962
963
964
965
966
967
968
969
970
971
972
973
974
975
976
977
978
979
980
981
982
983
984
985
986
987
988
989
990
991
992
993
994
995
996
997
998
999
1000
1001
1002
1003
1004
1005
1006
1007
1008
1002
1011
1012
1013
1014
1015
1016
1018
1019
1020
1021
1022
1023
1024
1027
1028
1029
1030
1031
1032
1033
1034
1035
1036
1037
1038
1039
1040
1041
1042
1043
1044
1045
1046
1047
1048
1049
1050
1051
1052
1053
1054
1055
1056
1057
1058
1059
1060
1061
1062
1063
1065
1066
1067
1068
1069
1070
1071
1072
1073
1074
1075
1076
1077
1078
1079
1080
1081
1082
1083
1084
1085
1086
1087
1088
1089
1090
1091
1093
1094
1095
1096
1097
1098
1099
1100
1101
1102
1103
1104
1105
1107
1108
1109
1110
1111
1112
1113
1114
1115
1116
1117
1118
1119
1120
1121
1122
1123
1124
1125
1126
1127
1128
1129
1130
1131
1132
1133
1134
1135
1136
1137
1138
1139
1140
1141
1142
1143
1144
1145
1146
1147
1148
1149
1150
1151
1152
1153
1154
1155
1156
1157
1158
1159
1161
1162
1163
1165
1166
1167
1169
1170
1171
1172
1173
1174
1175
1176
1177
1178
1179
1180
1181
1182
1184
1185
1186
1187
1188
1190
1191
1192
1193
1194
1195
1196
1197
1198
1199
1200
1201
1202
1203
1204
1205
1206
1207
1208
1209
1210
1211
1212
1213
1214
1215
1216
1217
1218
1219
1220
1221
1222
1223
1224
1225
1226
1227
1228
1229
1230
1231
1232
1233
1234
1235
1236
1237
1238
1239
1203
1242
1243
1244
1245
1246
1247
1248
1249
1250
1251
1252
1253
1254
1255
1256
1257
1258
1259
1260
1261
1262
1263
1264
1265
1266
1267
1268
1269
1270
1271
1272
1273
1274
1275
1276
1277
1278
1279
1280
1281
1282
1283
1284
1285
1286
1287
1288
1289
1290
1291
1292
1293
1294
1295
1296
1297
1298
1299
1300
1301
1302
1303
1304
1305
1306
1307
1308
1309
1310
1311
1313
1314
1315
1316
1317
1318
1319
1320
1321
1322
1323
1324
1325
1326
1327
1328
1329
1330
1331
1332
1333
1334
1335
1336
1337
1338
1339
1340
1341
1342
1343
1344
1345
1346
1347
1348
1349
1350
1351
1352
1353
1354
1355
1356
1357
1358
1359
1360
1361
1362
1363
1364
1365
1366
1367
1368
1369
1370
1371
1372
1373
1374
1375
1376
1377
1378
1379
1380
1381
1382
1383
1384
1385
1386
1387
1388
1389
1390
1392
1393
1394
1395
1396
1397
1398
1399
1400
1401
1402
1403
1404
1405
1406
1407
1408
1409
1410
1411
1412
1413
1414
1415
1416
1417
1418
1419
1420
1421
1422
1423
1424
1425
1426
1427
1428
1429
1430
1431
1432
1433
1434
1435
1436
1437
1438
1439
1440
1441
1442
1443
1444
1445
1446
1447
1448
1449
1450
1451
1452
1453
1454
1455
1456
1457
1458
1459
1460
1461
1462
1463
1464
1465
1466
1467
1468
1469
1470
1471
1472
1473
1474
1475
1476
1477
1478
1479
1480
1481
1482
1483
1484
1485
1486
1487
1488
1489
1490
1491
1492
1493
1494
1495
1496
1497
1498
1499
1500
1501
1502
1503
1504
1505
1506
1507
1508
1509
1510
1511
1512
1513
1514
1515
1516
1518
1519
1520
1521
1522
1523
1524
1525
1526
1527
1528
1529
1530
1531
1532
1533
1534
1535
1536
1537
1538
1539
1540
1541
1542
1543
1544
1545
1546
1547
1548
1549
1550
1551
1552
1553
1554
1555
1556
1557
1558
1559
1560
1561
1562
1563
1564
1565
1566
1567
1568
1564
373
87
373
373
1242
373
281
373
420
1242
724
478
373
546
724
373
373
373
373
373
343
862
864
1218
1219
1221
1203
1198
1197
1235
1460
1463
1423
667
72
282
402
862
28
864
1110
1312
128
129
1059
1044
1033
1032
1220
1195
1199
1200
1197
1194
1228
204
792
1318
597
621
619
590
589
588
591
534
1440
539
512
537
495
494
544
550
546
1456
1463
1423
1045
1220
1195
1199
1204
1200
1197
613
1149
1148
1122
1119
1120
1123
579
667
1195
1199
1201
1196
1200
1197
1198
1191
1202
1194
373
534
536
1436
535
512
537
495
494
1030
1031
1150
1151
603
1149
1148
1124
1122
1119
1120
1123
579
28
821
815
814
820
649
648
650
647
630
633
629
631
628
583
581
582
620
1121
1124
1122
1119
1120
1123
1183
619
599
1149
1148
1121
1122
1119
1120
1123
1172
579
1174
1279
1283
1270
392
539
675
671
35
665
819
972
1436
189
170
168
169
375
806
742
730
728
810
664
1340
648
630
633
629
631
628
1340
1484
402
862
28
864
597
618
588
592
591
597
588
591
667
1431
1078
1392
534
536
1439
535
512
537
495
494
396
1524
1523
1525
1526
113
28
730
26
27
728
810
797
798
728
796
131
133
127
129
128
130
161
374
375
881
926
1312
68
275
280
1244
558
1298
1244
1299
1297
864
1412
1416
1426
1413
335
340
341
349
348
534
536
1440
535
512
537
495
494
554
362
202
585
583
581
582
587
586
1362
1361
45
1537
1534
1530
597
621
619
622
590
589
588
591
1278
1243
1333
1315
437
580
228
777
778
783
1454
189
170
168
169
377
1282
1281
85
960
1371
1370
402
862
28
864
396
395
499
649
647
630
633
629
632
631
628
729
1257
1258
1245
1244
257
614
1149
1148
1122
1119
1120
1123
579
667
1537
648
650
630
633
629
631
628
235
740
727
790
1150
1151
1149
604
1148
1124
1122
1119
1120
1123
579
1179
597
621
619
590
589
588
591
55
1020
1019
452
402
862
864
539
1152
608
619
1149
1148
1121
1122
1119
1120
1123
1172
579
1174
938
402
534
1453
512
537
495
494
544
550
546
1520
374
597
621
619
590
589
588
591
783
881
895
884
280
1456
1463
1423
338
982
981
962
497
496
1196
1267
356
1333
1315
52
53
26
27
534
513
1446
537
495
494
544
546
1528
1530
1531
32
1445
534
536
535
512
537
495
494
554
692
402
28
369
76
78
1314
1317
1319
1318
1315
1316
1320
66
701
1451
189
170
168
169
667
1190
1190
1019
1025
360
513
249
251
247
259
1456
1463
1423
356
315
427
425
534
536
1441
535
512
537
495
494
1466
1467
1152
619
600
1149
1148
1122
1119
1120
1123
579
1174
1172
1435
166
168
165
707
708
777
785
380
1488
1461
1489
1503
1502
1486
1506
1507
1498
1425
1497
1505
1499
1484
1484
679
678
671
670
688
67
1243
1244
1028
1027
1498
1497
1517
669
668
1217
1232
164
170
166
167
169
165
199
467
5
821
393
597
618
588
592
591
597
621
619
590
589
588
591
616
619
1149
1148
1121
1122
1119
1120
1123
579
1172
356
386
938
1192
1193
534
1444
539
512
537
495
494
554
544
550
546
268
270
40
1541
1544
42
1532
1528
1533
1535
1529
1531
1536
597
618
588
592
591
1520
740
1520
148
138
311
963
17
18
396
395
1044
1030
1029
1033
579
118
1562
1523
402
862
28
864
1431
1419
1422
1396
1510
374
726
238
770
1061
1417
1424
1416
1485
1394
1395
1396
1484
357
342
335
340
402
76
1068
66
149
131
133
132
624
1151
1183
1222
1203
1195
1204
1196
1194
402
76
1314
1317
1319
1318
1315
1316
1320
66
1442
189
170
168
169
284
286
282
287
285
283
291
379
399
410
534
1447
512
537
495
494
544
550
546
1434
404
539
510
495
497
494
498
493
491
496
499
489
1392
597
621
619
622
590
589
588
591
28
451
449
448
26
27
453
450
1244
1279
1263
101
1262
103
1159
1157
1158
1153
32
26
27
534
1450
512
537
495
494
548
597
618
588
592
591
1432
1416
1422
620
593
589
1307
1245
1244
1486
1485
44
32
33
30
769
777
778
763
474
475
467
585
590
589
588
592
587
591
586
375
1192
1193
49
1537
1534
1535
1536
615
619
1149
1148
1121
1122
1119
1120
1123
579
1172
1232
1196
1231
597
622
588
592
591
730
86
1315
1316
597
621
619
622
590
589
588
591
374
1059
1045
1029
1033
1032
378
373
480
486
147
150
149
986
987
971
378
597
619
622
590
589
588
591
647
1152
611
619
1148
1121
1122
1119
1123
1120
1174
579
1172
146
142
395
375
1151
1183
1196
630
633
629
632
631
651
58
1535
996
345
315
705
706
707
708
11
1232
425
862
864
777
763
402
28
1456
1463
1423
1340
351
352
1195
1484
199
41
1537
1535
1538
1536
1530
648
630
633
629
631
628
82
1314
1317
1319
1315
1316
1320
66
728
384
401
1460
1463
1423
667
670
1456
1463
1423
1484
402
862
864
1195
1199
1204
1200
1197
1527
1446
189
170
168
169
398
84
74
708
1267
539
1522
60
1535
1203
1201
402
862
864
224
665
1438
189
170
168
169
769
777
778
763
474
475
467
271
335
340
808
809
1522
800
803
801
26
27
805
804
810
374
930
936
534
1446
512
537
495
494
544
550
546
109
972
1424
1394
1396
534
512
537
1449
495
494
548
623
1471
55
28
29
82
1314
1317
1319
1315
1316
1320
66
1211
478
1190
1456
1463
1423
728
786
401
1520
811
1537
328
346
355
334
339
344
336
315
314
32
34
33
30
1012
1017
1440
1442
189
170
168
169
402
28
327
346
333
355
339
344
336
315
314
19
124
1456
1463
1423
1028
736
1459
1463
1423
1404
1411
1520
1446
189
170
168
169
284
286
285
287
283
744
784
785
1456
1463
1423
392
394
297
391
393
1522
28
295
301
1204
780
763
397
1361
1236
1237
354
356
295
776
763
741
1111
1110
1109
1108
688
688
257
597
618
588
592
591
1435
716
715
648
650
630
633
629
631
628
534
1437
512
537
495
494
544
550
546
1152
608
619
1149
1148
1121
1122
1119
1120
1123
579
1174
1172
1491
1486
1485
1484
1361
1563
1558
1540
1532
1537
1534
1528
1533
1535
1538
1530
1529
1536
1531
24
648
650
630
633
629
631
628
739
490
489
453
447
1220
1152
619
602
1149
1148
1121
1122
1119
1120
1123
579
1174
1179
1172
297
295
71
87
327
346
355
332
338
344
336
315
314
1371
1244
1456
1463
1423
1239
1203
1235
1061
147
150
149
1361
207
211
206
209
213
208
402
28
315
314
249
247
54
1244
1150
1151
610
1149
1148
1124
1122
1119
1120
1123
579
46
1535
1530
1531
76
1314
1317
1319
1318
1315
1316
1320
66
864
715
402
862
28
864
201
1524
1523
1525
1526
1260
146
131
133
132
740
727
790
335
340
386
28
938
1488
1461
1489
1501
1486
1506
1507
1498
1425
1497
1505
1499
1484
1484
78
1314
1317
1319
1315
1320
66
1044
1030
1060
1196
1231
1414
1510
448
402
862
864
394
203
329
331
326
330
403
508
505
490
491
489
488
558
1387
1391
32
26
27
1314
1319
1318
1315
1316
1320
1371
619
1121
1123
1183
1172
1309
1310
1306
1304
1522
1305
27
1301
1302
440
1095
402
862
28
864
1340
1371
1360
131
133
132
157
743
729
728
374
1456
1463
1423
8
490
491
347
350
353
32
33
368
402
297
391
1522
301
534
1442
539
512
537
495
494
554
544
546
328
1244
289
118
1486
1485
1481
1484
830
1272
1243
146
142
40
1528
1535
1370
87
29
1393
749
750
1106
28
818
820
817
831
630
628
667
776
763
741
1111
1110
1109
1108
148
138
963
963
962
422
268
270
1079
1456
1463
1423
819
630
628
667
933
936
1332
81
1314
1317
1319
1315
1316
1320
66
972
83
79
80
82
86
85
70
74
69
68
71
67
784
1558
57
32
34
35
33
30
31
36
1393
609
1152
619
1149
1148
1121
1122
1119
1120
1123
1172
579
1174
963
32
33
402
862
28
864
1437
189
170
168
169
534
1438
539
512
537
495
494
544
550
546
597
619
590
589
588
591
1396
823
819
649
203
1456
1463
1423
972
11
1456
1463
1423
1371
257
1056
597
619
590
589
588
591
1388
1391
306
1152
619
612
1149
1148
1121
1122
1119
1123
1120
1172
1174
579
597
618
588
592
591
1244
375
792
791
59
1535
509
1434
1431
164
166
168
167
1392
1392
704
708
1520
780
328
346
355
334
339
344
336
315
314
678
671
670
56
1394
25
1444
189
170
168
169
791
492
491
489
147
150
138
1200
72
1361
1362
1361
511
489
597
588
591
667
5
6
957
971
962
993
985
980
996
70
74
69
73
68
71
72
67
982
981
971
1522
483
486
346
325
331
1266
356
353
332
345
341
344
350
327
355
338
330
336
315
314
343
1283
1261
753
1435
490
494
498
1150
1151
601
1149
1148
1124
1122
1119
1120
1123
579
1488
1461
1462
1489
1504
1503
1502
1486
1507
1419
1421
1499
1484
1484
1030
1031
1033
1028
1032
1027
1064
1055
1110
741
1111
1150
1151
598
1149
1148
1124
1122
1119
1120
1123
579
534
1451
512
537
495
494
667
1281
1488
1461
1489
1486
1509
1508
1497
1484
667
1484
1431
1414
1418
1426
665
1012
492
696
692
697
538
511
497
1485
1394
493
496
1484
597
621
619
590
589
588
591
1236
1237
131
133
132
154
460
1439
189
170
168
169
403
391
1078
1077
1079
1092
649
647
630
633
629
632
631
628
1259
1245
558
445
729
728
402
862
28
864
1447
189
170
168
169
406
374
648
650
630
633
629
631
628
1434
1441
1464
404
716
1485
1394
1395
715
721
1484
1392
1279
1263
101
102
103
972
971
753
453
1152
619
1149
604
1148
1121
1122
1119
1120
1123
579
1174
1172
1450
189
1449
170
168
169
1488
1461
1462
1489
1504
1501
1503
1502
1486
1507
1419
1500
1421
1499
1484
1484
670
257
325
344
337
315
314
334
374
1520
1484
1406
1407
43
1537
1535
32
33
30
230
1486
1484
1456
1463
1423
1020
1019
1078
81
1431
1417
1484
1510
17
19
1408
1402
1412
1411
1410
1409
1403
1407
1413
1333
1315
1459
1463
1423
963
1266
335
340
341
1059
1044
1030
1032
534
1454
512
537
495
494
544
550
546
647
630
633
631
629
632
628
651
1371
55
30
51
1535
972
822
820
831
1312
1262
838
836
837
1456
1463
1423
830
1468
1465
1424
1418
1411
1403
1417
1408
1402
1423
1419
1416
1410
1409
1425
1421
1415
1422
1480
244
986
987
971
1044
1030
1032
1383
649
630
633
629
631
628
375
1056
1267
356
1203
1195
1204
1201
1196
1194
1396
377
374
356
777
1268
28
998
999
997
993
963
85
118
1452
189
170
168
169
667
1456
1463
1423
106
333
362
1150
607
1151
1149
1148
1124
1122
1119
1120
1123
579
1179
32
945
950
34
35
31
25
32
37
29
38
30
36
1392
579
1279
1274
102
101
1272
103
1250
838
836
837
1453
189
170
168
169
76
1314
1317
1319
1318
1315
1316
1320
66
1417
1484
257
1466
1469
1467
1428
1414
1427
1418
1421
315
770
777
785
778
763
474
475
467
1440
1441
189
170
168
169
50
1537
1534
1535
1538
1536
534
1452
512
537
495
494
667
1152
608
619
1149
1148
1121
1122
1119
1120
1123
1172
579
1174
509
507
499
148
131
133
132
1274
971
971
76
1314
1317
1319
1318
1315
1316
1320
66
1152
619
606
1149
1148
1121
1122
1119
1120
1123
579
1174
1179
1172
326
534
536
535
512
537
1448
495
494
48
1537
1534
1535
1538
1536
1361
47
1535
28
1244
27
1080
1081
1494
1428
1493
1427
1496
1415
1495
1492
374
670
807
55
1055
55
55
55
790
1484
55
971
410
55
55
1308
813
667
688
55
1392
1299
1510
1510
993
66
55
55
55
55
1480
667
688
55
1392
24
1523
971
1523
1484
55
55
1520
1392
55
798
55
161
301
301
1108
1106
1092
1030
1064
862
864
862
864
862
864
665
311
311
708
708
19
708
17
705
706
707
708
708
1312
369
445
106
106
721
113
1017
1017
539
811
539
58
1535
486
486
651
651
113
113
558
862
864
862
864
1520
271
539
1025
539
360
539
862
864
360
539
558
831
862
864
862
864
1315
1316
558
539
539
950
235
950
697
280
280
936
936
124
199
1121
1183
1183
1183
1183
437
8
228
862
864
862
864
862
864
862
864
862
864
862
864
1388
1391
1497
1490
1391
244
291
244
926
926
