2
3
4
5
6
7
8
9
10
11
12
13
14
15
16
17
18
19
20
22
23
24
25
27
28
29
30
31
32
33
34
35
36
37
38
39
40
41
42
43
44
45
46
47
48
49
50
51
52
53
54
55
56
57
58
59
60
61
62
63
64
65
66
67
68
69
70
71
72
73
74
75
76
77
78
79
80
81
82
83
84
85
86
87
88
89
90
91
92
93
94
95
96
97
98
99
100
101
102
103
104
105
106
107
108
109
110
111
112
113
114
115
116
117
118
119
120
121
122
123
124
125
126
127
128
129
130
131
132
133
134
135
136
137
138
139
140
141
142
143
144
145
146
147
148
149
150
151
152
153
154
155
156
157
158
159
160
161
162
163
158
165
166
167
168
169
170
171
172
173
174
175
174
177
178
179
180
181
182
183
184
185
186
187
188
189
190
192
193
194
195
196
197
198
199
200
201
202
203
204
205
206
207
208
209
210
211
212
213
214
215
216
217
218
219
220
221
222
223
224
225
226
227
228
229
230
231
232
233
234
235
236
237
238
239
240
241
242
243
244
245
246
247
248
249
250
251
252
253
254
255
256
257
258
259
260
261
262
263
264
265
266
267
268
269
270
271
272
273
274
275
276
277
278
279
280
281
282
283
284
285
286
287
288
289
290
215
211
104
193
215
216
215
210
119
174
179
217
215
210
215
171
170
174
172
165
144
143
145
142
141
139
157
212
119
104
167
217
215
209
192
212
146
171
170
174
172
165
166
215
215
211
146
215
277
275
271
265
146
212
49
55
38
35
36
37
215
19
195
215
211
276
275
265
132
119
215
210
46
45
158
159
217
215
211
166
7
6
212
134
121
174
179
215
215
210
215
15
217
217
215
210
146
195
215
209
276
215
210
215
206
215
216
13
12
14
7
8
5
6
4
19
146
174
179
215
210
168
215
210
217
215
209
215
209
157
267
265
171
170
174
172
165
215
211
275
265
193
139
215
276
275
273
265
53
33
121
277
275
271
265
58
51
60
57
31
61
217
215
211
31
34
30
64
277
275
269
265
215
209
3
7
6
15
17
168
166
167
215
216
53
275
265
34
277
275
272
265
106
69
195
215
174
179
58
51
44
45
60
57
39
31
40
61
168
166
167
193
215
211
215
209
277
275
265
58
50
51
55
47
54
38
35
36
119
31
37
61
32
215
17
215
211
174
173
165
215
212
146
174
179
275
265
193
193
206
215
209
58
51
48
55
57
54
56
38
36
31
37
61
174
179
276
275
265
215
209
215
132
174
173
165
277
275
270
265
193
165
165
193
270
266
271
267
269
272
273
159
268
265
264
156
104
69
121
156
7
7
13
14
276
275
