2
3
4
5
6
7
8
9
10
11
12
13
14
15
16
17
18
19
20
21
22
23
24
25
26
27
28
29
30
31
32
33
34
35
36
37
38
39
40
42
43
44
45
46
47
48
49
50
51
52
53
54
55
56
57
58
59
60
61
62
63
64
65
66
67
68
69
70
71
72
73
74
75
76
77
78
79
80
81
82
83
84
85
86
87
88
89
90
91
92
93
94
95
96
97
98
99
100
101
102
103
104
105
106
107
108
109
110
111
112
113
114
115
116
117
118
119
120
121
122
123
124
125
126
127
128
129
130
131
132
133
134
135
136
137
138
139
140
141
142
143
144
145
146
147
148
149
150
151
152
153
154
155
156
157
158
159
160
161
162
163
9
16
15
5
34
14
51
49
138
51
58
107
25
37
36
33
13
9
12
16
14
15
161
106
73
129
125
138
108
14
50
34
18
9
4
9
12
31
38
9
16
51
49
51
138
118
51
51
51
125
34
38
9
51
6
10
11
4
98
50
48
51
51
56
69
71
49
48
60
61
38
16
51
23
13
9
8
12
7
4
51
117
118
63
57
52
53
51
42
50
23
9
140
161
112
137
138
119
118
51
140
128
135
114
51
68
140
139
111
137
138
9
51
47
51
113
137
51
128
135
51
30
29
9
10
48
97
57
112
97
56
55
115
128
135
119
118
68
31
38
10
16
51
134
118
9
16
136
140
139
110
137
138
18
9
11
136
161
109
129
137
138
59
2
155
155
42
105
138
45
46
118
