1
2
2
2
2
2
2
2
2
2
2
2
2
2
2
2
2
2
2
2
2
2
2
2
2
2
2
2
2
2
2
2
2
34
34
34
34
1
39
39
39
39
39
39
39
43
1
48
48
48
48
48
48
48
48
48
48
48
48
48
48
48
48
48
48
48
48
48
48
48
48
48
48
48
48
48
48
48
48
48
48
48
48
48
48
48
48
48
48
48
48
48
48
48
48
48
48
48
48
48
48
48
48
48
48
48
48
48
48
110
110
110
48
114
65
116
116
48
119
119
119
119
119
119
48
126
48
128
128
128
48
132
106
134
66
24
24
24
93
93
103
103
63
26
11
70
57
15
15
15
61
30
30
30
118
21
21
21
72
12
12
12
19
19
31
31
10
10
10
10
20
20
108
123
17
17
17
17
125
125
125
100
68
107
69
13
13
13
13
124
135
29
29
18
18
18
18
9
9
32
32
60
60
43
33
33
112
27
27
27
62
106
14
14
14
22
22
95
95
25
25
25
16
16
16
16
59
71
99
38
89
113
8
23
23
67
28
28
7
