1
2
2
2
2
2
2
2
2
2
2
2
2
2
2
2
2
2
2
2
2
2
2
2
2
2
2
2
2
2
2
2
2
2
2
2
2
2
2
2
2
2
2
2
2
2
2
2
2
2
2
2
2
2
2
2
2
2
2
2
2
2
2
2
2
2
2
2
2
2
2
2
2
2
2
2
2
2
2
2
2
2
2
2
2
2
2
2
2
2
2
2
40
94
94
97
99
100
101
102
103
104
105
105
105
105
105
105
105
105
105
105
105
105
105
105
105
105
105
105
105
105
105
105
105
105
105
105
105
105
105
105
105
105
105
105
105
105
105
123
143
143
123
146
146
125
149
149
125
152
125
154
105
156
156
156
156
156
156
105
163
105
165
165
165
165
165
171
172
172
172
172
172
172
172
172
172
172
172
172
172
172
172
172
172
172
172
172
172
172
172
172
172
172
172
172
172
172
172
172
172
172
172
172
172
172
172
172
172
172
172
172
172
172
172
172
172
172
172
172
172
172
172
172
172
172
172
172
172
172
172
172
172
172
172
172
172
172
172
172
172
172
172
172
172
172
172
172
172
172
172
172
172
172
172
172
172
172
172
172
172
172
172
172
172
172
172
172
172
172
172
172
172
172
172
172
172
172
172
172
172
172
172
172
172
172
172
172
172
172
172
172
172
172
172
172
172
172
172
172
172
172
172
172
172
172
172
172
172
172
172
172
172
172
172
172
172
172
172
172
172
172
172
172
172
172
172
172
104
333
333
333
333
333
333
333
333
333
333
333
333
333
333
333
333
333
333
333
333
345
354
347
356
351
358
352
360
353
362
333
364
364
364
364
364
370
371
371
371
371
371
371
371
371
371
371
371
371
371
371
371
371
371
371
371
371
371
371
371
371
371
371
371
371
371
371
371
371
371
371
371
371
371
371
371
371
371
371
371
371
371
371
371
371
371
371
371
371
371
371
371
371
371
371
371
371
371
371
371
371
371
371
371
371
371
371
371
371
371
371
371
371
371
371
371
371
371
371
371
371
371
371
371
371
371
392
461
396
463
359
359
359
468
469
469
469
469
469
469
469
469
469
469
469
469
469
469
469
469
469
469
469
469
469
469
469
469
469
469
469
469
469
469
469
469
469
469
469
469
469
469
469
469
469
469
469
469
469
469
469
469
469
469
469
469
469
469
469
469
469
469
469
469
469
469
469
469
469
469
469
469
469
469
469
469
469
469
469
469
469
469
469
469
486
550
501
552
501
554
501
556
501
558
501
560
503
563
564
564
564
564
564
564
564
564
564
564
564
564
564
564
564
564
564
564
564
564
564
564
564
564
564
564
564
564
564
564
564
564
564
564
564
564
564
564
564
564
564
564
564
564
564
564
564
564
564
564
564
564
564
564
564
579
620
564
622
622
622
622
622
622
622
564
630
564
632
632
632
564
636
636
636
636
636
636
564
643
643
643
643
643
643
643
643
643
564
653
653
653
653
653
653
653
653
653
653
653
653
564
666
666
666
666
666
666
673
675
675
602
602
613
613
680
1
681
681
681
681
681
681
681
681
681
681
681
681
681
681
681
681
681
681
681
681
681
681
681
681
681
681
681
681
681
681
681
681
681
681
681
681
681
681
681
681
681
681
681
681
681
681
681
681
681
681
681
681
681
681
681
681
681
681
681
681
681
681
681
681
681
681
681
681
725
750
750
753
754
755
756
757
758
759
760
761
761
761
761
761
761
761
761
761
761
761
761
761
761
761
761
761
761
761
761
761
761
761
761
761
761
761
761
761
761
761
761
761
761
761
761
761
761
761
761
761
761
761
761
761
761
761
761
761
761
761
761
761
761
761
761
761
761
761
761
761
761
761
761
761
761
761
761
761
761
761
761
761
761
761
761
761
761
761
761
761
761
761
761
761
761
761
761
761
761
761
761
761
761
761
761
761
761
761
761
761
761
761
761
761
761
761
761
761
761
761
761
761
761
761
761
761
761
761
761
761
761
761
761
761
761
761
761
761
761
761
761
761
761
761
761
761
761
761
761
761
761
761
761
761
761
761
761
761
761
761
761
761
761
761
761
761
761
761
761
761
761
761
761
761
761
761
761
761
761
761
761
761
761
761
761
761
761
761
761
761
761
761
761
761
761
761
761
761
632
636
643
105
229
308
416
416
626
288
249
457
457
588
299
877
85
85
542
699
699
712
730
730
730
911
31
694
694
500
500
500
500
734
734
734
734
734
734
436
506
856
528
593
593
593
593
693
693
257
722
722
722
518
518
518
518
899
512
512
512
512
512
512
512
512
512
512
512
512
512
512
519
519
46
46
51
900
520
520
442
591
853
136
136
136
136
331
287
860
298
908
901
746
720
73
73
670
670
361
639
639
639
639
639
130
418
418
723
723
839
738
738
75
861
848
735
735
735
735
735
735
735
162
514
87
428
729
729
729
831
235
419
419
155
242
292
261
26
26
48
48
166
402
402
439
439
304
460
885
927
697
864
32
32
52
52
52
52
661
661
661
661
915
270
841
310
905
906
40
40
40
40
40
40
40
40
40
40
40
40
40
40
40
40
227
920
586
663
663
663
663
663
663
663
663
663
663
663
663
34
902
910
247
929
141
246
561
732
732
389
941
53
53
53
53
53
53
53
713
717
93
844
869
83
142
898
534
534
534
534
427
311
453
453
527
57
245
605
605
605
605
605
605
605
605
605
605
605
824
406
406
740
740
740
858
629
629
832
433
600
446
446
63
63
63
63
346
346
346
933
948
462
462
843
315
868
610
581
581
581
511
511
525
525
538
863
36
36
243
41
536
536
536
536
536
536
131
131
131
131
440
440
595
616
602
602
602
602
602
602
602
602
827
865
896
426
426
437
437
646
646
533
878
38
618
618
618
838
126
126
126
126
126
126
126
126
237
582
582
582
241
265
532
851
938
29
44
501
501
739
739
332
921
443
443
313
585
647
647
647
321
454
454
854
548
330
614
726
726
829
326
230
391
391
579
579
579
579
579
579
579
579
579
579
579
617
617
523
523
450
58
58
58
403
403
386
132
132
132
132
132
132
347
309
613
613
613
33
33
33
275
380
380
380
380
380
664
664
664
664
664
664
664
664
664
664
664
924
84
84
84
84
84
84
84
84
84
84
253
835
942
228
341
341
401
401
830
917
706
271
543
847
417
724
745
307
950
464
589
589
925
352
352
352
409
434
619
619
619
650
25
25
549
934
240
879
168
168
884
274
64
64
64
721
260
891
96
946
123
123
123
123
159
445
445
531
640
947
522
522
522
522
522
904
505
505
505
505
725
725
725
725
412
231
254
263
855
423
648
648
648
648
369
90
43
328
535
535
903
164
872
343
343
936
862
302
89
89
89
294
609
695
710
236
916
396
707
707
707
707
707
707
707
707
914
747
128
399
399
857
135
135
135
135
258
895
283
139
719
696
696
696
649
649
649
649
66
923
928
37
37
251
515
515
515
515
580
580
410
718
718
718
70
611
448
448
540
507
507
507
615
517
517
435
138
138
138
138
81
81
407
407
280
314
945
320
545
530
741
741
826
388
388
705
705
931
919
875
160
35
35
592
607
607
935
86
86
716
716
429
429
441
932
169
169
392
392
252
322
295
897
296
430
876
306
627
272
45
45
55
55
55
55
55
55
55
55
55
153
153
153
671
671
671
671
671
671
671
913
47
269
458
458
547
547
547
425
408
604
604
604
604
368
368
368
513
513
513
255
524
524
60
60
60
319
937
937
937
590
590
590
590
281
926
125
125
125
125
125
125
700
700
700
597
597
597
597
597
541
318
390
390
390
390
390
743
742
537
537
537
537
537
825
248
727
452
133
133
133
133
133
133
133
133
133
133
133
355
300
939
72
72
72
72
72
284
250
264
49
49
405
405
544
889
451
285
82
82
598
598
598
603
603
603
603
603
603
603
603
583
842
845
871
77
828
456
456
708
708
78
256
277
286
634
711
943
67
382
949
859
282
127
127
127
127
127
127
833
273
606
606
325
546
546
546
880
940
881
892
167
167
510
510
510
510
510
510
510
134
134
134
134
134
134
134
134
134
134
290
907
61
59
888
238
385
413
413
587
71
293
852
69
867
327
91
91
91
91
91
297
244
278
404
404
836
702
702
702
303
312
68
68
912
39
42
42
870
383
383
383
383
158
65
662
846
731
731
731
317
393
393
393
393
393
276
621
621
420
420
883
305
728
728
497
497
497
497
497
497
497
497
497
497
497
497
497
497
497
381
922
496
612
129
129
129
129
129
129
239
873
894
411
411
651
886
944
289
424
850
400
400
316
137
601
887
140
733
698
698
504
504
504
504
504
79
79
79
866
909
703
703
703
268
170
170
837
635
635
635
95
95
95
95
95
122
709
329
608
608
279
324
539
539
584
704
704
704
351
266
367
367
503
503
503
267
323
262
890
422
422
748
432
259
737
350
350
350
521
521
521
521
744
50
50
233
508
291
736
736
736
736
736
736
736
736
736
736
736
736
736
736
749
438
438
431
431
529
28
28
387
387
882
234
74
840
88
353
353
414
414
701
701
701
56
56
56
56
56
56
56
56
56
56
56
56
56
56
56
56
56
56
56
56
893
849
918
509
502
62
62
62
62
397
397
834
345
345
345
526
344
344
930
395
395
596
874
628
628
80
80
80
421
421
447
447
30
92
301
449
449
415
415
459
54
161
384
232
27
444
444
112
577
577
689
644
645
570
339
339
571
578
578
16
573
177
116
480
562
676
677
678
679
680
680
680
673
673
673
