1
2
3
3
3
3
3
3
2
10
10
10
10
10
10
2
17
17
17
17
17
17
2
24
24
24
24
24
2
30
2
32
2
34
2
36
2
38
38
38
38
38
38
2
45
45
45
45
45
45
2
52
52
52
52
52
52
2
59
59
59
59
59
59
2
66
66
66
66
66
66
2
73
73
73
73
73
73
2
80
80
80
80
80
80
2
87
87
87
87
87
87
2
94
94
94
94
94
94
2
101
101
101
101
101
101
2
108
108
108
108
108
108
2
115
115
115
115
115
115
2
122
122
122
122
122
122
2
129
129
129
129
129
129
2
136
136
136
136
136
136
2
143
143
143
143
143
143
2
150
150
150
150
150
150
2
157
157
157
157
157
157
2
164
164
164
164
164
164
2
171
171
171
171
171
171
2
178
178
178
178
178
178
2
185
185
185
185
185
185
2
192
192
192
192
192
192
2
199
199
199
199
199
199
2
206
206
206
206
206
206
2
213
213
213
213
213
213
2
220
220
220
220
220
220
220
227
1
229
230
230
230
230
230
230
229
237
237
237
237
237
237
229
244
244
244
244
244
244
229
251
251
251
251
251
251
229
258
258
258
258
258
258
229
265
265
265
265
265
265
229
272
272
272
272
272
272
229
279
279
279
279
279
279
229
286
286
286
286
286
286
229
293
293
293
229
297
297
297
297
229
302
302
302
229
306
306
306
306
229
311
311
229
314
314
314
229
318
318
318
318
318
318
229
325
325
325
325
325
325
229
332
332
332
332
332
332
229
339
339
339
339
339
339
229
346
346
346
346
346
346
229
353
353
353
353
353
353
229
360
360
360
360
360
360
229
367
367
367
367
367
367
229
374
374
374
374
374
374
229
381
381
381
381
381
381
381
229
389
389
389
389
389
389
389
229
397
397
397
397
397
397
229
404
404
404
404
404
404
227
412
413
413
413
413
413
413
413
413
413
413
413
413
413
413
413
413
413
413
413
413
413
413
413
413
413
413
413
413
413
413
413
413
413
413
413
413
413
413
413
413
413
413
413
413
413
413
413
413
413
413
413
413
413
413
413
413
413
413
471
471
471
471
36
32
34
30
302
297
311
314
439
439
441
441
474
427
438
440
440
440
440
440
442
442
442
442
444
444
444
444
456
458
460
460
460
450
450
450
450
450
449
449
449
449
449
449
429
453
453
453
453
454
454
454
447
447
436
451
475
464
462
435
435
435
435
435
435
435
443
437
437
437
425
425
425
425
425
425
463
463
463
434
445
445
430
461
459
