1
2
2
2
2
2
2
2
2
2
2
2
2
2
2
2
2
2
2
2
2
2
2
2
2
2
2
2
2
2
2
2
2
2
2
2
2
2
2
2
2
2
2
2
2
2
2
49
50
50
50
50
50
50
50
50
50
50
50
50
50
50
50
50
50
50
50
50
50
62
72
65
74
65
76
76
76
80
65
82
65
84
86
66
88
67
90
68
92
68
94
94
68
97
69
99
69
101
50
103
103
103
103
103
103
103
103
103
103
103
103
103
79
79
49
119
119
119
119
119
119
119
119
119
119
119
130
130
130
130
130
130
125
137
129
139
141
119
143
143
119
146
146
146
119
150
150
150
119
154
154
154
119
158
158
158
119
162
162
162
119
166
166
166
119
170
170
170
170
149
176
177
177
177
177
177
177
177
177
177
177
177
177
177
177
177
177
177
177
177
177
177
177
177
177
177
177
177
177
177
177
177
177
177
177
177
177
177
177
177
177
177
177
177
199
221
177
223
223
223
223
223
223
223
223
177
177
177
235
236
236
236
236
236
236
236
236
236
236
236
236
236
236
236
236
236
236
236
236
236
236
236
236
236
236
236
236
236
236
236
236
236
236
236
236
236
236
236
236
236
236
236
236
236
236
236
236
236
236
236
236
236
236
236
236
236
236
236
236
236
236
236
236
236
236
236
236
253
305
259
307
307
268
310
274
312
312
312
275
316
316
316
276
320
320
320
277
324
324
324
287
328
236
330
330
330
330
330
49
336
336
336
336
336
336
336
336
336
336
336
336
336
336
336
336
336
336
336
336
336
336
336
336
336
336
336
336
336
336
336
336
336
336
336
336
336
336
336
336
336
336
336
336
336
381
381
336
385
386
386
386
386
386
386
386
386
386
386
386
386
386
386
386
386
386
386
386
386
386
386
386
386
386
386
386
386
386
386
416
416
416
419
420
420
386
423
423
423
423
386
428
428
428
386
432
432
432
432
432
432
432
432
386
441
441
441
441
441
441
441
441
441
441
441
441
441
441
441
450
457
450
459
459
459
459
451
464
464
464
454
468
468
454
471
471
471
386
475
475
475
475
475
475
475
475
475
475
475
475
475
475
475
475
475
475
386
494
494
494
494
494
494
17
502
503
503
503
503
503
503
503
503
503
503
503
508
516
235
517
517
517
517
517
517
517
517
517
517
517
517
517
517
517
517
517
517
517
517
517
517
517
517
517
517
517
517
517
517
517
517
517
517
517
517
517
517
517
517
517
517
517
517
517
517
517
517
517
517
517
517
517
517
517
517
517
517
547
576
570
578
517
580
580
517
583
517
585
585
585
585
222
206
206
206
499
114
259
270
270
270
270
270
270
270
270
270
270
498
115
115
115
115
201
329
329
329
329
329
329
431
431
303
303
303
303
303
303
303
303
216
42
66
66
66
66
66
66
66
200
539
539
539
539
539
539
539
539
539
539
539
539
539
539
539
539
539
539
539
539
562
572
258
263
213
213
589
589
589
36
37
37
47
260
260
276
276
276
276
276
276
276
276
276
73
290
290
290
290
290
290
424
486
486
486
486
486
486
486
486
510
262
111
111
111
111
111
111
111
111
560
273
273
273
273
273
273
273
273
408
298
298
298
298
298
298
544
544
544
279
279
279
279
279
279
279
28
295
295
295
295
295
295
295
295
455
455
319
438
16
16
16
16
16
16
333
333
566
559
559
559
559
70
284
284
284
284
284
284
284
17
17
17
17
17
17
17
369
271
271
271
271
271
271
271
272
272
272
272
272
272
272
272
272
272
272
272
272
553
553
553
553
553
191
191
191
191
191
191
191
191
191
191
191
212
212
548
548
203
203
203
102
102
102
286
286
286
286
286
286
286
286
286
286
27
27
27
27
546
546
546
546
227
227
129
129
129
129
129
449
287
287
287
287
278
278
278
278
278
278
278
375
454
454
454
454
404
377
292
292
292
292
292
292
292
265
265
453
453
453
453
453
453
205
205
205
371
219
85
85
85
85
376
116
116
204
204
275
275
275
275
275
275
275
275
275
285
285
285
285
285
285
285
374
317
508
508
508
508
508
98
29
283
283
283
283
283
283
372
448
448
448
304
304
304
304
304
304
304
304
367
367
437
261
261
277
277
277
277
277
277
277
277
277
255
294
294
294
294
294
294
294
266
266
266
266
266
300
199
199
199
199
230
415
379
558
558
558
373
192
192
194
231
231
281
281
281
281
281
281
281
565
565
565
39
545
545
545
545
554
554
554
554
554
500
505
505
543
543
543
543
497
46
46
46
46
288
288
288
288
288
288
288
288
45
45
45
45
69
69
69
69
69
69
69
69
405
551
551
172
487
490
318
318
318
382
44
268
268
268
268
450
450
450
450
450
542
542
440
440
63
63
63
63
63
63
63
63
63
63
63
63
380
211
19
291
291
291
291
291
291
291
81
297
297
297
297
297
297
297
297
297
297
267
267
267
563
563
30
30
30
366
366
366
366
366
366
366
366
366
366
366
366
366
366
366
366
366
366
366
366
366
366
366
366
366
24
24
24
24
24
24
571
506
40
34
269
269
269
269
269
269
269
269
269
269
269
269
269
128
128
67
67
67
67
67
67
67
67
209
293
293
293
293
293
293
293
293
493
493
493
493
35
89
89
89
89
451
451
451
561
561
561
26
26
26
26
26
26
26
289
289
289
289
289
289
289
289
289
41
197
552
588
588
588
65
65
65
65
65
65
65
65
65
65
65
25
25
25
25
25
25
25
25
25
25
25
555
207
207
207
207
550
550
541
577
196
196
196
397
397
397
397
397
397
397
397
397
397
220
198
173
488
439
439
296
296
296
296
296
296
296
296
296
127
127
127
127
127
127
195
195
557
557
557
557
557
557
557
557
557
557
557
557
378
507
507
214
302
302
302
302
302
302
282
282
282
282
282
282
274
274
274
274
274
274
274
274
274
274
113
113
436
436
208
208
208
208
208
264
326
326
326
326
452
452
253
253
253
253
253
253
253
253
253
253
253
253
253
253
253
253
564
564
403
549
549
549
549
540
540
540
540
540
540
540
540
570
570
301
301
301
368
492
193
193
193
193
427
79
79
79
79
79
79
568
489
91
91
91
280
280
280
280
280
280
280
125
125
125
125
125
125
125
125
125
125
125
125
125
125
125
125
125
125
174
174
43
169
71
254
254
254
254
254
254
254
38
38
64
228
228
410
370
547
547
68
68
68
68
68
68
68
218
218
218
556
202
202
574
110
246
56
245
122
518
184
443
519
384
117
117
175
175
118
48
48
48
515
515
516
