1
2
2
2
2
2
2
2
2
2
2
2
2
2
2
2
2
2
2
2
2
2
2
24
24
24
24
24
24
19
20
20
21
22
37
38
38
38
38
38
38
38
38
38
38
38
47
1
53
53
53
53
53
53
53
60
61
60
63
53
65
65
65
65
65
65
71
72
71
76
77
77
77
77
77
77
77
77
77
87
85
85
76
90
90
90
90
90
90
90
90
90
90
90
90
90
90
99
102
106
104
76
109
109
109
109
109
109
109
109
109
109
119
109
121
118
123
125
113
113
113
129
114
114
132
115
115
135
116
116
92
47
47
47
47
28
28
28
28
28
59
59
59
59
59
46
46
46
46
46
15
15
15
21
21
21
115
115
115
115
115
115
71
22
22
22
22
113
113
113
113
113
16
16
16
70
70
12
12
12
12
12
12
12
12
12
112
112
112
112
112
112
112
112
17
17
17
20
20
20
20
18
18
18
114
114
114
114
114
114
114
104
29
29
29
85
85
85
85
85
85
85
14
14
19
19
19
19
19
69
69
116
116
116
116
116
116
23
23
23
23
23
110
110
75
32
33
34
52
35
126
126
126
36
88
88
88
88
88
88
88
89
129
129
129
129
130
130
130
132
132
132
133
133
133
135
135
135
136
136
136
137
137
137
