2
3
4
5
6
7
9
10
11
12
10
14
15
16
17
18
19
20
21
22
23
24
25
26
27
28
29
30
31
32
33
34
35
36
37
38
39
15
19
26
27
44
45
46
47
48
34
51
52
53
54
55
56
57
58
59
60
61
62
64
65
66
67
68
69
70
71
72
73
74
75
76
77
78
79
80
81
82
83
84
85
86
87
88
89
90
91
92
93
94
95
96
97
98
99
100
101
102
103
104
105
106
107
108
109
110
111
112
113
114
115
116
117
118
119
120
121
122
123
124
125
126
127
128
129
130
131
132
133
135
136
137
138
139
140
141
142
143
144
145
146
147
148
149
150
151
152
153
154
155
156
157
158
159
160
161
162
163
164
165
166
167
168
169
170
171
172
173
174
175
176
177
178
179
180
181
182
183
184
185
186
187
188
189
190
191
192
193
194
195
196
197
198
199
200
201
202
203
204
205
206
207
208
209
210
211
212
213
214
215
216
217
218
219
220
221
222
223
216
217
226
218
228
229
230
231
232
233
234
235
236
237
238
239
240
241
242
243
244
245
246
242
249
250
251
252
253
254
255
256
257
258
259
260
261
262
263
264
265
266
267
268
269
270
271
272
273
274
275
276
277
278
279
280
281
282
283
284
285
286
287
288
289
290
291
292
293
294
295
296
297
298
299
300
301
302
303
304
305
306
307
308
309
310
311
312
313
314
315
316
317
318
319
320
321
322
323
324
325
326
327
328
329
330
331
332
333
334
335
336
337
338
339
340
341
342
343
344
345
346
347
348
349
350
351
352
354
355
356
357
358
359
360
361
362
363
364
365
366
367
368
369
370
371
372
373
374
375
376
377
378
379
380
381
382
383
384
385
386
387
388
389
390
391
392
393
394
395
396
397
398
399
400
401
402
403
404
405
74
74
74
74
73
73
74
112
73
74
73
74
351
344
193
181
189
178
177
158
262
349
344
28
30
16
17
22
29
267
251
75
268
165
162
163
168
164
218
158
265
373
371
365
374
306
251
210
71
240
70
195
196
237
265
266
264
160
268
267
251
356
355
357
158
68
71
67
70
234
195
196
235
238
236
237
230
211
64
374
388
389
176
69
388
267
251
263
267
253
367
313
252
387
355
388
389
268
179
172
174
180
171
158
268
265
69
159
356
355
357
267
252
261
176
257
383
372
383
372
354
267
252
187
71
351
350
184
188
186
344
343
64
76
117
65
73
267
252
176
313
253
268
262
251
83
85
176
268
268
263
388
133
125
267
253
94
210
68
240
195
196
237
388
389
263
267
262
65
112
374
372
262
252
268
257
259
260
255
258
356
355
357
388
383
372
158
268
388
389
54
102
122
266
364
268
165
168
164
217
158
388
389
165
166
162
163
349
161
168
19
30
27
26
16
17
158
264
268
262
253
356
355
357
241
69
54
51
158
51
142
176
210
240
195
196
359
265
266
93
97
103
383
372
265
261
268
54
176
179
172
174
180
158
165
166
162
163
167
349
161
168
19
30
27
26
16
17
29
158
267
253
263
267
251
165
166
162
163
167
169
161
164
168
51
262
140
176
178
176
262
253
257
388
259
260
255
258
267
253
210
240
195
196
235
39
349
28
30
16
17
175
20
18
28
344
346
30
27
16
24
22
19
23
343
25
345
347
21
341
182
176
268
263
356
355
357
256
210
71
240
70
195
196
237
101
118
66
210
71
240
70
195
196
237
264
176
262
252
349
344
28
30
16
17
22
29
306
253
176
114
132
210
240
195
196
238
213
113
73
263
210
71
240
70
195
196
237
264
268
268
263
210
240
195
196
236
176
54
51
104
120
148
154
146
152
156
150
388
389
351
263
210
240
195
196
210
68
240
195
196
237
359
306
252
51
349
344
28
30
16
17
22
29
266
176
179
174
180
176
262
251
51
51
263
117
65
119
105
124
210
71
240
70
195
196
237
52
51
158
266
68
71
241
242
70
67
243
231
234
233
235
232
238
236
237
267
177
176
369
267
252
115
387
263
51
313
251
126
263
144
371
371
73
64
215
112
176
26
97
124
230
230
371
85
215
341
132
376
380
51
158
120
377
376
236
220
192
221
344
346
345
158
68
237
376
380
216
241
242
67
243
234
235
238
237
377
376
216
54
165
164
217
165
162
163
164
218
19
346
30
341
19
162
26
19
162
26
