2
3
4
5
6
7
8
9
10
11
12
13
14
15
16
17
18
19
20
21
22
23
24
25
26
27
28
29
30
31
32
33
34
35
38
39
40
41
42
43
44
45
46
47
48
49
50
51
52
53
54
55
56
57
58
59
60
61
62
63
64
65
66
67
68
69
70
71
72
73
74
75
76
77
78
79
80
81
82
83
84
85
86
87
88
89
90
91
92
93
94
95
96
97
98
99
100
101
102
103
58
106
107
108
109
110
111
112
113
114
115
116
117
118
119
120
121
122
123
124
125
126
127
128
129
130
131
132
133
134
135
136
137
138
139
140
141
142
143
144
145
146
147
148
149
150
151
152
153
154
155
156
157
158
159
160
161
162
163
164
165
166
167
168
154
170
171
172
173
174
175
176
144
145
148
180
147
182
183
146
185
186
187
188
189
190
191
192
193
194
195
196
197
198
199
200
201
202
203
204
205
206
207
208
209
210
211
212
213
214
215
216
217
218
219
220
221
222
223
224
225
226
227
228
229
230
231
232
233
234
235
236
237
238
239
240
241
242
243
244
245
246
247
248
249
250
251
252
253
254
255
256
257
258
259
260
261
262
263
264
265
266
267
268
269
270
271
272
273
274
275
276
277
278
279
280
281
282
283
284
285
286
287
288
289
290
291
292
293
294
295
296
297
298
299
300
301
302
303
304
305
306
307
308
309
310
311
312
313
314
315
316
317
318
319
320
321
322
323
324
325
326
327
328
329
330
331
332
333
334
335
336
337
338
339
340
341
342
343
344
345
346
347
348
349
350
351
352
353
354
355
356
357
358
359
360
361
362
363
364
365
366
367
368
369
370
371
372
373
374
375
376
377
378
379
380
381
382
383
384
385
386
387
388
389
390
391
392
393
394
395
396
397
398
399
400
401
402
403
404
405
406
407
408
409
410
411
412
413
414
415
416
417
418
419
420
421
422
423
424
425
426
427
428
429
430
431
432
433
434
435
436
437
438
439
440
441
442
443
444
445
446
447
448
449
450
451
452
453
454
455
456
457
458
459
460
461
462
463
464
465
466
467
468
469
470
471
472
459
82
81
83
208
33
34
29
35
38
38
231
232
402
403
218
354
232
232
232
365
221
218
220
299
206
227
204
220
349
232
232
221
187
232
132
131
130
231
224
226
218
220
224
227
219
231
206
221
68
6
5
232
224
257
206
232
38
88
40
220
350
96
91
41
38
148
147
151
154
155
152
157
230
282
277
320
323
403
333
410
219
206
232
220
339
256
204
232
88
298
274
370
227
204
230
220
90
41
38
228
130
115
220
329
330
221
220
232
230
232
277
323
232
256
204
347
337
42
40
219
206
218
220
200
132
131
130
404
204
388
224
188
125
124
329
330
221
460
220
461
448
459
232
439
436
433
435
434
428
110
144
109
106
97
95
96
342
343
224
189
275
232
224
230
232
264
218
220
4
32
35
8
9
10
7
219
5
36
115
298
219
206
227
94
95
232
220
272
77
77
110
144
109
106
48
42
220
124
115
269
404
224
204
231
38
224
459
459
266
292
299
224
429
426
427
199
396
229
228
80
34
146
35
156
154
155
157
153
151
150
158
404
351
206
460
218
204
230
279
224
150
151
152
204
232
299
162
156
125
150
155
220
164
158
153
232
97
230
227
204
97
95
96
224
206
220
36
232
460
18
193
199
19
36
232
282
449
219
206
448
232
298
390
404
204
404
436
433
435
434
224
204
425
164
156
158
153
220
199
38
224
38
283
342
343
36
396
229
228
365
410
220
329
206
460
461
463
463
459
222
232
28
27
35
8
9
10
7
218
219
232
220
230
232
232
199
194
220
232
232
232
231
33
25
34
26
35
97
94
95
96
299
460
461
38
38
232
464
86
82
81
83
365
219
218
232
223
460
227
64
42
38
38
38
190
363
249
223
220
224
234
227
54
71
40
163
155
157
12
11
36
70
40
220
93
93
232
220
271
44
43
269
224
231
298
232
33
34
26
35
49
451
14
13
6
8
9
10
7
36
224
106
115
350
273
464
224
203
199
273
219
206
435
218
224
432
239
271
204
204
363
411
353
232
229
220
220
227
163
220
220
322
321
325
333
410
219
232
220
68
68
221
222
232
226
218
229
220
224
228
227
234
219
231
221
206
233
230
204
204
115
232
5
345
230
206
224
130
115
277
280
232
224
286
219
281
220
145
110
109
106
226
232
219
218
108
106
232
464
206
342
346
232
232
210
232
212
214
217
213
65
52
66
40
38
38
324
219
410
219
206
218
17
16
299
396
229
228
231
206
221
220
224
219
226
218
32
232
269
239
404
229
220
224
228
230
227
204
231
232
108
106
232
429
426
428
427
144
191
148
147
156
151
154
155
152
115
232
410
220
270
435
224
432
281
224
148
146
147
115
137
137
2
2
89
89
38
425
204
145
109
110
146
151
107
154
155
144
109
146
148
147
110
109
144
144
109
