2
3
4
5
6
7
8
9
10
11
12
13
14
15
16
17
18
19
20
21
22
23
24
25
26
27
28
29
30
31
32
33
34
35
36
37
3
40
41
42
43
44
45
46
47
48
49
50
51
52
53
54
55
56
58
59
60
61
62
63
64
65
66
67
68
69
70
71
72
73
74
75
76
77
78
79
80
81
82
83
84
85
86
87
88
89
90
91
92
93
60
61
59
96
97
98
99
100
101
102
103
104
105
106
107
108
109
110
111
112
113
114
115
116
117
118
119
120
121
122
123
124
125
126
127
128
129
130
131
132
133
134
135
136
137
138
139
140
142
101
120
145
124
147
148
149
150
110
153
154
155
156
157
158
159
160
161
162
163
164
165
166
167
168
169
170
171
168
173
174
175
176
177
178
179
180
181
182
183
184
185
186
187
188
189
190
191
192
193
194
195
196
197
198
199
200
201
202
203
204
205
206
207
208
209
211
212
213
214
215
216
217
218
219
220
221
222
223
224
225
226
227
228
229
230
231
232
233
234
235
236
223
211
239
240
241
242
243
244
245
246
247
248
249
250
251
252
253
254
255
256
257
258
259
260
261
262
263
264
265
266
267
268
269
270
271
272
273
274
275
276
277
278
279
280
281
282
283
284
285
286
287
288
289
290
291
292
293
294
295
296
297
298
299
300
301
302
303
304
305
306
307
308
309
310
311
312
313
314
315
316
317
318
319
320
321
322
323
324
325
326
327
328
329
330
331
332
333
334
335
336
337
338
339
340
341
342
343
344
345
346
347
348
349
350
351
352
353
354
355
356
357
358
359
360
361
362
363
364
365
366
367
368
369
370
371
372
373
374
375
376
377
378
379
380
381
382
383
384
385
386
387
388
389
390
391
392
393
394
395
396
397
398
399
400
401
402
403
404
405
406
407
408
409
410
411
412
413
414
415
416
417
418
419
420
421
422
423
424
425
426
427
428
429
430
431
432
433
434
435
436
437
438
439
440
441
442
443
444
445
446
447
448
449
450
451
452
453
454
455
456
457
458
459
460
461
462
463
464
465
466
467
468
469
470
471
472
473
474
475
476
477
478
479
480
481
482
483
484
485
486
487
488
489
490
491
492
493
494
495
496
498
443
430
501
502
503
504
505
506
507
508
509
510
511
512
513
514
515
516
517
518
519
520
521
522
523
524
525
526
527
528
529
530
531
532
533
534
535
536
537
538
539
540
541
542
543
544
545
546
547
548
549
550
551
552
553
554
555
556
557
558
559
560
561
562
563
564
565
566
567
568
569
570
571
572
573
574
575
576
577
578
579
580
581
582
583
584
585
586
587
588
589
590
591
592
593
594
595
596
597
598
599
600
601
602
603
604
605
606
607
608
609
610
611
612
613
614
615
616
617
618
619
620
621
622
623
624
625
626
627
628
629
630
631
632
633
634
635
636
637
638
639
640
641
642
643
644
645
646
647
648
649
650
651
652
653
654
655
656
657
658
659
660
661
662
663
664
665
666
667
668
669
670
671
672
673
674
675
676
677
678
679
680
681
682
683
684
685
686
687
688
689
690
691
692
693
694
695
696
697
698
699
700
701
702
703
704
705
706
707
708
709
710
711
712
713
714
715
716
717
718
719
720
721
722
723
514
725
726
727
728
730
731
732
733
734
735
736
737
738
739
740
741
742
743
744
745
746
747
748
749
750
751
752
753
754
755
756
757
758
759
760
761
762
763
764
765
766
767
768
769
770
771
772
773
774
775
776
777
778
779
780
781
782
783
784
785
786
787
788
789
790
791
792
793
783
795
796
797
798
799
800
801
802
803
804
805
806
807
808
809
810
811
812
813
814
815
816
817
818
819
820
821
822
823
824
825
826
827
828
829
830
831
832
833
834
835
836
837
838
822
840
825
843
844
845
846
847
848
849
850
851
852
853
854
855
856
857
858
859
860
850
849
473
246
308
306
312
302
304
472
468
439
434
460
512
513
511
519
511
265
383
734
730
730
316
785
638
300
129
128
116
115
126
510
328
511
356
518
510
512
513
511
511
405
62
88
87
60
61
516
511
111
121
122
123
511
833
512
513
517
511
519
511
62
60
61
511
300
277
368
348
356
354
352
346
293
8
11
14
756
423
519
511
453
45
43
49
62
88
89
90
60
61
517
511
447
511
356
62
60
61
511
833
511
833
62
60
61
224
844
213
211
233
231
232
234
216
212
215
214
230
211
516
511
517
511
48
50
52
53
51
211
638
312
126
511
444
460
366
516
511
464
467
457
462
459
444
487
458
484
460
134
223
847
844
213
211
225
211
511
368
511
833
511
348
519
511
748
511
833
512
511
511
332
518
510
512
515
511
296
511
45
44
244
324
516
511
389
421
460
296
511
421
80
62
87
89
60
61
638
300
62
88
87
60
61
511
324
511
330
240
320
511
381
511
387
488
496
486
462
472
485
468
454
460
484
245
387
336
385
510
350
733
638
302
511
314
733
638
306
223
44
211
750
736
511
298
787
785
784
511
847
848
850
213
462
512
513
511
638
304
298
511
466
465
460
512
515
511
126
425
751
746
134
276
512
510
512
513
510
852
851
848
845
211
12
511
265
364
485
517
511
511
831
494
493
511
409
519
511
804
803
293
379
800
808
259
258
260
256
261
255
257
253
511
62
86
87
60
61
638
338
489
9
36
756
762
742
512
513
511
67
510
747
493
61
67
62
88
60
61
511
835
438
433
432
436
742
445
451
265
241
511
423
510
60
59
61
427
451
511
346
473
431
26
291
20
31
21
265
252
287
19
279
247
25
18
29
27
249
286
30
5
13
4
7
8
6
11
517
511
463
462
450
447
742
460
511
407
517
511
511
399
512
513
511
744
511
340
511
368
765
519
511
511
368
511
473
517
511
62
87
89
60
61
275
350
511
368
511
356
517
511
851
847
845
511
364
131
133
128
110
111
102
100
106
103
107
101
105
126
511
383
511
354
296
130
126
732
511
356
787
785
784
62
87
89
60
61
7
8
511
507
403
511
10
735
734
730
797
829
512
511
507
812
107
106
104
119
112
62
87
89
90
60
61
801
800
242
389
511
356
511
368
511
356
62
511
409
7
8
519
511
511
332
510
350
511
516
511
381
512
511
511
373
512
515
511
787
785
784
328
511
316
511
835
507
511
336
517
511
743
211
517
798
837
511
334
511
62
88
87
60
61
514
512
511
511
375
34
32
638
328
471
462
443
469
442
437
430
429
435
431
434
438
428
460
511
322
519
511
511
833
511
411
511
835
511
473
254
730
511
385
517
511
473
742
785
783
784
99
119
512
513
511
516
511
62
87
89
60
61
511
356
298
835
833
734
730
730
318
736
511
364
230
225
211
749
517
511
211
518
511
829
511
512
513
511
134
823
828
250
266
815
274
826
820
817
247
288
289
249
283
291
268
827
816
262
819
818
825
821
292
252
287
279
824
822
263
286
290
810
804
805
799
809
807
801
800
802
803
797
811
512
513
511
519
511
484
489
517
510
511
417
413
511
362
271
314
511
346
252
264
360
358
344
346
342
519
511
62
87
89
60
61
377
511
833
134
62
86
87
60
61
516
511
731
736
806
511
419
511
512
515
511
233
221
222
234
213
211
230
851
848
846
517
511
787
785
784
745
405
409
407
403
411
511
356
122
123
126
516
511
519
511
50
52
53
51
225
804
831
415
417
22
23
24
265
28
511
346
473
511
381
511
511
348
519
511
511
787
785
784
511
833
511
507
413
7
8
168
169
154
164
165
159
160
155
158
161
166
156
157
163
162
638
310
473
731
732
730
736
730
419
511
356
512
510
248
243
340
326
338
300
310
511
368
511
318
62
60
61
512
513
511
512
515
511
134
511
348
514
512
511
516
511
397
393
391
401
510
366
517
510
511
829
473
804
803
423
511
379
511
837
751
746
730
804
803
3
8
473
510
350
511
511
419
511
507
415
852
851
848
845
211
511
221
216
217
219
215
218
214
211
211
511
511
833
517
511
638
308
116
115
519
511
519
511
511
383
734
730
330
730
736
332
334
638
338
743
746
744
638
326
514
512
511
511
833
80
264
362
514
512
511
511
362
638
310
735
746
730
516
517
511
510
326
375
373
511
425
511
512
513
511
251
395
399
519
511
511
377
736
730
126
126
460
730
732
730
514
223
847
844
211
514
62
59
61
62
62
158
161
164
165
166
159
156
157
163
160
162
158
161
164
165
166
159
156
157
163
160
162
158
159
156
157
168
155
164
159
168
158
163
168
157
162
514
161
156
168
161
156
249
804
803
101
514
62
735
746
730
223
44
100
161
164
163
162
106
110
100
106
107
106
104
119
112
438
436
742
445
451
787
431
430
438
443
438
431
