2
3
4
5
6
7
9
10
11
12
13
14
15
16
17
18
19
20
21
22
23
24
25
26
27
28
29
30
31
32
33
34
35
36
37
38
39
40
41
42
43
44
45
46
27
49
50
51
52
53
54
55
56
57
58
59
61
62
63
64
65
66
67
68
69
70
71
72
73
74
75
76
77
78
79
80
81
82
83
84
85
86
87
88
89
90
91
92
93
94
95
96
97
98
99
100
101
102
103
104
105
106
107
108
109
110
111
112
113
114
115
116
117
40
39
16
11
42
40
38
39
36
34
17
12
109
104
94
86
90
115
107
111
110
88
95
87
62
63
74
66
99
98
97
62
75
72
41
14
11
10
19
13
12
21
20
16
15
50
50
51
107
83
84
78
77
76
73
62
75
63
67
97
106
89
91
110
96
62
75
92
105
93
74
18
52
53
75
113
109
104
94
110
88
115
114
74
62
68
70
69
63
62
65
72
107
109
85
90
95
87
74
62
71
64
72
96
40
38
39
14
17
19
62
65
72
18
103
101
102
72
10
23
44
78
77
76
62
72
100
97
62
75
37
50
51
42
35
40
38
39
36
13
17
62
62
65
72
61
62
64
72
41
23
11
62
25
18
11
10
22
99
62
74
72
106
112
62
72
10
22
21
20
106
72
72
11
106
40
39
41
34
15
73
72
14
13
12
16
15
107
108
85
90
112
62
72
63
44
