1
2
3
3
3
3
3
3
2
10
10
10
10
10
10
2
17
17
17
17
17
17
2
24
24
24
24
24
24
2
31
31
31
31
31
31
2
38
38
38
38
38
38
2
45
45
45
45
45
45
2
52
52
52
52
52
52
2
59
59
59
59
59
59
2
66
66
66
2
70
70
70
70
2
75
75
75
2
79
79
79
79
2
84
84
2
87
87
87
2
91
91
91
91
91
91
2
98
98
98
98
98
98
2
105
105
105
105
105
105
2
112
112
112
112
112
112
2
119
119
119
119
119
119
2
126
126
126
126
126
126
2
133
133
133
133
133
133
2
140
140
140
140
140
140
2
147
147
147
147
147
147
2
154
154
154
154
154
154
154
2
162
162
162
162
162
162
162
2
170
170
170
170
170
170
2
177
177
177
177
177
177
74
185
186
186
186
186
186
186
186
186
186
186
186
186
186
186
186
186
186
186
186
186
186
186
186
186
186
186
186
186
186
186
186
186
186
186
186
186
186
186
186
186
186
186
186
186
186
186
186
186
186
186
186
186
186
186
186
186
186
186
244
244
244
244
1
249
250
250
250
250
250
250
249
257
257
257
257
257
257
249
264
264
264
264
264
264
249
271
271
271
271
271
249
277
249
279
249
281
249
283
249
285
285
285
285
285
285
249
292
292
292
292
292
292
249
299
299
299
299
299
299
249
306
306
306
306
306
306
249
313
313
313
313
313
313
249
320
320
320
320
320
320
249
327
327
327
327
327
327
249
334
334
334
334
334
334
249
341
341
341
341
341
341
249
348
348
348
348
348
348
249
355
355
355
355
355
355
249
362
362
362
362
362
362
249
369
369
369
369
369
369
249
376
376
376
376
376
376
249
383
383
383
383
383
383
249
390
390
390
390
390
390
249
397
397
397
397
397
397
249
404
404
404
404
404
404
249
411
411
411
411
411
411
249
418
418
418
418
418
418
249
425
425
425
425
425
425
249
432
432
432
432
432
432
249
439
439
439
439
439
439
249
446
446
446
446
446
446
249
453
453
453
453
453
453
249
460
460
460
460
460
460
249
467
467
467
467
467
467
467
74
283
279
281
277
75
70
84
87
212
212
214
214
247
200
211
213
213
213
213
213
215
215
215
215
217
217
217
217
229
231
233
233
233
223
223
223
223
223
222
222
222
222
222
222
202
226
226
226
226
227
227
227
220
220
209
224
248
237
235
208
208
208
208
208
208
208
216
210
210
210
198
198
198
198
198
198
236
236
236
207
218
218
203
234
232
