1
2
2
2
2
2
2
2
2
7
11
11
2
14
14
14
14
14
14
10
21
20
24
1
25
25
25
25
25
25
25
32
32
32
31
36
1
38
38
38
38
38
38
38
38
1
47
47
47
47
47
47
47
47
47
47
47
47
47
47
47
47
47
47
47
47
47
47
69
69
69
73
74
74
74
74
74
74
74
74
74
74
85
86
86
86
86
86
86
86
86
86
86
86
86
86
86
86
86
86
86
86
86
86
86
86
86
86
86
86
86
86
86
86
86
86
86
86
86
86
86
86
86
86
86
86
86
86
86
86
86
86
86
86
86
86
86
86
86
86
86
86
86
86
86
86
86
86
86
86
86
86
86
86
86
86
86
86
86
86
86
86
86
86
86
86
86
86
86
86
86
86
86
86
86
86
86
86
86
86
86
86
86
86
86
86
86
86
86
86
86
86
86
86
86
86
86
86
86
86
86
86
86
86
86
86
86
86
86
86
86
86
86
86
86
86
86
86
86
86
86
86
86
168
227
85
229
229
229
229
229
229
229
232
237
85
239
239
239
239
239
239
85
246
246
246
246
246
246
246
246
246
246
246
246
246
110
261
262
262
262
262
262
262
262
262
262
262
262
262
262
262
262
262
262
262
262
262
262
262
273
285
287
288
288
288
288
288
259
259
296
297
297
85
298
298
298
298
298
298
298
305
305
305
305
305
305
305
305
305
305
305
305
298
318
318
298
321
321
321
321
324
326
298
328
328
298
331
331
331
331
331
331
337
337
337
337
337
337
337
337
298
346
346
298
349
349
298
352
352
352
298
356
356
298
359
359
298
362
362
362
362
298
367
367
298
370
370
298
373
373
373
298
377
377
377
298
381
298
383
298
385
298
387
298
389
298
391
298
393
298
395
395
298
398
298
400
400
298
403
298
405
298
407
407
298
410
410
298
413
298
415
298
417
298
419
298
421
298
423
423
298
426
298
428
298
430
298
432
432
298
435
435
298
438
298
440
440
298
443
443
443
443
443
443
443
443
443
443
298
454
454
298
457
457
298
460
460
298
463
463
298
466
466
298
469
469
298
472
472
472
472
298
477
298
479
479
479
479
479
479
479
479
479
479
479
479
479
479
479
479
479
479
479
479
298
500
500
500
500
500
500
298
507
507
507
507
507
507
298
514
298
516
298
518
518
298
521
298
523
298
525
525
298
528
298
530
530
298
533
298
535
298
537
298
539
539
298
542
298
544
298
546
298
548
298
550
298
552
552
298
555
555
298
558
1
560
560
560
560
560
560
560
560
560
563
570
570
570
560
574
574
574
574
574
569
580
20
1
583
583
583
583
583
583
583
587
591
591
583
594
594
594
594
594
594
590
601
20
261
604
604
604
604
604
604
604
604
604
609
614
604
616
616
616
616
616
616
616
616
616
604
626
626
604
629
629
629
629
604
634
634
634
22
403
552
546
398
413
389
528
550
359
377
387
548
32
435
419
430
518
634
426
583
574
516
318
460
477
533
472
539
629
469
463
438
544
410
423
352
393
466
400
391
454
558
443
385
428
370
542
417
362
432
479
407
530
395
421
525
321
328
356
514
383
373
415
440
457
521
537
349
14
367
331
346
535
405
555
594
523
381
498
498
498
498
498
498
498
498
498
498
498
520
520
520
568
206
506
506
506
171
256
256
256
256
256
147
453
453
453
453
453
453
453
453
453
453
453
453
453
453
453
144
180
208
37
55
131
174
456
456
456
234
355
355
355
355
212
161
462
462
462
564
149
9
9
499
499
324
324
324
324
324
324
324
324
324
420
420
559
559
132
145
129
162
496
496
496
496
496
182
110
110
110
110
110
110
110
110
110
110
110
110
110
110
110
110
110
110
505
505
316
316
168
176
176
478
478
478
276
276
276
276
135
170
243
529
529
210
219
156
58
58
58
58
58
58
390
390
151
425
425
425
588
588
588
588
588
588
59
114
139
609
609
609
429
429
325
325
325
325
325
325
325
325
325
325
325
325
325
325
325
133
284
200
81
61
61
115
115
348
348
348
348
184
191
224
459
459
459
633
223
571
571
242
242
28
28
28
28
28
28
118
125
244
244
600
600
113
150
282
282
282
282
538
538
187
286
286
286
286
399
399
181
57
57
165
202
300
300
300
300
300
300
300
300
300
300
300
300
300
300
300
300
300
300
300
300
300
300
300
300
300
300
300
300
300
300
300
300
300
300
300
300
300
300
300
300
300
300
300
300
300
300
300
300
300
300
300
300
300
300
300
300
300
300
300
300
300
300
300
300
300
300
300
300
300
300
300
300
300
300
427
427
142
504
134
121
121
121
121
121
512
512
512
512
107
107
107
107
107
579
579
232
232
232
122
376
376
376
376
376
376
565
565
565
565
565
565
124
358
358
358
358
358
515
515
152
204
610
610
610
610
610
610
610
258
258
258
258
258
258
82
416
416
198
216
551
551
551
136
136
382
382
279
315
315
315
315
315
315
274
465
465
465
120
120
120
120
120
140
217
154
545
545
207
273
273
273
273
277
277
277
235
281
281
281
379
379
379
379
379
379
226
71
166
203
19
278
278
278
278
278
278
278
278
517
517
625
625
625
625
625
625
631
342
342
342
342
79
79
79
255
255
255
345
345
434
434
434
637
146
6
6
6
6
6
6
6
6
6
189
468
468
468
612
612
612
80
275
84
527
527
527
527
160
593
119
20
20
20
20
608
608
608
608
608
431
431
431
214
397
397
397
397
437
437
437
44
44
44
201
554
554
554
554
211
259
259
259
259
259
259
259
183
589
589
330
330
330
330
330
330
330
330
197
65
65
65
65
65
522
522
225
111
7
7
43
43
43
43
199
209
221
532
532
532
586
586
586
586
586
40
40
541
541
541
123
128
41
394
394
56
62
62
62
62
404
404
112
169
292
178
116
116
167
280
557
557
557
175
175
406
406
137
471
471
471
369
369
369
369
369
190
293
293
293
335
335
335
335
335
335
335
335
335
335
335
335
384
384
257
257
257
257
257
8
8
8
8
8
8
60
60
495
495
495
495
495
495
495
495
495
495
495
495
495
495
495
495
495
495
495
495
495
495
495
495
495
495
495
495
495
495
495
495
587
587
138
215
361
361
361
361
361
607
607
611
611
143
304
304
304
304
304
314
194
22
311
311
311
311
311
311
578
534
534
320
320
320
320
320
320
320
320
320
320
320
320
320
320
320
320
157
153
64
64
186
35
35
344
196
117
117
127
109
109
109
109
343
343
343
343
536
536
29
29
29
29
567
188
164
185
439
67
193
63
63
72
179
476
476
476
476
476
30
30
159
422
422
422
547
547
602
213
624
624
624
624
624
624
624
624
624
624
524
524
503
148
549
549
173
402
402
402
372
372
372
372
372
283
283
414
414
177
366
366
366
366
366
366
366
632
409
409
409
412
412
412
392
392
636
220
172
158
158
581
108
108
108
141
566
566
566
566
566
566
513
513
205
163
543
543
497
192
613
613
613
613
613
613
613
613
613
613
613
613
613
613
388
388
130
218
442
442
442
442
442
126
418
418
155
386
386
386
386
386
68
195
83
83
83
351
351
351
351
351
618
17
17
270
270
289
34
34
33
33
622
577
577
501
294
295
23
23
23
23
603
603
582
582
260
260
260
260
260
260
260
260
260
260
638
638
