1
2
2
2
2
2
2
2
2
2
2
2
2
2
2
2
2
2
19
1
21
21
21
21
21
21
21
21
29
32
33
33
33
33
33
33
33
33
33
33
33
33
33
33
33
33
33
33
33
29
1
54
54
54
54
54
54
54
54
54
54
54
54
54
1
68
68
68
68
68
68
68
68
68
68
68
68
68
68
68
68
68
68
68
68
88
88
88
88
94
83
83
83
85
32
99
99
99
99
99
99
99
99
99
99
99
99
99
113
114
114
114
114
114
109
109
109
57
107
107
107
118
83
83
83
83
83
83
83
83
83
83
110
110
110
85
85
85
85
85
85
85
85
85
52
52
52
52
52
52
52
52
52
52
52
52
52
52
52
52
52
29
29
29
29
29
29
29
29
106
106
106
106
106
106
106
106
106
106
106
106
106
106
106
106
106
106
106
106
112
112
112
112
108
108
108
56
84
111
111
111
111
86
86
86
86
86
86
86
86
86
5
5
70
104
104
81
53
53
53
95
95
96
31
31
31
97
98
