2
3
4
5
6
7
8
9
10
11
12
13
14
15
16
17
18
19
20
21
22
23
24
25
26
27
28
29
30
31
32
33
34
35
36
37
38
39
40
41
42
43
44
45
46
47
48
49
50
51
52
53
55
56
57
58
59
60
61
62
63
64
65
66
67
68
69
70
71
73
74
75
76
77
78
79
80
81
82
83
84
85
86
87
88
89
90
91
92
93
94
95
96
97
98
99
100
101
102
103
104
105
106
107
108
109
110
111
112
113
114
115
116
117
118
119
120
121
122
123
124
125
126
127
128
129
130
131
132
134
135
136
137
138
139
140
141
142
143
144
145
146
147
148
150
151
152
153
154
155
156
157
158
159
160
161
162
163
164
165
166
167
168
169
170
171
172
173
174
175
176
177
178
179
180
181
182
183
184
185
186
187
188
189
190
191
192
193
194
195
196
197
198
199
200
201
202
203
204
205
206
207
208
209
137
138
74
45
60
44
59
128
193
205
201
156
158
160
192
28
29
78
77
193
205
156
155
192
34
29
61
27
15
175
155
50
7
11
4
45
5
29
3
14
27
44
64
159
83
120
166
161
154
155
151
153
157
28
29
27
95
84
96
74
79
80
138
206
156
192
174
152
203
115
114
116
159
151
160
28
29
4
5
3
203
46
47
113
161
154
153
205
156
192
204
201
156
158
151
192
156
158
83
115
114
116
159
160
94
85
96
138
95
84
96
74
79
80
76
75
46
27
205
156
192
94
86
85
87
84
96
74
13
11
7
4
45
3
14
27
200
156
151
192
28
29
193
137
208
156
192
94
84
96
74
79
80
158
201
156
158
192
50
15
47
14
14
27
4
5
3
27
27
197
196
28
29
60
29
168
137
138
158
151
11
7
4
45
3
14
27
95
74
79
80
15
27
45
137
134
164
169
160
28
205
202
156
155
151
192
15
61
193
193
27
40
27
27
27
192
23
150
