1
2
2
2
2
2
2
2
2
2
6
5
14
6
16
17
17
17
17
17
17
17
17
17
17
17
17
17
17
17
17
17
17
17
37
38
38
38
38
38
38
38
38
38
38
38
38
38
38
38
38
38
38
38
38
38
6
6
5
5
5
65
6
6
68
69
69
69
69
69
69
69
69
69
69
69
69
5
5
84
80
86
87
87
87
87
87
87
88
94
89
96
90
98
90
100
91
102
91
104
92
106
93
108
93
93
112
113
113
113
113
113
113
113
113
113
113
113
113
113
113
113
113
113
113
113
113
113
113
113
113
113
113
137
140
113
142
142
142
142
142
142
142
142
142
142
142
142
142
146
156
146
158
155
160
68
162
164
165
165
165
165
165
165
165
165
165
165
165
165
165
178
178
178
178
178
178
178
178
178
178
173
190
177
169
171
174
73
76
161
5
5
5
5
5
5
5
34
34
174
77
4
133
155
155
155
155
155
176
144
6
53
29
185
74
74
74
136
54
78
78
78
78
78
78
78
134
32
32
32
32
32
32
32
32
32
32
32
32
187
55
55
55
55
55
55
55
55
55
137
35
35
35
35
35
132
132
132
132
172
126
49
154
154
46
177
177
177
177
177
177
177
170
184
47
135
141
188
51
51
51
51
51
51
51
51
51
125
50
127
56
149
149
149
149
75
150
28
123
146
146
146
145
48
122
122
122
31
31
36
36
36
36
124
186
186
30
81
62
63
13
64
64
82
82
83
83
192
66
193
15
67
194
12
60
189
191
191
