1
2
2
2
2
2
2
2
2
2
2
2
2
2
2
2
2
2
2
2
2
2
2
2
2
2
2
2
2
2
2
2
2
2
2
2
2
2
2
2
2
2
2
2
2
2
2
2
2
2
2
2
2
2
2
2
2
2
2
2
2
2
2
2
2
2
2
2
2
2
2
2
2
2
2
2
2
2
2
2
2
2
2
2
2
2
2
2
2
2
2
2
2
2
2
2
2
2
2
2
2
2
2
2
2
2
2
2
2
2
2
2
2
2
2
2
2
2
2
2
2
2
2
2
2
2
2
2
2
2
2
2
2
2
2
2
2
2
2
2
2
2
2
2
2
2
2
2
2
2
2
2
2
2
2
2
2
2
2
2
2
2
2
2
2
2
2
168
168
168
168
168
168
168
168
168
168
168
168
168
168
168
168
168
30
186
37
188
38
190
39
192
70
194
78
196
79
198
81
200
82
202
84
204
86
206
87
208
93
210
104
212
106
214
107
216
111
218
113
220
114
222
116
224
117
226
131
228
131
230
132
232
132
234
236
132
238
133
240
133
242
244
133
246
134
248
134
250
252
134
254
136
256
138
258
139
260
262
140
264
142
266
143
268
144
270
145
272
146
274
147
276
147
278
148
280
149
282
151
284
152
286
153
288
154
290
154
292
155
294
157
296
158
298
159
300
161
302
302
302
162
306
162
308
163
310
164
312
164
314
45
45
45
45
45
45
45
45
45
325
326
326
326
326
326
326
333
334
336
337
338
325
339
339
339
339
345
346
347
325
348
348
348
348
348
348
348
348
348
348
348
348
348
348
348
348
348
348
348
348
348
348
348
368
374
375
376
377
378
379
380
381
370
383
369
385
386
387
388
371
325
390
390
394
395
396
325
397
397
397
397
397
397
403
406
407
325
408
408
408
413
414
390
339
408
348
397
326
362
362
167
167
46
46
364
39
74
111
123
65
330
330
157
157
82
114
17
17
17
83
22
96
60
61
131
37
359
352
132
102
121
121
92
124
40
40
40
73
94
19
19
30
30
357
24
24
43
75
51
52
52
29
100
53
127
127
331
331
27
122
122
49
342
134
141
105
402
402
402
402
106
34
130
343
67
42
64
88
109
411
411
55
403
403
403
403
70
98
120
120
370
56
305
305
41
59
165
115
81
156
103
163
95
84
110
144
144
15
133
162
108
97
135
25
25
25
25
14
14
14
14
80
126
126
158
356
356
72
129
38
366
101
353
353
353
93
77
77
20
354
354
354
152
152
152
50
143
143
410
160
160
363
363
71
71
18
117
117
68
358
367
147
147
54
54
153
86
23
23
23
137
48
87
155
159
341
119
142
107
91
332
332
62
118
57
112
35
35
35
365
47
47
47
31
31
355
355
104
28
28
28
166
63
33
90
90
90
76
26
150
89
89
89
89
32
32
32
79
85
371
154
164
69
66
45
45
99
78
58
58
328
21
113
36
128
125
360
13
317
321
322
323
324
404
404
404
404
