1
2
2
2
2
2
2
2
2
2
2
2
2
2
2
2
2
2
2
2
1
22
22
22
22
22
22
22
30
29
32
33
33
35
1
37
37
37
37
37
37
37
46
44
1
48
48
48
48
48
48
48
56
57
44
1
59
59
59
59
59
59
59
59
59
59
59
59
59
72
72
72
66
66
68
68
42
42
54
54
54
43
43
43
44
44
44
44
44
53
53
64
64
64
64
55
55
55
55
55
29
29
29
29
29
29
65
65
65
28
27
67
67
67
67
24
25
41
52
31
31
31
31
47
47
47
47
47
58
58
58
58
58
