2
3
4
5
6
7
8
9
10
11
12
13
14
15
16
17
18
19
20
21
22
23
24
25
26
27
28
29
30
31
32
33
34
35
36
37
38
39
40
41
42
44
45
46
47
48
49
50
51
52
53
54
55
56
57
58
59
60
61
62
63
64
65
66
67
68
69
70
71
72
73
74
75
76
78
79
80
81
82
83
84
85
86
87
88
89
90
91
92
93
94
95
97
98
99
100
101
102
103
104
105
106
107
108
109
110
111
112
113
114
115
117
118
119
120
121
122
123
124
125
126
127
128
129
130
131
132
133
134
135
136
137
138
139
140
141
142
143
144
145
146
147
148
149
150
151
152
153
154
155
156
49
102
48
90
96
102
122
121
90
96
39
121
119
102
47
48
90
122
120
104
18
19
38
3
4
49
47
18
19
38
3
4
35
122
120
122
120
81
122
120
122
121
120
104
104
122
120
49
47
49
102
48
90
96
122
121
120
32
3
4
33
36
34
35
28
20
122
120
49
47
49
47
122
120
49
47
48
46
122
120
47
122
121
120
18
19
38
3
4
33
49
47
122
120
49
47
122
120
49
47
49
47
18
19
38
3
4
35
122
120
104
122
120
18
19
38
3
4
35
49
47
18
19
38
3
4
36
22
122
120
102
121
120
90
18
19
38
3
4
35
112
115
106
105
96
49
47
122
120
49
47
108
104
18
19
38
3
4
34
102
122
121
90
96
49
47
122
120
81
80
79
122
120
122
120
122
120
122
120
18
19
38
3
4
18
19
38
3
4
35
80
79
49
47
104
122
120
96
122
120
49
47
48
18
19
38
3
4
35
122
120
102
122
121
120
90
96
106
104
49
47
49
47
122
121
120
49
47
111
103
104
116
122
120
98
100
101
97
99
92
93
96
122
120
49
102
48
90
96
18
19
38
3
4
35
40
39
41
29
32
31
33
30
36
34
35
49
47
104
49
47
49
47
28
28
3
35
28
3
35
28
102
48
102
121
102
121
