1
2
2
2
2
2
2
2
10
11
11
11
11
11
11
11
19
20
20
20
20
20
20
20
20
20
20
20
20
20
20
20
20
20
20
20
20
20
20
20
20
20
20
20
20
20
20
20
20
20
20
20
20
20
20
20
20
20
20
20
20
20
20
20
20
20
20
20
20
20
20
20
20
20
20
20
20
20
20
20
20
20
20
20
20
20
20
20
20
20
20
20
20
20
20
20
20
20
20
20
20
20
20
20
20
20
20
20
20
20
20
20
20
20
20
20
20
20
20
20
20
20
20
20
20
20
20
20
20
20
20
20
20
20
20
20
20
20
20
20
20
20
20
20
20
20
20
20
20
20
20
20
20
20
20
20
20
20
20
20
20
20
20
20
20
20
20
20
20
20
20
20
20
20
20
20
20
20
20
20
20
20
20
20
20
20
20
20
88
10
193
193
193
193
193
199
200
200
200
200
200
200
200
200
200
200
200
200
200
200
200
200
200
200
200
200
200
200
200
200
200
200
200
200
200
228
231
232
232
232
232
232
232
232
232
232
232
232
232
232
232
232
232
232
232
232
232
232
232
232
232
232
232
246
260
261
261
261
261
261
261
261
261
261
261
261
261
261
261
261
261
261
261
261
261
261
261
261
284
284
284
284
284
284
284
284
284
284
284
284
268
268
268
268
301
302
302
302
302
302
302
302
302
302
302
302
302
302
302
302
302
302
320
314
322
323
324
326
327
327
327
327
327
327
327
327
327
327
333
338
327
340
340
340
340
10
345
345
345
345
345
345
345
345
345
345
345
345
345
345
345
345
345
345
345
345
345
345
345
345
345
371
372
372
372
372
372
372
372
372
372
372
372
372
372
372
372
372
372
372
372
372
372
372
372
372
372
372
372
372
372
372
372
372
372
372
372
372
372
372
372
372
372
372
372
372
372
372
372
372
372
372
372
372
372
372
372
372
372
372
372
372
372
372
372
372
372
372
372
372
372
372
372
372
372
372
372
372
372
372
372
372
372
372
372
372
372
372
372
372
372
372
372
372
372
372
372
372
372
372
372
372
372
372
372
372
372
372
372
372
372
372
372
372
372
372
372
372
372
372
372
372
372
372
372
372
372
372
372
372
372
372
372
372
372
372
372
372
372
372
372
372
372
372
372
372
372
372
372
372
372
372
372
372
372
372
372
372
372
372
372
372
372
372
372
372
372
372
372
372
372
372
372
372
372
372
372
372
372
372
372
372
372
372
372
372
372
372
372
372
372
372
372
372
372
372
372
372
372
372
372
372
372
372
372
372
372
372
372
372
372
372
372
372
372
372
372
372
372
372
372
372
372
372
372
372
372
372
372
372
372
372
372
372
372
372
372
372
372
372
372
372
372
372
372
372
372
372
372
372
372
372
372
372
372
372
372
372
372
372
372
372
372
372
372
372
372
372
372
372
372
372
372
372
372
372
372
372
372
372
372
372
372
372
372
372
372
372
372
372
372
372
372
372
372
372
372
372
372
372
372
372
372
372
372
372
372
372
372
372
372
372
372
372
372
372
372
372
372
372
372
372
372
372
372
372
372
372
372
372
372
372
372
372
372
372
372
372
372
372
372
372
372
372
372
372
372
372
372
372
372
372
372
372
372
372
372
372
372
372
372
372
372
372
372
372
372
372
372
372
372
372
372
372
372
372
372
372
372
372
372
372
372
372
372
372
372
372
372
372
372
372
372
372
372
372
372
372
372
372
372
372
372
372
372
372
372
372
372
372
372
372
372
783
783
783
783
783
783
783
783
783
783
545
794
545
796
546
798
547
800
547
802
549
804
550
806
583
809
810
810
810
810
810
810
810
810
810
810
810
810
810
810
810
810
810
810
810
810
810
810
810
810
810
810
810
810
810
810
810
810
810
810
810
810
810
810
810
810
810
810
810
810
810
810
810
810
833
860
861
861
864
865
865
865
865
865
865
865
865
865
865
865
865
865
865
865
865
865
1
883
883
883
883
883
883
890
891
891
891
891
891
891
891
891
891
891
891
891
891
891
891
891
891
891
891
891
913
914
914
914
914
914
914
914
914
914
914
914
919
927
928
928
928
928
928
928
928
928
928
928
928
928
928
928
928
928
928
928
928
928
928
928
928
928
928
928
928
946
956
955
958
953
953
962
963
963
963
963
963
963
963
963
963
963
963
963
963
963
963
30
724
724
249
250
831
831
831
831
831
831
831
445
445
177
832
832
832
832
832
832
832
832
832
832
832
832
42
42
42
62
62
62
62
62
228
228
228
228
228
228
228
228
336
317
185
185
185
694
694
614
614
224
150
464
273
708
708
833
833
833
833
833
757
757
781
654
654
676
676
96
925
925
226
621
621
621
291
587
587
587
887
367
759
759
907
907
907
907
907
907
461
461
561
561
699
699
910
910
910
910
107
665
665
536
536
536
88
88
88
191
191
578
633
682
682
682
837
837
837
270
270
270
270
270
679
679
853
879
257
565
135
476
57
102
102
102
102
102
102
102
102
102
102
102
102
337
337
631
631
916
717
717
717
164
730
771
771
154
535
535
535
691
215
215
637
637
898
898
838
838
838
838
838
838
103
103
949
847
847
564
630
630
136
136
136
136
136
136
136
136
136
136
136
136
542
165
858
446
446
140
140
140
140
954
954
954
870
557
557
70
70
319
319
716
716
146
146
146
146
146
146
451
39
39
644
644
689
689
627
627
874
592
855
292
714
714
109
109
66
753
753
684
684
48
841
841
184
184
184
366
366
366
366
368
368
368
852
839
845
845
667
667
687
687
267
267
525
525
151
917
917
917
917
18
18
18
18
18
709
709
755
755
271
271
271
608
608
608
532
532
546
848
848
458
695
695
586
586
703
703
581
581
581
923
119
119
119
851
120
656
656
632
863
274
274
274
121
121
121
468
69
111
111
357
943
628
628
245
245
245
747
747
911
911
911
911
318
719
719
719
122
690
690
217
217
945
945
945
715
183
183
342
342
342
942
942
942
942
942
942
942
942
942
942
942
736
736
443
443
443
178
745
745
524
524
524
455
106
106
106
106
296
296
294
903
903
903
903
8
8
8
8
843
843
197
197
253
280
307
307
758
16
16
16
16
275
275
275
275
282
881
881
881
552
244
244
244
244
244
244
244
702
702
593
763
763
560
603
545
251
944
944
944
331
474
474
734
61
647
647
647
765
765
90
90
90
149
551
609
609
619
619
897
897
897
897
897
897
353
642
642
854
86
86
86
86
86
126
126
126
279
671
671
973
713
713
58
58
58
58
683
683
777
777
155
156
85
85
85
85
85
85
623
623
100
100
100
100
100
829
829
878
697
697
454
648
648
648
673
673
652
652
17
17
17
17
731
71
71
681
681
582
591
591
675
675
756
756
99
99
99
99
99
99
99
99
99
99
99
99
148
629
629
574
574
574
574
125
125
125
125
125
125
125
125
125
827
827
827
827
141
141
141
141
141
762
762
223
365
365
365
776
776
59
447
447
688
688
219
733
733
921
921
577
725
725
922
105
84
84
147
465
668
668
558
834
834
834
834
834
834
834
834
834
726
726
549
462
134
312
312
216
216
216
216
216
216
216
216
216
216
216
666
666
82
658
658
664
664
664
196
946
712
712
862
152
639
639
674
674
309
309
309
132
132
132
541
901
901
901
901
659
659
888
888
677
677
594
594
742
190
190
190
225
850
850
737
737
660
660
877
98
653
653
904
904
904
602
602
764
764
952
952
363
283
649
649
678
678
953
953
953
953
953
953
886
463
530
163
163
163
227
361
361
361
369
369
369
369
718
778
915
213
213
657
657
680
680
680
168
130
130
112
112
112
112
112
112
112
112
112
112
186
186
186
247
247
651
651
189
579
93
711
711
635
550
706
706
78
78
252
254
544
544
188
970
899
744
744
528
528
528
537
537
537
218
456
761
761
766
766
835
835
835
835
835
835
835
896
896
896
896
214
214
214
214
589
616
616
523
977
76
332
332
158
873
849
849
740
830
830
157
370
370
370
370
836
836
836
836
836
836
836
836
836
836
836
836
836
836
64
746
746
972
972
972
972
972
972
828
844
844
68
68
68
68
68
570
645
645
889
889
889
661
661
343
343
638
638
450
650
650
670
670
720
720
110
600
728
728
144
846
846
909
909
909
909
60
60
60
60
60
60
60
60
60
60
60
115
115
115
115
115
723
723
79
220
612
612
692
81
81
81
598
768
768
472
555
555
872
289
663
663
663
826
826
826
89
87
87
87
87
87
87
131
131
131
131
131
131
131
672
672
590
875
288
288
617
617
72
72
72
316
316
316
951
951
951
951
882
453
467
625
625
43
43
43
43
43
43
43
43
43
43
43
46
255
444
444
444
444
948
170
767
767
559
124
124
605
605
128
562
181
686
686
40
40
40
442
442
626
626
705
705
705
310
310
310
773
773
452
782
531
531
531
7
7
7
7
646
646
646
355
355
957
957
957
902
902
902
902
902
568
721
721
722
722
722
306
306
9
9
9
9
9
268
268
268
268
268
268
268
920
920
920
920
920
769
769
566
569
169
573
685
685
696
696
95
752
752
976
976
583
104
104
104
104
104
104
104
104
104
104
104
104
108
108
108
108
108
108
969
114
358
358
959
770
770
971
971
971
971
356
356
356
751
751
643
643
624
624
624
749
749
693
693
620
620
74
74
172
707
707
359
359
329
329
329
329
315
975
80
80
80
246
246
246
246
246
246
246
246
246
246
246
117
613
613
857
360
360
360
533
640
640
640
258
287
287
534
554
554
636
636
584
56
45
580
142
142
142
919
919
919
919
919
278
457
662
662
700
700
906
906
906
906
978
978
313
313
313
313
313
313
127
641
641
352
352
352
352
187
229
171
222
222
222
222
698
698
701
701
75
75
601
601
138
138
138
138
527
527
527
779
779
779
779
779
779
779
779
779
779
779
779
779
779
779
779
779
779
779
779
779
779
779
779
779
779
779
779
779
779
779
779
779
779
779
779
779
779
779
779
779
779
779
779
779
779
779
779
779
779
779
779
779
779
779
779
779
779
779
779
129
129
129
129
129
129
129
129
129
129
129
129
129
618
618
974
738
738
669
669
880
73
73
73
73
295
521
611
611
611
655
655
539
868
868
842
842
314
314
314
314
314
77
77
118
333
526
526
526
900
900
538
94
572
748
748
615
615
256
113
113
113
460
460
166
727
727
553
553
97
743
743
293
198
198
198
123
221
876
344
344
344
856
908
941
116
116
741
840
101
101
101
101
101
101
101
101
101
101
101
729
729
780
290
947
543
732
732
754
754
634
760
182
610
610
610
739
739
924
41
41
41
53
351
351
351
351
604
596
596
145
145
735
735
311
311
311
311
311
311
471
471
529
529
529
599
622
622
556
556
522
522
44
44
44
44
44
704
704
595
595
350
350
350
448
475
475
272
710
710
180
180
180
180
180
83
281
597
939
815
812
441
813
893
893
208
814
824
811
894
894
822
21
348
347
859
859
230
230
230
259
259
259
259
259
259
259
259
259
259
808
979
979
960
961
