2
3
4
5
6
7
8
9
11
12
13
14
15
16
17
18
20
21
22
23
24
25
26
27
28
29
30
31
32
33
34
35
36
37
38
39
40
41
42
43
44
45
46
47
48
49
50
51
52
53
54
55
56
57
58
59
60
61
62
63
64
65
66
67
68
69
70
71
72
73
74
75
76
77
78
79
80
81
82
83
84
85
86
87
88
89
90
91
92
93
94
95
96
97
98
99
100
101
102
103
104
105
106
107
108
109
110
111
112
113
114
115
116
117
118
119
120
121
122
123
124
125
126
127
128
129
130
131
132
133
134
135
136
137
138
139
140
141
142
143
144
145
146
147
148
149
150
151
152
153
154
155
156
157
158
159
160
161
162
163
164
165
166
167
168
169
170
171
172
173
174
175
176
177
178
179
180
181
182
183
184
185
186
187
188
189
190
191
192
193
194
195
196
197
198
200
201
202
203
204
205
206
207
208
209
210
211
212
213
214
215
216
217
218
219
220
221
222
223
224
225
226
227
228
229
230
232
233
234
235
236
237
238
239
240
241
242
243
244
245
246
247
248
249
250
251
252
253
254
255
256
257
258
259
261
262
263
264
265
266
267
268
269
270
271
272
273
274
275
276
277
278
279
280
281
282
283
284
285
286
287
288
289
290
291
292
293
294
295
296
297
298
299
300
302
303
304
305
306
307
308
309
310
311
312
313
314
315
316
317
318
319
314
321
323
324
325
327
328
329
330
331
332
333
334
335
336
337
338
339
340
341
342
343
344
345
346
347
348
349
350
351
352
353
354
355
356
357
358
359
360
361
362
363
364
365
366
367
368
369
370
372
373
374
375
376
377
378
379
380
381
382
383
384
385
386
387
388
389
390
391
392
393
394
395
396
397
398
399
400
401
402
403
404
405
406
407
408
409
410
411
412
413
414
415
416
417
418
419
420
421
422
423
424
425
426
427
428
429
430
431
432
433
434
435
436
437
438
439
440
441
442
443
444
445
446
447
448
449
450
451
452
453
454
455
456
457
458
459
460
461
462
463
464
465
466
467
468
469
470
471
472
473
474
475
476
477
478
479
480
481
482
483
484
485
486
487
488
489
490
491
492
493
494
495
496
497
498
499
500
501
502
503
504
505
506
507
508
509
510
511
512
513
514
515
516
517
518
519
520
521
522
523
524
525
526
527
528
529
530
531
532
533
534
535
536
537
538
539
540
541
542
543
544
545
546
547
548
549
550
551
552
553
554
555
556
557
558
559
560
561
562
563
564
565
566
567
568
569
570
571
572
573
574
575
576
577
578
579
580
581
582
583
584
585
586
587
588
589
590
591
592
593
594
595
596
597
598
599
600
601
602
603
604
605
606
607
608
609
610
611
612
613
614
615
616
617
618
619
620
621
622
623
624
625
626
627
628
629
630
631
632
633
634
635
636
637
638
639
640
641
642
643
644
645
646
647
648
649
650
651
652
653
654
655
656
657
658
659
660
661
662
663
664
665
666
667
668
669
670
671
672
673
674
675
676
677
678
679
680
681
682
683
684
685
686
687
688
689
690
691
692
693
694
695
696
697
698
699
700
701
702
703
704
705
706
707
708
709
710
711
712
713
714
715
716
717
718
719
720
721
722
723
724
725
726
727
728
729
730
731
732
733
734
735
736
737
738
739
740
741
742
743
744
745
746
747
748
749
750
751
752
753
754
755
756
757
758
759
760
761
762
763
764
765
766
767
768
769
770
771
772
773
774
775
776
777
778
779
780
781
782
783
784
785
786
787
788
789
790
791
792
793
794
795
796
797
798
799
800
801
802
803
804
805
806
807
808
810
811
812
813
814
815
816
817
818
819
820
821
822
823
824
825
826
827
828
829
830
831
832
833
834
835
836
837
838
839
840
841
842
843
844
845
846
847
848
849
850
851
852
853
854
855
856
857
858
859
861
862
863
865
866
867
868
869
870
871
872
873
874
875
876
877
878
879
880
881
882
883
884
885
886
887
888
889
891
892
893
894
895
896
897
898
899
900
901
902
903
904
905
906
907
908
909
910
911
914
915
916
917
918
919
920
921
922
923
924
925
926
928
929
930
931
932
933
934
935
936
937
938
939
940
941
942
943
944
945
946
947
948
949
950
951
952
953
954
955
956
957
958
959
960
961
963
964
965
966
967
968
969
970
971
972
973
974
975
976
977
978
979
474
427
233
233
843
849
847
845
819
810
810
444
783
22
851
832
833
831
835
823
818
817
819
821
824
810
29
22
28
721
59
29
22
35
205
210
208
207
203
202
204
201
328
314
105
46
38
474
427
474
427
205
25
428
263
474
427
832
815
813
812
814
474
427
436
474
427
718
539
553
152
20
209
474
456
427
284
533
529
586
885
11
474
427
894
912
883
912
2
883
631
460
474
427
474
427
894
893
2
883
106
474
427
540
474
425
152
89
554
925
33
577
427
474
773
427
542
823
822
542
265
403
264
266
474
427
817
867
241
563
32
427
29
150
105
141
125
187
183
103
188
46
29
38
21
328
327
539
645
917
775
474
427
164
427
474
427
23
540
474
425
641
206
202
647
539
912
883
851
838
815
813
812
814
103
22
930
814
810
563
644
539
104
78
178
171
184
100
143
149
172
32
29
22
426
65
819
736
751
151
143
22
20
936
933
937
865
474
427
56
178
308
304
474
427
98
728
463
462
24
22
439
29
28
474
427
474
427
474
427
867
658
818
284
474
427
117
542
153
474
427
474
427
24
811
810
56
184
22
348
193
193
11
346
11
11
816
824
813
810
474
427
474
427
265
266
474
425
29
56
185
588
918
12
14
13
15
11
474
427
474
427
262
263
264
474
456
427
474
425
460
814
810
429
474
427
659
585
474
427
728
753
634
587
187
118
188
816
117
474
427
427
587
261
284
261
748
119
118
462
56
80
143
348
928
474
427
240
241
238
474
427
894
893
892
891
304
532
474
427
118
474
427
210
201
938
937
930
711
183
22
328
341
327
946
950
949
954
939
932
933
934
940
937
930
474
427
446
447
783
24
474
427
540
474
425
413
59
27
38
22
261
261
284
894
2
912
2
6
5
3
4
812
810
195
194
235
266
456
303
427
12
14
13
15
460
536
647
261
264
866
867
865
427
246
248
242
237
235
234
233
474
427
540
474
427
427
601
460
234
939
937
930
328
453
408
427
26
474
772
427
474
427
153
152
34
24
650
474
427
474
427
894
893
892
912
883
912
193
474
427
817
463
152
462
79
25
150
80
111
265
713
539
965
474
427
177
59
24
26
474
427
630
552
23
22
463
146
152
462
79
24
628
456
62
101
30
31
35
823
819
866
474
427
431
775
474
427
715
539
474
427
12
14
13
15
427
70
22
474
427
581
403
372
717
539
474
427
150
105
108
141
125
102
187
43
188
46
29
38
25
643
539
460
536
575
676
141
186
185
24
25
38
22
28
20
811
823
819
810
177
58
149
24
22
474
427
205
348
193
11
775
539
60
736
751
474
427
205
474
427
919
20
574
474
427
924
27
82
134
28
428
474
427
427
851
834
815
823
817
819
813
812
814
474
427
460
430
32
313
311
217
212
211
209
206
205
207
203
202
204
201
474
427
30
474
427
474
772
427
194
938
474
427
588
22
540
427
716
539
311
312
963
112
24
25
411
912
883
912
883
474
427
885
884
719
539
474
427
756
119
118
22
205
815
810
474
427
474
427
866
22
474
427
912
2
912
460
678
474
427
931
939
11
264
474
427
720
539
948
947
939
934
935
930
884
432
425
56
178
22
205
348
11
11
348
347
193
11
720
779
917
205
202
474
427
474
772
427
101
130
554
150
105
108
141
125
102
43
46
29
38
105
46
38
234
233
474
427
190
587
94
474
427
427
460
474
427
70
24
234
235
640
474
22
965
894
474
427
540
474
425
540
474
425
216
433
474
427
474
427
815
823
819
813
812
814
810
894
893
892
912
211
212
205
202
588
474
427
425
966
77
331
328
36
865
815
810
460
832
823
36
346
348
347
345
851
836
542
816
815
823
818
817
822
819
813
812
824
814
153
474
427
559
554
966
965
967
964
819
812
810
141
80
143
149
25
567
474
427
885
884
883
474
427
341
340
648
539
449
474
427
474
427
474
427
109
427
474
427
90
813
810
892
912
2
2
142
151
42
676
27
29
34
22
26
23
28
102
187
112
188
29
725
539
75
205
474
427
640
187
80
188
427
474
427
542
474
427
866
284
474
539
427
830
829
403
34
56
125
89
144
20
20
150
187
74
171
143
188
172
714
539
587
866
285
284
474
427
69
24
22
463
454
462
931
939
934
930
865
434
469
474
427
56
153
70
58
141
151
152
48
149
29
21
28
240
750
446
447
783
929
37
474
427
427
56
21
474
427
129
427
22
474
427
59
144
20
443
783
474
427
537
474
427
305
304
302
539
772
440
437
540
474
425
6
5
3
4
775
474
427
193
11
948
947
953
894
912
883
912
883
567
474
427
775
474
427
456
303
6
5
3
4
2
615
616
460
456
262
263
264
60
186
587
20
20
474
427
563
567
37
579
474
427
474
427
89
474
427
975
966
581
56
153
62
151
178
143
29
25
30
21
35
963
62
143
79
25
21
35
967
43
348
193
930
474
427
554
966
965
964
193
11
11
474
427
474
427
474
456
427
474
427
474
427
474
427
141
75
22
474
427
193
193
333
335
332
330
314
965
56
141
79
247
245
242
237
236
235
243
239
234
238
233
117
474
427
819
348
193
193
535
639
630
474
241
286
284
425
474
427
474
427
583
29
24
639
158
739
95
60
186
587
20
20
265
429
474
427
474
427
894
883
912
2
966
965
463
454
462
625
316
303
25
474
427
346
348
347
193
22
205
22
205
203
204
201
474
427
474
427
78
22
677
640
24
25
38
22
540
474
425
598
462
377
412
407
410
399
425
433
413
424
420
429
380
393
387
402
397
392
436
386
438
375
435
381
414
406
430
418
423
417
390
428
383
432
419
384
376
400
378
408
415
421
437
431
416
394
374
382
395
396
427
434
426
401
422
379
411
388
409
77
150
56
187
134
171
143
188
172
24
32
22
21
474
427
965
474
427
474
427
867
56
141
178
72
284
425
474
456
427
474
427
476
866
867
811
810
463
462
625
303
304
141
78
74
462
540
474
425
894
883
427
22
588
474
427
474
427
240
141
125
43
629
460
166
474
427
474
427
126
474
427
284
195
194
193
80
205
867
328
341
327
818
2
928
143
112
460
824
56
153
62
151
178
143
29
25
21
35
963
474
427
435
284
929
426
474
427
474
427
427
427
22
641
608
474
474
427
587
59
144
20
22
346
348
347
193
601
474
427
22
403
474
427
463
454
462
315
625
303
472
721
537
536
532
427
474
427
474
427
528
527
56
70
151
29
21
474
427
474
427
346
348
347
410
453
408
262
474
427
56
177
178
180
22
31
266
596
928
810
810
372
810
912
2
200
810
637
810
912
883
637
20
193
11
832
812
210
202
201
247
245
242
236
235
243
239
234
238
233
581
966
964
935
948
