1
2
2
2
6
7
8
8
8
8
12
8
14
14
14
18
18
10
23
24
24
27
27
27
7
28
28
28
28
32
28
34
34
34
11
39
39
10
43
44
44
44
44
44
44
44
50
1
53
53
53
57
1
58
58
58
58
58
63
63
63
63
68
43
69
69
69
69
69
69
69
69
69
69
69
69
69
69
69
69
69
69
69
50
1
90
90
90
94
95
96
96
96
97
97
97
97
1
106
106
106
110
95
111
111
111
111
111
111
111
111
111
111
111
111
111
111
111
111
111
111
111
111
111
111
111
111
111
111
111
111
111
111
111
111
111
111
111
111
111
111
111
111
111
111
111
111
111
111
111
111
111
111
111
111
111
111
111
111
111
111
111
111
111
111
111
111
111
111
111
111
111
111
111
111
111
111
111
111
111
111
111
190
190
111
193
193
43
196
196
196
196
196
196
196
196
196
196
196
196
196
196
196
196
196
196
196
196
196
196
218
218
196
221
221
221
221
221
196
227
227
227
227
227
227
236
237
237
237
237
237
237
43
244
244
244
244
244
244
244
244
244
244
244
244
244
244
244
244
244
244
244
244
244
244
244
244
244
244
244
244
244
244
244
244
244
244
244
244
244
281
281
281
281
281
287
236
288
288
288
288
288
288
288
288
288
288
288
288
288
288
288
288
288
295
306
300
308
308
308
300
312
314
14
34
32
69
44
12
98
98
98
98
98
98
98
98
169
169
169
211
280
279
279
109
109
296
5
5
136
87
87
87
145
145
145
145
145
164
164
61
216
216
271
271
214
214
214
214
214
214
214
194
194
47
173
267
267
267
267
267
267
267
267
267
267
267
267
267
267
267
267
267
267
267
226
77
77
77
77
77
77
11
11
11
11
11
11
11
274
274
274
274
274
274
274
274
274
274
274
274
274
56
56
158
97
97
97
97
97
97
176
285
285
285
117
117
178
159
159
159
159
301
301
301
301
217
217
86
115
115
115
191
191
266
266
266
266
266
266
266
46
30
30
30
30
30
183
225
230
230
49
297
305
231
231
84
84
295
295
295
232
35
82
82
162
162
132
303
303
93
93
273
177
139
131
131
131
131
131
131
165
165
165
268
134
134
134
134
187
275
128
128
144
144
144
144
144
156
224
171
171
171
233
233
242
242
242
242
130
130
124
124
208
208
208
208
208
208
208
208
208
208
143
143
154
182
270
120
120
243
243
243
243
243
175
167
167
167
153
119
119
10
10
10
10
10
166
166
166
181
181
210
210
210
210
146
146
146
146
146
15
13
148
148
78
78
78
78
78
78
78
163
163
163
188
184
180
81
81
81
81
81
126
126
137
137
137
278
269
36
36
161
161
161
149
149
284
284
133
133
133
133
133
121
121
121
121
304
304
33
170
170
170
286
286
122
168
168
168
116
116
116
116
310
142
142
142
127
127
172
172
172
172
172
172
172
172
172
172
172
172
118
118
298
298
298
298
85
85
186
186
16
16
299
299
299
299
299
147
31
31
179
129
129
189
125
125
135
135
135
135
135
152
152
152
26
26
26
174
150
150
150
302
302
302
302
138
160
160
123
123
123
155
185
185
185
50
50
141
141
151
151
140
140
157
300
289
204
9
29
70
245
256
45
197
89
89
19
19
19
52
52
40
40
40
40
105
105
105
100
100
100
101
101
102
102
