1
2
2
2
2
2
2
2
2
2
2
2
2
2
2
2
2
2
14
20
16
22
24
25
25
25
25
25
25
25
25
25
25
25
25
25
25
25
25
25
25
25
25
25
25
25
25
25
25
25
25
25
25
25
25
25
25
25
25
25
25
25
25
25
25
25
25
25
25
25
25
25
25
25
25
25
25
25
25
25
25
25
25
25
25
25
25
25
25
25
25
25
25
25
25
25
25
25
25
25
25
25
25
25
25
25
25
25
25
25
25
25
25
25
25
25
25
25
25
25
25
25
25
25
25
25
25
25
25
25
25
25
25
25
25
25
25
25
25
25
25
25
25
25
25
25
25
25
25
25
25
25
25
25
25
25
25
25
25
25
25
25
25
165
165
165
165
51
170
170
73
173
173
173
173
173
120
179
25
181
181
181
181
181
181
181
181
181
181
181
181
181
181
181
181
181
181
181
181
181
181
181
181
181
181
181
181
181
181
181
181
181
181
181
181
181
181
181
24
221
221
221
221
221
221
221
221
221
79
85
108
108
108
108
93
176
16
75
75
102
102
102
102
73
73
73
73
73
73
73
73
73
73
73
73
73
73
73
110
110
110
110
110
158
158
158
158
158
158
107
107
107
107
107
107
107
107
107
128
96
197
142
142
229
229
159
159
159
159
159
159
159
159
90
90
90
12
12
21
220
178
215
215
133
163
117
149
155
111
130
130
196
83
172
103
103
103
148
192
94
94
177
74
74
114
123
123
123
123
123
123
211
153
17
17
17
17
135
139
139
139
191
86
86
91
91
91
91
143
143
143
143
209
97
97
97
97
97
201
13
13
154
161
218
198
122
205
205
205
205
205
76
76
145
145
145
145
152
141
141
141
141
141
141
141
141
141
141
141
141
207
9
146
146
88
88
88
88
88
88
89
89
89
204
204
204
204
204
18
10
10
151
134
134
134
134
134
150
78
78
78
120
120
195
195
118
118
118
14
14
87
132
132
132
132
132
132
132
132
104
104
104
180
106
106
106
106
95
95
98
98
77
77
77
92
105
212
144
144
144
101
219
81
199
199
109
109
109
84
116
116
125
125
99
127
127
82
11
11
100
100
100
100
100
100
100
100
100
100
100
100
100
100
100
100
100
119
119
80
124
124
124
194
121
121
121
121
121
140
19
15
15
112
162
203
3
50
27
27
37
37
45
26
