2
3
4
5
6
7
8
3
8
6
12
13
14
4
17
18
19
20
21
22
23
24
25
26
27
28
29
30
31
32
33
34
35
36
37
38
39
40
41
42
43
44
45
46
47
48
49
50
51
52
53
54
55
56
57
58
59
60
61
62
63
64
65
66
67
68
69
70
71
72
73
74
75
76
77
78
79
80
81
82
83
84
85
87
89
91
93
94
95
96
97
98
99
100
101
102
103
104
105
106
107
108
109
110
111
112
113
113
115
116
117
118
119
120
121
122
123
124
125
126
127
128
129
130
131
132
133
134
135
136
137
138
139
140
141
143
145
146
147
148
149
150
151
152
153
154
155
156
157
158
159
158
157
162
163
164
165
166
167
168
169
170
171
172
173
174
175
176
177
177
180
181
182
183
184
185
186
187
186
191
192
193
194
195
196
198
199
200
201
202
203
204
205
206
207
208
209
210
211
212
213
214
215
216
217
218
219
220
221
222
223
224
225
226
227
228
229
230
231
232
233
234
235
236
237
238
239
240
241
242
243
244
245
246
247
246
240
250
239
252
253
254
255
256
257
258
259
260
261
262
263
264
265
266
267
268
269
270
271
272
273
274
275
276
277
278
279
280
281
282
283
284
285
286
287
288
289
290
291
292
158
157
191
155
109
191
162
47
71
70
68
29
30
17
17
224
224
66
100
229
212
115
115
224
198
246
70
68
115
192
200
202
199
201
208
117
167
182
181
162
134
215
125
127
245
115
2
115
206
199
201
204
66
100
105
115
126
156
120
115
155
115
107
100
105
3
117
198
17
199
226
227
225
126
215
209
217
117
101
100
115
71
17
17
115
196
162
162
3
247
115
140
141
122
115
2
212
199
224
71
82
223
219
217
218
226
227
17
224
109
101
24
17
115
210
115
70
19
17
17
242
202
119
156
155
271
72
73
162
71
43
71
151
195
165
166
66
107
100
71
215
130
136
115
198
221
117
115
72
73
150
115
24
137
116
117
17
162
162
101
17
17
100
162
162
115
22
236
155
243
121
115
244
121
115
115
115
187
167
162
192
187
167
162
204
134
219
216
117
101
17
100
202
224
19
28
77
75
17
200
202
199
201
198
43
226
227
225
224
3
126
159
127
115
115
155
57
119
156
124
115
155
115
203
196
2
2
120
115
115
200
259
162
70
110
193
170
194
174
115
115
162
109
198
195
164
165
163
166
166
162
117
198
8
2
192
226
227
225
187
167
162
190
127
129
115
17
176
115
176
126
110
122
115
109
204
113
215
2
71
43
75
203
164
162
162
230
200
202
201
224
226
227
225
165
202
225
224
202
224
115
115
222
117
125
121
115
19
129
115
17
152
200
202
200
57
119
110
122
109
216
117
209
117
2
115
126
115
115
201
17
19
162
133
115
45
271
135
135
155
224
198
176
3
246
3
200
121
3
200
198
196
2
206
126
217
117
223
226
227
117
224
