1
2
2
2
2
2
2
2
2
2
2
2
2
2
2
2
2
2
1
20
20
20
20
20
20
20
20
20
20
20
20
20
20
20
20
20
20
20
20
20
1
42
42
42
42
42
42
42
42
42
42
42
42
42
42
42
42
58
58
58
58
58
58
58
58
20
42
58
38
38
19
62
13
16
16
37
37
14
14
32
32
32
32
28
15
15
47
47
47
63
63
11
48
48
48
64
12
49
49
30
30
30
30
31
35
35
35
35
35
34
34
34
34
34
34
33
41
41
45
45
45
45
61
61
61
39
39
39
50
50
40
40
40
40
40
46
53
