1
2
2
2
6
7
8
8
8
8
8
8
8
8
8
8
8
16
21
19
23
24
25
25
25
25
25
25
25
25
25
25
25
25
25
25
25
25
25
25
25
25
25
25
25
25
25
25
25
25
25
25
25
25
25
25
25
25
25
25
25
25
25
25
25
25
25
25
25
25
25
25
25
25
25
25
25
25
25
25
25
25
25
25
25
25
25
25
25
25
25
25
25
25
25
25
25
25
25
25
25
25
25
25
25
25
25
25
25
25
25
25
25
25
25
25
25
25
25
25
25
25
25
126
126
126
126
126
126
126
126
126
126
25
137
137
137
137
137
137
137
137
137
25
147
147
147
147
147
147
147
147
147
147
147
147
147
147
25
162
162
162
116
166
166
25
169
169
169
169
169
169
169
25
177
177
177
177
177
183
116
118
121
187
188
188
188
188
188
188
188
188
188
188
188
188
188
188
188
188
188
188
188
188
188
188
188
188
188
188
188
188
188
188
188
188
188
188
188
188
188
188
188
188
188
188
188
188
188
234
235
236
236
236
236
236
236
236
236
236
236
236
236
236
236
236
236
236
236
236
236
236
236
248
259
259
259
248
263
265
266
267
267
267
267
267
267
267
267
267
267
267
267
267
267
282
24
283
283
283
283
283
283
283
283
283
283
283
283
283
283
283
283
283
283
283
283
283
283
283
283
283
283
283
283
283
283
283
283
283
283
283
283
283
283
283
283
283
283
294
326
326
300
329
300
331
331
331
331
300
336
336
336
336
301
341
341
341
341
302
346
302
348
348
348
348
303
353
353
353
353
304
358
304
360
360
360
360
305
365
305
367
367
367
367
306
372
372
307
375
375
375
307
379
379
379
308
383
309
385
309
387
387
387
387
310
392
310
394
394
394
394
310
399
399
399
399
311
404
311
406
406
406
406
283
411
411
411
411
411
411
411
411
411
411
411
411
283
424
424
424
424
424
424
424
424
283
433
433
433
433
433
283
439
439
439
283
443
443
443
283
447
447
447
283
451
451
451
312
455
312
457
457
457
457
313
462
313
464
464
464
464
314
469
469
469
469
315
474
474
474
474
316
479
316
481
481
481
481
317
486
317
488
488
488
488
318
493
318
495
495
495
495
319
500
500
500
500
283
505
505
505
505
505
505
505
283
513
513
513
513
513
513
320
520
520
523
523
523
526
527
527
527
527
532
532
532
532
532
532
325
539
323
443
451
215
530
301
301
301
301
301
301
301
305
305
305
305
75
75
15
15
15
116
309
309
309
309
309
318
318
318
318
318
254
254
161
161
72
72
72
72
72
72
256
256
256
256
453
304
304
304
304
304
304
502
115
115
115
115
195
195
195
195
195
195
195
195
195
525
141
405
405
405
193
193
193
193
193
193
193
193
193
194
194
194
194
194
194
194
194
194
418
418
181
317
317
317
317
225
534
142
142
159
159
281
80
342
342
529
529
83
83
295
18
18
366
366
104
155
76
105
105
143
325
441
176
437
302
302
302
347
347
347
347
465
465
316
316
316
316
179
118
251
251
251
251
535
535
144
422
422
322
363
363
427
427
463
463
463
463
475
475
381
297
297
297
330
330
330
330
536
536
244
154
154
154
154
154
349
349
227
227
196
196
196
196
196
196
196
196
196
196
196
196
196
196
196
196
196
196
216
368
368
16
16
257
257
517
308
308
308
308
456
456
456
456
456
456
124
125
125
208
208
208
208
421
421
300
300
300
300
300
300
277
277
74
248
248
248
248
516
445
78
78
78
198
198
198
198
198
198
198
198
198
94
123
487
487
19
19
19
319
319
319
319
319
350
350
459
459
160
81
519
255
255
255
255
79
79
400
400
91
246
153
153
153
153
190
190
491
337
337
339
339
253
253
253
253
182
121
121
121
121
121
121
121
121
89
89
89
132
320
320
320
320
320
320
320
205
205
384
119
119
119
119
119
204
204
204
402
402
157
134
134
134
134
221
221
458
458
14
388
388
197
197
197
197
197
207
307
307
307
307
307
307
307
82
82
82
449
109
109
323
323
323
323
314
314
314
314
314
314
314
314
501
501
408
489
489
243
243
243
202
202
202
202
102
419
419
435
203
203
203
311
311
311
311
311
311
311
311
311
311
311
311
311
497
470
470
306
306
274
321
321
303
303
303
510
510
245
245
71
71
71
71
71
71
71
71
71
71
71
71
71
71
71
324
496
496
313
313
313
313
313
313
313
313
313
446
218
218
471
471
471
156
296
250
250
250
250
222
511
511
220
220
220
85
476
476
77
77
77
77
77
77
226
450
393
393
393
393
224
224
482
482
201
359
359
359
359
429
294
294
294
294
294
294
294
294
294
294
423
423
423
423
423
423
173
173
173
174
174
174
206
310
310
310
310
310
310
370
158
158
175
275
213
509
361
361
390
223
96
133
133
518
73
73
73
480
480
432
432
252
252
252
252
278
278
278
278
431
431
191
315
315
315
315
315
315
494
494
135
135
135
420
420
454
438
107
107
407
407
442
386
386
526
526
526
526
526
526
466
466
466
249
249
528
528
199
430
229
229
112
112
112
122
200
200
512
242
344
344
484
312
312
312
312
312
312
312
49
56
66
541
541
186
186
20
20
