1
2
2
2
2
2
2
2
2
2
2
2
2
2
2
2
2
2
19
19
19
2
23
23
23
23
23
23
1
30
30
30
30
30
30
30
30
30
40
41
41
41
41
41
41
41
41
41
41
48
48
48
48
48
48
1
58
58
58
58
58
58
1
65
65
65
65
65
65
65
65
65
1
75
75
75
75
75
75
75
75
75
1
85
85
85
85
85
85
1
92
92
92
92
92
92
92
92
92
1
102
102
102
102
102
102
102
102
102
40
112
112
112
112
112
112
112
112
112
112
112
119
119
120
120
1
128
128
128
128
128
128
128
128
128
1
138
138
138
138
138
138
1
145
145
145
145
145
145
152
153
153
153
153
153
153
153
153
153
153
153
153
153
153
153
153
153
153
153
153
153
153
153
153
153
153
153
153
153
153
153
153
153
153
153
153
153
153
153
153
153
169
1
196
196
196
196
196
196
79
61
51
51
51
51
51
51
73
73
109
190
132
140
48
48
48
48
48
141
38
38
6
6
84
98
81
10
10
10
10
10
10
10
10
10
37
137
9
9
9
9
9
9
36
100
100
105
189
12
12
134
121
8
27
27
35
201
201
164
164
164
14
14
193
17
17
68
32
74
163
69
90
90
72
149
143
143
89
28
28
131
96
148
71
178
18
18
87
70
94
123
123
123
123
123
123
82
162
162
162
111
34
108
49
49
49
49
49
199
186
186
101
78
7
7
7
7
7
7
7
67
77
147
16
83
83
130
39
50
50
50
50
50
50
29
29
29
29
95
104
11
11
106
183
119
119
119
119
119
119
13
120
120
120
120
120
120
63
63
97
136
136
60
88
110
110
107
33
99
198
135
80
15
133
150
150
56
56
56
56
56
