1
2
2
2
2
2
2
2
2
2
2
2
2
2
14
14
14
12
12
12
1
22
22
22
22
22
22
22
22
22
22
22
22
22
22
22
22
22
38
38
42
43
43
43
43
43
43
43
43
43
43
43
43
43
43
43
43
43
43
43
43
43
43
43
43
43
43
43
43
43
43
73
73
73
73
73
73
73
73
73
65
83
66
85
69
71
89
90
90
90
90
93
93
93
93
93
93
93
93
93
105
93
93
93
93
93
93
93
94
92
71
37
37
37
37
38
38
38
38
38
77
77
94
81
81
81
81
12
12
12
12
12
12
12
12
12
12
12
12
12
67
67
67
67
93
13
13
76
76
76
69
69
68
91
14
14
14
14
72
72
72
72
66
66
66
66
66
66
66
66
66
66
66
66
65
15
15
15
15
36
36
36
36
78
78
78
78
59
59
64
64
63
63
80
80
80
75
75
75
61
62
79
79
79
82
82
3
3
3
3
74
74
11
48
47
18
19
19
19
20
21
40
40
98
102
87
87
106
107
