2
3
4
5
6
7
8
9
10
11
12
13
14
15
16
17
18
19
20
21
22
23
24
25
26
27
28
29
30
31
32
33
34
35
36
37
38
39
40
41
43
44
45
46
47
48
49
50
51
52
53
54
55
56
57
58
59
60
61
62
63
64
65
66
67
68
69
70
71
72
73
74
75
76
77
78
79
80
81
82
83
84
85
86
87
88
90
91
92
93
94
95
96
97
98
99
100
101
102
103
93
106
107
108
109
110
111
112
113
94
70
38
30
31
32
39
26
34
29
33
78
73
93
74
54
58
73
8
30
5
6
11
10
34
9
7
32
31
33
22
69
49
47
50
93
36
28
52
74
73
71
70
48
92
37
5
11
9
62
64
61
63
72
68
51
57
52
55
49
56
53
50
54
58
50
37
4
11
9
24
23
28
25
57
74
53
73
73
73
62
45
61
44
74
56
73
51
74
73
60
60
74
55
73
74
43
43
77
59
82
43
43
22
43
69
5
11
33
22
9
7
26
29
93
93
71
70
93
93
