1
2
2
2
2
2
2
2
2
10
10
1
13
13
13
13
13
13
13
13
13
13
13
13
13
13
13
13
13
13
13
13
13
13
13
13
13
13
13
13
13
13
13
13
34
34
1
48
48
48
48
48
48
48
48
48
48
48
48
48
48
48
48
48
48
48
48
48
48
48
48
48
48
48
48
48
48
48
48
48
48
48
48
48
48
48
48
48
48
48
48
48
48
48
48
48
48
54
99
48
101
101
101
101
101
101
101
101
48
110
110
110
110
48
115
115
115
115
115
115
115
115
115
115
115
115
115
115
115
115
115
115
67
1
135
135
135
135
135
135
135
135
135
135
135
135
135
135
135
135
135
135
135
135
135
135
135
135
135
135
135
135
135
135
135
135
135
135
135
135
135
135
135
135
135
135
135
135
135
135
135
135
135
135
135
135
135
135
135
135
135
135
135
135
135
135
135
135
135
135
135
135
135
135
135
135
135
135
135
135
135
135
135
135
135
135
135
135
135
135
135
135
135
135
135
135
135
135
135
185
182
182
182
183
183
183
184
184
185
184
185
13
2
135
182
182
29
29
161
161
100
150
150
172
172
181
181
212
212
6
6
141
141
20
20
43
43
87
87
174
174
208
208
19
19
221
221
63
63
63
63
194
194
92
207
207
32
32
156
156
28
28
165
165
213
213
67
149
149
176
176
18
18
173
173
58
5
5
36
36
228
228
42
42
37
37
157
157
195
195
220
220
184
184
202
202
170
170
136
136
179
179
121
148
148
128
218
218
193
193
123
198
198
24
24
223
223
68
154
154
34
34
196
196
8
8
114
183
183
171
171
137
137
180
180
17
17
69
69
69
211
211
7
7
147
147
219
219
106
9
9
89
192
192
191
191
15
15
10
10
199
199
222
222
119
155
155
91
91
197
197
108
73
113
168
168
125
138
138
120
75
75
75
30
30
151
151
27
27
146
146
109
186
186
216
216
14
14
190
190
22
22
3
3
21
21
45
45
16
16
200
200
160
160
225
225
229
229
40
40
204
204
203
203
185
185
88
88
35
35
169
169
189
189
139
139
31
31
105
145
145
152
152
164
164
107
107
217
217
71
71
71
71
71
71
71
71
23
23
230
230
44
44
122
118
206
206
55
55
55
201
201
33
33
224
224
166
166
188
188
41
41
140
140
144
144
163
163
70
153
153
66
66
66
66
66
124
177
177
214
214
210
210
64
227
227
25
25
38
38
158
158
167
167
187
187
86
86
127
127
143
143
162
162
26
26
178
178
215
215
65
65
65
65
65
65
175
175
209
209
4
4
142
142
226
226
159
159
205
205
39
39
