1
2
2
2
2
2
2
2
2
2
2
2
2
2
2
2
2
2
2
2
2
2
2
2
2
2
2
2
2
2
2
2
2
2
2
2
2
2
13
40
26
42
27
44
28
46
29
48
30
50
31
52
32
54
2
56
56
56
36
60
38
62
39
64
21
21
23
24
25
43
43
43
43
43
43
43
78
79
79
79
79
79
79
79
79
79
79
79
79
79
79
79
79
79
79
79
79
79
79
79
79
79
79
79
79
79
79
79
79
79
79
79
79
79
79
79
79
79
79
79
79
79
79
79
79
79
79
93
130
94
132
95
134
79
136
138
139
139
139
139
139
139
139
139
139
139
139
139
139
139
139
139
139
139
139
139
139
139
139
139
139
139
139
139
139
139
139
139
139
139
139
139
139
139
139
139
139
139
139
139
139
139
139
186
186
186
186
186
186
186
186
186
186
186
186
19
19
182
182
182
182
182
182
182
182
182
105
105
20
20
161
161
161
22
22
28
28
29
29
29
165
165
165
18
18
171
179
179
179
179
179
179
179
179
179
179
34
34
34
34
106
102
102
102
102
102
102
102
102
10
88
88
88
88
88
88
88
88
88
88
88
88
88
88
88
88
88
88
88
88
88
88
88
88
88
88
88
88
88
177
177
177
177
177
177
177
177
177
177
196
196
196
196
196
196
196
196
196
126
163
163
163
9
9
9
9
9
98
98
128
180
101
101
168
166
166
150
150
150
116
116
116
21
21
39
39
114
114
114
114
114
114
117
117
117
113
113
113
113
113
113
164
164
164
164
154
154
154
41
41
178
178
178
178
178
178
178
178
178
178
11
14
115
162
162
162
38
38
38
87
87
87
87
87
87
169
169
169
169
169
169
169
169
169
169
169
183
149
92
92
92
92
26
26
37
37
16
16
184
12
12
100
100
103
103
103
148
148
148
35
35
35
35
35
156
156
156
32
32
32
121
121
31
31
31
159
159
159
27
36
36
36
36
36
146
155
155
155
90
90
90
90
119
119
111
111
111
111
111
111
94
94
94
15
15
17
17
17
112
112
112
112
112
112
151
151
151
25
25
107
160
160
160
198
157
157
157
24
24
30
30
30
147
147
109
109
109
109
104
104
23
23
96
96
172
172
175
118
118
118
174
174
174
33
33
33
33
95
95
95
185
185
152
152
152
176
176
176
176
176
176
176
176
176
176
89
89
89
89
93
93
93
93
120
181
167
122
122
122
122
122
122
153
153
153
124
124
124
131
197
197
197
197
197
197
197
197
197
197
133
97
97
158
158
158
173
141
66
67
