2
3
4
5
6
7
8
9
10
11
12
13
14
15
16
17
18
19
20
21
22
23
24
25
26
27
28
29
30
31
32
33
34
35
36
37
38
39
40
41
42
43
44
45
46
47
48
49
50
51
52
53
54
55
56
57
58
59
60
61
62
63
64
65
66
67
68
69
70
71
72
73
74
75
76
77
79
80
81
82
83
84
85
86
87
88
89
90
91
92
93
94
95
96
97
98
99
100
101
102
103
104
105
106
107
108
109
110
111
112
113
114
115
116
117
118
119
120
121
122
123
124
125
126
127
128
129
130
131
132
133
134
135
136
137
139
140
141
142
143
144
145
146
147
148
149
150
151
152
153
154
155
156
157
158
159
160
161
162
163
164
165
166
167
168
169
170
171
172
173
174
175
176
177
178
179
180
181
182
183
184
185
186
187
188
189
190
191
192
193
194
195
196
197
198
7
8
150
158
154
162
148
160
164
156
152
128
125
7
8
142
141
193
7
8
7
8
13
7
8
142
141
195
7
8
145
178
189
190
188
194
191
193
195
192
186
59
7
8
56
125
106
104
126
105
125
103
83
82
7
89
107
124
119
108
111
121
101
117
99
113
91
118
109
120
102
92
114
98
122
90
97
100
116
112
86
85
81
84
176
189
190
188
194
191
193
195
192
186
189
190
188
194
191
193
195
187
192
83
142
194
141
12
11
7
3
6
80
82
127
180
83
82
168
142
144
188
142
141
85
84
82
7
8
7
8
115
126
110
85
84
82
85
84
82
115
126
110
85
84
82
142
143
141
195
190
142
141
14
11
178
189
190
188
194
191
193
195
192
186
6
8
85
142
194
141
7
8
4
86
83
85
81
84
82
188
195
187
189
190
194
191
193
192
186
186
142
142
95
94
93
82
11
5
7
8
7
8
142
7
8
83
82
128
125
82
142
141
187
59
7
8
4
56
142
191
141
14
11
5
83
82
13
11
5
142
141
192
11
13
11
59
5
56
142
190
142
141
126
80
84
82
83
82
115
126
110
85
84
82
96
128
82
7
8
7
8
4
115
126
110
85
84
82
188
142
141
7
8
83
142
141
193
186
142
191
141
7
8
13
11
5
142
141
86
85
84
82
128
125
7
8
137
136
172
139
174
85
84
82
181
175
139
59
7
8
56
96
128
82
142
139
189
142
141
176
189
190
188
194
191
193
195
192
186
127
126
83
82
96
128
81
82
82
174
167
123
129
86
85
84
82
189
142
141
85
84
82
128
189
190
188
194
191
193
195
187
192
186
128
126
84
142
141
192
173
186
8
8
