2
3
4
5
6
7
8
9
10
11
12
13
14
15
16
17
18
19
20
21
22
23
24
25
26
27
28
29
30
31
32
33
34
35
36
37
38
39
40
41
42
43
44
45
46
47
48
49
50
51
52
53
54
55
56
57
58
59
60
61
62
63
64
65
66
67
68
69
70
71
72
73
74
75
76
77
78
79
80
81
82
83
84
85
86
87
88
89
90
91
92
93
94
95
96
97
98
99
100
101
102
103
104
105
106
107
108
109
110
111
112
113
114
115
116
117
118
119
120
121
122
123
124
125
126
127
128
129
130
131
132
133
134
135
136
137
138
139
140
141
142
143
144
145
146
147
148
149
150
151
152
153
154
155
156
157
158
159
160
161
162
163
164
165
166
167
168
169
170
171
172
173
174
175
176
177
178
179
180
181
182
183
184
185
186
187
188
189
190
191
192
193
194
195
196
197
198
199
200
201
202
203
204
205
206
207
208
209
210
211
212
213
214
215
216
217
218
220
222
223
224
225
226
228
229
230
231
232
233
234
236
237
238
239
240
241
242
244
245
246
247
248
249
250
251
252
254
255
256
257
258
259
260
261
262
263
264
265
266
267
268
269
270
271
272
273
274
275
276
277
278
279
280
281
282
283
284
285
286
287
288
289
290
291
292
293
294
295
296
297
298
299
300
301
302
303
304
305
306
307
308
309
310
311
312
313
314
315
316
317
318
319
320
321
322
323
324
325
326
327
328
329
330
331
332
333
334
335
336
337
338
339
340
332
333
334
335
346
347
348
349
350
351
352
353
354
355
356
357
358
359
360
361
362
363
364
365
366
367
368
369
370
371
372
373
374
375
376
377
378
379
380
381
382
383
384
385
386
387
388
389
390
391
392
393
394
395
396
397
398
399
400
401
402
403
404
405
406
407
408
409
410
411
412
413
414
415
416
417
418
419
420
421
422
423
424
425
426
427
428
429
430
431
432
433
434
435
436
437
438
439
440
441
442
443
444
445
446
447
448
449
450
451
452
453
454
455
456
457
458
459
460
461
462
463
464
465
466
467
468
469
470
471
472
473
474
475
476
477
478
479
480
481
482
483
484
485
486
487
488
489
490
491
492
494
496
498
499
500
501
502
503
504
505
506
507
508
509
510
511
512
513
514
515
516
517
351
352
452
351
352
475
477
478
324
434
308
435
422
422
484
465
429
6
9
422
422
357
351
352
469
465
9
465
9
9
449
9
351
352
473
505
475
477
465
9
465
422
403
351
352
400
449
422
465
429
422
484
429
8
9
422
469
465
9
465
429
6
422
15
9
3
9
429
422
9
429
422
355
356
351
347
350
449
9
465
9
465
9
9
473
505
510
469
465
9
470
466
429
422
470
465
466
5
422
513
451
449
445
439
438
456
444
458
474
487
309
315
295
292
296
422
314
291
451
9
16
465
9
358
355
451
449
9
512
505
510
429
422
449
9
422
467
429
422
467
429
422
422
429
422
16
449
465
474
9
3
465
9
447
439
438
444
474
449
445
440
441
446
9
355
349
351
352
429
6
8
351
352
449
9
157
506
505
478
465
15
9
403
351
352
348
400
449
465
474
9
422
422
465
9
485
429
6
422
485
465
15
429
6
422
9
355
357
349
451
9
355
485
429
6
422
465
7
9
465
9
16
465
9
485
429
9
470
465
466
5
422
449
465
9
351
352
449
9
340
324
478
469
9
351
352
348
340
324
467
465
422
506
429
422
9
9
422
9
40
351
352
422
465
429
422
477
465
429
422
429
489
422
424
422
422
467
465
422
468
429
422
451
465
9
429
6
422
466
429
422
465
9
484
485
429
8
422
292
296
318
291
479
480
449
9
451
9
429
422
449
7
9
449
422
307
453
9
448
478
449
465
429
6
422
478
311
292
296
310
318
291
9
403
351
352
400
473
512
505
9
469
465
9
478
465
429
422
465
429
422
429
422
479
480
490
429
6
422
449
422
429
422
293
297
451
9
449
9
422
469
465
9
9
16
3
506
422
505
449
422
306
321
432
309
302
315
295
298
292
296
317
316
422
314
291
9
449
470
465
466
5
422
351
352
449
9
351
352
451
465
9
466
5
422
429
422
16
465
12
10
9
324
324
429
6
8
9
11
465
9
449
7
9
465
9
449
9
351
429
422
469
465
9
340
324
422
449
422
506
422
505
422
451
465
9
424
484
433
482
422
448
429
422
484
449
429
6
422
7
9
351
352
429
6
422
16
3
11
462
351
352
422
485
9
16
3
454
7
9
429
6
350
429
9
11
352
451
465
9
477
16
3
422
293
292
318
314
351
352
348
485
15
429
6
422
11
451
9
16
465
9
3
467
5
422
324
484
449
465
429
6
422
351
352
449
9
429
489
6
422
449
9
9
469
9
449
422
449
422
484
429
6
422
358
355
349
465
9
429
6
422
449
9
422
9
16
449
465
9
3
449
422
448
478
467
465
422
403
355
357
349
400
449
465
429
6
7
9
313
312
29
157
482
422
469
9
16
449
465
9
3
422
9
9
429
422
6
7
9
465
9
298
318
422
422
351
352
355
357
349
449
422
465
9
9
16
465
429
6
9
3
422
351
352
16
449
465
9
3
469
465
9
424
465
9
321
315
295
292
296
317
316
318
314
291
422
469
465
9
303
9
9
449
465
43
474
9
451
9
462
469
465
9
449
429
6
9
422
9
9
469
9
449
9
422
449
9
424
422
308
450
10
318
314
422
291
9
422
9
422
422
309
295
291
352
324
352
