1
2
2
2
2
2
2
9
10
10
10
10
10
10
10
10
10
10
10
10
10
10
10
10
10
10
10
10
10
32
33
33
33
33
36
39
40
40
40
40
40
40
40
40
40
40
40
47
52
52
57
49
59
60
60
60
60
60
60
60
60
68
68
68
68
68
68
66
76
77
77
77
77
77
77
77
77
77
77
77
77
77
77
77
77
77
77
77
77
77
9
99
99
99
101
101
105
106
106
106
106
106
106
106
106
106
106
106
106
106
106
106
106
106
106
106
106
106
106
106
128
130
39
132
132
132
9
136
136
136
136
136
136
136
136
136
136
136
136
136
136
136
136
136
136
136
136
136
136
136
136
136
162
163
156
156
155
155
153
169
170
171
173
174
174
174
174
174
174
174
174
174
174
184
184
174
174
174
174
174
174
192
192
192
195
195
195
195
195
174
174
202
202
202
202
202
207
207
174
210
210
210
210
210
210
210
210
210
210
174
174
222
222
222
222
222
222
174
174
230
230
230
174
234
234
234
234
174
239
239
174
174
244
245
245
245
245
245
248
251
248
248
255
256
256
256
256
256
256
256
256
256
256
256
256
256
256
256
272
273
273
273
273
273
273
273
273
273
273
273
273
287
288
288
288
288
288
288
288
295
295
295
295
295
295
302
302
302
302
302
302
302
302
302
302
302
302
302
302
9
303
303
303
303
303
303
310
309
308
306
306
315
305
317
1
318
318
318
318
318
318
318
318
318
318
318
318
332
333
333
333
333
333
333
333
333
333
333
333
333
345
345
9
348
348
348
348
348
348
348
348
348
348
348
348
348
358
363
358
358
76
366
366
366
366
366
371
366
373
366
375
366
377
366
379
366
381
366
383
366
385
366
387
389
390
390
390
390
390
390
390
390
390
390
390
390
390
390
390
390
390
407
407
407
407
407
407
407
407
407
407
407
407
407
407
407
407
424
425
425
425
425
425
425
425
425
425
425
425
425
425
425
425
425
425
425
443
443
443
443
443
443
443
443
443
443
443
443
443
443
443
443
443
461
462
462
464
464
464
464
464
464
259
9
472
472
472
472
472
472
472
472
472
472
480
9
484
484
484
484
484
484
484
484
484
484
484
484
484
484
484
484
484
501
484
503
244
505
505
505
505
505
505
505
505
505
505
505
505
505
505
505
505
505
517
523
517
526
527
527
527
527
527
527
527
527
527
528
537
539
540
540
540
540
540
540
540
540
540
540
540
540
552
552
552
552
552
552
552
552
552
552
552
564
565
565
565
565
565
565
565
565
1
574
574
574
574
574
574
574
582
583
583
583
583
583
583
583
583
583
583
583
583
583
583
583
583
583
583
583
583
583
583
583
583
583
583
583
583
583
583
583
583
583
583
583
583
583
583
583
583
583
583
583
583
583
583
583
583
583
583
583
583
583
583
583
583
583
583
583
583
583
583
583
583
583
583
583
583
583
583
583
583
583
583
583
583
583
583
583
583
583
583
583
583
583
583
583
583
583
627
625
675
676
676
676
676
676
676
676
676
684
684
676
687
687
676
690
690
676
693
693
696
697
697
697
697
697
698
703
701
698
700
709
710
710
712
712
711
718
719
719
719
719
719
719
725
725
461
728
728
728
728
728
728
734
734
734
732
738
732
255
742
742
742
742
424
747
747
747
751
1
752
752
752
752
752
752
752
752
752
752
752
752
752
752
752
752
191
189
190
192
574
221
752
693
202
687
187
690
229
210
201
184
188
341
341
341
459
459
459
459
459
459
694
630
115
115
158
158
158
158
158
158
158
158
186
309
309
309
309
309
309
309
323
323
600
330
85
495
495
495
495
495
495
495
601
671
260
522
252
724
724
724
724
724
624
624
691
699
29
29
328
409
118
118
420
646
646
66
66
66
297
284
14
649
649
95
50
50
412
761
25
25
519
519
519
661
283
516
180
556
561
74
74
74
74
74
437
568
568
615
615
449
6
327
327
327
581
645
645
618
618
452
650
650
580
569
569
701
701
652
662
633
26
551
571
113
113
616
616
557
417
27
27
631
597
176
176
606
606
598
598
598
598
598
598
598
259
592
681
298
765
765
765
20
84
324
324
529
520
261
67
19
19
19
463
217
233
760
299
651
36
688
667
607
607
264
757
757
757
360
125
125
181
558
488
488
488
488
758
406
628
634
218
325
325
629
116
116
613
613
439
439
439
439
439
439
439
439
439
635
410
455
458
458
37
37
610
610
589
112
112
114
114
683
683
683
683
683
683
695
695
722
722
157
157
157
157
157
157
514
514
514
514
653
496
496
496
496
496
496
496
515
451
609
609
159
159
159
159
159
159
159
159
643
643
454
228
228
227
227
657
131
626
626
340
340
421
622
489
489
489
489
489
572
572
572
101
119
119
367
367
367
367
367
367
154
490
490
490
490
562
415
517
642
642
746
160
160
160
160
160
160
160
160
672
129
51
532
659
269
177
177
177
498
498
498
498
498
498
498
639
358
358
358
358
358
358
358
358
358
358
358
358
358
358
358
692
692
640
768
612
612
226
536
120
120
648
648
238
370
481
481
413
614
614
111
111
49
49
654
764
641
641
577
423
513
513
513
513
513
438
623
617
617
682
682
763
763
763
460
124
487
487
487
487
487
487
487
487
487
487
487
487
487
487
447
262
23
178
611
611
621
110
110
126
126
766
554
593
593
593
593
664
711
711
750
750
750
750
750
750
602
109
109
762
762
762
636
632
326
326
326
128
480
480
480
480
480
480
480
480
480
480
179
179
179
179
521
289
296
663
605
605
194
194
453
240
559
237
206
555
494
494
494
494
494
494
700
700
301
647
518
329
329
670
47
47
595
117
117
419
560
669
122
122
732
342
342
342
342
411
638
308
308
308
308
308
18
18
121
121
553
155
155
155
155
155
155
155
155
155
155
155
155
155
155
627
627
96
102
369
538
538
538
723
456
127
127
134
73
73
73
73
205
205
637
22
655
446
749
749
749
749
749
156
156
156
156
156
156
156
156
156
156
156
156
156
156
156
156
656
644
644
534
368
408
300
689
689
596
24
591
591
591
591
591
266
619
619
8
8
492
492
492
492
492
153
153
153
153
153
153
153
153
153
153
153
153
153
153
153
153
153
153
153
450
450
660
680
680
767
767
767
594
594
594
5
5
216
45
182
182
499
499
499
499
499
499
499
625
625
491
491
491
491
491
491
497
497
497
497
497
497
497
666
668
414
441
535
422
219
219
28
28
658
493
493
493
493
493
493
97
416
759
7
531
590
448
442
442
442
442
418
608
608
533
220
220
530
530
530
563
712
712
344
123
123
123
86
457
457
21
604
249
249
620
698
223
720
140
475
203
193
476
152
338
305
305
528
528
320
320
355
175
149
215
485
485
319
224
214
306
306
677
471
713
713
714
715
715
164
165
165
166
166
167
168
168
168
168
362
483
483
483
483
483
483
483
103
741
525
364
364
364
364
364
364
364
364
365
365
311
311
311
311
311
58
58
75
75
75
38
705
705
312
312
312
313
313
313
316
316
316
707
708
708
