2
3
4
5
6
7
8
9
10
11
12
13
14
15
16
17
18
19
20
21
22
23
24
25
26
27
28
29
30
31
32
33
34
35
36
37
38
39
40
41
42
43
44
45
46
47
48
49
50
51
52
53
54
55
56
57
58
59
60
61
62
63
64
65
66
67
68
69
70
71
72
73
74
75
76
77
78
79
80
81
82
83
84
85
86
87
88
89
90
91
92
4
6
7
8
98
99
100
101
102
103
104
105
106
107
108
109
110
111
112
113
115
116
117
118
119
120
121
122
123
124
125
126
127
128
129
130
131
132
133
134
135
136
137
138
139
140
141
142
143
144
145
146
147
148
149
150
151
152
153
154
155
157
158
159
160
161
162
163
164
165
166
167
168
169
170
171
172
173
174
175
176
177
178
179
180
181
182
183
184
185
186
187
188
189
190
191
192
193
194
195
196
197
198
199
200
201
202
203
204
205
206
207
208
209
210
211
212
213
214
215
216
217
218
219
220
221
222
223
224
225
226
227
228
229
230
120
119
118
28
47
52
46
16
122
153
115
115
128
126
120
115
7
188
103
104
105
138
118
29
118
167
10
144
128
126
135
129
8
115
115
115
143
120
118
47
31
189
122
121
27
26
15
144
120
118
199
181
212
7
198
16
13
107
21
20
100
104
101
105
116
150
120
118
175
158
132
119
118
16
21
23
12
176
7
115
40
16
89
31
49
179
115
120
149
33
115
203
220
224
201
198
202
200
34
115
115
46
11
21
211
15
24
25
27
26
160
202
197
37
11
18
19
88
40
7
158
188
110
100
89
11
120
119
118
115
100
206
119
19
30
152
115
175
158
21
22
24
45
29
11
216
218
220
154
120
121
116
8
115
115
15
83
2
100
180
115
177
115
11
209
207
47
119
118
89
135
120
9
10
158
16
12
28
15
128
154
126
120
115
115
175
158
189
45
52
167
223
126
118
146
212
17
3
11
21
12
23
22
19
20
29
94
214
222
213
140
219
115
115
120
175
158
15
26
175
158
135
136
221
92
16
11
18
88
111
100
102
104
105
101
14
15
62
41
16
207
140
137
198
115
14
98
122
151
115
115
217
215
52
13
120
118
175
158
14
69
118
128
126
120
115
120
120
120
119
118
48
29
15
98
150
150
88
157
2
2
2
197
7
2
137
7
2
7
2
198
