1
2
2
2
2
7
8
8
8
8
8
8
8
8
8
8
8
8
8
8
8
8
8
8
8
8
8
8
8
30
32
34
35
35
35
35
35
35
35
43
44
44
44
44
47
50
51
51
51
51
51
51
51
51
51
51
51
51
51
51
51
51
51
51
51
51
51
51
51
51
51
51
51
51
51
51
51
51
51
51
51
51
51
51
51
51
51
51
51
51
51
51
51
51
51
51
51
51
51
51
51
51
51
51
51
51
51
51
51
51
51
51
51
51
51
51
51
51
51
51
51
51
51
51
51
51
51
51
51
51
51
51
51
51
51
95
93
145
146
146
146
146
146
146
146
146
155
156
156
156
156
156
156
156
156
156
156
156
156
156
156
156
156
156
173
173
173
173
173
173
173
173
173
173
173
173
173
173
173
173
190
191
191
191
191
191
191
191
198
198
198
198
198
198
205
205
205
205
205
205
205
205
205
205
205
205
205
205
206
207
207
207
207
207
207
207
207
207
207
207
207
219
219
219
219
219
219
219
219
219
219
219
1
231
231
231
231
231
231
231
231
231
231
231
231
231
231
231
247
248
248
248
248
248
248
248
248
256
256
248
259
259
248
262
262
248
265
265
268
269
269
269
269
269
269
269
269
269
269
269
269
281
281
285
286
286
286
286
286
286
286
286
286
286
286
286
300
301
301
301
301
301
301
301
301
301
301
301
301
301
301
301
301
301
301
301
301
301
34
323
323
323
323
323
323
331
332
332
332
332
332
332
338
338
341
342
342
342
259
262
35
265
277
277
277
179
266
98
17
17
82
82
13
13
122
68
109
109
309
69
139
235
38
337
337
337
337
337
92
92
189
263
91
85
85
254
254
26
175
20
20
237
186
79
79
89
12
12
28
28
114
114
200
297
117
117
178
221
61
61
61
132
129
296
70
223
11
11
228
149
149
83
83
104
100
327
42
113
113
86
86
192
118
118
199
41
131
73
73
150
150
120
130
101
218
152
15
15
226
84
84
224
183
222
204
99
115
65
74
74
138
63
66
66
66
66
66
66
19
19
234
253
201
185
308
227
236
137
24
24
278
278
278
278
177
106
119
202
47
260
23
23
220
95
95
135
75
75
239
27
27
225
336
29
29
172
96
102
97
105
123
18
18
81
81
124
112
112
103
174
176
48
48
203
261
261
78
78
64
59
59
59
59
59
57
87
87
241
14
14
16
16
255
255
255
255
255
255
267
267
329
329
335
335
121
128
252
252
62
62
326
326
93
93
77
77
111
111
125
94
94
276
276
134
187
136
90
153
153
153
180
21
21
188
126
182
229
181
328
110
110
6
58
140
76
76
184
31
127
244
230
107
280
25
25
25
264
264
108
310
80
80
72
22
22
116
116
88
333
274
249
49
