1
2
2
2
2
2
2
2
2
2
2
2
9
14
14
14
8
19
20
20
20
20
20
20
20
20
20
20
20
20
20
20
20
20
20
20
34
39
39
39
43
45
38
47
49
50
50
50
50
50
50
50
50
50
50
50
50
50
50
50
50
50
50
50
50
50
50
50
50
50
50
50
50
50
50
50
50
50
50
50
50
50
50
50
50
50
50
50
50
50
50
50
50
50
50
50
50
50
50
50
50
50
50
50
50
50
50
50
50
50
50
50
50
50
50
50
50
50
50
50
50
50
50
50
50
50
50
50
50
50
50
50
50
50
50
50
50
71
143
75
145
147
148
148
148
148
148
148
148
148
148
148
148
148
148
148
148
148
165
166
162
163
163
170
171
171
171
171
171
171
171
171
171
171
171
171
171
171
171
171
171
171
171
171
171
171
171
171
171
171
171
171
171
171
171
171
171
171
171
171
171
171
171
171
171
171
171
171
171
171
171
171
171
171
171
171
171
171
171
171
171
171
171
171
171
171
171
171
171
171
171
171
171
171
171
171
171
171
171
171
171
171
171
171
171
171
171
199
255
255
255
255
255
255
219
263
264
264
264
264
264
264
264
264
264
264
264
264
264
264
264
264
264
95
95
89
219
219
219
219
219
219
219
219
219
219
219
219
219
232
232
232
128
128
137
137
270
5
115
188
188
188
236
236
86
86
116
203
203
238
238
42
142
142
28
28
28
28
28
28
28
28
28
28
28
216
67
67
141
141
245
209
209
7
122
192
192
192
192
192
192
192
237
12
12
199
8
109
109
121
97
97
71
71
210
210
110
108
98
98
138
138
260
260
260
260
104
87
240
240
163
163
163
163
215
81
81
119
119
140
242
41
69
69
69
69
69
205
205
214
251
221
221
10
10
29
206
206
278
132
68
68
225
107
186
186
246
133
133
84
84
85
85
131
113
126
126
243
144
144
144
136
136
187
187
253
217
217
217
217
217
217
217
217
162
162
162
162
162
162
162
244
61
120
120
204
230
230
212
212
267
105
117
117
33
33
33
33
33
190
190
191
185
280
247
274
218
218
218
234
64
231
231
231
228
228
92
92
207
207
194
249
226
123
123
3
200
200
193
83
83
241
241
134
134
227
227
164
211
211
32
32
32
32
62
62
62
62
70
70
208
208
130
72
72
72
72
72
72
82
82
65
34
34
34
34
34
223
223
35
35
99
99
222
261
261
261
235
235
235
235
195
195
195
195
60
59
59
59
59
250
220
90
90
6
80
80
233
233
103
96
79
79
197
146
88
196
114
198
248
272
4
254
125
125
213
213
101
101
91
112
102
239
239
239
239
239
118
118
111
111
30
30
66
66
229
229
229
93
93
189
189
31
31
31
31
201
76
76
202
75
15
78
78
276
74
74
252
100
100
106
106
127
127
129
129
94
94
139
63
124
124
224
52
22
172
167
167
168
168
169
262
262
