2
3
4
5
6
7
8
9
10
11
12
13
14
15
16
17
18
19
20
21
22
23
24
25
26
27
28
29
30
31
32
33
34
35
36
37
38
39
40
41
42
43
44
45
46
47
48
49
50
51
52
53
54
55
56
57
58
59
60
61
62
63
64
65
66
67
68
69
70
71
72
73
74
75
76
77
78
79
80
81
82
83
84
85
86
87
88
89
90
91
92
93
94
95
96
97
98
99
100
101
102
103
104
105
106
107
108
109
110
111
112
113
114
115
116
117
118
119
120
121
122
123
124
125
126
127
128
129
130
131
132
133
134
135
136
137
138
139
140
141
142
143
144
145
146
147
148
149
150
151
152
153
154
155
156
157
158
159
160
161
162
163
164
165
166
167
168
169
170
171
172
173
174
175
176
177
178
179
180
181
182
183
184
185
186
187
188
189
190
191
192
193
194
195
196
197
198
199
200
201
202
203
204
205
206
207
208
209
210
211
212
213
214
215
216
217
218
219
220
221
222
223
224
225
226
227
228
229
230
231
232
233
234
235
236
237
238
239
240
241
242
243
244
245
246
247
248
249
250
251
252
253
254
255
256
257
258
259
260
261
262
263
264
265
266
267
268
269
270
271
272
273
274
275
276
277
278
279
280
281
282
283
284
285
286
287
288
289
290
291
292
293
294
295
296
297
298
299
300
301
302
303
304
305
306
307
308
309
310
311
312
313
314
315
316
317
318
319
320
321
322
323
324
325
326
327
328
329
330
331
332
333
334
335
336
337
338
339
340
341
342
343
344
345
346
347
348
349
350
351
352
353
354
355
356
357
358
359
360
361
362
363
364
365
366
367
368
369
370
371
372
373
374
375
376
377
378
379
380
381
382
383
384
385
386
387
388
167
88
22
21
16
18
38
21
15
10
8
345
341
342
215
214
197
276
273
170
357
354
355
356
280
276
279
283
277
273
278
275
274
80
73
355
356
58
385
381
380
377
375
88
21
386
372
382
379
381
366
378
365
375
80
114
341
63
83
21
21
164
186
187
184
163
185
215
214
55
22
10
80
21
364
21
273
173
86
89
10
8
58
88
22
276
283
282
272
285
281
284
38
357
355
354
356
16
372
379
381
375
205
19
21
22
205
206
204
80
205
206
186
181
357
280
283
273
285
281
274
164
167
186
17
166
185
184
181
163
85
20
38
10
13
37
83
280
277
273
278
275
274
267
88
21
87
15
10
8
164
167
186
197
173
198
166
185
184
172
213
196
163
205
115
38
16
17
280
276
279
282
283
285
281
341
267
186
169
205
275
80
41
21
9
97
18
66
21
66
21
63
80
179
273
89
19
11
72
273
23
21
176
72
22
105
187
58
34
386
278
20
145
273
17
379
376
378
380
377
23
38
13
21
18
52
164
167
186
17
166
185
184
181
163
38
186
184
164
186
187
181
163
185
73
21
371
387
382
379
381
366
365
375
268
273
278
271
197
37
21
115
197
198
276
273
186
172
23
205
205
325
327
197
186
166
186
175
280
276
270
282
273
278
285
374
370
369
273
363
340
22
38
14
22
38
13
34
155
16
17
163
373
368
363
363
21
22
186
178
366
376
381
380
164
185
52
21
382
364
366
376
365
375
22
38
13
379
376
378
380
377
375
17
280
273
281
58
269
22
38
13
115
41
182
320
320
164
163
350
348
349
97
18
197
21
55
17
21
348
349
17
163
382
366
381
365
375
114
105
21
17
323
267
375
375
323
267
185
12
323
267
323
267
267
