1
2
2
2
2
2
2
2
2
2
2
2
2
2
2
2
2
2
2
2
2
2
2
2
2
2
27
27
27
27
27
27
27
27
2
36
36
36
36
36
36
36
36
36
36
36
36
36
36
50
50
50
50
50
50
50
50
50
50
50
50
36
63
63
63
63
63
63
63
63
72
73
73
73
73
73
73
73
73
73
73
73
73
73
73
73
73
73
73
73
73
73
94
94
94
94
94
94
94
94
94
94
94
94
94
94
94
94
94
94
94
94
94
94
117
73
90
120
121
121
121
121
121
121
121
121
121
121
121
121
121
121
121
121
121
121
121
121
141
141
141
141
141
141
72
148
148
148
151
152
152
152
152
152
152
152
152
152
148
4
72
164
164
164
164
164
164
164
164
164
164
164
164
164
164
164
164
164
164
164
164
164
164
164
164
164
164
164
164
164
164
164
164
164
197
197
197
197
197
183
203
203
203
203
164
208
208
208
208
208
164
214
214
214
214
214
164
220
220
220
220
225
226
227
164
229
35
4
35
208
26
35
236
1
237
237
237
237
237
237
237
237
237
237
237
237
237
237
237
237
237
237
237
237
237
237
237
237
237
237
237
237
237
237
237
237
237
237
237
237
237
237
237
237
237
237
237
237
237
237
237
284
284
284
237
288
288
288
288
288
288
288
288
237
297
297
297
297
297
297
297
297
297
297
297
297
297
297
297
297
297
297
297
316
297
318
318
318
322
72
323
323
323
323
323
323
323
323
150
323
334
72
335
335
335
335
335
335
335
335
335
335
335
335
335
348
348
348
352
335
150
350
72
356
356
356
356
356
356
356
356
356
356
356
356
356
356
356
356
356
356
356
356
356
356
356
356
356
356
356
356
356
356
356
356
356
356
356
356
356
356
356
356
356
356
356
399
399
399
399
399
399
356
406
406
406
406
406
406
406
406
406
356
356
418
356
370
371
372
372
374
374
46
35
23
403
430
431
431
431
431
431
431
431
431
431
431
431
431
431
431
431
431
431
431
431
431
431
431
431
431
431
456
456
431
459
459
459
459
459
459
431
466
466
466
431
470
470
470
470
470
470
470
470
455
356
335
323
220
73
148
214
297
133
133
206
212
212
212
313
313
255
223
223
342
342
371
371
371
371
371
107
107
107
107
107
107
107
244
244
244
244
244
138
138
71
268
403
403
403
403
281
281
329
329
191
191
295
295
295
295
58
58
58
58
58
58
109
109
109
109
109
109
109
109
109
109
109
249
249
249
464
19
367
367
367
367
367
367
388
388
157
157
478
455
177
35
405
405
405
386
386
328
328
328
188
188
188
188
188
188
188
188
93
93
412
377
377
377
347
382
382
445
283
87
87
87
194
272
266
91
91
344
378
378
378
465
465
465
92
92
92
92
92
92
92
92
92
23
192
192
192
351
351
351
351
351
351
351
114
114
114
443
443
443
443
379
379
49
49
196
196
108
108
108
108
195
195
279
279
279
150
150
346
341
341
341
341
341
341
341
187
187
187
187
187
187
187
273
273
273
273
381
381
381
381
381
381
381
381
202
202
202
202
202
415
415
415
415
311
59
134
134
369
369
458
246
246
296
296
296
296
296
296
60
60
269
269
112
112
190
190
218
218
218
411
411
372
372
372
372
372
372
372
169
397
397
476
476
476
476
476
476
476
476
183
183
183
394
394
439
400
400
400
383
383
46
46
46
46
46
207
207
207
207
207
207
207
207
176
447
126
126
135
135
314
314
48
452
452
147
147
260
260
260
21
193
193
193
193
193
193
401
401
401
139
139
161
161
161
146
146
146
146
67
259
219
219
219
219
264
413
375
375
375
375
398
398
398
398
398
398
398
414
414
414
414
414
477
477
477
477
477
477
136
136
247
247
247
131
131
125
125
305
144
440
440
440
440
440
368
368
442
211
211
307
463
441
116
116
116
116
224
277
277
277
277
277
277
277
110
110
110
110
110
110
110
110
110
110
110
110
110
110
110
110
70
396
396
396
396
396
396
396
396
396
396
396
396
396
396
69
69
69
370
370
370
370
370
287
287
390
390
390
130
130
393
446
128
128
128
128
173
173
312
129
129
449
256
261
44
44
44
44
392
392
392
392
392
392
392
61
61
61
61
61
61
61
61
410
410
410
410
186
186
186
186
186
186
186
186
310
310
310
310
171
171
171
171
178
137
137
137
185
185
245
245
245
45
45
45
45
45
448
90
90
90
90
90
90
90
90
90
90
90
90
90
90
90
90
90
90
90
90
90
90
90
90
90
90
327
327
278
278
278
270
270
270
270
179
179
280
280
350
350
350
308
374
374
374
374
374
345
22
127
127
127
127
325
325
325
325
155
366
366
366
366
366
265
172
306
306
306
306
276
276
276
276
276
438
151
151
180
20
184
184
395
395
175
175
175
182
182
182
182
182
182
182
182
349
349
349
349
349
349
349
111
111
111
111
111
111
132
132
132
62
271
389
113
113
274
189
326
326
326
68
68
453
453
213
213
213
213
321
181
181
181
181
181
385
380
380
380
451
451
384
384
384
320
275
275
275
275
437
88
88
315
315
315
315
315
315
315
315
315
315
315
248
248
47
47
47
47
47
47
47
47
47
47
47
47
402
402
402
343
343
343
343
343
343
343
343
404
404
309
444
263
140
140
174
174
174
174
174
174
462
462
253
145
145
160
469
469
469
254
115
391
391
391
391
376
262
282
373
373
373
81
81
209
37
468
122
122
358
358
168
205
475
303
285
86
204
204
204
204
200
95
82
82
83
83
83
83
432
101
435
238
357
57
362
74
106
43
324
100
165
165
407
426
426
426
426
426
427
427
427
427
428
428
428
429
479
162
228
119
119
163
333
333
417
417
231
232
332
332
233
234
234
234
420
420
420
420
421
421
421
421
422
422
422
422
423
423
423
423
424
425
235
