2
3
4
5
6
7
8
9
10
11
12
13
14
15
16
17
18
19
20
21
22
23
24
25
26
27
28
29
30
31
32
33
34
35
36
37
38
39
40
41
42
43
44
45
46
47
48
49
50
51
52
53
54
55
56
57
58
59
60
61
62
63
64
65
66
67
68
69
70
71
73
74
75
76
77
78
79
80
81
82
83
84
85
86
87
88
89
90
91
92
93
94
95
96
97
98
99
100
101
102
103
104
105
106
107
108
109
110
111
112
113
114
115
116
81
118
119
121
122
123
124
125
126
127
128
129
130
131
132
133
134
135
136
137
138
139
140
141
142
143
144
145
146
147
148
149
150
151
152
153
154
155
156
157
158
159
160
161
162
163
164
165
166
167
168
169
170
171
172
173
174
175
176
177
178
179
180
181
182
183
184
185
186
187
188
189
190
191
192
193
194
195
196
197
198
199
200
201
202
203
204
205
206
207
208
209
210
211
212
213
214
215
216
217
218
219
220
221
222
223
224
165
168
171
228
202
230
231
232
233
234
235
192
237
238
239
240
241
242
243
244
245
246
247
248
249
250
251
252
253
254
255
256
257
258
259
260
261
262
263
264
265
266
267
268
269
270
271
272
273
274
275
276
277
278
279
280
281
282
283
284
285
286
287
288
289
290
291
292
293
294
295
296
297
298
299
300
301
302
303
304
305
306
307
308
309
310
311
312
313
314
315
316
317
318
319
320
321
258
323
324
325
326
327
328
329
330
331
332
333
326
335
336
337
338
339
340
341
342
343
344
345
346
347
348
349
350
351
341
353
354
355
356
357
358
359
360
361
362
363
364
365
366
367
368
369
370
371
372
373
374
375
376
377
378
379
380
381
382
383
384
385
386
387
388
389
390
391
392
393
394
395
396
397
398
399
400
401
402
403
404
405
406
407
408
409
410
411
412
413
414
415
416
417
367
419
420
421
422
423
424
425
426
427
428
429
431
432
433
434
435
436
437
438
439
440
441
442
443
444
445
446
447
448
449
450
451
452
453
454
455
456
457
458
459
460
461
462
463
464
465
466
467
468
469
470
471
472
473
474
475
476
477
478
479
164
323
164
208
164
323
208
27
124
123
204
182
197
208
304
298
250
185
221
343
335
122
356
356
121
197
95
98
105
99
96
97
73
240
239
241
242
243
124
123
66
242
370
356
356
197
27
297
324
197
197
197
289
294
292
290
57
53
55
56
51
63
108
3
24
25
98
102
106
103
2
2
2
250
237
237
460
2
360
362
365
364
121
197
397
2
173
2
475
432
167
2
176
194
356
360
361
191
323
323
170
201
198
166
167
2
197
197
75
76
408
401
358
356
340
194
364
434
288
81
85
86
169
242
268
84
76
337
400
358
356
464
460
461
93
82
80
84
75
77
76
78
79
2
197
2
197
194
340
337
338
336
339
335
95
100
86
433
434
470
470
371
356
37
2
169
2
101
97
96
27
169
2
239
242
238
148
148
339
340
337
338
336
339
121
197
188
199
198
166
2
197
2
277
240
241
2
23
384
362
199
200
364
2
197
199
201
198
200
2
282
409
407
408
299
54
124
123
121
356
457
237
237
291
294
289
292
293
290
53
52
270
2
105
2
189
166
215
2
197
3
407
7
4
356
2
356
121
197
197
398
360
475
433
435
474
472
473
471
431
169
2
197
393
364
431
176
194
356
3
2
3
40
39
41
2
20
182
248
204
198
205
2
2
166
434
121
121
124
123
304
316
39
451
434
121
121
259
261
242
2
177
26
173
166
168
2
403
404
356
124
123
175
8
157
124
123
141
121
64
240
187
216
217
215
242
409
192
356
356
197
360
362
199
198
200
364
197
10
11
409
408
407
448
475
474
472
473
471
124
123
250
237
237
124
123
124
123
297
141
432
433
435
434
459
121
356
434
169
208
301
465
434
105
97
96
103
187
255
240
239
242
241
2
237
113
108
35
3
24
25
104
98
102
99
106
103
2
2
2
27
66
7
179
4
8
393
359
362
199
201
198
200
2
2
197
66
65
64
122
356
356
121
197
286
285
176
3
2
124
123
360
434
124
123
121
121
169
2
300
124
123
436
239
241
37
43
38
50
176
397
13
361
406
2
406
68
57
53
54
55
52
56
51
409
407
408
2
182
187
198
166
167
197
2
214
299
300
298
302
166
167
168
121
169
124
123
121
186
169
250
237
237
42
40
37
38
41
432
385
116
109
172
194
173
111
176
110
115
8
91
92
199
201
198
85
200
100
83
103
86
356
2
197
94
328
323
240
239
241
277
240
241
2
166
121
27
297
191
335
197
298
191
198
356
356
197
338
2
124
123
121
121
324
2
121
197
121
362
365
364
121
197
242
169
303
302
301
318
274
277
240
241
2
431
195
2
169
2
176
185
393
364
169
199
197
20
8
198
200
166
2
197
2
194
340
337
338
336
339
335
112
105
102
106
103
2
124
123
121
53
242
397
105
2
243
220
324
121
197
71
65
451
434
209
210
2
197
319
179
183
8
2
2
384
374
356
356
445
435
397
362
197
319
277
240
241
2
431
86
197
310
255
304
299
300
303
298
301
2
2
237
237
237
5
59
6
245
42
40
37
43
39
38
2
2
403
404
356
191
9
13
199
335
335
2
197
374
356
298
434
264
141
141
8
169
199
198
200
197
460
461
250
144
141
2
467
468
470
250
103
397
6
364
2
365
242
242
372
356
2
197
197
197
2
470
121
121
399
399
121
198
431
318
266
197
2
199
166
197
2
73
73
73
73
197
73
197
431
27
431
246
356
63
197
73
2
50
197
197
197
197
2
362
199
201
198
197
362
198
200
197
362
364
197
197
432
192
168
83
197
168
324
197
362
197
166
197
191
323
168
177
166
168
122
356
121
197
122
356
121
197
4
356
121
197
4
356
121
197
356
356
197
