1
2
2
2
2
2
2
2
2
2
2
2
2
2
2
2
17
18
11
23
24
24
24
24
24
24
24
24
24
24
24
35
35
35
35
35
35
35
35
35
35
35
35
35
24
49
49
49
49
49
49
49
49
49
49
35
61
62
62
62
62
62
62
62
62
62
62
62
62
62
62
62
62
62
62
62
62
62
62
62
62
62
62
62
62
62
62
62
62
62
62
62
62
62
62
62
62
62
62
62
62
62
62
62
27
27
27
27
27
27
27
48
48
48
48
48
48
48
48
48
48
48
48
10
17
7
103
15
107
90
90
90
90
90
90
90
90
90
90
87
13
82
31
81
92
92
92
92
92
92
92
92
9
100
5
11
11
108
105
105
84
16
30
80
99
99
99
88
88
88
88
88
88
88
88
83
96
96
96
91
91
91
91
91
91
91
29
29
29
29
29
29
89
89
6
85
26
26
26
26
26
26
14
59
59
59
59
59
59
59
86
95
95
95
104
104
104
104
109
109
109
109
109
8
3
60
60
