1
2
2
2
2
2
2
2
2
2
2
2
2
2
2
2
2
2
2
2
2
2
2
2
2
2
2
2
2
2
2
2
2
2
2
2
2
2
2
2
2
2
2
2
2
2
2
2
2
2
2
2
2
2
2
2
2
2
2
2
2
2
2
2
2
2
2
2
2
2
2
2
56
74
76
78
80
65
82
66
84
72
86
2
88
88
90
90
88
93
88
95
2
97
97
100
15
102
102
10
1
104
104
104
104
104
104
104
104
104
104
104
104
104
104
104
104
104
104
104
104
104
104
104
104
104
104
104
104
104
104
104
104
104
104
104
104
104
104
104
104
104
104
104
104
104
104
104
104
104
104
104
104
104
104
104
104
104
104
104
104
104
104
104
132
168
142
170
154
172
172
172
172
172
172
172
172
172
172
155
183
157
185
104
187
166
189
192
192
1
193
193
193
193
193
193
193
193
193
193
193
193
193
193
193
193
193
193
193
193
193
193
193
193
193
193
193
193
193
222
215
224
216
226
226
226
217
230
218
232
232
232
193
236
236
236
236
236
236
236
236
92
209
124
124
124
124
34
125
125
125
125
219
219
37
37
37
212
212
212
16
16
16
16
129
129
129
129
129
129
159
159
159
159
159
159
159
159
175
123
53
53
210
210
210
139
139
36
36
143
143
143
143
135
135
135
135
135
140
140
120
120
120
244
244
244
15
15
15
15
211
211
211
126
126
126
126
126
179
184
18
18
18
14
54
54
54
29
233
243
243
81
44
12
12
12
132
132
132
132
132
110
110
110
56
56
56
122
38
112
223
119
119
119
163
163
163
163
163
163
7
121
130
130
130
130
130
117
158
158
158
158
158
158
215
215
215
215
215
215
166
114
206
206
118
118
157
157
157
157
157
157
157
157
52
52
152
152
22
153
153
154
234
234
234
234
217
217
217
11
11
11
242
242
242
242
160
146
146
146
146
207
111
30
30
116
64
190
173
173
216
216
26
218
218
241
241
150
75
75
75
231
151
151
144
144
144
144
43
115
10
10
10
213
213
213
213
213
213
213
145
145
145
145
145
156
156
156
131
131
131
165
165
165
165
47
47
181
13
147
147
147
147
149
149
24
24
177
28
228
228
228
228
127
162
162
162
208
55
55
55
225
46
161
161
113
113
148
148
148
148
155
155
155
227
142
142
20
128
128
137
229
186
186
133
133
133
133
133
133
45
45
89
98
141
141
136
8
8
138
138
32
17
17
17
204
197
109
101
102
245
103
103
192
