1
2
2
2
2
2
2
9
10
10
10
10
10
10
10
10
10
19
20
20
23
25
26
26
26
26
26
26
26
26
26
26
26
26
26
26
26
26
26
26
26
26
26
26
26
37
50
50
45
53
53
46
56
56
47
59
59
48
62
62
44
44
44
28
28
38
38
38
38
38
37
13
13
41
41
41
41
34
34
34
34
31
31
31
33
33
33
33
45
14
14
14
32
32
32
32
15
15
36
36
36
40
40
40
40
17
17
35
35
35
35
39
39
39
43
43
43
43
16
16
29
42
42
42
42
30
30
30
30
30
