1
2
2
2
2
2
2
2
2
2
2
2
2
2
2
2
2
2
2
2
2
2
2
2
2
2
1
28
28
28
28
28
28
28
36
37
37
37
37
37
37
37
37
37
37
37
37
37
37
37
37
37
55
56
56
56
56
56
56
56
56
56
56
56
56
56
56
56
56
56
56
56
56
1
78
78
78
78
78
84
85
85
85
85
85
85
85
84
93
93
93
93
93
93
100
101
101
101
101
101
101
101
101
101
101
101
101
101
101
101
101
101
101
101
101
101
101
101
101
101
101
101
101
101
101
101
101
101
101
101
101
101
101
101
101
101
101
101
101
101
101
101
101
101
101
101
101
101
101
101
101
101
101
101
101
101
101
101
101
101
101
101
101
101
101
101
101
101
101
101
101
101
101
101
101
101
101
101
101
101
101
101
101
101
101
101
101
101
101
101
101
101
101
101
101
101
101
101
101
101
101
101
101
101
101
101
101
101
101
101
101
101
101
101
101
101
101
101
101
101
101
101
101
101
101
101
101
101
101
101
101
101
101
101
101
101
101
101
101
101
101
101
101
101
101
101
101
101
101
101
101
101
101
101
101
101
101
101
101
101
101
101
101
101
101
101
101
101
101
101
101
101
101
101
101
101
101
101
101
101
101
101
101
101
101
101
101
101
101
101
101
101
101
101
101
101
101
101
101
101
101
101
101
101
101
101
101
101
101
101
101
101
101
101
101
101
101
101
101
101
101
101
101
101
101
101
101
101
101
101
101
101
101
101
101
101
101
101
101
101
101
101
101
101
101
101
101
101
101
101
101
101
101
101
101
101
101
101
101
101
101
101
101
101
101
101
101
101
101
101
101
101
101
101
101
101
101
101
101
101
101
101
101
101
101
101
101
101
101
101
101
101
101
101
101
101
101
101
101
101
101
101
101
101
101
101
101
101
101
101
101
101
101
101
101
101
101
101
101
101
101
101
101
101
101
101
101
101
101
101
101
101
101
101
101
101
101
101
101
101
101
101
101
101
101
101
101
101
101
101
101
101
101
101
101
101
101
101
101
101
101
101
101
101
101
101
101
101
101
101
101
101
101
101
101
101
101
101
101
101
101
101
101
101
101
101
101
101
101
101
101
101
101
101
101
101
101
101
101
101
101
101
101
101
101
101
512
512
512
512
512
512
512
512
512
512
274
523
274
525
275
527
276
529
276
531
278
533
279
535
312
538
539
539
539
539
539
539
539
539
539
539
545
550
539
552
552
552
552
557
558
558
453
453
174
174
548
423
423
343
343
193
437
437
486
486
510
383
383
405
405
350
350
350
97
316
316
316
24
72
72
72
72
72
72
488
488
75
75
75
75
190
190
290
290
428
428
394
394
265
265
265
307
362
411
411
411
408
408
51
294
205
549
549
360
360
446
446
446
459
500
500
264
264
264
420
366
366
63
63
293
359
359
271
175
175
42
286
286
445
445
180
373
373
418
418
46
356
356
321
443
443
482
482
413
413
23
23
23
23
25
25
25
396
396
416
416
254
254
35
35
35
35
35
438
438
484
484
337
337
337
261
261
275
187
424
424
315
315
432
432
310
310
310
385
385
361
560
197
14
357
357
476
476
76
76
76
76
448
448
448
419
419
444
554
554
554
465
465
172
172
172
474
474
253
253
253
184
68
68
68
68
91
91
91
91
82
82
487
33
33
33
33
53
53
53
281
431
431
322
492
492
289
332
274
203
203
543
463
376
376
376
494
494
280
338
338
348
348
62
62
62
62
62
62
10
371
371
400
400
442
442
412
412
506
506
352
352
50
426
426
183
377
377
377
402
402
381
381
34
34
34
34
460
410
410
311
320
320
404
404
485
485
358
358
303
303
303
303
491
491
22
22
22
505
505
176
176
417
417
462
462
306
454
454
194
397
397
287
455
455
278
191
395
395
387
387
393
393
393
81
441
441
559
368
368
403
403
270
66
66
66
66
98
98
388
388
406
406
323
323
471
466
466
389
389
49
382
382
69
69
69
331
331
493
493
20
378
378
407
407
96
192
259
18
18
18
26
26
26
26
447
507
386
386
409
409
409
380
380
308
440
440
364
279
435
435
273
273
64
473
473
257
257
257
266
266
266
185
490
490
495
495
61
61
61
61
318
345
345
252
544
544
45
469
27
27
27
27
475
475
299
374
374
99
99
99
390
390
555
555
367
367
179
379
379
399
399
449
449
329
457
457
74
74
74
74
452
452
341
341
421
327
497
497
201
284
284
44
392
392
392
401
401
319
47
346
346
54
182
196
354
354
173
173
173
173
496
496
288
334
334
291
415
415
171
171
355
355
434
434
434
502
502
181
511
260
260
260
90
90
90
90
375
375
375
12
12
67
67
67
67
67
297
450
450
451
451
451
92
92
92
92
92
498
498
295
298
302
414
414
425
425
481
481
312
15
15
499
499
13
13
13
480
480
372
372
353
353
353
478
478
422
422
349
349
436
436
16
16
541
541
541
541
342
342
17
17
17
262
369
369
369
263
283
283
365
365
313
309
186
391
391
429
429
71
71
71
71
370
370
9
9
9
9
427
427
430
430
330
330
256
256
256
508
508
508
508
508
508
508
508
508
508
508
508
508
508
508
508
508
508
508
508
508
508
508
508
508
508
508
508
508
508
508
508
508
508
508
508
508
508
508
508
508
508
508
508
508
508
508
508
508
508
508
508
508
508
508
508
508
508
508
508
347
347
467
467
398
398
52
250
340
340
340
384
384
40
40
268
545
255
255
255
65
65
267
301
477
477
344
344
189
189
456
456
282
282
472
472
83
83
83
48
556
556
556
73
470
458
458
509
272
461
461
483
483
363
489
339
339
339
468
468
8
8
8
8
333
325
325
464
464
200
200
258
258
258
328
351
351
285
285
251
251
433
433
324
324
7
7
7
177
204
204
439
439
326
59
59
170
5
58
58
4
537
