2
3
4
5
6
7
8
9
10
11
12
13
14
15
16
17
18
19
20
21
22
23
24
25
26
27
28
29
30
31
32
33
34
35
36
37
38
39
40
41
42
43
44
45
47
48
49
50
51
52
53
54
55
56
57
58
59
60
61
62
63
64
65
66
67
68
69
70
71
72
73
74
75
76
77
78
79
80
81
82
83
84
85
86
87
88
89
90
91
92
93
94
95
96
97
98
99
100
101
102
103
104
105
106
107
108
109
110
111
112
113
114
115
116
117
118
119
120
121
122
123
124
125
126
127
128
129
130
131
132
133
134
135
136
137
138
139
140
30
108
20
102
104
48
3
125
125
138
136
30
118
33
132
3
119
121
135
20
48
6
135
92
94
48
51
50
48
98
131
48
98
98
43
41
98
13
126
128
40
3
115
13
101
48
42
101
114
30
48
51
50
20
23
132
91
48
49
115
30
29
97
15
2
36
34
132
19
115
20
49
109
111
118
9
7
108
40
24
26
23
91
115
132
3
33
6
16
14
