1
2
2
2
2
2
2
2
2
2
2
2
2
2
16
17
17
17
17
17
16
23
23
23
23
23
23
23
23
23
23
23
23
23
23
23
23
23
23
23
23
1
44
44
44
44
44
44
44
44
44
44
44
44
44
44
44
44
44
44
44
63
12
12
12
37
37
37
37
15
15
15
15
35
11
11
11
10
10
10
21
42
41
41
41
13
13
13
36
36
36
36
36
36
36
14
14
14
14
63
63
63
63
63
63
63
63
63
63
63
63
63
63
63
63
63
38
38
40
40
9
9
9
9
9
9
9
9
9
9
9
9
9
9
9
9
9
9
9
9
39
39
7
7
64
64
64
