1
2
4
3
3
7
8
8
8
8
8
8
8
8
8
8
8
8
8
8
8
8
8
8
8
8
8
29
8
31
31
31
31
31
31
31
39
40
40
40
40
40
40
40
40
40
40
40
40
40
40
40
40
40
40
40
40
40
40
40
40
40
40
40
40
40
40
40
40
40
40
40
40
40
40
40
40
40
40
40
40
40
40
40
40
40
40
40
40
40
40
40
40
40
40
40
40
40
40
40
40
40
40
40
40
40
40
40
40
40
40
40
40
40
40
40
40
40
40
40
40
40
40
40
40
128
128
128
69
132
40
134
76
136
40
138
138
138
138
138
138
138
40
146
146
146
146
146
146
146
7
154
154
154
154
154
154
154
154
154
154
154
154
154
154
154
154
154
154
154
154
154
154
154
154
154
154
154
154
154
154
154
154
154
154
154
154
154
154
154
154
154
154
154
154
154
154
154
154
154
154
154
154
154
154
154
154
154
154
154
154
154
154
154
154
154
154
154
154
154
154
154
154
154
154
154
154
154
154
154
154
7
235
235
235
235
235
235
235
235
235
235
235
235
235
235
235
235
235
235
235
235
235
235
235
235
235
235
235
235
235
235
235
235
235
235
235
235
235
235
235
235
235
235
235
235
235
235
235
235
235
235
235
235
235
235
235
235
235
235
235
235
235
235
235
235
235
235
235
235
235
235
226
75
75
75
75
75
75
75
212
302
20
20
20
196
217
268
104
118
118
118
117
117
200
19
19
19
190
190
199
264
210
98
69
69
69
69
69
69
90
77
77
77
77
77
77
278
215
97
97
97
97
97
97
97
96
96
96
96
96
96
96
18
18
18
18
18
18
18
18
18
192
192
103
103
103
234
296
274
152
269
124
124
124
124
181
181
95
95
3
3
3
3
3
3
3
3
106
23
305
194
194
253
253
270
204
80
80
80
87
87
87
216
100
100
294
30
30
22
198
187
187
137
197
281
281
281
282
298
83
83
83
83
83
83
83
83
83
83
214
71
71
71
143
144
81
81
81
82
82
109
109
221
102
102
78
150
150
150
256
123
123
123
219
289
301
116
91
91
91
91
91
91
91
267
229
299
228
94
120
108
108
184
184
201
186
186
186
180
180
232
286
24
126
126
126
126
126
203
195
252
225
189
189
35
35
227
21
85
85
85
220
191
191
250
16
16
16
249
233
283
28
28
218
223
34
99
99
70
70
263
300
121
121
178
284
295
257
177
211
288
142
142
142
142
142
142
142
142
142
142
142
142
142
135
135
135
207
209
258
230
231
290
224
193
193
119
276
277
182
182
115
273
291
185
185
266
93
93
265
73
73
73
255
303
292
259
17
17
17
38
287
304
179
179
179
254
248
72
84
84
84
84
84
84
84
84
84
84
271
175
74
74
205
262
36
251
112
213
151
285
25
25
114
114
114
114
222
279
275
37
297
297
176
122
122
141
206
293
107
107
26
26
113
127
89
260
76
76
76
76
76
76
76
76
76
76
76
76
76
76
76
76
76
76
76
76
76
76
76
76
76
105
105
105
105
183
183
88
88
88
88
88
88
88
88
88
88
88
261
92
92
208
79
79
202
280
27
27
188
188
145
101
101
101
101
86
86
86
86
272
153
57
10
12
11
52
58
155
60
5
6
