2
3
4
5
6
7
8
9
10
11
12
13
14
15
16
17
18
19
20
21
22
23
24
25
26
27
28
29
30
31
32
33
34
35
36
37
38
39
40
41
42
43
44
45
46
47
48
49
50
51
52
53
54
55
56
57
58
59
60
61
62
63
64
65
66
67
68
69
70
71
72
73
74
75
76
77
78
79
80
81
82
83
84
85
86
87
88
89
90
91
92
93
94
95
96
97
98
66
100
34
93
92
62
3
4
39
38
63
44
26
63
88
61
63
88
37
36
38
89
74
69
55
63
91
6
45
47
55
60
37
36
40
63
40
42
41
92
91
63
23
39
5
64
58
36
35
96
97
4
91
26
50
63
63
88
62
48
47
39
94
3
91
26
95
91
20
37
63
93
52
51
53
54
63
88
45
82
35
63
88
8
20
44
95
14
8
4
91
6
5
91
91
95
44
62
36
39
93
92
91
18
34
91
44
95
14
36
8
91
62
36
39
