1
2
2
2
2
2
2
2
2
2
2
2
2
2
2
2
2
2
2
2
2
2
2
2
2
2
2
2
2
2
2
2
2
2
2
2
2
2
2
2
2
2
2
2
2
2
2
2
2
2
50
53
54
54
54
54
54
54
54
54
54
54
54
54
54
54
54
54
54
54
54
54
54
54
54
54
54
54
54
54
54
54
54
54
54
54
54
54
54
54
54
54
54
54
54
54
54
54
54
54
54
54
54
54
54
54
54
54
54
54
54
54
54
54
54
54
54
54
54
54
54
54
54
54
54
54
54
54
54
54
54
54
54
54
54
54
54
54
54
54
54
54
54
54
54
54
54
54
54
54
54
54
54
54
54
54
54
54
54
54
54
54
54
54
54
54
54
54
54
54
54
54
54
54
54
54
54
54
54
54
54
54
54
54
54
54
54
54
54
54
54
54
54
54
54
54
54
54
54
54
54
54
54
54
54
54
54
54
54
54
54
54
54
54
54
54
54
54
54
54
54
54
54
54
54
54
54
54
54
54
54
54
54
54
54
54
54
54
54
54
54
54
54
54
54
54
54
54
54
54
54
54
54
54
54
54
54
54
54
54
54
54
54
54
54
54
54
54
54
54
54
54
54
54
54
54
54
54
54
54
54
54
54
54
54
54
54
54
54
54
54
54
54
54
54
54
54
54
54
54
54
54
54
54
54
54
54
54
54
54
54
54
54
54
54
54
54
54
54
54
54
54
54
54
54
54
54
54
54
54
54
54
54
54
54
54
54
54
54
54
54
54
54
54
54
54
54
54
54
54
54
54
54
54
54
54
54
54
54
54
54
54
54
54
54
54
54
54
54
54
54
54
54
54
54
54
54
54
54
54
54
54
54
54
54
54
54
54
54
54
54
54
54
54
54
54
54
54
54
54
54
54
54
54
54
54
54
54
54
54
54
54
54
54
54
54
54
54
54
54
54
54
54
54
54
54
54
54
54
54
54
54
54
54
54
54
54
54
54
54
54
54
54
54
54
54
54
54
54
54
54
54
54
54
54
54
54
459
459
459
459
459
459
459
459
459
459
226
470
226
472
227
474
228
476
228
478
230
480
231
482
244
244
259
259
259
259
491
492
492
492
492
492
492
492
492
492
492
494
498
491
505
505
505
505
505
505
505
505
505
505
505
505
505
505
505
505
505
505
505
505
505
505
505
505
505
505
505
505
505
505
505
505
505
505
505
505
505
505
505
505
505
505
505
505
505
505
505
505
505
505
505
505
505
505
505
505
505
505
505
505
505
505
505
505
505
505
505
505
505
505
505
505
505
505
505
505
505
505
505
505
505
505
505
505
505
505
505
505
505
505
505
505
505
505
505
505
505
505
505
505
505
505
505
505
505
505
505
505
505
505
505
505
505
505
505
505
505
505
505
505
505
505
505
505
505
505
505
505
505
505
505
505
505
505
505
505
505
505
505
505
505
505
505
505
505
505
505
505
505
505
505
505
505
505
505
505
505
505
505
505
505
505
505
505
505
505
505
505
505
505
505
505
505
505
505
505
505
505
505
505
505
505
505
505
505
505
505
505
505
505
505
505
505
505
505
505
505
505
505
505
505
505
505
505
505
505
505
505
505
505
505
505
505
505
505
505
505
505
505
505
505
505
505
505
505
505
505
505
505
505
505
505
505
505
505
505
505
505
505
505
505
505
505
505
505
505
505
505
505
505
505
505
505
505
505
505
505
505
505
505
505
505
505
505
505
505
505
505
505
505
505
505
505
505
505
505
505
505
505
505
505
505
505
505
505
505
505
505
505
505
505
505
505
505
505
505
505
505
505
505
505
505
505
505
505
505
505
505
505
505
505
505
505
505
505
505
505
505
505
505
505
505
505
505
505
505
505
505
505
505
505
505
505
505
505
505
505
505
505
505
505
505
505
505
505
505
505
505
505
505
505
505
505
505
505
505
505
505
505
505
505
505
505
505
505
505
505
505
505
505
505
620
878
879
879
879
879
879
879
879
879
879
879
883
883
883
400
400
600
759
759
759
820
820
820
820
820
820
820
820
820
820
820
549
549
780
780
780
780
127
127
127
682
682
682
691
691
691
691
691
691
691
691
691
691
691
691
691
573
573
658
799
370
370
766
38
290
290
625
36
36
146
384
384
495
495
495
433
433
457
330
330
352
352
868
681
706
13
13
13
861
297
297
297
760
263
263
263
435
435
857
857
857
143
143
143
242
242
375
375
697
697
697
697
697
697
341
341
594
217
217
217
217
255
309
358
358
358
355
355
616
616
616
246
631
744
749
158
777
777
26
26
26
728
775
307
307
784
44
44
613
613
613
613
613
613
619
628
393
393
393
558
406
447
447
652
652
216
216
216
887
887
367
313
313
451
855
855
855
602
695
695
695
695
695
695
695
695
695
695
695
695
695
856
747
552
552
579
731
245
306
306
223
737
737
128
128
128
238
238
392
392
742
645
133
538
538
538
538
538
538
320
320
365
365
303
303
268
268
560
560
774
390
390
713
39
39
581
581
581
581
581
581
581
670
670
670
670
653
551
551
815
429
429
722
771
360
360
776
584
584
584
584
584
343
343
634
634
363
363
646
646
646
646
207
207
582
582
582
582
582
582
582
582
582
765
734
559
559
676
676
779
779
779
385
385
752
46
46
431
431
284
284
284
214
214
227
227
700
530
530
530
828
828
828
828
846
140
371
371
787
787
262
262
379
379
657
657
657
657
847
847
847
332
332
308
539
539
724
724
724
724
724
743
743
743
743
743
743
743
150
585
585
585
585
585
304
304
762
762
762
10
10
423
423
666
666
666
666
666
666
498
498
498
395
395
395
395
366
366
391
592
412
412
773
583
583
583
583
583
125
125
125
421
421
206
206
206
137
557
557
802
735
687
688
688
688
688
688
688
688
688
688
688
688
688
688
688
688
434
41
41
41
41
541
785
729
829
751
37
37
650
650
650
650
233
378
378
269
269
439
439
241
279
727
226
226
156
156
410
825
323
323
323
622
622
441
441
647
22
694
694
680
232
285
285
295
295
710
807
818
318
318
623
578
578
770
819
819
783
745
745
745
745
745
739
739
739
739
739
739
739
347
347
389
389
834
834
834
834
834
834
834
834
834
834
587
587
587
587
587
587
587
359
359
453
453
755
299
299
823
570
373
373
547
547
617
136
324
324
324
50
50
586
586
586
586
586
720
732
349
349
638
638
9
9
328
328
640
864
610
610
610
610
610
610
610
407
357
357
28
28
28
28
553
733
151
499
499
499
267
267
351
351
432
432
704
858
763
763
763
763
763
659
659
305
305
869
131
637
251
251
251
251
32
32
438
438
716
767
644
644
644
644
660
660
660
660
660
562
562
569
31
31
703
848
452
452
129
129
129
364
364
34
228
409
409
254
401
401
816
816
816
816
816
147
692
33
33
33
33
344
344
239
876
876
876
876
876
876
27
27
27
27
402
402
230
230
144
814
814
796
342
342
334
334
340
340
340
5
5
21
21
29
29
388
388
809
809
809
809
809
315
315
350
350
16
16
222
797
536
536
335
335
567
567
845
845
699
885
885
885
709
353
353
14
14
14
270
270
679
679
679
418
746
540
540
540
540
540
540
540
540
540
540
698
778
778
778
778
778
778
833
833
810
810
810
810
810
866
859
671
671
852
413
413
336
336
708
534
534
626
788
788
788
798
826
329
329
808
808
808
808
808
808
808
794
794
872
278
278
440
440
325
325
354
354
661
145
212
707
849
849
849
394
454
15
15
501
501
501
528
528
717
764
764
333
333
356
356
356
496
496
496
620
620
327
327
256
663
663
663
663
663
663
663
801
387
387
311
533
533
231
231
382
382
596
225
225
548
548
590
526
526
526
526
526
526
614
614
614
420
420
210
210
210
210
218
218
218
218
542
542
542
542
542
840
840
138
437
437
442
442
723
839
580
580
580
817
265
292
292
205
7
7
668
668
812
812
812
757
757
757
416
850
561
561
609
609
618
800
841
841
841
664
664
664
664
883
883
772
422
422
769
500
500
500
535
665
665
665
18
18
321
321
870
43
43
43
337
337
23
23
23
835
835
835
835
835
835
835
835
835
835
835
835
835
314
314
563
563
132
326
326
529
529
529
529
529
529
529
529
529
346
346
396
396
621
636
636
854
701
276
404
404
399
399
624
288
288
368
274
444
444
753
154
721
236
236
606
718
339
339
339
677
348
348
612
656
884
884
884
884
266
791
543
543
543
543
543
543
293
293
678
678
45
45
135
149
853
853
853
494
494
494
851
851
851
758
758
758
758
758
301
301
651
684
684
684
684
684
684
684
684
781
781
781
781
126
126
126
126
443
443
811
811
537
537
240
629
556
639
281
281
243
550
550
362
362
124
124
124
302
302
497
497
497
381
381
381
715
792
792
448
531
843
843
843
449
449
134
458
608
213
213
213
693
693
693
768
25
25
49
49
322
322
322
642
642
642
642
725
725
588
397
397
398
398
398
669
669
445
445
761
761
867
247
736
736
736
736
736
736
736
736
736
250
571
571
827
361
361
372
372
875
875
875
875
604
428
428
576
259
259
259
714
711
446
446
790
427
427
319
319
804
300
300
300
425
425
527
527
527
527
527
696
696
674
786
545
545
545
369
369
296
296
48
48
689
689
383
383
667
667
667
667
821
289
289
633
215
316
316
316
235
235
554
554
312
312
683
683
683
683
683
683
683
683
803
260
257
615
615
615
860
139
338
338
376
376
30
30
4
874
564
564
641
555
555
741
741
741
741
741
741
741
317
317
649
842
842
598
863
632
705
374
374
377
377
756
756
756
756
277
277
209
209
209
209
455
455
455
455
455
455
455
455
455
455
455
455
455
455
455
455
455
455
455
455
455
455
455
455
455
455
455
455
455
455
455
455
455
455
455
455
455
455
455
455
455
455
455
455
455
455
455
455
455
455
455
455
455
455
455
455
455
455
455
455
873
294
294
414
414
532
532
889
345
345
748
203
287
287
287
331
331
630
630
220
662
782
782
782
782
782
566
566
566
566
566
566
566
566
566
686
719
730
805
208
208
208
611
219
249
806
424
424
291
291
648
648
648
648
142
142
142
403
403
789
789
789
789
17
17
17
234
234
865
672
8
8
8
419
419
793
738
886
886
886
47
47
47
888
565
565
726
6
6
417
405
405
635
456
20
20
35
35
12
12
12
224
408
408
643
702
11
11
568
568
430
430
310
436
673
673
813
286
286
286
415
415
19
19
280
546
546
546
546
24
24
24
24
272
272
627
411
411
822
450
153
153
690
690
211
211
211
211
275
298
298
237
237
204
204
204
832
832
832
832
832
832
832
832
832
832
380
380
271
271
130
544
544
795
830
157
157
740
386
386
712
40
862
685
273
831
507
123
503
504
504
504
877
877
486
892
892
892
890
890
891
