1
2
2
2
2
2
2
8
8
5
5
13
14
14
14
14
14
14
14
14
14
14
14
14
14
14
14
14
14
14
14
14
14
14
14
14
14
14
38
41
14
43
43
43
43
43
43
43
43
43
43
43
43
43
47
57
47
59
56
61
63
63
63
63
63
64
5
66
29
29
29
70
71
30
30
74
75
75
75
75
75
75
75
75
75
75
80
13
87
87
87
87
87
87
87
87
87
87
87
87
87
87
87
87
87
87
87
87
87
87
87
87
87
87
87
87
87
87
87
87
87
87
87
87
87
87
87
87
87
87
87
87
87
87
87
87
87
87
87
87
87
87
87
87
87
87
87
87
87
87
87
87
87
87
87
87
87
87
87
87
87
160
160
160
160
165
166
166
166
166
166
166
166
166
166
166
166
166
166
166
166
166
166
166
166
166
166
166
166
166
166
166
166
166
166
166
166
166
166
166
166
166
166
166
166
166
166
166
166
166
166
166
166
214
215
215
215
215
215
215
215
215
215
215
215
215
215
215
215
215
215
215
215
215
215
215
215
215
215
215
215
215
215
215
215
215
215
215
215
215
215
215
215
215
215
5
13
258
258
258
258
258
258
258
258
258
258
258
258
258
258
258
258
258
258
258
258
258
258
258
258
258
258
258
258
258
258
258
258
258
258
258
293
293
293
258
297
297
297
5
5
166
280
269
34
191
283
164
211
211
163
163
227
250
29
29
29
35
236
266
206
210
267
225
38
38
201
201
247
157
157
157
33
33
33
33
237
284
190
177
177
177
5
10
10
117
274
203
203
27
55
55
192
192
192
192
30
224
224
202
31
248
207
36
52
52
52
197
197
238
238
238
238
238
238
229
178
178
185
26
196
83
83
242
278
51
287
287
287
228
228
228
243
243
275
24
175
175
175
232
265
115
231
25
268
181
81
199
62
272
176
176
249
209
295
295
246
290
56
56
56
56
56
264
235
45
240
223
223
300
179
37
288
82
82
296
296
296
296
296
296
286
204
182
182
198
282
285
208
270
110
110
193
205
276
84
84
84
121
289
289
289
124
124
124
124
124
114
239
239
292
277
42
120
120
120
120
120
4
53
241
241
28
28
28
173
173
187
180
50
50
50
50
116
186
54
54
226
188
112
112
200
47
47
47
46
32
271
23
23
23
23
23
183
230
216
301
11
257
257
67
67
68
