2
3
4
5
6
7
8
10
11
12
13
14
15
16
17
18
19
20
21
22
23
24
17
27
28
29
30
31
32
33
34
35
36
37
38
39
40
41
42
44
45
46
47
48
49
50
51
52
53
54
55
56
57
58
59
60
61
62
63
64
65
66
67
68
69
70
71
72
73
74
75
76
77
78
79
80
81
83
84
85
86
87
88
89
90
91
92
93
94
95
96
97
98
99
100
101
102
103
104
105
106
107
108
109
110
111
112
113
114
115
116
117
118
119
120
121
122
123
124
125
126
127
128
129
130
131
132
133
134
135
136
137
138
139
140
141
142
143
144
145
146
147
148
149
150
151
152
153
154
155
156
157
158
159
160
161
162
163
164
165
166
167
168
169
170
140
141
172
160
47
56
46
44
126
44
34
37
38
28
151
12
10
101
84
116
124
104
115
114
56
160
162
161
139
142
146
148
138
147
104
45
56
12
151
141
136
12
56
108
148
90
159
133
12
91
12
10
102
98
100
99
63
11
12
154
155
157
136
138
101
100
147
48
44
89
47
78
126
115
147
166
143
144
140
145
138
147
56
151
29
91
108
29
70
165
150
163
56
57
143
144
140
145
138
147
149
88
44
11
12
10
88
12
10
151
156
118
119
123
87
11
12
10
12
56
120
56
11
12
10
10
56
56
56
84
118
104
122
115
63
39
40
30
88
84
89
56
56
101
151
113
133
160
142
40
