2
3
4
5
6
7
8
9
10
11
12
13
14
15
16
17
18
19
20
21
22
23
24
25
26
27
28
29
30
31
32
33
35
36
37
38
35
37
36
38
41
42
43
44
45
46
47
48
49
50
51
52
53
54
55
56
57
58
59
60
61
62
63
64
65
66
67
68
69
70
71
72
73
74
75
77
78
79
80
81
82
83
84
85
86
87
88
89
90
91
52
24
12
5
23
12
5
37
5
10
71
51
47
5
11
70
73
69
72
47
50
43
41
9
7
5
8
6
29
30
7
5
72
47
50
5
11
51
47
54
52
48
55
49
53
50
58
54
55
53
44
43
41
41
44
43
41
41
88
89
80
81
79
82
87
26
12
5
71
47
53
5
11
47
55
43
27
12
5
64
61
65
68
47
48
50
41
5
73
69
72
47
42
45
48
46
49
50
5
89
87
52
48
46
50
5
10
4
71
51
47
45
50
5
11
5
11
64
61
41
41
86
88
80
81
79
82
87
5
25
12
5
5
4
88
89
71
47
57
55
44
43
41
58
45
46
49
31
66
74
64
58
67
65
68
51
47
54
48
55
53
50
44
41
45
46
53
50
87
41
41
67
53
25
12
5
83
87
