1
2
2
2
2
2
2
2
2
2
2
2
2
2
2
2
2
2
2
2
2
2
2
2
2
2
2
2
2
2
32
33
33
33
33
33
33
33
33
33
33
33
33
33
33
33
41
49
49
49
49
54
55
55
55
55
55
55
55
55
55
55
55
55
55
55
55
55
55
55
55
55
55
55
55
55
55
55
55
55
55
55
55
55
55
55
55
55
55
55
55
55
55
55
55
55
55
56
101
57
103
58
105
107
108
109
109
109
109
109
109
109
109
109
109
109
109
109
109
109
109
109
109
109
109
109
109
109
109
109
116
136
137
137
137
137
137
137
137
137
137
137
137
137
137
137
137
137
137
137
137
137
137
137
137
137
137
137
137
137
137
156
32
168
168
168
168
168
168
168
168
168
168
168
168
168
168
168
168
168
168
168
168
168
168
168
168
168
168
168
168
168
168
168
168
168
168
168
168
168
168
168
168
168
168
168
168
168
168
168
168
168
168
168
168
168
168
168
168
136
225
225
225
225
225
225
225
225
225
225
225
225
225
225
225
225
225
225
225
225
225
225
225
233
108
250
250
250
250
250
250
250
250
250
250
250
250
250
250
250
250
250
250
250
250
250
250
251
108
274
274
274
274
274
274
274
274
274
274
274
274
274
274
274
274
274
274
274
274
274
274
274
274
283
283
284
284
285
286
290
295
295
295
295
295
295
108
312
312
312
312
312
312
312
312
312
312
312
323
32
325
325
325
325
325
325
325
325
325
325
325
325
325
325
325
325
325
325
325
325
325
325
325
325
325
325
325
325
325
325
325
325
325
325
325
325
325
325
325
325
325
325
325
325
325
325
325
325
325
325
325
325
325
325
325
325
325
325
325
325
325
325
325
325
325
325
325
325
325
325
325
325
325
398
398
398
398
398
398
325
405
405
405
405
405
405
405
405
405
405
405
405
405
405
405
405
353
423
356
356
356
202
108
428
428
428
428
428
428
428
428
428
428
428
428
428
428
428
428
428
428
428
428
428
428
432
433
32
453
453
453
453
453
453
453
453
453
453
457
464
464
464
464
47
48
345
345
345
232
232
232
232
232
232
232
358
358
358
358
358
358
358
98
290
421
46
46
77
77
77
43
351
351
351
351
351
351
351
351
351
351
94
94
94
94
24
24
24
289
392
392
392
392
392
38
38
38
158
462
462
462
375
375
29
457
457
456
456
198
152
152
95
219
219
350
350
350
350
350
350
350
350
350
350
350
30
30
209
209
27
194
194
194
194
194
203
203
203
203
203
203
90
80
80
357
42
192
192
87
235
235
235
235
235
235
235
292
354
354
354
354
354
354
160
160
160
383
383
156
156
238
238
238
238
52
52
52
343
343
343
343
343
343
343
343
355
355
288
265
265
265
394
394
201
201
201
382
382
85
248
248
248
248
248
248
22
22
22
22
22
22
22
22
22
22
22
22
22
22
22
22
22
22
22
22
22
22
22
22
22
100
100
100
353
353
353
353
353
353
353
353
353
193
193
193
193
193
37
37
97
347
347
347
347
347
347
147
79
79
281
377
377
224
234
234
283
155
155
282
397
397
397
41
364
23
23
23
23
23
23
23
163
359
359
359
25
25
164
381
381
215
380
380
154
154
459
240
240
240
240
47
47
47
151
151
280
389
389
389
389
150
150
150
420
404
404
404
404
404
91
237
237
237
237
237
237
237
279
157
157
369
81
390
390
390
390
390
285
348
348
348
348
348
348
348
348
348
348
388
388
388
388
82
239
239
239
239
222
222
222
371
191
191
191
191
208
208
208
208
208
51
291
467
467
233
233
233
233
233
233
233
362
362
362
362
362
362
362
362
223
223
223
278
461
461
195
195
370
367
262
262
262
277
284
212
352
352
352
352
352
99
342
342
188
188
241
241
78
78
341
378
378
159
159
159
293
349
349
349
349
349
349
349
349
349
349
395
48
48
76
76
76
76
76
88
88
88
88
92
96
387
387
162
376
376
460
373
373
373
83
36
36
89
89
89
89
89
213
363
363
363
363
28
463
463
149
149
221
221
221
396
396
396
361
361
361
361
361
361
361
361
261
261
261
86
263
263
263
207
385
385
346
346
346
346
346
466
391
391
391
391
391
393
393
393
393
393
368
210
210
236
236
236
236
236
236
236
360
360
360
360
360
360
360
93
93
84
264
264
264
205
165
344
372
204
204
384
384
356
161
161
190
190
190
190
190
190
190
190
379
379
386
386
338
338
227
146
12
167
167
167
249
249
249
249
31
31
31
422
469
469
469
470
424
