2
3
4
5
6
7
8
9
10
11
12
13
14
15
16
17
18
19
20
21
22
23
24
25
26
27
28
29
30
31
33
34
35
36
37
38
39
40
41
42
43
44
45
46
47
48
49
50
51
52
53
55
56
57
58
59
60
61
62
63
64
65
66
67
68
69
70
71
72
73
74
75
76
77
78
79
80
81
82
83
84
85
86
87
88
89
90
91
92
93
94
95
96
97
98
99
100
101
102
103
104
105
106
68
109
110
111
112
113
114
115
116
117
118
119
120
121
122
123
124
125
126
127
128
129
130
131
132
133
134
135
137
138
139
140
141
142
143
144
145
146
147
148
149
150
151
152
153
154
155
156
157
158
159
160
161
162
163
164
165
166
167
168
169
170
171
172
173
174
175
176
177
178
179
180
181
182
183
184
185
186
187
188
189
190
191
192
193
194
195
196
197
198
199
200
201
202
203
204
205
206
207
208
209
210
211
212
213
214
215
216
217
218
219
220
221
222
223
224
225
226
227
228
229
230
231
232
233
234
235
236
237
238
239
240
241
242
243
244
245
246
247
248
249
250
251
252
253
254
255
256
257
258
259
260
261
262
263
264
265
266
267
268
269
270
271
272
273
274
275
276
277
278
279
280
281
282
283
284
285
286
287
288
289
290
291
292
293
294
295
296
297
298
299
300
301
302
303
304
305
306
307
308
309
310
311
312
313
314
315
316
317
318
319
320
321
322
323
324
325
326
327
328
329
330
331
332
333
334
335
336
337
338
339
340
341
342
343
344
345
346
347
348
349
350
351
352
353
354
355
356
357
358
359
360
361
362
363
364
365
366
367
368
369
370
371
372
373
374
375
376
377
378
379
380
381
382
383
384
385
386
387
388
389
390
391
392
393
394
395
396
397
398
399
400
401
402
403
404
405
406
407
408
409
410
411
412
413
414
415
416
417
418
419
420
421
422
356
424
425
426
427
428
429
430
431
432
433
434
435
436
437
438
439
440
441
442
443
444
445
446
447
448
449
450
451
452
453
454
455
456
457
458
459
460
461
462
463
464
465
466
467
468
469
470
329
330
331
229
228
231
226
227
230
55
358
359
455
326
454
332
453
59
275
419
35
453
78
69
65
35
354
380
403
402
400
333
399
401
332
398
95
65
59
55
67
19
55
275
394
421
330
331
405
39
38
40
138
455
454
453
388
329
16
453
453
455
454
169
146
138
83
169
180
378
363
353
351
352
361
373
365
381
338
326
17
18
169
453
28
169
176
177
170
178
455
169
454
183
180
453
95
96
63
358
43
171
180
71
234
236
229
228
226
227
225
275
373
382
326
332
334
335
142
146
141
395
329
146
68
248
229
231
226
50
453
453
333
329
330
331
337
334
335
325
374
326
275
272
256
251
330
331
169
171
180
391
329
71
83
229
59
226
227
55
82
81
23
4
13
17
20
10
74
6
12
63
9
8
11
68
62
64
70
59
3
7
60
55
55
62
59
63
356
361
381
400
403
399
338
326
401
182
169
170
173
174
35
34
60
404
333
338
337
334
335
138
69
65
275
388
329
182
229
230
275
79
146
275
393
330
331
453
328
86
27
87
25
17
18
55
166
326
332
453
28
26
166
391
329
180
391
329
77
146
454
88
231
226
55
35
34
33
146
138
275
421
330
331
405
142
144
141
419
402
400
399
403
401
95
234
229
228
231
226
227
225
275
146
70
334
71
394
421
330
331
405
275
357
350
365
376
404
380
333
338
326
337
421
330
331
405
71
88
231
226
55
169
172
180
335
169
180
170
173
186
185
184
169
180
50
275
465
453
234
71
68
67
70
225
55
402
400
399
403
401
334
335
398
169
172
180
275
455
454
169
183
334
333
272
253
251
275
275
169
374
355
358
326
332
59
336
332
181
180
231
226
65
75
325
388
329
143
146
141
275
378
351
374
404
377
402
333
338
327
332
390
42
35
73
71
65
59
61
96
62
64
63
95
65
397
329
166
388
329
455
384
334
335
71
453
33
88
95
96
65
59
180
363
365
326
328
55
455
454
145
138
169
172
180
392
330
331
402
400
399
403
401
334
335
398
272
252
251
71
272
254
251
169
389
329
348
349
383
340
337
465
394
421
330
331
405
394
421
330
331
405
333
169
180
248
229
231
62
226
59
55
379
374
350
380
333
327
337
92
59
86
272
255
251
180
166
330
335
169
183
396
329
326
139
146
186
185
184
181
169
183
170
175
388
329
388
329
398
398
55
55
55
146
68
55
234
68
225
55
8
68
55
356
455
454
453
455
326
