1
2
2
2
2
2
2
2
2
2
2
2
2
2
2
2
2
2
2
2
2
2
2
2
2
2
2
2
2
2
2
2
2
2
2
2
2
2
13
40
26
42
27
44
28
46
29
48
30
50
31
52
32
54
2
56
56
56
36
60
38
62
39
64
21
21
23
24
25
43
43
43
43
43
43
43
19
19
31
31
31
39
39
27
20
20
22
22
36
36
36
36
36
28
28
29
29
29
41
41
15
15
11
17
17
17
18
18
14
33
33
33
33
38
38
38
34
34
34
34
10
25
25
26
26
37
37
16
16
12
12
24
24
9
9
9
9
9
30
30
30
35
35
35
35
35
32
32
32
21
21
23
23
66
67
