2
3
4
5
6
7
8
9
10
11
12
13
14
15
16
17
18
19
20
21
22
23
24
25
26
27
28
29
30
31
32
33
34
35
36
37
38
39
40
41
42
43
44
45
46
47
48
49
50
51
52
53
54
55
56
57
58
59
60
61
62
63
64
65
66
67
68
69
70
71
72
73
74
75
76
77
7
8
11
13
5
7
8
11
7
8
7
8
11
59
13
5
56
7
8
13
7
8
11
14
7
8
6
7
8
4
7
8
8
59
7
8
56
7
8
4
59
7
8
56
7
7
8
11
5
7
8
7
8
7
8
7
8
11
12
7
3
6
11
13
5
59
7
8
4
56
11
14
5
7
8
7
8
8
8
