1
2
2
2
2
2
2
2
2
2
2
2
2
2
2
2
2
2
2
2
2
2
2
2
2
2
2
2
2
2
2
2
2
2
2
2
2
2
2
2
2
2
2
2
2
2
2
2
2
2
2
2
2
2
2
2
2
2
2
2
2
2
2
2
2
2
2
2
2
2
2
2
2
2
2
2
2
2
2
2
2
2
2
2
2
2
2
2
2
2
2
2
2
2
2
2
2
2
2
2
2
2
2
2
2
2
2
2
2
2
2
2
2
2
2
2
2
2
2
2
2
2
2
2
2
2
2
2
2
2
2
2
2
2
2
2
2
2
2
2
2
2
2
2
2
2
2
2
2
2
2
2
2
2
2
2
2
2
2
2
2
2
2
2
2
2
2
2
2
2
2
2
2
2
2
2
2
2
2
2
2
2
2
2
2
2
2
2
2
2
2
2
2
2
2
2
2
2
2
2
2
2
2
2
2
2
2
2
2
2
2
2
2
2
2
2
2
2
2
2
2
2
2
2
2
2
2
2
2
2
2
2
2
2
2
2
2
2
2
2
2
2
2
2
2
2
2
2
249
249
249
249
2
254
254
254
2
258
258
258
258
258
2
264
264
264
264
264
264
264
264
264
252
252
144
165
243
243
243
213
213
213
213
213
213
213
213
225
225
133
133
133
133
133
133
244
244
244
244
160
160
160
231
231
231
231
231
221
221
221
221
221
103
242
242
242
242
242
242
175
175
175
175
175
175
146
191
191
194
194
256
158
154
154
227
227
227
227
227
227
142
145
145
236
236
236
236
236
236
236
236
236
236
236
236
236
236
236
236
236
236
236
239
239
239
239
239
177
177
177
120
113
113
185
185
185
185
185
185
185
185
185
203
203
218
218
139
226
226
161
161
161
161
196
196
196
196
196
215
215
215
215
214
214
214
214
241
241
241
241
241
241
123
172
172
172
172
172
172
172
172
172
172
172
172
172
163
220
220
198
198
198
198
198
198
198
198
198
198
198
198
198
188
188
188
208
208
208
208
208
208
208
208
245
245
245
245
195
195
195
195
195
195
195
195
195
195
228
228
228
228
228
180
180
180
180
173
190
153
153
153
153
153
200
171
248
119
119
204
204
204
204
204
204
204
204
159
159
159
207
207
207
207
207
207
207
135
135
235
235
235
235
235
235
235
235
235
235
235
235
235
235
235
235
235
235
152
152
152
141
137
170
170
170
167
167
211
211
211
211
211
211
217
217
147
147
169
169
169
134
134
151
253
253
230
230
230
230
140
223
223
223
223
216
98
199
199
233
233
233
176
176
246
246
246
246
246
246
257
247
247
247
247
247
247
247
247
247
224
224
224
232
232
232
238
238
238
238
238
238
238
238
238
238
238
238
238
238
92
162
166
124
189
102
187
187
187
187
187
187
187
155
155
155
155
205
205
205
205
205
205
143
181
210
210
210
210
210
210
210
210
210
136
186
107
107
116
112
219
219
168
168
168
168
168
168
168
168
168
168
168
168
168
168
101
206
206
206
206
206
206
222
222
148
148
150
150
157
157
157
157
179
179
179
138
138
138
138
138
138
138
138
138
138
138
138
138
138
138
138
138
138
138
138
138
138
138
138
138
138
138
138
138
138
138
138
138
138
138
138
138
138
184
212
212
212
212
212
212
212
193
193
193
193
193
193
229
229
229
149
197
197
197
197
197
197
197
197
197
197
197
197
197
197
197
197
197
156
156
156
156
156
156
237
237
237
237
237
237
237
237
237
237
237
237
237
121
202
202
202
202
202
202
202
202
202
202
202
202
202
202
202
202
202
202
202
202
202
202
202
234
234
178
240
240
240
240
240
240
183
183
183
192
192
192
192
192
192
192
192
182
182
182
182
182
209
209
209
209
209
209
4
