1
2
2
2
2
2
2
2
2
2
2
2
13
4
15
6
17
12
19
12
21
23
24
24
24
24
24
24
24
24
24
24
24
24
24
24
24
24
24
24
24
24
24
24
24
24
24
24
24
24
24
24
24
24
24
24
24
24
24
24
24
24
24
24
24
24
24
24
24
24
24
24
24
24
24
24
24
24
24
24
24
24
24
24
24
24
24
24
24
24
24
24
24
24
24
24
24
24
24
24
24
24
24
24
69
108
109
109
109
109
109
109
109
109
109
109
109
109
109
109
109
109
109
109
109
109
109
109
109
109
109
109
109
109
109
137
23
140
140
143
144
144
144
148
149
149
149
149
149
149
149
149
149
149
149
160
157
162
149
164
166
167
167
170
171
172
172
172
172
23
177
177
177
177
177
177
177
177
177
177
177
177
177
177
177
177
177
177
177
177
177
177
177
177
177
177
177
177
177
177
177
177
177
177
177
177
177
177
177
177
177
218
218
218
218
218
218
218
218
218
218
218
230
231
231
231
231
231
231
231
231
231
231
231
231
231
231
231
231
231
231
231
231
231
252
252
252
252
252
252
252
252
252
252
252
252
247
247
267
268
268
268
268
268
268
268
268
277
278
278
278
278
278
278
278
278
278
278
278
278
278
278
278
278
278
278
278
278
278
278
278
278
278
278
293
306
307
307
307
307
307
307
307
307
307
307
307
307
307
307
307
307
307
307
307
307
307
307
307
307
307
307
307
307
307
307
307
307
307
307
307
307
307
307
307
307
307
307
307
307
307
307
307
307
307
307
307
307
307
307
307
307
307
307
307
307
307
307
307
307
307
372
372
372
372
307
377
377
377
377
377
377
377
377
377
377
377
377
377
377
377
341
394
395
397
398
400
401
401
401
401
401
401
401
401
401
401
401
401
401
414
416
417
417
420
421
421
23
424
424
424
424
424
424
424
424
424
424
424
424
424
424
424
424
424
424
424
424
424
424
424
424
424
424
424
424
424
424
424
424
424
424
424
424
424
424
424
424
424
424
424
424
424
424
424
424
424
424
424
442
476
451
478
447
481
482
484
485
485
485
485
485
485
485
485
485
485
485
485
485
485
485
485
485
503
497
505
506
506
506
506
506
506
506
506
506
506
506
506
506
506
506
506
506
506
506
506
506
506
506
506
506
506
532
532
532
532
532
532
532
532
532
532
532
247
247
546
547
547
547
547
547
547
547
547
547
547
547
547
547
547
547
555
230
564
564
564
564
564
564
564
564
564
564
564
564
564
564
564
564
564
564
564
564
564
564
564
564
564
564
564
564
564
564
564
564
564
564
598
598
598
598
598
598
598
598
598
598
598
598
598
598
598
598
598
598
598
598
598
598
598
598
598
598
598
598
598
598
598
598
247
247
247
247
635
636
638
639
639
639
639
639
639
639
639
648
649
649
652
653
653
653
653
653
653
653
653
653
653
653
653
653
653
653
653
653
653
653
653
653
653
653
653
653
653
653
671
681
680
683
678
678
687
688
688
688
688
688
688
688
688
696
698
699
699
702
703
703
703
703
703
703
703
703
703
703
703
703
703
703
703
703
713
721
722
724
725
725
23
728
728
728
728
728
728
728
728
728
728
728
23
740
740
740
740
740
740
740
740
740
740
740
740
753
754
754
754
754
754
754
754
754
754
754
754
754
754
754
754
754
754
754
754
754
754
754
754
754
754
754
754
754
754
754
754
754
754
754
754
754
754
754
754
754
754
754
754
754
754
754
754
754
754
754
754
754
754
754
808
808
808
808
813
814
814
814
814
814
814
821
822
822
822
822
822
822
822
822
822
822
822
822
822
822
822
822
822
822
822
822
822
822
822
845
845
845
845
845
845
845
845
845
845
845
845
332
332
332
332
862
863
863
863
863
863
863
863
863
863
863
863
863
863
863
863
863
863
863
879
882
884
885
885
888
889
889
889
889
889
895
896
896
896
896
896
896
896
896
638
905
905
905
905
906
910
910
907
913
913
638
916
916
919
920
921
813
923
923
813
926
926
926
926
926
926
926
926
813
935
935
935
935
935
935
935
935
935
935
935
935
935
935
935
941
951
941
953
944
955
944
957
944
959
944
961
23
963
23
965
965
965
965
965
971
972
972
23
975
975
978
23
979
979
979
979
982
984
983
986
988
989
989
989
989
989
989
989
989
989
989
989
989
989
989
989
989
989
989
989
989
989
989
989
989
989
989
989
989
989
989
989
989
989
989
989
989
989
989
989
989
989
989
989
989
989
989
989
989
1012
1039
1040
1040
1040
1040
1040
1040
1040
1040
1040
1040
1040
1040
1040
1040
1040
1040
1040
1040
1040
1040
1040
1040
1040
1040
1040
1040
1040
1040
1040
1040
1040
1040
1040
1040
1040
1040
1040
1040
1040
1040
1040
1040
1040
1040
1040
1040
1040
1040
1040
1040
1040
1040
1040
1040
1040
1040
1040
1040
1040
1040
1040
1040
1040
1040
1040
1040
1040
1040
1040
1040
1040
1040
1040
1040
1040
1040
1040
1040
1040
1040
1040
1040
1040
1040
1040
1040
1040
1040
1040
1040
1040
1040
1040
1040
1040
1040
1040
1040
1040
1040
1040
1040
1040
1040
1040
1040
1040
1040
1040
1040
1040
1040
1040
1040
1040
1040
1040
1040
1040
1040
1040
1040
1040
1040
1040
1040
1040
1040
1040
1040
1040
1040
1040
1040
1040
1040
1040
1040
1040
1040
1040
1040
1040
1040
1040
1040
1040
1040
1040
1040
1040
1040
1040
1040
1040
1040
1040
1040
1040
1040
1040
1040
1040
1040
1040
1040
1040
1040
1040
1040
1040
1108
1213
1214
1214
1214
1214
1214
1214
1214
1222
1223
1225
1226
1227
1227
1227
1227
1227
1227
1227
1227
1227
1227
1227
1227
1227
1227
1227
1227
1227
1227
1227
1227
1247
1249
1250
1250
1250
1250
1250
1250
1250
1250
1250
1250
1250
1250
1250
1250
1250
1250
1250
1250
1250
1250
1250
1250
1250
1250
1250
1250
1250
1250
1250
1250
1250
1250
1250
1250
1250
1250
1250
1250
1250
1250
1250
1250
1250
1250
1250
1267
1267
822
845
295
296
391
391
1010
1010
1010
1010
1010
1010
1010
137
137
137
137
137
137
137
137
786
1082
1082
1082
1082
1082
500
374
948
133
76
452
1127
370
370
370
370
370
370
370
370
370
370
370
370
370
621
621
1284
303
332
332
332
332
332
1155
1122
1122
1122
1122
1122
1122
1122
1122
1122
1122
1122
1122
1174
794
794
9
453
674
695
695
695
1026
1026
434
434
1156
1156
1156
1156
1156
1156
1156
1156
1156
1156
1156
1156
1037
1274
327
502
502
435
435
1166
1166
1166
1166
83
353
1059
1059
1034
1129
643
1204
1204
1204
1031
1018
1024
1024
430
430
430
430
731
731
731
1242
832
832
832
749
749
365
1027
1027
616
616
616
765
949
835
835
835
964
964
408
408
408
1221
1221
1221
175
175
175
1131
1131
460
460
200
804
88
201
201
201
501
538
538
1203
1203
667
667
667
667
667
667
667
667
667
667
667
147
1198
1295
791
791
791
791
791
261
261
857
857
1126
1126
1126
1126
12
82
843
1276
947
194
1169
1220
1220
362
1033
840
1146
1146
1146
1078
1078
1078
1078
1175
1176
622
622
622
1008
1008
1271
228
228
228
620
620
620
793
793
806
371
371
371
371
6
1161
1161
1161
1161
1161
714
714
644
1079
128
447
447
736
945
1125
1104
1104
433
433
542
542
105
333
333
333
1243
205
1172
492
492
492
1152
1152
1152
351
444
11
716
716
899
899
899
597
597
597
597
597
597
597
597
597
597
597
597
597
597
597
597
597
1210
1210
1210
1029
1029
803
803
803
1118
410
410
543
543
801
801
524
524
459
459
459
459
677
677
629
678
678
678
678
678
678
844
946
1183
1183
1183
898
898
136
89
328
65
729
122
122
1132
1132
1132
1132
1132
1132
1132
1132
1132
1132
1206
1206
1206
293
293
293
293
1209
457
300
554
1208
626
626
626
251
251
251
251
251
251
251
251
123
123
123
123
561
1096
390
390
55
331
1245
693
693
1023
1023
1269
523
523
523
523
523
523
523
523
523
523
523
344
1130
262
262
336
1080
1080
1080
1080
1080
1080
1080
1080
1080
1080
1080
168
129
623
623
473
473
473
473
473
473
473
1005
1005
942
619
619
1107
1107
1107
1107
1107
1107
366
358
849
849
525
525
525
525
525
1287
337
275
275
368
1066
673
355
1144
1144
1201
33
33
829
829
829
1189
1246
215
1115
650
684
555
555
555
752
762
762
762
1192
751
559
1100
1100
1100
1137
594
594
594
594
594
760
760
304
790
790
1219
1219
1065
1162
1162
839
469
411
411
496
496
1147
640
243
243
243
422
1095
1095
154
1149
1149
1149
1149
1149
1149
1149
1149
1149
1149
1149
1149
1149
49
49
49
558
210
264
264
264
264
264
264
341
341
341
341
341
341
341
341
341
341
341
856
497
497
819
531
531
531
531
531
531
531
531
531
531
531
1114
591
591
591
591
591
591
591
591
245
245
245
197
854
432
1143
130
326
326
326
326
326
326
666
1035
1019
1272
851
272
272
348
348
348
202
627
627
787
787
389
389
1061
1061
1061
1073
642
747
494
494
773
976
625
625
57
57
897
897
897
897
833
1103
208
208
208
51
51
51
51
696
696
696
696
1011
1011
1011
1011
1011
1011
1011
1011
1011
1011
1011
1011
1197
193
1062
1062
1062
618
618
618
477
529
1205
1205
1205
1205
1170
834
1012
1012
1012
1012
1012
764
764
764
764
739
739
135
763
763
763
852
887
248
248
248
248
1108
1108
1211
1211
1016
1016
831
831
831
1032
1077
779
730
1184
10
77
124
124
780
780
1017
1017
1017
1017
1017
1017
1239
1123
1123
792
792
792
1185
260
260
679
679
679
1160
1160
1160
1160
1090
1090
774
474
474
474
209
155
155
853
436
436
436
436
894
894
894
894
1086
820
431
431
431
1247
1247
1247
1247
1247
1247
1247
1247
1247
1020
1020
1068
931
828
828
72
72
1171
694
694
1267
925
761
761
761
1030
1139
1139
1139
47
47
47
47
1140
1141
1141
1089
467
229
668
291
291
291
146
263
263
263
43
43
1142
126
126
670
670
670
855
207
437
1022
1022
299
841
454
454
454
490
641
1238
1238
1238
1238
836
645
1273
290
290
290
290
290
290
290
297
669
669
669
227
227
1081
592
152
1110
1110
1110
330
330
526
785
1106
1106
1106
458
458
458
458
458
190
557
539
539
199
593
29
29
1105
1105
1105
1105
1120
1120
1120
1120
1120
419
692
692
692
1091
1091
589
589
589
589
589
589
589
589
352
783
783
783
783
637
145
1119
1119
1119
1119
1119
1119
1119
1119
1119
1119
1119
1119
1168
1006
1006
1006
1006
1145
1145
1145
1145
1145
1145
1145
1145
1145
80
80
80
132
735
735
701
1167
1275
50
50
100
1013
1013
1013
1013
1013
1013
1013
1013
1013
1154
495
495
125
125
125
125
125
125
125
125
125
125
125
900
900
1102
772
776
671
413
413
244
455
455
455
455
455
455
455
367
628
628
628
768
466
727
414
414
414
414
615
615
134
54
35
471
1218
711
769
446
446
446
361
1270
958
1188
1150
468
1113
357
259
259
1098
1098
298
66
127
329
1014
1014
1014
1014
1014
1014
1014
541
541
1178
1028
1028
715
1009
1009
1177
340
340
1015
1015
1015
1015
1015
1015
1015
1015
1015
1015
1015
1015
1015
250
250
250
250
250
250
250
1084
386
386
929
151
556
556
556
556
338
1007
712
712
712
712
712
712
1088
1088
1088
1088
1088
156
156
156
156
156
1025
1025
1164
1135
1135
1135
1135
1135
1099
1101
1101
1101
359
850
1109
53
1151
1151
1151
1151
1151
1151
1151
713
954
1092
1092
1092
540
540
676
676
676
676
301
1063
1063
1063
1063
1063
1063
1063
1063
1063
1063
1063
528
528
528
528
528
528
1190
717
717
717
717
527
1148
1060
1060
1060
445
4
595
1277
493
493
493
354
354
456
186
274
682
682
682
472
472
472
472
472
472
472
360
489
734
734
734
734
412
412
927
350
560
560
553
1124
1124
1124
1124
1124
1124
1124
1124
1124
1124
1124
1124
1128
1128
1128
1128
1128
1128
1134
1244
1268
771
778
1094
1094
498
292
292
292
292
292
292
292
292
292
292
292
1036
273
848
848
880
387
387
1076
343
733
733
733
733
562
562
392
392
392
392
624
624
624
138
1207
1207
1191
363
131
131
131
131
617
617
349
349
784
1158
1158
1158
1158
345
342
691
691
691
1093
1093
1093
1093
530
530
530
530
530
530
530
530
530
530
1240
1021
1021
1097
1097
8
1138
302
1133
1133
1133
596
596
596
596
596
596
596
596
596
596
596
596
596
596
596
596
1186
442
442
388
388
1117
1136
1136
369
1121
1121
1121
1121
1121
1121
1121
1121
1121
1121
1121
672
770
364
385
385
812
812
339
339
339
339
1202
375
777
204
204
204
590
590
1165
630
630
630
630
630
630
630
630
630
630
1241
214
647
409
409
409
409
409
719
1064
1064
1064
1064
1064
157
157
90
438
746
746
775
775
196
1200
1200
1200
1200
1200
842
980
1228
991
565
308
516
516
516
516
759
428
580
580
580
580
580
580
580
992
990
258
816
664
232
994
614
242
242
242
3
117
993
407
1041
305
305
697
697
1038
1038
139
139
139
563
563
685
1248
686
720
415
415
