1
2
2
2
2
2
2
2
2
2
2
2
2
2
2
2
5
19
20
20
20
20
20
20
20
20
20
20
20
20
20
20
20
20
20
20
20
20
20
20
20
20
20
20
20
20
20
20
20
20
20
20
20
20
20
20
20
20
60
60
60
60
60
60
60
20
68
68
68
68
68
68
68
68
68
68
68
68
68
68
68
68
68
68
68
68
68
68
68
20
92
92
92
92
92
92
92
85
85
85
85
85
58
89
89
47
15
15
64
64
64
64
64
64
64
64
65
65
48
87
90
90
90
90
16
16
49
8
8
66
7
7
82
95
95
95
95
95
95
17
17
50
59
59
88
88
53
53
53
55
55
55
55
55
55
13
13
57
57
57
57
57
57
46
9
9
10
10
99
99
99
99
99
99
99
11
11
84
84
84
84
84
97
97
97
97
97
97
97
97
97
97
44
51
51
51
51
51
51
51
51
51
51
51
51
51
51
51
86
98
98
98
98
14
14
63
63
63
63
63
63
63
63
63
63
45
96
96
96
96
96
96
96
96
91
91
91
91
91
6
6
81
81
81
81
5
5
83
12
12
67
56
56
56
56
56
56
56
56
56
29
29
73
94
27
27
40
80
72
72
21
28
78
26
26
79
93
39
36
18
