2
3
4
5
6
7
8
9
10
11
12
13
14
15
16
17
18
20
21
22
23
24
25
26
27
28
29
30
31
32
33
34
35
36
37
38
39
40
41
42
43
44
45
46
47
48
49
50
51
52
53
54
55
56
57
58
59
60
61
62
63
64
65
66
67
68
69
70
71
72
73
74
75
76
77
78
79
80
81
82
83
84
85
86
87
88
89
90
91
92
93
94
95
96
97
98
99
97
41
80
73
92
41
87
71
20
3
4
87
95
70
77
62
75
68
92
85
68
20
76
86
74
71
69
3
4
20
3
4
62
3
4
73
78
79
93
80
94
68
3
4
20
21
20
87
70
54
92
92
31
43
27
38
32
30
3
4
55
41
43
42
39
68
20
3
4
3
4
78
79
93
80
94
68
68
3
4
86
70
69
40
73
78
41
79
93
80
73
94
68
68
68
20
59
53
35
42
37
29
22
30
21
28
26
24
25
23
36
72
89
99
88
68
3
4
65
98
64
96
88
66
61
62
68
92
20
90
97
88
78
77
93
75
68
83
88
43
73
75
3
4
74
73
75
20
3
4
74
3
4
61
67
33
28
27
29
22
30
32
20
60
60
20
68
20
20
68
92
68
68
20
20
68
20
20
68
68
68
92
4
