1
2
2
2
2
2
2
2
2
2
2
2
2
2
2
2
16
1
19
19
19
19
19
19
19
19
19
19
19
19
19
19
19
19
19
19
19
19
19
19
19
19
19
19
22
22
23
23
25
25
37
33
37
33
43
34
43
34
35
35
36
36
1
64
64
64
64
64
64
64
64
64
64
64
64
64
64
64
64
64
64
64
64
64
64
64
64
64
64
64
64
64
64
64
64
64
64
64
64
64
64
94
94
1
105
105
105
105
105
105
105
110
110
1
115
115
115
115
115
115
115
115
115
115
115
115
115
115
115
115
115
115
115
115
115
115
115
138
138
135
135
136
136
137
137
118
118
119
119
120
133
120
132
125
134
125
133
126
126
134
127
129
127
132
129
167
168
168
168
168
168
168
168
168
168
168
168
168
168
168
168
168
179
179
183
177
177
177
181
180
182
178
184
