1
2
2
2
2
2
2
2
2
2
2
2
2
2
2
2
2
2
2
2
2
2
2
2
2
2
2
14
29
15
31
16
33
16
35
35
18
38
19
40
20
42
21
44
46
47
47
47
47
47
47
47
47
47
47
47
47
47
47
47
47
47
47
47
47
47
47
47
47
47
65
73
65
75
67
77
79
80
80
80
80
80
80
80
80
80
80
80
91
80
19
19
19
19
28
28
39
43
34
68
68
68
90
76
41
67
67
67
67
67
67
20
13
13
13
13
13
13
14
14
14
14
14
14
14
16
16
16
16
16
16
65
65
65
65
65
65
65
65
65
65
65
65
65
65
65
65
87
87
87
87
87
87
21
21
21
45
17
17
17
17
17
17
18
18
18
18
12
12
12
12
12
12
15
15
15
15
15
15
15
11
11
89
89
89
89
89
89
89
89
66
30
84
94
