2
3
4
5
6
7
8
9
10
11
12
13
14
15
16
17
18
19
20
21
22
23
24
25
26
27
28
29
30
31
32
33
34
35
36
37
38
39
40
41
42
43
44
45
47
48
49
50
51
52
53
54
55
56
57
58
59
60
61
62
63
64
65
66
67
68
69
70
71
72
73
74
75
76
77
78
80
81
82
83
84
85
86
87
88
89
90
91
92
94
27
4
6
3
9
8
23
24
22
51
48
52
86
69
25
68
51
53
63
57
50
4
5
4
6
7
10
3
28
5
4
6
7
10
3
5
4
6
7
10
3
68
51
64
56
58
53
61
57
60
55
54
62
49
59
63
48
90
82
83
84
91
93
4
6
3
26
5
4
6
7
10
3
27
4
6
3
5
4
6
7
10
3
28
5
4
6
7
10
3
4
3
88
90
92
82
83
81
84
85
57
22
91
93
