1
2
2
2
2
2
2
2
2
2
2
2
13
14
14
14
2
18
18
18
18
18
18
18
18
18
13
13
30
31
31
31
31
32
36
32
38
33
40
33
42
34
44
35
46
48
48
35
51
31
53
53
53
53
31
59
60
60
60
60
60
60
60
60
60
60
60
60
60
60
60
60
60
60
60
60
60
60
60
60
60
60
60
60
60
60
79
91
60
93
93
90
90
98
99
99
99
99
99
99
99
99
99
99
99
99
99
99
99
99
99
99
99
99
99
99
99
99
99
99
99
99
99
127
129
99
131
131
131
131
131
131
131
131
131
131
131
131
131
135
145
135
147
144
149
118
152
153
153
153
153
157
159
160
160
160
160
160
160
160
160
160
160
160
160
160
160
160
160
160
160
160
160
160
160
160
160
160
160
160
160
160
160
160
160
160
160
160
160
160
160
198
198
198
198
198
198
198
198
198
198
160
188
189
190
196
30
214
214
214
214
214
214
214
214
214
214
214
214
214
214
214
214
214
214
214
214
214
214
214
214
214
214
214
214
214
214
214
214
214
214
214
214
214
240
252
243
254
214
256
256
256
256
214
261
261
263
263
82
82
82
82
71
88
65
65
24
150
67
204
204
204
244
240
123
144
144
144
144
86
133
203
70
84
250
23
197
197
180
10
73
126
124
187
27
179
177
33
183
191
12
127
157
157
157
119
119
251
251
251
251
251
251
192
192
192
32
120
120
248
92
223
245
247
115
66
66
188
188
231
113
68
68
232
232
143
143
79
225
56
121
121
196
196
196
259
171
171
171
171
125
194
246
130
35
35
35
202
85
258
205
77
77
112
189
189
189
26
226
94
114
235
25
138
138
138
138
9
122
13
13
13
13
13
11
87
139
80
172
181
181
181
186
222
222
222
222
222
90
89
176
83
195
110
135
135
135
134
260
78
173
109
109
109
82
81
111
34
34
34
230
249
268
28
158
29
