1
2
2
2
2
2
2
2
2
2
4
12
12
5
15
15
6
18
18
7
21
21
11
24
24
2
28
28
28
29
30
30
30
30
30
30
30
30
30
30
30
30
30
30
30
30
30
30
30
30
30
30
30
30
30
30
30
30
30
43
61
62
62
62
62
62
62
62
62
62
62
62
62
62
62
62
62
62
62
62
62
62
62
62
62
62
62
62
62
62
62
62
62
62
62
62
62
62
62
62
62
62
62
62
62
62
62
62
62
62
62
62
62
62
62
62
62
62
62
62
62
62
62
94
30
91
91
91
91
91
91
91
91
91
91
91
91
91
52
95
95
105
105
105
105
105
79
40
40
40
40
40
40
40
40
40
74
93
93
99
42
42
42
42
42
39
39
39
123
47
47
53
5
94
94
103
103
56
56
56
56
56
56
100
115
116
120
54
54
44
44
44
58
58
81
75
75
75
75
75
75
75
75
75
75
110
77
77
77
77
46
46
121
92
92
92
92
92
6
119
8
8
33
112
38
38
49
49
49
55
55
97
97
106
109
101
76
118
113
48
48
80
43
43
43
43
43
43
41
41
41
41
41
41
41
41
41
41
108
117
96
96
122
111
114
78
78
