2
3
4
5
6
7
8
9
10
11
12
13
6
16
17
18
19
20
21
22
23
24
25
26
27
28
29
30
31
32
33
34
35
36
37
38
39
40
41
42
43
44
45
46
47
48
49
50
51
52
53
54
55
56
57
58
59
60
61
62
63
64
65
66
67
68
69
71
72
73
74
75
76
77
78
79
80
81
82
83
84
85
86
87
88
89
90
91
92
93
94
95
96
97
98
99
100
101
102
103
104
105
106
107
108
109
110
111
112
113
114
115
116
117
118
119
120
121
122
123
124
125
126
127
128
129
131
132
133
134
135
136
137
138
139
140
141
142
143
144
145
146
147
148
149
150
151
152
153
154
155
156
157
158
159
160
161
163
164
165
166
167
168
169
170
171
173
174
175
176
177
178
179
180
181
182
183
184
185
186
187
188
189
190
191
192
193
194
195
196
197
198
199
200
201
202
203
204
205
206
207
208
209
210
212
213
214
215
216
217
219
220
221
222
223
224
225
226
227
228
229
230
231
232
233
234
236
237
238
239
240
241
242
243
244
245
246
247
248
249
250
251
252
253
254
255
256
257
258
259
260
261
262
263
264
265
266
267
268
269
270
271
272
273
274
275
276
277
278
279
280
281
282
283
284
285
286
287
288
289
290
291
292
293
294
295
296
297
298
299
300
301
302
303
304
305
306
307
308
309
310
311
312
313
314
315
316
317
318
319
320
321
322
323
324
325
326
327
328
329
330
331
332
333
334
335
336
337
338
339
340
341
342
343
344
345
346
347
348
349
350
351
352
353
354
355
356
357
358
359
360
361
362
363
364
365
366
367
368
369
370
371
372
373
374
375
376
377
378
379
380
381
382
383
384
385
386
387
388
389
390
391
392
393
394
395
396
397
398
181
176
220
273
24
23
107
23
18
306
306
305
23
181
303
268
20
166
167
170
164
168
169
165
172
303
268
306
303
308
25
23
17
176
219
23
306
303
308
306
303
308
278
23
19
222
306
107
178
175
254
253
255
72
79
74
73
78
76
75
77
84
82
293
262
176
306
303
152
306
308
306
303
156
23
124
306
25
25
23
18
306
303
160
273
222
23
17
303
270
23
233
24
23
368
260
23
18
273
82
293
262
87
368
262
368
268
12
11
6
5
7
9
274
277
306
303
144
143
137
220
23
306
274
84
293
264
306
303
308
23
17
112
116
115
124
126
306
303
308
306
305
303
258
24
23
160
156
154
273
23
368
264
382
163
306
308
277
220
273
266
176
23
126
23
19
306
309
303
306
303
158
306
255
141
139
136
158
220
220
233
23
17
306
23
17
277
220
368
262
181
23
19
176
306
303
308
258
181
176
176
25
23
18
306
303
310
303
306
278
273
270
20
305
306
303
308
306
368
262
254
250
238
241
242
240
239
23
19
256
23
306
303
308
306
305
176
9
20
23
128
306
256
303
266
306
303
23
18
25
23
19
116
115
20
306
293
262
306
303
308
23
293
262
23
18
306
303
308
241
238
242
240
239
245
254
148
150
253
149
151
145
138
142
139
140
137
152
368
262
23
18
306
303
258
87
274
260
274
262
368
262
123
122
121
116
117
114
115
113
128
293
262
332
306
303
154
306
303
308
23
18
25
23
17
23
17
273
268
23
19
274
310
306
152
332
25
23
19
262
268
260
266
270
264
305
303
306
309
303
332
273
222
306
303
308
306
309
303
303
266
23
19
23
17
306
368
262
23
20
176
273
256
23
306
303
158
306
303
270
220
6
6
164
165
172
6
123
6
122
6
116
6
116
6
6
