1
2
2
2
2
2
2
2
2
2
2
2
2
2
2
2
2
2
19
19
19
19
2
24
24
24
24
24
24
24
24
24
24
35
35
2
38
38
38
38
38
15
45
46
46
46
46
46
46
46
46
46
46
46
46
51
51
51
1
62
62
62
62
62
62
62
62
62
71
71
71
71
71
77
78
78
78
78
78
78
78
78
78
78
78
78
78
78
78
78
78
78
78
78
78
78
78
78
78
78
78
78
78
78
78
78
78
78
78
78
78
78
78
78
78
78
78
78
78
78
78
78
78
78
78
78
78
78
78
78
78
78
78
78
78
78
78
78
78
78
78
78
78
78
78
78
78
78
78
78
78
78
78
78
78
78
78
78
78
78
78
78
78
78
78
78
78
78
78
78
78
78
78
78
78
78
78
78
78
78
78
78
78
78
78
78
78
78
78
78
78
78
78
78
78
78
78
78
78
78
78
78
78
78
82
209
83
211
78
213
213
213
213
213
100
219
110
221
128
223
129
225
154
227
229
229
229
229
229
229
78
236
236
236
236
236
241
236
243
236
245
78
247
78
249
249
249
249
249
249
249
249
249
249
249
249
249
249
249
249
249
264
267
78
269
269
269
269
269
269
269
269
78
278
278
278
278
278
278
278
278
278
278
285
289
222
245
243
241
137
137
137
100
100
100
100
188
9
158
6
6
145
69
69
17
122
122
122
122
122
122
122
122
122
248
248
124
124
124
287
288
288
288
288
202
18
18
33
199
199
203
226
197
197
15
16
210
210
53
53
186
277
277
277
277
277
121
51
51
51
51
157
157
181
189
13
64
64
133
212
163
163
163
163
234
155
155
155
155
146
108
108
108
108
108
108
108
108
126
126
176
8
8
8
8
194
262
262
262
262
262
262
262
262
262
262
262
262
262
262
262
204
204
118
190
205
205
139
139
139
166
166
166
166
166
166
50
50
50
125
125
125
70
22
187
27
206
206
42
42
42
144
104
104
117
142
191
10
222
222
162
162
162
162
162
162
162
162
162
162
162
162
162
162
162
162
162
162
274
274
274
274
274
113
113
113
113
113
113
113
113
224
169
67
168
168
168
195
34
160
160
106
106
66
66
120
120
120
40
54
105
105
263
263
23
7
7
7
7
28
28
28
192
12
12
156
220
276
75
68
151
167
167
167
233
233
233
138
112
112
112
112
196
201
107
107
107
107
107
107
107
107
107
107
107
107
143
185
30
30
30
129
129
129
129
129
129
129
129
129
129
129
129
129
132
136
147
14
173
173
198
198
208
208
208
208
152
207
207
207
207
207
11
11
149
149
114
114
114
111
111
111
111
266
148
52
150
21
74
74
110
110
140
56
182
183
265
130
130
130
130
130
130
130
130
130
130
130
130
130
130
130
130
130
275
275
275
275
123
123
123
123
123
41
165
165
193
135
159
159
159
159
175
175
134
101
101
101
101
101
103
103
178
285
285
285
285
285
285
109
179
179
179
179
180
171
127
127
127
127
127
37
65
65
184
154
154
164
164
55
264
264
128
128
128
128
128
128
128
128
128
128
128
128
128
128
128
128
119
119
119
119
286
286
286
286
29
29
29
161
161
76
76
281
255
258
259
49
238
238
260
98
98
87
254
239
239
82
86
272
270
88
279
83
84
237
237
79
97
97
291
291
