2
3
4
5
6
7
8
9
10
11
12
13
14
15
16
17
18
19
20
21
22
23
24
25
26
27
28
29
30
31
32
33
34
36
37
38
39
40
41
42
43
44
46
47
48
49
50
51
52
53
54
55
56
57
58
59
60
61
62
63
64
65
66
67
68
69
70
71
72
73
74
75
76
78
79
80
81
82
83
84
85
86
87
88
89
90
91
92
93
94
95
96
97
98
99
100
101
102
103
104
105
106
107
108
109
110
111
112
113
114
115
116
117
118
119
120
121
122
123
124
125
126
127
128
129
130
131
132
133
134
135
136
137
138
139
140
141
142
143
144
145
146
147
148
149
150
151
152
153
154
155
156
157
158
159
160
161
162
163
164
165
166
167
168
169
170
171
172
173
174
175
176
177
178
179
180
181
182
183
184
185
186
187
188
189
190
191
192
193
194
195
196
197
198
199
200
201
202
203
204
205
206
207
208
209
210
211
212
213
214
215
216
217
218
219
220
221
222
223
224
225
226
227
228
230
231
232
233
234
235
236
237
238
239
240
241
242
243
244
245
246
247
248
249
250
251
252
253
254
255
256
257
258
259
260
261
262
263
264
265
266
267
268
269
270
271
272
273
274
275
276
277
278
279
280
281
282
283
284
285
286
287
288
289
290
291
236
236
236
266
89
97
117
148
78
78
94
3
158
19
2
90
62
62
38
123
28
15
125
16
124
88
87
24
165
78
32
89
24
280
279
278
78
278
96
9
4
25
11
87
99
14
12
88
24
24
192
78
52
48
94
86
270
269
78
269
90
52
53
47
48
91
79
92
94
11
63
71
89
78
139
17
168
87
232
164
160
86
239
90
207
184
120
138
79
78
78
213
31
24
85
5
4
3
2
94
277
89
90
272
253
260
252
88
255
254
87
261
258
259
78
98
78
87
94
98
78
140
86
89
117
260
257
284
79
97
47
49
48
126
89
24
63
20
94
2
98
78
9
13
39
90
105
78
88
88
94
2
105
78
158
17
141
157
140
168
13
240
88
89
87
90
92
238
239
237
79
236
288
273
271
272
78
207
88
89
87
90
2
213
78
14
93
63
117
93
79
94
25
161
236
108
78
62
62
121
122
90
39
48
108
78
250
251
20
5
4
3
19
27
34
2
94
4
3
91
78
271
72
63
89
260
284
97
231
230
232
205
85
94
86
213
94
95
123
207
28
124
90
88
87
79
78
24
78
213
142
94
27
34
2
127
10
85
94
89
90
260
88
87
97
78
78
213
99
89
90
3
173
170
11
88
99
260
282
97
89
262
99
260
97
282
4
3
153
89
165
78
78
78
2
213
78
253
89
55
89
20
72
73
78
78
141
48
92
92
250
131
127
126
10
15
16
85
94
90
260
88
87
97
78
24
78
213
273
271
272
270
26
94
89
90
24
39
88
5
109
89
96
95
92
91
13
88
89
117
102
79
78
78
104
78
94
281
280
283
284
282
78
79
281
260
97
78
92
170
281
260
257
97
78
35
63
62
91
153
89
88
4
48
251
261
139
127
10
160
85
94
89
90
260
88
87
237
97
78
78
213
273
91
259
97
279
280
283
284
27
34
2
162
236
72
73
78
2
269
269
46
236
243
278
78
97
2
2
236
245
78
213
278
269
2
278
78
78
236
241
78
249
249
255
254
