2
3
4
5
6
7
8
9
10
11
12
13
14
15
16
17
18
19
20
21
22
23
24
25
26
27
28
29
30
31
32
33
34
35
36
37
38
40
41
42
43
44
45
46
47
48
49
50
51
50
53
54
55
49
57
59
60
61
62
63
64
65
66
67
68
69
70
71
72
73
74
75
76
77
78
79
80
81
82
83
84
85
86
87
88
89
90
91
92
93
94
95
96
97
98
99
100
101
102
103
104
105
106
107
108
109
110
111
112
113
114
115
116
117
118
119
120
121
75
123
27
25
27
25
26
98
92
113
4
5
3
77
79
76
67
114
68
113
113
3
41
3
3
5
3
4
3
41
3
42
69
95
92
25
25
62
63
97
114
96
98
93
95
59
59
113
97
92
113
3
62
65
64
68
96
99
94
67
63
100
60
97
98
93
61
95
92
92
25
73
60
97
92
113
3
93
118
119
116
115
117
113
113
98
92
113
97
92
113
69
75
67
65
66
69
64
61
78
118
119
116
115
117
113
113
3
94
92
88
25
3
4
5
3
3
25
26
3
27
25
26
4
5
3
25
42
100
99
92
3
3
86
74
62
63
66
96
92
62
63
67
118
119
116
115
61
117
113
113
85
74
62
63
66
98
92
113
27
25
26
88
113
113
88
113
113
75
64
75
65
67
68
