2
3
5
6
8
9
10
11
12
13
14
15
16
17
18
19
20
21
22
23
24
25
26
27
26
30
31
32
33
34
35
36
37
38
39
40
41
42
43
44
45
46
47
48
49
50
51
52
53
54
55
56
57
59
60
61
62
63
64
65
66
67
68
69
70
71
72
73
74
75
76
77
78
79
80
82
83
84
85
86
87
89
90
91
92
93
94
95
96
97
98
99
59
59
59
67
72
54
52
47
51
34
47
25
24
60
76
60
33
48
27
25
68
63
65
48
33
51
34
69
74
60
83
88
69
25
70
63
78
50
78
31
69
27
65
25
68
76
60
63
4
69
25
26
69
65
25
69
74
60
83
88
62
69
27
25
72
65
47
65
25
68
48
69
27
25
76
79
25
73
24
60
63
83
88
62
60
69
27
25
49
48
72
69
27
25
26
72
69
25
26
67
47
79
25
70
24
51
34
69
73
74
60
83
88
27
25
68
63
60
83
88
76
60
4
60
83
88
76
60
4
60
83
88
60
83
88
60
83
88
60
60
60
83
88
60
83
88
60
83
88
60
83
88
60
63
83
88
60
83
88
