1
2
2
2
2
2
2
2
2
2
2
2
2
2
2
2
2
2
2
2
2
2
2
2
2
2
2
2
2
19
31
26
34
35
35
35
35
35
35
35
35
35
35
35
35
35
49
50
50
50
50
50
50
50
50
50
50
50
50
50
50
50
50
50
50
50
50
50
50
50
50
50
50
50
50
50
50
50
50
50
83
47
39
59
66
48
27
78
67
81
20
62
18
18
18
18
18
18
18
61
58
30
65
42
74
75
75
57
22
22
55
44
15
15
15
15
15
15
15
46
63
41
26
26
26
53
77
21
54
56
76
24
71
64
73
73
73
82
33
