2
3
4
5
6
7
8
9
8
9
12
13
14
15
16
17
18
19
20
20
22
23
24
25
26
27
28
29
30
29
33
34
35
36
37
38
39
40
41
42
43
44
45
46
47
48
49
50
51
52
53
54
55
56
57
58
59
60
61
62
63
64
65
66
67
68
69
70
71
72
68
67
60
69
61
27
4
5
3
26
24
25
61
6
64
26
27
24
25
62
58
59
69
64
4
5
3
6
68
65
67
15
16
17
66
68
67
17
14
65
58
59
69
69
57
69
69
65
15
16
17
64
4
5
3
6
64
26
27
24
25
