1
2
2
2
2
7
1
8
8
8
8
8
8
8
8
8
8
8
8
8
8
8
8
8
8
8
8
8
8
8
8
8
8
8
8
8
8
8
8
8
8
8
8
8
8
8
8
8
8
8
8
8
8
8
8
8
8
8
8
8
8
8
8
8
8
8
8
8
8
8
8
8
8
8
8
8
23
78
78
31
81
81
81
81
8
86
86
86
86
86
8
92
92
92
92
8
97
97
97
97
97
97
97
77
77
77
1
108
108
108
108
110
1
114
115
116
116
116
46
65
100
100
44
6
70
35
58
58
58
58
43
62
74
77
77
73
67
88
56
56
56
56
52
51
53
55
55
109
112
112
33
33
33
33
33
33
33
33
33
33
33
33
33
33
33
33
39
48
64
40
102
102
102
94
80
57
57
110
110
37
32
32
47
66
101
103
103
103
38
95
68
71
41
75
89
89
89
89
96
69
5
36
42
10
22
28
14
14
105
106
113
113
