2
3
4
5
6
4
8
9
10
11
12
13
14
15
16
17
18
19
20
21
22
23
24
25
26
27
28
29
30
31
32
33
34
35
36
37
38
39
40
41
42
43
44
45
46
47
48
49
50
51
52
53
54
55
56
57
58
59
60
61
62
63
64
65
66
67
68
69
70
71
72
73
74
75
76
77
78
79
80
81
82
83
84
85
86
87
88
89
90
91
92
93
94
95
96
97
98
99
100
101
102
103
104
105
106
107
108
109
110
111
112
113
114
115
116
117
118
119
40
23
99
98
45
3
23
17
54
29
16
27
45
31
73
61
2
73
23
87
29
28
16
97
30
30
54
29
16
114
109
110
34
39
22
21
20
18
24
16
12
27
13
17
25
26
14
19
21
54
23
45
104
101
99
93
58
29
16
61
2
19
62
8
55
23
98
104
101
99
20
93
23
73
45
76
91
59
90
87
93
23
3
18
45
8
8
92
8
8
61
2
61
2
