1
2
2
2
2
2
2
2
9
11
12
12
12
12
12
12
12
12
12
12
12
12
12
12
12
12
12
12
12
12
12
12
12
12
12
12
12
12
12
12
12
12
12
12
12
12
12
12
12
12
12
55
56
56
56
56
56
56
56
56
56
56
56
56
56
56
56
56
56
56
56
56
56
56
56
56
56
56
56
56
47
69
69
69
69
69
69
75
75
75
75
75
75
70
70
70
70
70
70
70
51
37
37
37
37
37
37
34
29
28
36
36
36
36
36
36
36
36
36
44
71
71
71
71
71
71
52
73
73
73
73
73
73
73
49
49
67
67
67
67
67
67
67
7
31
27
43
43
80
80
80
80
80
80
80
80
35
35
35
35
35
35
35
35
30
40
40
40
72
72
72
72
72
74
74
74
74
74
74
8
8
8
32
9
9
9
9
33
39
39
39
48
48
48
48
66
66
66
66
66
66
53
53
53
53
68
68
68
68
68
68
10
