1
2
2
2
2
2
2
2
2
2
2
2
2
2
2
2
2
2
2
2
2
2
2
2
2
2
2
2
2
2
2
2
2
2
2
2
2
2
2
2
2
2
2
2
2
2
2
2
2
2
2
2
2
2
2
2
2
2
2
2
2
2
2
2
2
2
2
2
2
2
71
71
71
71
71
71
71
71
2
80
80
80
80
2
85
85
85
85
85
85
85
85
85
85
85
85
85
85
85
85
25
103
104
104
104
104
104
104
104
104
104
104
104
104
117
118
119
119
119
119
119
119
119
119
119
119
119
119
119
119
119
119
119
119
119
119
119
119
119
119
119
119
119
119
119
119
119
119
119
119
119
119
119
119
119
119
119
119
119
119
119
119
119
119
119
119
119
119
119
119
119
119
103
176
176
176
176
176
176
176
176
176
176
176
176
176
176
176
176
176
176
176
176
176
176
176
176
176
176
176
176
176
176
176
176
176
176
176
176
176
176
176
176
104
88
42
42
42
54
95
28
28
28
28
28
28
28
83
75
51
51
36
36
36
40
77
77
30
111
23
79
41
47
47
212
212
206
142
142
142
142
94
27
48
48
84
56
76
168
157
157
205
20
20
152
152
11
11
161
116
114
114
136
137
137
137
137
50
50
34
34
34
34
34
34
155
153
55
55
154
154
186
208
113
89
44
44
44
43
43
43
97
97
145
145
145
160
160
202
31
31
31
31
92
49
49
91
141
141
141
141
141
141
141
141
144
107
199
21
21
98
26
26
26
26
10
10
135
135
135
135
139
139
139
139
156
156
197
197
78
166
175
198
198
198
25
25
25
171
52
52
52
52
52
52
90
173
190
32
32
185
185
53
146
146
151
112
192
35
35
35
35
35
35
35
35
187
148
24
207
93
174
149
189
143
33
33
33
33
33
33
33
33
191
108
22
22
184
29
29
29
29
201
14
203
115
188
126
102
102
102
