1
2
2
2
2
2
1
8
8
8
8
8
8
8
18
1
19
19
19
19
19
19
19
19
19
19
19
19
24
1
33
33
33
33
33
33
40
35
35
33
44
45
46
47
48
48
48
48
48
48
48
48
48
48
48
60
61
51
63
64
65
65
65
65
65
65
65
65
65
65
65
65
65
65
65
65
65
65
65
65
65
65
65
65
65
65
91
91
91
91
91
91
91
91
65
89
88
47
103
103
103
103
103
103
103
103
103
103
103
103
103
103
103
103
103
103
103
103
123
123
111
126
126
126
130
132
112
134
134
134
103
138
138
14
14
47
143
143
143
143
143
143
143
143
143
143
143
147
155
155
155
155
151
160
160
153
163
163
166
167
1
168
171
47
172
172
172
172
177
178
1
179
179
179
179
184
47
185
185
185
185
185
185
185
185
185
185
185
185
185
185
191
200
195
19
48
8
33
181
25
25
96
96
165
187
187
51
51
51
53
53
53
53
109
109
109
109
109
109
159
52
173
4
89
89
89
89
12
12
12
113
113
15
15
15
15
6
50
50
50
50
50
50
13
13
13
87
114
114
114
114
14
14
72
72
72
72
79
79
88
88
88
88
88
98
98
98
98
36
108
108
108
108
108
108
193
193
193
193
193
161
157
80
35
35
35
195
195
195
195
195
194
194
162
176
73
201
201
37
106
106
110
110
110
110
110
110
110
110
110
110
29
29
29
29
29
31
76
180
122
122
99
99
99
137
137
5
121
121
121
121
121
164
95
95
95
11
11
11
11
139
24
24
24
197
197
197
39
169
169
169
199
199
199
199
199
86
153
188
135
135
135
127
127
127
127
136
81
81
81
84
27
27
27
112
112
112
112
112
112
112
112
75
75
75
75
75
97
97
97
156
74
151
30
77
77
77
49
90
90
78
147
190
190
190
154
129
120
120
189
189
189
182
196
196
131
85
85
83
28
28
28
133
191
191
191
191
116
116
115
115
183
183
125
125
125
125
125
119
119
119
107
107
107
82
111
174
117
117
117
192
198
198
26
26
149
144
104
104
69
105
100
61
62
101
102
102
202
141
141
142
142
142
142
142
171
42
42
43
44
45
