2
3
4
5
6
7
8
9
10
11
12
13
14
15
16
17
18
19
20
21
22
23
24
25
26
27
28
29
30
31
32
33
34
35
36
37
38
39
40
41
42
43
44
45
46
47
48
49
50
51
52
53
54
55
56
57
58
59
60
20
62
63
64
65
66
10
11
70
71
72
73
74
75
76
77
78
79
80
81
82
83
84
85
86
87
40
41
89
52
91
92
93
94
95
96
97
98
99
100
101
103
104
105
106
107
108
109
110
111
112
113
114
115
116
117
118
119
120
121
122
123
124
125
126
127
128
129
130
131
133
134
135
136
137
138
139
140
141
142
143
144
145
146
147
148
149
150
151
152
153
154
155
156
157
158
159
160
161
162
164
165
166
167
168
169
170
171
172
173
174
175
176
177
178
179
180
181
182
183
184
185
186
187
188
189
190
191
192
193
194
195
196
197
198
199
200
201
202
203
204
205
206
207
208
209
210
211
212
213
214
214
219
220
221
222
223
224
225
226
227
228
229
39
33
54
44
43
215
33
186
176
184
187
185
183
175
186
181
176
184
187
178
179
185
182
177
180
183
213
43
33
12
36
33
46
53
43
49
215
33
44
215
33
5
6
43
215
33
115
38
55
37
39
34
36
2
2
54
27
43
26
14
2
215
33
115
38
33
54
18
20
10
8
9
55
12
7
11
4
54
5
8
7
11
37
40
35
10
6
41
3
38
39
34
4
36
33
33
44
26
14
215
2
33
16
3
38
33
54
172
44
27
26
14
215
2
33
34
119
119
39
33
54
118
38
33
54
12
44
27
26
14
215
2
33
119
19
59
60
57
56
58
54
67
112
119
105
104
35
33
29
172
27
43
26
14
2
215
33
191
193
192
194
190
189
119
105
104
213
43
33
41
40
33
186
176
184
187
185
175
195
191
193
192
196
194
190
119
27
17
5
6
9
37
33
119
105
104
5
6
10
59
60
57
56
4
54
67
26
17
5
6
9
39
33
54
112
44
14
215
2
217
216
33
29
54
54
29
54
54
57
54
4
29
19
10
41
11
40
33
9
59
54
59
54
67
59
60
54
10
10
10
4
29
10
11
18
20
55
7
54
10
4
29
10
4
29
17
17
179
185
44
14
215
2
217
216
33
18
20
8
55
54
9
12
59
60
54
18
20
