2
3
4
5
6
7
8
9
10
11
12
13
14
16
17
18
19
20
21
22
23
24
25
26
27
28
29
30
31
32
33
34
35
36
37
38
39
40
41
42
43
44
45
46
47
48
49
50
51
52
53
54
55
56
57
58
59
60
61
62
63
64
65
66
67
68
69
70
71
72
73
74
75
76
77
78
79
80
81
82
83
84
85
86
87
88
89
90
91
92
93
94
95
96
97
98
99
100
101
102
103
104
105
106
107
108
109
110
111
112
113
114
115
117
118
119
120
121
122
123
124
125
126
127
128
129
130
131
132
133
134
135
136
137
138
139
140
141
142
143
144
145
146
147
148
149
153
154
155
156
157
158
159
160
161
162
163
164
165
166
167
168
169
170
171
172
173
174
175
176
177
178
179
180
181
182
183
184
185
186
187
188
189
190
191
192
193
194
195
196
197
198
199
200
201
202
203
204
205
206
207
208
209
168
187
188
189
190
212
194
153
154
155
216
217
218
219
220
221
222
223
224
225
226
227
228
229
230
231
232
233
234
235
236
237
238
239
240
241
242
243
244
245
246
247
248
249
250
251
252
253
254
255
256
257
258
259
260
261
262
263
264
265
266
267
268
269
270
271
272
273
274
275
276
277
278
279
280
281
282
283
284
285
286
287
288
289
290
291
292
293
294
295
296
297
298
299
300
301
302
303
304
305
306
307
308
309
310
311
313
314
315
301
317
318
319
320
321
322
323
324
325
326
327
328
329
330
331
332
333
334
335
336
337
338
339
340
341
342
343
344
345
346
347
348
349
350
351
352
353
354
355
356
357
358
359
360
361
362
363
364
365
366
367
368
369
370
371
372
373
374
375
376
377
378
379
380
381
382
383
384
385
386
387
388
389
390
391
392
150
204
189
179
165
19
268
35
247
258
37
79
25
30
31
32
338
158
178
179
10
337
332
335
336
317
331
317
306
176
188
153
142
333
339
337
341
332
342
334
340
338
343
335
336
263
36
258
37
250
79
36
247
258
37
79
25
30
26
10
153
161
160
244
274
236
228
230
229
237
238
231
222
227
226
232
242
223
224
225
289
284
287
230
242
39
42
159
156
318
276
290
291
19
17
259
265
35
247
37
79
25
30
31
36
247
37
79
25
30
141
19
261
35
247
253
258
37
79
25
30
36
37
79
19
31
27
249
271
273
36
247
37
79
25
30
26
259
36
253
37
250
79
25
30
342
259
112
111
307
153
306
179
191
153
232
266
261
235
230
259
36
37
250
79
25
30
36
37
79
19
30
20
27
259
246
35
247
36
253
258
37
250
79
25
30
31
266
258
227
230
233
164
161
157
155
158
162
166
154
163
165
156
159
156
340
271
273
178
179
333
4
337
332
342
334
3
336
339
341
340
338
343
335
5
317
331
317
189
154
156
263
268
36
253
258
37
250
79
25
30
346
320
318
266
251
252
233
324
331
202
200
305
163
153
153
40
263
46
221
36
247
37
79
25
30
26
4
3
153
365
320
334
319
331
331
36
37
250
79
25
30
26
19
20
189
193
182
125
129
130
194
189
155
308
305
193
180
182
304
181
188
162
153
259
265
35
247
37
79
25
30
23
306
187
176
180
184
188
153
259
36
37
250
79
25
30
341
259
36
37
250
79
25
30
36
247
258
37
79
25
30
26
307
176
179
191
188
153
19
18
259
265
35
247
37
79
25
30
31
36
36
253
37
250
79
25
30
47
45
19
27
221
25
320
331
207
205
160
199
199
324
366
320
391
392
318
390
389
331
271
237
224
182
169
175
202
200
36
37
250
79
25
30
26
136
335
232
230
237
348
320
318
331
227
230
237
225
266
254
245
232
240
168
171
180
306
176
174
188
295
153
266
251
248
233
36
247
253
37
250
79
25
30
339
271
273
259
250
79
44
43
19
20
227
237
184
259
36
247
37
79
25
30
140
141
259
35
247
37
79
25
30
112
111
110
328
317
317
48
221
221
230
237
142
242
259
268
35
247
253
258
37
79
25
30
31
32
27
143
333
186
333
339
337
341
332
342
334
340
338
343
335
336
36
253
37
250
79
25
30
26
266
227
236
343
259
36
247
253
37
250
79
25
30
175
255
275
290
291
124
125
132
133
134
127
131
126
128
139
261
337
334
189
155
154
156
163
153
153
332
262
224
341
230
258
193
180
195
340
195
363
364
339
337
341
342
340
338
343
335
336
331
175
320
318
319
331
259
35
247
37
79
25
30
111
110
173
172
266
262
279
245
258
227
236
230
233
241
239
234
179
278
25
19
28
29
221
36
37
250
79
25
30
259
265
35
247
258
37
79
25
30
31
125
129
122
123
121
131
126
119
128
120
132
118
130
134
133
127
151
189
185
155
154
156
21
35
247
37
79
40
278
46
41
38
19
28
24
27
20
22
25
21
23
26
29
229
241
306
176
180
183
188
153
266
254
255
233
266
279
227
230
237
231
241
239
336
228
229
40
46
221
333
381
337
384
334
376
383
385
368
339
341
378
338
380
377
370
372
373
332
342
336
371
386
374
375
369
340
343
379
335
387
382
347
331
331
170
193
182
195
271
36
37
250
79
25
30
26
22
25
21
24
26
23
20
206
200
306
176
173
180
174
188
153
333
339
337
341
332
342
334
340
338
343
335
336
240
237
161
157
158
261
154
156
230
139
221
153
331
221
153
287
199
289
331
179
10
179
3
331
337
332
335
336
331
155
179
170
182
