1
2
2
2
2
6
2
8
2
10
2
12
2
14
2
16
2
18
2
20
1
22
22
22
22
22
22
22
22
22
22
22
22
22
22
22
22
22
39
22
41
22
43
22
45
22
47
49
50
50
50
50
50
50
50
50
50
59
59
61
62
50
64
1
66
66
66
66
66
66
66
66
66
66
66
66
66
66
66
66
66
66
66
66
66
66
66
66
66
66
66
66
66
96
97
97
97
97
97
97
97
97
97
97
97
97
97
97
97
97
97
97
97
97
97
110
119
110
1
122
122
122
122
122
122
122
122
122
122
122
122
122
122
122
122
122
122
122
122
122
122
122
122
122
122
122
122
122
122
122
122
122
122
122
122
122
122
122
122
122
122
122
122
122
122
122
122
122
122
122
122
122
122
122
122
122
122
122
122
122
122
122
122
122
122
122
122
122
122
122
122
122
122
122
122
122
1
200
200
200
200
200
200
200
200
200
200
200
211
200
213
96
215
215
215
215
215
215
215
222
222
222
221
227
96
228
228
228
228
228
228
228
228
228
228
228
228
228
228
228
228
228
228
228
228
228
228
228
228
228
228
228
228
228
228
228
228
228
233
262
100
235
240
242
244
246
247
237
256
254
136
136
136
69
5
104
238
260
177
243
134
134
188
188
129
124
198
236
164
164
165
165
77
84
84
135
135
135
255
184
151
151
151
173
192
192
61
61
57
57
57
57
57
137
137
137
4
144
144
144
147
147
147
127
183
261
223
75
174
116
234
234
210
210
210
210
210
210
210
210
210
210
210
210
210
156
156
89
89
162
162
171
171
257
160
160
160
132
132
168
168
168
159
90
90
145
145
145
92
92
175
169
169
169
146
146
146
81
58
58
58
58
58
58
34
34
34
34
34
34
34
34
34
34
34
34
34
194
194
167
167
185
185
185
85
85
117
94
94
193
193
93
93
154
170
170
170
138
138
138
191
191
78
78
91
91
103
197
197
83
83
190
190
87
221
221
221
221
221
221
72
72
172
172
128
37
37
37
199
79
79
161
161
88
88
155
149
149
149
3
3
3
3
3
3
148
148
148
187
187
142
142
142
186
186
186
186
153
36
36
36
86
68
150
150
150
189
189
131
131
152
152
152
76
163
163
82
82
258
143
196
196
259
140
140
140
139
139
139
176
35
35
35
35
35
80
80
180
141
141
141
133
74
166
166
195
195
239
226
264
265
266
267
268
269
270
