2
3
4
5
6
7
8
9
10
11
12
13
14
15
16
17
18
19
20
21
22
23
24
25
26
27
28
30
32
33
34
35
36
37
38
39
40
41
42
43
44
45
46
47
48
49
50
51
52
53
54
55
56
57
58
59
60
61
62
63
64
56
52
67
68
69
70
71
72
73
74
75
76
77
78
70
80
71
77
83
84
85
86
87
85
86
83
2
27
28
9
2
8
74
2
8
75
2
2
2
2
2
77
2
4
2
2
76
12
14
21
2
21
4
73
43
2
2
4
87
13
14
2
2
83
2
2
2
2
39
38
4
2
2
4
4
17
23
2
4
2
4
13
2
2
13
4
2
37
2
24
3
4
2
43
2
22
22
83
2
8
77
