2
3
4
5
6
7
8
9
10
11
12
13
14
15
16
17
18
19
20
21
22
23
24
25
26
27
28
29
30
31
32
33
34
35
36
37
38
39
40
41
42
43
44
45
46
47
48
49
50
51
52
53
54
55
56
57
58
59
60
61
62
63
64
65
66
67
68
69
70
71
72
73
74
75
76
77
78
79
80
81
82
83
84
85
86
87
88
89
90
91
92
93
94
95
96
97
98
99
100
101
102
103
104
105
43
56
45
12
44
30
59
58
24
18
38
83
6
12
11
88
37
36
96
56
12
94
30
59
47
58
13
16
12
89
89
18
49
32
12
19
63
56
12
20
47
99
75
42
13
38
56
57
31
12
62
8
10
12
9
12
88
28
12
30
32
34
40
39
43
30
56
59
47
13
12
62
12
74
88
75
74
24
18
83
89
88
76
89
80
81
78
7
13
12
73
76
2
