2
3
4
5
6
7
8
9
10
11
12
13
14
15
16
17
18
19
20
21
22
23
24
25
26
27
28
29
30
31
32
33
34
35
36
37
38
39
40
41
42
43
44
45
46
47
48
49
50
51
52
53
54
55
56
57
58
59
60
61
62
63
64
65
66
67
68
69
70
71
72
73
74
75
76
77
78
79
80
81
82
83
84
85
86
87
88
89
90
91
92
93
94
95
96
97
98
99
100
101
102
103
104
105
106
107
108
109
110
111
112
113
114
115
116
117
118
119
120
121
122
123
124
125
126
127
128
129
130
131
132
133
134
135
136
137
138
139
140
141
142
143
144
145
146
147
148
149
150
151
152
153
154
155
156
157
158
159
160
161
162
163
164
165
166
167
40
169
170
171
172
173
174
175
176
177
178
179
180
181
182
183
184
185
186
187
188
189
190
191
192
193
194
195
196
197
198
199
200
201
202
203
204
205
206
207
208
209
210
211
212
213
214
215
216
217
218
219
220
221
222
223
224
225
226
227
228
229
230
231
232
233
234
235
236
237
238
239
240
241
242
243
244
210
246
247
248
249
250
251
252
253
254
255
256
257
258
259
260
261
262
263
264
265
266
267
250
269
270
271
272
273
274
275
276
277
278
279
280
281
282
283
284
285
286
272
288
289
290
291
292
293
294
295
296
297
298
299
300
301
302
303
304
305
306
307
308
309
310
311
312
313
314
315
316
317
318
319
320
321
322
323
324
325
326
327
328
329
330
331
332
333
334
335
336
337
338
339
340
341
342
343
344
345
346
347
348
349
350
351
297
353
354
355
356
357
358
359
360
361
362
363
364
365
366
367
368
369
370
371
372
373
374
375
376
377
378
379
380
381
382
383
384
385
386
387
388
389
390
391
392
393
394
395
396
397
398
399
400
401
402
403
404
405
406
407
408
409
410
411
412
413
414
415
416
417
418
419
420
421
422
423
424
425
426
427
428
429
430
431
432
433
434
435
436
437
438
439
440
441
442
443
444
445
446
447
448
449
450
451
452
453
454
455
456
457
458
459
460
461
462
463
464
465
466
467
468
469
470
471
472
473
474
475
476
477
478
479
480
481
482
483
484
485
486
487
488
489
490
491
492
493
494
495
496
359
498
499
500
501
502
503
504
505
506
507
508
509
510
511
512
513
514
515
516
517
518
519
520
521
522
523
524
525
526
527
528
529
530
531
532
533
534
535
536
537
538
539
540
541
542
543
544
545
546
547
548
549
550
551
552
553
554
555
556
557
558
559
560
561
562
563
564
565
566
567
568
246
2
246
2
7
17
6
430
19
9
429
8
358
406
247
2
2
324
198
38
39
40
36
324
198
38
39
40
36
324
198
38
39
40
36
297
38
39
40
43
37
41
178
172
180
496
495
498
14
6
355
358
198
180
178
172
173
180
169
247
179
181
324
198
38
39
40
36
498
186
174
198
38
36
2
324
198
38
39
40
36
297
210
38
39
40
43
37
41
169
338
201
331
306
334
295
293
288
324
198
38
39
40
36
36
552
537
2
498
179
537
324
198
38
39
40
36
6
13
445
9
358
431
557
498
247
530
534
499
2
30
198
38
36
22
6
21
9
11
358
263
247
272
24
356
198
180
201
318
335
295
293
180
288
198
38
36
39
36
2
180
363
7
6
429
8
356
358
406
334
295
36
324
198
38
39
40
36
22
10
23
6
21
11
358
233
2
272
324
198
38
39
40
36
444
531
499
198
38
39
482
181
180
324
198
38
39
40
36
2
324
198
38
39
40
36
324
198
38
39
40
36
178
179
181
180
10
6
11
358
20
358
297
210
38
39
40
37
42
169
198
38
36
324
198
38
39
40
36
6
456
358
447
198
180
2
498
36
179
181
198
38
39
498
33
34
498
207
38
43
37
326
198
38
39
40
37
198
38
36
42
483
6
358
471
201
299
295
293
288
324
198
38
39
40
36
2
233
235
234
231
232
169
198
180
39
272
498
232
271
324
198
38
39
40
36
324
198
38
39
40
36
324
39
40
36
36
324
198
38
39
40
36
357
356
359
358
354
198
175
180
294
295
293
169
9
355
358
3
554
543
538
2
498
324
198
38
39
40
36
247
21
358
15
22
6
469
21
16
13
9
358
458
557
180
4
219
295
293
288
2
198
38
39
46
180
272
198
38
36
324
198
38
39
40
36
498
2
4
5
356
359
498
228
426
198
180
299
295
562
552
557
2
482
36
324
198
38
39
40
36
295
288
180
324
39
40
36
4
25
357
356
36
179
181
444
538
426
427
272
271
270
331
333
334
295
288
179
180
235
179
498
324
198
38
39
40
36
22
20
23
6
469
21
9
358
458
198
38
39
36
324
198
38
39
40
36
9
11
358
23
358
179
36
36
9
272
2
198
38
36
180
299
295
4
25
357
356
210
38
39
40
43
37
41
198
38
36
365
402
324
39
40
36
4
331
332
295
293
180
288
2
39
36
294
2
498
2
324
198
38
39
40
36
324
198
38
39
40
36
560
529
553
538
556
498
326
198
38
39
40
498
30
198
180
213
198
38
41
42
324
198
38
39
40
36
331
332
295
7
6
12
9
456
8
356
358
447
272
297
210
38
39
40
43
37
42
169
498
324
198
38
39
40
36
326
198
38
39
40
324
198
38
39
40
36
20
7
18
6
430
9
429
8
358
406
294
8
198
38
36
324
198
38
39
40
36
15
483
7
6
9
8
356
358
471
455
555
538
498
498
334
295
324
198
38
39
40
36
532
499
498
324
198
38
39
40
36
6
9
11
358
455
173
169
6
19
9
429
358
406
357
198
38
39
36
36
272
36
324
198
38
39
40
36
198
38
39
46
180
324
198
38
39
40
36
231
169
263
247
26
358
198
38
39
324
198
38
39
40
36
36
36
324
198
38
39
40
36
198
38
36
324
39
40
36
324
39
40
36
15
23
6
272
2
324
198
38
39
40
36
2
295
13
358
203
186
210
198
38
46
41
180
169
198
38
36
2
324
39
40
36
427
324
198
38
39
40
36
324
198
38
39
40
36
2
325
301
304
354
288
198
180
4
198
181
2
326
198
38
39
40
37
338
4
15
6
469
9
357
358
458
198
38
36
192
334
295
186
198
180
6
12
445
9
358
431
198
38
36
499
6
16
355
358
324
198
38
39
40
36
532
499
498
2
334
295
299
295
201
331
333
334
295
293
288
2
498
324
39
40
36
7
6
8
356
358
402
31
295
293
288
30
324
198
38
39
40
36
324
39
40
36
295
263
247
26
358
359
4
331
332
295
293
180
288
2
324
198
38
39
40
36
552
557
2
498
326
198
38
39
40
37
2
2
15
6
469
16
9
358
458
230
230
180
234
498
2
198
38
39
37
181
2
535
499
533
499
4
272
2
499
198
38
36
295
198
38
36
198
38
36
312
288
468
324
39
40
36
201
331
333
332
334
295
293
288
2
10
355
358
2
2
299
295
2
198
38
39
46
180
36
36
498
2
198
38
39
46
180
324
198
38
39
40
36
498
297
210
38
39
40
37
42
2
198
38
36
180
169
198
38
36
324
198
38
39
40
36
15
23
6
272
2
547
552
537
2
198
38
36
198
38
36
198
180
307
310
329
334
324
198
38
39
40
36
19
358
329
328
330
292
295
291
33
34
288
32
498
198
38
39
327
336
295
198
175
180
233
235
234
231
232
272
39
36
314
295
288
14
6
13
445
9
358
431
295
468
331
333
334
295
288
331
333
295
198
38
36
4
272
2
2
178
171
10
6
355
358
326
198
38
39
40
37
324
198
38
39
40
36
2
169
243
243
32
2
32
2
169
498
288
2
169
