1
2
2
2
2
2
2
2
2
2
2
2
2
2
2
2
2
2
2
2
2
2
2
2
2
2
2
2
2
2
2
2
2
2
2
2
2
2
2
2
2
23
44
45
45
45
45
45
45
45
45
45
45
45
45
45
45
45
45
45
45
45
45
45
45
45
45
45
45
45
45
45
45
45
45
45
45
45
45
45
45
45
45
45
45
45
45
45
45
45
45
45
45
45
45
45
45
45
45
45
45
45
45
45
45
45
45
45
52
111
45
113
113
113
64
117
45
119
119
45
122
122
122
122
65
127
127
66
130
130
67
133
133
68
136
136
69
139
72
141
74
143
76
145
45
147
147
147
147
151
151
151
151
153
156
147
158
158
158
158
158
158
87
165
88
167
45
169
45
171
171
45
174
174
174
174
174
45
180
45
182
45
184
184
45
187
187
187
187
187
193
121
195
78
197
198
198
198
198
198
198
198
198
198
198
198
198
198
198
198
198
198
198
198
198
198
198
198
198
198
198
198
198
198
198
198
198
198
212
232
232
232
232
198
237
237
198
240
240
240
240
240
240
240
240
198
249
249
249
198
253
253
253
253
253
253
253
253
253
253
264
265
266
266
266
266
266
266
266
266
266
276
277
277
277
277
277
277
277
277
277
277
277
277
277
277
277
277
277
277
277
277
277
277
277
277
277
277
277
277
277
277
277
286
309
287
311
288
313
277
315
298
318
319
319
319
319
319
319
319
319
319
328
329
319
331
331
331
331
331
331
331
331
331
331
331
331
327
180
158
182
151
65
65
285
285
285
285
285
285
285
248
248
248
35
35
35
35
213
213
73
73
73
34
34
34
34
140
132
129
219
22
22
22
22
22
22
64
64
64
64
64
252
109
247
217
94
66
66
192
192
192
118
260
210
210
210
286
78
246
102
17
17
17
17
17
17
211
211
211
148
148
148
154
293
293
293
293
293
225
225
68
68
68
21
21
21
21
21
263
263
263
32
32
32
32
153
164
164
164
283
283
283
283
283
283
283
76
298
298
298
298
298
298
298
25
302
115
74
74
138
138
138
259
259
162
162
162
209
209
205
205
15
15
15
15
15
15
15
15
15
281
281
281
281
281
281
281
250
105
208
301
301
301
301
301
290
290
290
290
290
290
290
96
107
341
310
20
81
81
81
81
81
81
81
81
81
81
24
24
24
24
24
292
292
292
292
292
292
292
261
275
262
262
262
101
95
340
340
340
340
340
340
340
340
340
340
29
29
29
29
60
207
67
67
206
36
36
36
36
287
104
85
85
258
258
258
258
297
212
212
245
245
245
245
284
284
284
284
284
284
284
327
327
327
327
327
327
327
327
327
327
69
69
214
214
214
214
214
230
230
230
88
88
228
228
31
31
31
33
33
33
305
79
106
223
223
288
231
231
339
339
294
84
84
84
84
224
30
30
38
38
38
314
70
70
312
144
126
295
37
37
37
37
42
42
42
42
42
42
71
71
299
299
299
299
299
299
282
282
282
282
282
282
282
300
300
300
300
300
146
176
23
23
23
23
23
23
229
116
116
116
220
97
16
16
16
16
16
16
100
28
28
191
191
191
280
280
280
280
280
280
303
103
110
110
59
296
251
251
251
251
251
251
39
39
39
87
87
291
291
291
291
291
291
289
289
289
289
289
289
289
289
289
72
72
177
40
40
40
63
18
18
18
18
18
18
19
19
19
19
19
19
19
86
86
86
61
61
61
61
55
55
54
54
48
201
201
267
199
56
56
53
53
49
194
43
43
43
317
