1
2
2
2
2
2
2
2
2
2
2
2
2
2
2
2
2
2
2
2
2
2
2
2
2
2
2
2
2
2
2
2
2
2
2
2
2
2
2
2
2
2
2
2
2
2
2
2
2
2
2
2
2
2
2
2
2
2
2
2
2
2
2
2
2
2
2
2
2
2
2
2
2
2
2
2
2
2
2
2
2
2
2
2
2
2
2
2
2
90
90
90
90
90
90
90
90
90
90
2
101
101
101
101
2
106
106
106
106
106
106
112
2
114
114
114
114
114
114
114
114
114
114
114
114
114
114
114
114
114
114
114
114
114
114
114
114
114
114
114
114
114
114
114
114
147
148
149
149
149
149
149
149
149
149
149
149
149
149
149
149
149
149
149
149
149
149
149
149
149
149
149
149
149
149
149
149
149
149
149
149
149
36
1
186
186
186
186
186
186
186
186
186
186
186
186
186
186
186
186
186
186
186
186
186
186
186
186
186
186
186
186
186
186
186
186
186
186
186
186
186
186
186
186
186
186
186
186
186
186
186
186
186
186
186
238
239
239
239
239
239
239
239
239
239
239
239
239
239
239
239
239
239
239
239
239
239
239
239
239
239
239
239
239
239
239
239
239
239
239
239
239
239
239
239
239
239
239
239
239
239
239
239
239
239
239
239
239
239
239
239
295
296
296
296
296
301
296
303
296
305
296
307
296
309
296
311
296
313
296
315
315
296
318
296
320
296
322
296
324
296
326
296
328
296
330
296
332
296
334
296
336
296
338
296
340
296
342
296
344
346
347
347
347
347
347
347
347
347
347
347
347
358
358
348
361
349
363
363
350
366
351
368
352
370
353
372
372
354
375
375
347
378
356
359
326
305
309
315
313
303
336
340
322
324
344
342
330
338
328
320
332
311
318
307
334
378
286
286
146
184
184
184
184
184
184
184
184
184
184
184
184
184
184
184
184
184
184
184
184
184
184
184
184
184
184
184
184
184
184
184
184
184
184
184
184
184
184
184
184
184
184
184
184
184
184
184
184
184
184
184
184
184
184
184
184
184
184
184
184
184
184
184
133
128
128
63
257
257
257
47
374
254
254
254
264
287
287
118
119
181
249
249
265
277
277
277
65
377
274
274
141
43
299
88
88
74
74
268
268
268
268
268
289
269
269
269
275
275
69
134
199
199
199
199
199
199
51
203
203
203
203
203
272
272
121
190
190
190
61
253
111
111
127
127
52
52
130
260
260
260
78
78
78
78
78
78
78
78
78
78
78
78
78
78
78
78
78
78
78
78
78
78
78
78
78
78
78
78
276
276
276
247
247
283
283
64
122
144
83
83
191
222
222
222
46
68
48
71
67
205
205
205
205
205
58
281
273
273
206
206
206
206
206
44
123
123
256
256
256
125
245
79
60
285
285
285
56
56
56
56
367
82
131
200
200
200
200
200
200
248
248
267
267
267
267
267
110
110
116
87
87
145
54
255
255
255
136
136
99
132
369
298
70
85
85
250
250
140
207
207
279
189
189
189
189
189
189
189
189
81
81
126
282
282
117
290
290
120
124
124
202
202
202
202
202
202
198
198
198
198
198
198
259
259
259
284
284
201
201
201
201
201
201
75
75
50
280
288
288
251
251
73
293
142
142
113
113
291
291
258
258
258
261
261
261
300
45
89
89
89
139
233
233
359
195
195
195
195
195
271
271
271
49
62
138
252
252
57
182
143
86
86
356
356
356
356
356
356
365
59
66
80
72
55
55
76
262
262
262
137
137
135
135
278
278
278
292
292
246
270
270
270
53
53
100
232
232
232
208
208
208
294
263
204
204
204
204
204
223
223
223
350
8
187
351
352
6
354
5
12
348
355
151
33
353
13
152
349
381
