1
2
2
2
2
2
2
2
2
2
2
2
5
5
9
1
17
17
17
17
17
17
17
17
17
17
17
17
17
17
17
17
17
17
17
17
17
17
17
17
17
17
17
17
17
17
17
17
17
17
17
17
17
17
17
17
17
17
17
17
17
17
17
17
17
17
17
17
17
17
17
17
17
17
17
17
17
17
17
17
17
17
17
17
17
17
17
17
17
17
17
17
17
17
17
17
17
17
17
17
17
17
17
17
17
17
17
17
17
110
110
17
113
113
113
113
113
17
119
119
119
17
123
123
123
39
127
17
129
129
129
129
129
129
129
129
129
129
129
129
129
129
129
129
129
129
129
129
129
129
129
129
129
129
129
129
129
129
129
129
129
129
129
17
165
168
169
169
169
169
169
169
169
169
169
169
180
179
1
182
182
182
182
182
182
182
182
182
182
182
182
182
182
182
182
182
182
182
182
182
182
182
182
182
182
182
182
182
182
182
182
182
182
182
182
182
182
182
182
182
182
182
182
182
141
102
223
223
223
223
223
186
99
10
196
196
196
196
196
144
144
144
155
201
201
201
201
201
142
142
142
158
158
90
148
148
148
179
6
6
74
86
109
109
164
164
164
164
164
164
164
164
164
164
164
164
164
164
164
164
164
161
78
78
78
175
175
175
104
97
132
195
195
195
195
195
163
150
89
108
138
153
139
107
190
190
190
190
190
190
149
187
197
197
197
197
197
91
134
134
93
176
176
176
176
176
205
205
205
100
100
5
194
194
9
9
9
13
147
147
147
185
185
122
122
77
77
184
184
156
156
8
8
83
85
87
125
152
152
199
199
199
199
199
199
103
191
191
191
191
191
12
133
133
98
98
198
198
198
198
198
189
189
189
189
189
189
193
193
193
193
11
159
95
136
135
157
157
94
160
72
81
174
174
174
174
140
177
177
177
177
177
177
88
126
203
203
203
70
70
70
70
92
80
146
146
146
204
204
204
204
204
188
188
188
188
188
151
151
75
76
106
84
101
222
222
96
162
192
192
192
192
192
192
121
121
173
173
73
79
143
143
143
7
178
178
105
128
71
71
202
202
202
202
202
137
145
145
145
154
200
200
200
200
200
82
31
45
120
27
32
26
3
3
29
39
65
65
25
183
28
46
46
46
30
22
64
64
16
