1
2
2
2
2
2
2
2
2
2
2
2
2
2
2
2
2
2
2
2
21
21
7
8
8
10
11
12
13
18
14
19
15
35
16
17
1
38
38
38
38
38
38
38
38
38
38
38
38
38
38
38
38
38
38
38
38
38
38
38
38
38
38
38
38
38
38
38
38
38
38
38
38
38
38
38
38
38
38
38
38
38
38
38
38
38
38
38
89
89
89
89
89
93
95
38
97
97
97
97
97
97
97
97
97
97
97
97
38
110
76
112
82
114
83
116
38
118
118
118
118
58
124
125
126
126
126
126
126
126
130
133
133
130
136
136
136
141
134
143
138
110
97
20
20
20
134
134
13
13
121
121
6
6
122
122
54
9
9
105
129
75
82
82
84
84
19
19
67
67
67
67
101
107
104
111
83
83
83
8
8
7
7
45
16
16
117
63
63
96
103
79
79
73
53
80
88
51
51
51
137
47
47
47
76
109
109
109
55
55
102
102
102
102
102
60
60
5
14
14
18
18
61
61
61
12
12
93
15
15
128
128
17
17
113
48
48
48
62
62
74
81
100
100
100
57
57
57
57
49
50
50
50
85
85
52
56
56
56
59
59
59
59
86
86
10
10
130
46
138
115
115
78
11
11
77
77
106
44
39
24
25
26
142
27
28
29
144
30
31
32
33
34
35
35
36
37
