1
2
2
2
2
2
2
2
2
2
2
13
14
14
14
14
14
18
18
18
24
25
25
25
25
25
25
25
25
25
25
25
25
25
25
25
25
25
42
42
42
42
34
34
34
34
51
52
52
52
52
52
52
52
52
58
63
64
64
64
64
68
68
68
68
67
1
74
74
74
1
78
78
78
78
78
78
78
78
78
82
82
82
1
92
92
92
92
92
92
92
72
66
66
8
9
32
83
83
11
33
95
95
86
86
86
10
55
55
55
96
6
6
31
34
34
34
34
34
34
34
34
81
81
81
84
84
84
35
56
56
57
57
46
46
46
41
41
41
41
58
99
99
30
30
97
97
7
12
19
59
59
98
17
18
18
82
82
82
65
3
29
47
47
47
47
49
89
62
90
22
23
