2
3
4
5
6
7
8
9
10
11
12
13
14
15
16
17
18
19
20
21
22
23
24
25
26
27
28
29
30
31
32
33
34
35
36
37
38
39
40
41
42
43
44
45
46
47
48
49
50
51
52
53
54
55
56
57
58
59
60
61
62
63
64
65
66
67
68
69
70
71
72
73
74
75
76
77
78
79
81
82
83
84
85
86
87
88
89
90
91
92
93
94
95
96
97
98
99
100
101
102
103
104
105
106
107
108
109
110
111
112
113
114
115
116
117
118
119
120
121
122
123
124
125
126
127
128
129
130
131
132
133
134
135
136
137
138
139
140
141
142
143
144
145
147
148
149
150
151
152
153
154
155
156
157
158
159
160
161
162
163
164
165
166
167
168
169
170
171
172
173
174
175
176
177
178
179
180
181
182
183
184
185
186
187
188
189
190
191
192
193
194
195
196
197
198
199
200
201
202
203
204
205
206
207
208
209
210
211
212
213
214
215
216
217
218
219
220
221
222
223
224
225
226
227
228
229
230
231
232
233
234
236
237
238
239
240
241
242
243
244
245
246
248
249
250
251
252
253
254
255
256
257
258
259
260
261
262
263
264
265
266
267
268
269
270
271
272
273
274
275
276
277
278
279
280
281
282
283
284
285
286
287
288
289
290
291
292
293
294
295
236
213
205
94
266
213
75
276
291
76
77
150
150
101
150
195
194
289
293
149
45
102
180
266
256
36
75
75
112
110
111
113
115
109
150
225
266
255
250
248
241
240
243
34
207
276
289
100
139
128
276
263
266
253
21
150
151
285
20
112
150
256
102
35
39
43
276
283
158
165
166
150
152
153
150
255
248
266
99
279
87
85
175
211
133
35
43
192
159
150
151
178
150
211
94
150
254
250
248
191
229
150
126
201
251
91
283
139
205
254
248
182
219
43
256
160
195
137
115
129
128
127
195
150
115
173
154
147
231
251
119
221
87
84
222
30
29
231
226
229
193
287
266
251
281
215
192
203
291
36
26
266
289
209
91
85
83
4
27
25
193
72
40
76
77
75
229
150
152
194
211
119
37
72
76
77
75
242
95
41
178
150
35
43
99
20
18
19
254
256
266
249
131
132
136
98
33
266
22
23
151
266
36
28
283
131
135
115
128
24
205
42
43
99
94
100
266
150
147
221
241
150
152
