2
3
4
5
6
7
8
9
10
11
12
13
14
15
16
17
18
19
20
21
22
23
24
25
26
27
28
29
30
31
32
33
34
35
36
37
38
39
40
41
42
43
44
45
46
47
48
49
50
51
52
53
54
55
56
57
58
59
60
61
62
63
64
65
66
67
68
69
70
71
72
73
74
75
76
77
78
79
80
81
82
83
84
85
86
87
88
89
90
91
92
93
94
95
96
97
98
99
100
101
102
103
104
105
106
107
108
109
110
111
112
113
114
115
116
117
118
119
120
121
122
123
124
125
126
127
128
129
130
131
132
133
134
135
136
137
138
139
140
141
143
144
145
146
147
148
149
150
151
152
153
154
155
156
158
159
160
161
162
163
164
165
166
167
168
169
170
171
173
174
175
176
177
178
179
180
181
182
183
184
185
186
187
188
189
190
191
192
193
194
195
196
197
198
199
200
201
202
203
204
205
206
207
208
209
210
211
212
213
214
215
216
217
218
219
220
221
222
223
224
225
226
227
228
229
230
231
232
217
217
43
44
39
32
2
91
53
219
119
10
45
46
213
174
210
178
217
217
42
177
188
229
117
43
44
46
2
102
104
108
49
47
43
42
48
44
46
2
80
96
131
24
38
176
178
217
192
174
164
2
24
199
174
209
177
218
217
228
219
188
174
34
35
33
204
174
28
2
9
2
193
174
199
174
24
93
96
54
46
106
43
42
100
62
25
27
28
24
41
2
2
90
92
24
43
44
46
2
32
23
2
2
183
174
43
44
46
2
144
70
32
28
2
2
29
24
207
174
229
9
2
106
45
44
102
104
125
41
33
119
95
96
2
117
43
46
102
97
43
49
62
25
24
41
23
117
106
101
44
220
219
89
2
122
125
167
25
161
163
159
162
26
220
219
104
97
44
63
31
32
24
41
2
215
220
229
219
218
217
217
217
225
228
193
209
218
217
225
217
217
185
174
34
35
33
169
168
164
28
163
41
2
2
121
83
120
88
28
29
37
123
50
96
45
44
199
204
174
75
31
2
2
174
179
177
178
175
46
192
52
33
189
174
214
223
220
219
177
178
217
75
31
2
213
174
177
43
44
46
2
119
121
117
124
75
74
29
23
2
109
47
48
24
54
36
96
81
86
87
199
2
198
174
229
205
174
179
46
119
83
88
28
37
11
33
175
178
217
217
108
98
48
198
174
128
119
10
46
9
2
48
205
174
198
47
164
161
163
41
162
2
78
67
33
2
179
34
183
176
117
217
2
2
2
2
25
163
26
2
168
163
