1
2
2
2
2
2
2
2
2
2
2
2
2
2
2
2
2
2
2
2
2
2
23
23
23
23
23
23
23
23
23
23
23
23
23
23
23
23
23
23
23
23
23
23
23
23
23
23
22
51
52
52
52
52
52
52
52
52
52
52
52
52
52
52
52
67
68
61
73
74
74
74
74
74
74
74
74
74
74
74
74
74
74
74
74
74
74
74
74
74
74
74
74
74
74
74
93
1
103
103
103
103
103
103
103
103
103
103
103
103
103
103
103
103
103
103
103
103
103
103
103
103
103
103
103
130
130
130
130
130
130
130
130
130
130
130
130
130
130
130
130
130
130
130
130
130
130
130
130
130
130
130
130
130
130
22
162
163
163
163
163
163
163
163
163
163
163
163
163
175
175
175
175
175
171
15
15
157
157
45
45
144
144
144
144
144
144
144
144
144
144
144
144
144
18
60
67
100
100
100
100
100
41
41
129
129
129
129
129
160
160
160
160
160
160
160
160
160
160
160
160
160
160
160
160
160
160
160
160
160
160
160
160
160
160
160
160
160
123
57
65
152
152
152
99
99
99
99
99
99
126
126
126
126
128
128
128
83
83
83
83
83
83
42
42
17
17
21
122
122
125
125
125
125
145
145
48
48
147
147
44
44
63
22
22
22
40
40
82
174
59
55
148
148
155
155
61
61
84
153
153
38
38
89
124
124
124
124
124
124
124
124
124
124
124
124
124
124
124
120
120
159
159
159
159
49
49
49
49
49
49
49
49
49
49
49
49
49
49
49
49
49
49
49
49
49
49
49
49
98
66
95
87
154
154
154
154
154
154
170
170
46
46
150
150
20
20
20
20
20
20
20
146
146
91
39
39
47
47
97
156
156
56
127
127
64
149
149
158
158
19
96
93
167
167
88
166
166
171
171
36
36
92
92
58
151
151
37
37
143
94
43
43
43
85
53
164
104
102
161
50
