2
3
4
5
6
7
8
9
10
11
12
13
14
15
16
17
18
19
20
21
22
23
24
25
26
27
28
29
30
31
32
33
34
35
36
37
38
39
40
41
42
43
44
45
46
47
48
49
50
52
53
54
55
56
57
58
59
60
61
62
63
64
65
66
67
68
69
72
74
75
76
77
78
79
80
81
82
83
84
85
86
87
88
89
90
91
92
93
94
95
96
97
98
99
100
101
102
103
104
105
106
107
108
109
110
111
112
113
114
115
116
117
118
119
120
121
122
123
124
125
126
127
128
129
130
131
132
133
134
135
136
137
138
139
140
141
142
143
144
145
146
147
148
149
150
151
152
153
154
155
156
157
158
159
160
161
163
164
165
166
167
168
169
170
171
172
173
174
175
176
177
178
179
180
182
2
2
134
130
31
23
124
138
140
133
135
142
132
139
136
137
131
103
103
16
53
71
85
77
80
76
79
35
23
128
106
110
105
103
125
126
133
135
106
136
137
107
109
134
110
115
131
141
113
138
140
142
108
117
112
116
114
132
139
111
105
103
103
121
53
53
159
142
130
85
77
78
80
76
79
128
106
110
105
127
106
110
77
81
78
80
76
79
29
23
2
2
4
103
103
106
110
111
105
141
130
32
23
136
130
30
23
53
21
3
2
34
23
74
164
53
53
138
130
133
130
62
53
74
154
130
28
23
76
113
106
117
108
112
116
114
107
109
110
115
105
111
103
103
103
103
159
132
131
130
19
32
3
35
24
6
28
7
5
12
30
29
34
10
26
8
11
27
31
33
9
4
2
2
76
53
76
76
133
135
132
131
141
130
164
165
27
23
140
130
11
3
12
10
4
2
2
137
130
81
33
23
24
23
76
133
130
53
106
105
53
139
130
135
130
3
76
76
164
175
76
175
163
164
165
26
23
76
79
53
152
130
26
23
142
79
45
44
23
78
52
175
103
76
106
21
