1
2
2
2
2
2
2
2
2
2
2
2
2
2
2
2
2
2
2
2
2
2
2
2
2
2
2
2
2
2
2
2
2
2
2
2
2
2
2
2
2
2
2
2
2
2
2
2
2
2
50
53
54
54
54
54
54
54
54
54
54
54
54
54
54
54
54
54
54
54
54
54
54
54
54
54
54
54
54
54
54
54
54
54
54
54
54
54
54
54
54
54
54
54
54
54
54
54
54
54
54
54
54
54
54
54
54
54
54
54
54
54
54
54
54
54
54
54
54
54
54
54
54
54
54
54
54
54
54
54
54
54
54
54
54
54
54
54
54
54
54
54
54
54
54
54
54
54
54
54
54
54
54
54
54
54
54
54
54
54
54
54
54
54
54
54
54
54
54
54
54
54
54
54
54
54
54
54
54
54
54
54
54
54
54
54
54
54
54
54
54
54
54
54
54
54
54
54
54
54
54
54
54
54
54
54
54
54
54
54
54
54
54
54
54
54
54
54
54
54
54
54
54
54
54
54
54
54
54
54
54
54
54
54
54
54
54
54
54
54
54
54
54
54
54
54
54
54
54
54
54
54
54
54
54
54
54
54
54
54
54
54
54
54
54
54
54
54
54
54
54
54
54
54
54
54
54
54
54
54
54
54
54
54
54
54
54
54
54
54
54
54
54
54
54
54
54
54
54
54
54
54
54
54
54
54
54
54
54
54
54
54
54
54
54
54
54
54
54
54
54
54
54
54
54
54
54
54
54
54
54
54
54
54
54
54
54
54
54
54
54
54
54
54
54
54
54
54
54
54
54
54
54
54
54
54
54
54
54
54
54
54
54
54
54
54
54
54
54
54
54
54
54
54
54
54
54
54
54
54
54
54
54
54
54
54
54
54
54
54
54
54
54
54
54
54
54
54
54
54
54
54
54
54
54
54
54
54
54
54
54
54
54
54
54
54
54
54
54
54
54
54
54
54
54
54
54
54
54
54
54
54
54
54
54
54
54
54
54
54
54
54
54
54
54
54
54
54
54
54
54
54
54
54
54
54
54
459
459
459
459
459
459
459
459
459
459
226
470
226
472
227
474
228
476
228
478
230
480
231
482
259
244
244
259
259
259
491
492
492
492
492
492
492
492
492
492
492
494
498
505
506
506
506
506
506
506
506
506
514
514
514
514
514
514
509
512
491
526
526
526
526
526
526
526
526
526
526
526
526
526
526
526
526
526
526
526
526
526
526
526
526
526
526
526
526
526
526
526
526
526
526
526
526
526
526
526
526
526
526
526
526
526
526
526
526
526
526
526
526
526
526
526
526
526
526
526
526
526
526
526
526
526
526
526
526
526
526
526
526
526
526
526
526
526
526
526
526
526
526
526
526
526
526
526
526
526
526
526
526
526
526
526
526
526
526
526
526
526
526
526
526
526
526
526
526
526
526
526
526
526
526
526
526
526
526
526
526
526
526
526
526
526
526
526
526
526
526
526
526
526
526
526
526
526
526
526
526
526
526
526
526
526
526
526
526
526
526
526
526
526
526
526
526
526
526
526
526
526
526
526
526
526
526
526
526
526
526
526
526
526
526
526
526
526
526
526
526
526
526
526
526
526
526
526
526
526
526
526
526
526
526
526
526
526
526
526
526
526
526
526
526
526
526
526
526
526
526
526
526
526
526
526
526
526
526
526
526
526
526
526
526
526
526
526
526
526
526
526
526
526
526
526
526
526
526
526
526
526
526
526
526
526
526
526
526
526
526
526
526
526
526
526
526
526
526
526
526
526
526
526
526
526
526
526
526
526
526
526
526
526
526
526
526
526
526
526
526
526
526
526
526
526
526
526
526
526
526
526
526
526
526
526
526
526
526
526
526
526
526
526
526
526
526
526
526
526
526
526
526
526
526
526
526
526
526
526
526
526
526
526
526
526
526
526
526
526
526
526
526
526
526
526
526
526
526
526
526
526
526
526
526
526
526
526
526
526
526
526
526
526
526
526
526
526
526
526
526
526
526
526
526
526
526
526
526
526
526
526
641
400
400
621
780
780
780
841
841
841
841
841
841
841
841
841
841
841
570
570
801
801
801
801
127
127
127
703
703
703
712
712
712
712
712
712
712
712
712
712
712
712
712
511
511
594
594
679
820
370
370
787
38
290
290
646
36
36
146
384
384
495
495
495
433
433
457
330
330
352
352
889
702
727
13
13
13
882
297
297
297
781
263
263
263
435
435
878
878
878
143
143
143
242
242
375
375
718
718
718
718
718
718
341
341
615
217
217
217
217
255
309
358
358
358
355
355
637
637
637
246
652
765
770
158
798
798
26
26
26
749
796
307
307
805
44
44
634
634
634
634
634
634
640
649
393
393
393
579
406
447
447
673
673
216
216
216
367
313
313
451
876
876
876
623
716
716
716
716
716
716
716
716
716
716
716
716
716
877
768
573
573
600
752
245
306
306
223
758
758
128
128
128
238
238
392
392
763
666
133
559
559
559
559
559
559
509
509
509
509
509
509
320
320
365
365
303
303
268
268
581
581
795
390
390
734
39
39
602
602
602
602
602
602
602
691
691
691
691
674
572
572
836
429
429
743
792
360
360
797
605
605
605
605
605
343
343
655
655
363
363
667
667
667
667
207
207
603
603
603
603
603
603
603
603
603
786
755
580
580
697
697
800
800
800
385
385
773
46
46
431
431
284
284
284
214
214
227
227
721
551
551
551
849
849
849
849
867
140
371
371
808
808
262
262
379
379
678
678
678
678
868
868
868
332
332
308
560
560
745
745
745
745
745
764
764
764
764
764
764
764
150
606
606
606
606
606
304
304
783
783
783
10
10
423
423
687
687
687
687
687
687
498
498
498
395
395
395
395
366
366
391
613
412
412
794
604
604
604
604
604
125
125
125
421
421
206
206
206
137
578
578
823
756
708
709
709
709
709
709
709
709
709
709
709
709
709
709
709
709
434
41
41
41
41
562
806
750
850
772
37
37
671
671
671
671
233
378
378
269
269
439
439
519
519
519
519
519
519
519
241
279
748
226
226
156
156
410
846
323
323
323
643
643
441
441
668
22
715
715
701
232
285
285
295
295
731
828
839
318
318
512
644
599
599
791
840
840
804
766
766
766
766
766
760
760
760
760
760
760
760
347
347
389
389
855
855
855
855
855
855
855
855
855
855
608
608
608
608
608
608
608
359
359
453
453
776
299
299
844
591
373
373
568
568
638
136
324
324
324
50
50
607
607
607
607
607
741
753
349
349
659
659
9
9
328
328
661
885
631
631
631
631
631
631
631
407
357
357
28
28
28
28
574
754
151
499
499
499
267
267
351
351
432
432
725
879
784
784
784
784
784
680
680
305
305
890
131
658
251
251
251
251
32
32
438
438
737
788
665
665
665
665
681
681
681
681
681
583
583
590
31
31
724
869
452
452
129
129
129
364
364
34
228
409
409
254
401
401
837
837
837
837
837
147
713
33
33
33
33
344
344
239
897
897
897
897
897
897
27
27
27
27
402
402
230
230
144
835
835
817
342
342
334
334
340
340
340
5
5
21
21
29
29
388
388
830
830
830
830
830
315
315
350
350
16
16
222
818
557
557
335
335
588
588
866
866
720
730
353
353
14
14
14
270
270
700
700
700
418
767
561
561
561
561
561
561
561
561
561
561
719
799
799
799
799
799
799
854
854
831
831
831
831
831
887
880
692
692
873
413
413
336
336
729
555
555
647
809
809
809
819
847
329
329
829
829
829
829
829
829
829
815
815
893
278
278
440
440
325
325
354
354
682
145
212
728
870
870
870
394
454
15
15
501
501
501
549
549
738
785
785
333
333
356
356
356
496
496
496
641
641
327
327
256
684
684
684
684
684
684
684
822
387
387
311
554
554
231
231
382
382
617
225
225
569
569
611
547
547
547
547
547
547
635
635
635
420
420
210
210
210
210
218
218
218
218
563
563
563
563
563
861
861
138
437
437
442
442
744
860
601
601
601
838
265
292
292
205
7
7
689
689
833
833
833
778
778
778
416
871
582
582
630
630
639
821
862
862
862
685
685
685
685
793
422
422
790
500
500
500
556
686
686
686
18
18
321
321
891
43
43
43
337
337
23
23
23
856
856
856
856
856
856
856
856
856
856
856
856
856
314
314
584
584
132
326
326
550
550
550
550
550
550
550
550
550
346
346
396
396
642
657
657
875
722
276
404
404
399
399
645
288
288
368
274
444
444
774
154
742
236
236
627
739
339
339
339
698
348
348
633
677
266
812
564
564
564
564
564
564
293
293
699
699
45
45
135
149
874
874
874
494
494
494
872
872
872
779
779
779
779
779
301
301
672
705
705
705
705
705
705
705
705
802
802
802
802
126
126
126
126
443
443
832
832
558
558
240
650
577
660
281
281
243
571
571
362
362
124
124
124
302
302
497
497
497
381
381
381
736
813
813
448
552
864
864
864
449
449
134
458
629
213
213
213
714
714
714
789
25
25
49
49
322
322
322
663
663
663
663
746
746
609
397
397
398
398
398
690
690
445
445
782
782
888
247
757
757
757
757
757
757
757
757
757
250
592
592
848
361
361
372
372
896
896
896
896
625
428
428
597
259
259
259
735
732
446
446
811
427
427
319
319
825
300
300
300
425
425
548
548
548
548
548
717
717
695
807
566
566
566
369
369
296
296
48
48
710
710
383
383
688
688
688
688
842
289
289
510
510
510
510
510
654
215
316
316
316
235
235
575
575
312
312
704
704
704
704
704
704
704
704
824
260
257
636
636
636
881
139
338
338
376
376
30
30
4
895
585
585
662
576
576
762
762
762
762
762
762
762
317
317
670
863
863
619
884
653
726
374
374
377
377
777
777
777
777
277
277
209
209
209
209
455
455
455
455
455
455
455
455
455
455
455
455
455
455
455
455
455
455
455
455
455
455
455
455
455
455
455
455
455
455
455
455
455
455
455
455
455
455
455
455
455
455
455
455
455
455
455
455
455
455
455
455
455
455
455
455
455
455
455
455
894
294
294
414
414
553
553
345
345
769
203
287
287
287
508
508
508
508
508
331
331
651
651
220
683
803
803
803
803
803
587
587
587
587
587
587
587
587
587
707
740
751
826
208
208
208
632
219
249
827
424
424
291
291
669
669
669
669
142
142
142
403
403
810
810
810
810
17
17
17
234
234
886
693
8
8
8
419
419
814
759
47
47
47
586
586
747
6
6
417
405
405
656
456
20
20
520
35
35
12
12
12
224
408
408
664
723
11
11
589
589
430
430
310
436
694
694
834
286
286
286
415
415
19
19
280
567
567
567
567
24
24
24
24
272
272
648
411
411
843
450
153
153
711
711
211
211
211
211
275
298
298
237
237
204
204
204
853
853
853
853
853
853
853
853
853
853
380
380
271
271
130
565
565
816
851
157
157
761
386
386
733
40
883
706
273
852
528
123
503
504
504
504
898
898
487
