1
2
2
2
2
2
2
2
2
2
2
2
2
2
2
2
2
2
2
19
20
1
23
23
23
23
23
23
23
23
23
23
23
23
23
23
23
23
23
23
23
23
23
23
23
23
23
23
23
23
23
23
23
23
23
23
23
23
23
23
23
23
23
23
23
23
23
23
23
23
23
23
23
23
23
23
23
23
23
23
23
23
23
23
23
23
23
23
23
23
23
23
23
23
23
23
23
23
23
23
23
23
23
23
89
106
89
108
99
110
104
112
23
114
23
116
116
116
116
116
116
116
116
116
116
116
116
116
116
116
116
116
23
134
134
134
134
134
134
23
141
141
141
141
141
141
141
141
141
141
141
141
141
141
23
156
156
23
159
159
159
159
159
23
165
165
165
165
165
165
165
165
165
165
166
176
165
178
178
178
178
165
183
183
183
183
165
188
188
188
165
192
192
192
165
196
196
196
23
200
200
200
23
204
204
23
207
207
207
23
211
211
211
211
211
211
211
211
211
211
23
222
222
222
222
23
227
227
23
230
230
230
23
234
234
234
234
234
139
226
226
226
226
226
171
206
206
109
109
109
181
181
111
111
111
151
198
91
91
186
186
96
96
96
96
149
149
149
149
149
149
191
220
220
220
220
101
101
101
101
95
95
95
95
202
20
104
89
89
89
89
89
89
89
89
89
89
89
89
89
89
89
89
89
89
89
89
89
89
89
89
98
98
98
232
210
210
239
239
209
150
150
150
150
150
150
115
169
190
173
173
194
140
97
97
97
164
164
102
102
174
93
237
170
167
99
99
99
99
99
99
99
99
99
99
99
99
99
99
99
99
99
99
99
99
99
99
99
99
99
99
99
99
99
99
99
99
99
99
99
99
99
168
19
238
238
219
219
219
219
94
94
94
94
94
94
94
94
94
113
113
113
113
113
113
113
113
113
113
113
199
217
217
163
163
221
221
221
221
90
90
90
172
187
187
233
103
103
103
133
133
133
133
133
133
133
133
133
133
133
133
133
133
133
133
182
182
162
162
218
218
218
218
225
225
195
203
157
157
224
216
86
21
22
