1
2
2
2
2
2
2
2
2
2
2
2
2
2
2
2
2
2
2
2
2
2
2
2
2
2
2
2
2
2
2
2
21
34
2
36
36
32
40
41
41
41
41
41
41
41
41
41
41
41
41
41
41
56
57
58
58
58
58
58
58
58
58
58
58
63
70
71
71
71
71
71
71
71
71
71
71
71
71
71
32
32
87
88
88
88
88
88
88
88
88
88
88
88
88
88
88
88
88
88
88
88
88
88
88
88
88
88
88
88
113
116
88
118
118
118
118
118
118
118
118
118
118
118
118
118
122
132
122
134
131
136
13
30
7
7
64
8
8
101
137
9
10
10
79
79
79
79
130
130
55
55
67
67
67
21
104
109
131
131
131
131
131
28
76
111
120
117
12
26
78
27
52
19
19
100
37
48
48
48
102
51
51
66
66
49
15
125
125
125
125
112
45
54
54
65
65
110
29
46
126
22
47
47
47
47
32
31
25
53
98
122
122
122
113
50
50
121
20
80
80
108
108
108
108
77
97
97
97
24
23
105
35
44
44
99
103
103
86
