1
2
2
2
2
2
2
2
2
2
2
2
2
2
2
2
2
2
2
2
2
2
2
2
2
2
2
2
2
2
2
2
2
2
2
2
2
2
2
2
2
2
2
2
2
2
2
2
2
2
2
8
53
2
55
55
55
55
55
55
2
62
62
62
62
62
62
62
62
2
71
71
71
71
2
76
76
76
76
76
76
76
76
76
76
76
76
76
76
76
76
76
76
98
98
98
98
98
98
98
98
99
99
99
99
99
99
99
99
99
99
99
99
99
99
99
99
99
99
99
99
99
99
99
99
99
99
99
99
99
99
99
99
99
99
99
99
99
99
99
99
99
99
99
99
99
100
101
101
101
101
101
101
101
101
101
101
101
101
101
101
101
101
101
101
101
101
109
122
122
122
126
108
108
108
130
131
131
131
131
131
131
131
131
131
131
131
131
131
131
131
131
131
131
131
131
131
131
131
131
131
131
131
131
131
131
131
131
131
131
131
131
131
131
131
131
131
131
131
131
131
131
131
131
131
131
137
182
131
184
184
184
184
184
184
131
191
191
191
191
191
191
191
191
131
200
200
200
200
131
205
205
205
205
205
205
205
205
205
205
205
205
205
205
205
205
205
205
227
227
227
227
227
227
227
227
228
228
228
228
228
228
228
228
228
228
228
228
228
228
228
228
228
228
228
228
228
228
228
228
228
228
228
228
228
228
228
228
228
228
228
228
228
228
228
228
228
228
228
228
228
229
230
230
230
230
230
230
230
230
230
230
230
230
230
230
230
230
230
230
230
230
230
230
230
230
230
230
230
230
230
230
230
230
230
230
230
230
230
230
230
230
230
230
230
230
230
230
230
230
230
230
236
281
230
283
283
283
283
283
283
230
290
290
290
290
290
290
290
290
230
299
299
299
299
230
304
304
304
304
304
304
304
304
304
304
304
304
304
304
304
304
304
304
325
325
325
325
325
325
325
326
327
328
328
328
328
328
328
328
328
328
328
328
328
328
328
328
328
328
328
328
328
328
328
328
328
328
328
328
328
329
329
329
329
329
329
329
329
329
329
329
329
329
329
329
329
329
330
331
331
331
331
331
331
331
331
331
331
331
331
331
331
331
331
331
331
331
331
331
331
331
331
331
331
331
331
331
331
331
331
331
331
331
331
331
331
331
331
331
331
331
331
331
331
331
331
331
331
337
382
331
384
384
384
384
384
384
331
391
391
391
391
391
391
391
391
331
400
400
400
400
331
405
405
405
405
405
405
405
405
405
405
405
405
405
405
405
405
405
405
427
427
427
427
427
427
427
427
428
428
428
428
428
428
428
428
428
428
428
428
428
428
428
428
428
428
428
428
428
428
428
428
428
428
428
428
428
428
428
428
428
428
428
428
428
428
428
428
428
428
428
428
428
76
200
299
205
400
405
304
71
214
27
67
75
166
166
16
16
16
270
270
352
352
352
248
248
248
112
45
45
360
317
165
165
321
354
354
171
171
280
280
280
212
70
264
264
260
260
260
14
14
397
397
217
217
217
190
190
190
190
190
366
366
411
24
169
169
253
253
23
23
23
61
61
61
61
61
349
349
288
288
288
361
215
243
262
85
92
273
273
273
177
142
142
142
142
412
156
161
249
249
249
249
249
265
265
311
410
154
154
303
267
88
88
88
246
246
19
19
11
272
272
172
313
157
157
157
157
157
157
157
175
364
364
113
113
113
113
113
113
113
196
51
51
51
48
18
18
41
41
35
35
204
180
180
180
356
316
316
316
370
370
409
146
146
81
31
252
274
211
258
258
258
258
320
33
33
33
145
145
145
342
342
342
342
94
295
124
124
108
108
302
302
153
363
363
309
350
350
350
350
350
189
189
189
69
263
263
152
152
152
164
164
389
389
389
115
314
54
54
221
374
374
250
250
250
250
60
60
60
395
13
13
13
13
117
20
20
111
111
111
197
197
247
247
40
40
203
203
279
279
279
150
150
150
150
150
202
362
362
362
148
148
266
355
355
355
413
414
301
83
257
298
43
254
254
254
346
346
22
22
22
22
345
345
345
66
417
417
417
32
162
162
162
34
34
371
371
261
261
308
268
268
155
155
155
365
365
199
73
269
269
282
282
86
208
208
369
369
210
418
143
143
276
276
276
160
245
245
423
110
110
110
110
256
256
256
256
256
256
256
26
26
26
170
170
118
297
174
174
183
183
17
17
107
107
223
42
42
403
403
322
198
404
195
80
307
307
244
244
244
408
408
390
390
390
390
390
222
239
421
242
242
15
343
343
359
359
359
359
74
74
68
68
89
140
149
149
296
296
296
344
383
383
251
251
251
372
84
241
241
241
241
21
21
21
21
21
114
213
79
79
377
209
357
357
357
357
357
357
357
144
25
25
259
163
163
402
289
289
289
289
289
415
28
28
28
28
28
28
28
347
347
312
294
294
294
375
46
82
340
37
37
271
271
422
398
255
240
159
159
159
159
348
348
218
147
147
275
275
310
351
351
351
351
30
30
30
30
399
36
36
109
109
109
109
353
396
380
380
380
151
151
151
151
93
236
300
292
137
8
337
328
328
329
129
