2
3
4
5
6
7
8
9
10
11
12
13
14
15
16
17
18
19
20
21
22
23
24
25
26
27
28
29
30
31
32
33
34
35
36
37
38
39
40
41
42
43
44
45
46
47
48
49
50
51
52
53
54
55
56
57
58
59
60
61
62
63
64
65
66
67
68
69
70
71
72
73
74
75
76
77
78
79
80
81
82
83
84
85
86
87
88
89
90
91
92
93
94
2
3
4
5
6
7
8
9
13
14
15
16
17
18
19
20
21
22
23
24
25
26
27
10
55
28
29
30
31
32
33
34
62
35
36
37
71
38
39
40
41
42
43
44
45
46
47
48
49
50
76
51
52
101
102
103
104
105
106
107
108
109
110
111
112
113
114
115
116
117
118
119
120
121
122
123
124
125
108
127
128
129
131
132
133
134
135
136
137
138
139
140
141
142
143
144
145
146
147
148
149
150
151
152
153
154
155
156
157
158
159
160
161
162
163
164
165
166
167
168
169
170
171
172
173
174
175
176
177
178
179
180
181
182
183
184
185
186
187
188
189
190
191
192
193
194
195
196
197
198
199
200
201
202
203
204
205
206
207
208
209
210
211
212
213
214
215
216
217
218
219
220
221
222
223
131
132
133
134
135
136
137
138
142
143
144
145
146
147
148
149
150
151
152
153
154
155
156
139
184
157
158
159
160
161
162
163
191
164
165
166
200
167
168
169
170
171
172
173
174
175
176
177
178
179
205
180
181
230
231
232
233
234
235
236
237
238
239
240
241
242
243
244
245
246
247
248
249
250
251
252
253
254
255
256
257
258
259
260
261
262
263
264
265
266
267
268
269
270
271
272
273
274
275
276
277
278
279
280
281
282
283
284
285
286
287
288
289
290
291
292
293
294
295
296
297
298
299
300
301
302
303
304
305
306
307
308
309
310
311
312
313
314
315
316
317
318
319
320
321
322
230
231
232
233
234
235
236
237
240
241
242
243
244
245
246
247
248
249
250
251
252
253
254
255
238
283
256
257
258
259
260
261
262
290
263
264
265
299
266
267
268
269
270
271
272
273
274
275
276
277
278
304
279
280
331
332
333
334
335
336
337
338
339
340
341
342
343
344
345
346
347
348
349
350
351
352
353
354
355
356
357
358
359
360
361
362
363
364
365
366
367
368
369
370
371
372
373
374
375
376
377
378
379
380
381
382
383
384
385
386
387
388
389
390
391
392
393
394
395
396
397
398
399
400
401
402
403
404
405
406
407
408
409
410
411
412
413
414
415
416
417
418
419
420
421
422
423
331
332
333
334
335
336
337
338
342
343
344
345
346
347
348
349
350
351
352
353
354
355
356
339
384
357
358
359
360
361
362
363
391
364
365
366
400
367
368
369
370
371
372
373
374
375
376
377
378
379
405
380
381
95
224
323
224
424
424
323
95
207
28
65
72
224
224
17
95
95
268
269
355
353
356
323
323
323
113
44
5
424
305
224
224
323
350
424
169
170
323
323
323
207
63
323
323
323
323
323
95
95
392
393
207
206
224
190
139
185
186
224
424
424
412
25
167
134
249
323
26
24
27
61
56
10
57
95
424
424
257
285
286
424
206
323
323
78
95
272
233
323
224
173
135
134
225
407
157
224
266
242
267
234
323
323
323
306
417
150
224
300
323
77
78
95
323
323
95
95
9
323
323
134
306
136
185
139
188
138
184
226
136
424
424
115
119
118
120
121
114
106
194
97
97
97
95
95
95
38
5
95
95
201
226
226
226
357
306
305
323
367
334
407
224
224
88
95
253
235
212
249
259
234
323
323
95
95
97
146
224
224
373
335
334
425
95
293
117
105
109
102
300
323
154
426
424
316
367
343
368
335
424
158
187
186
65
323
323
153
156
155
224
224
358
387
386
103
305
45
97
224
373
334
269
252
256
235
29
58
57
393
44
6
5
96
104
95
95
112
116
104
192
193
323
323
38
5
201
224
323
323
323
143
167
168
135
224
224
424
424
426
224
224
323
369
370
336
414
407
323
78
323
291
5
268
269
235
424
424
28
41
24
7
346
424
424
64
407
406
424
95
224
224
226
97
95
369
370
323
323
306
266
233
169
170
136
424
424
192
95
266
233
273
324
77
206
224
367
334
217
406
224
224
323
323
323
224
323
323
424
104
103
105
106
237
238
235
287
284
283
324
41
40
7
167
134
105
293
173
134
174
226
95
95
109
108
224
41
40
401
424
323
194
401
193
78
305
323
245
323
323
406
424
390
386
339
385
424
224
237
424
323
323
95
424
424
360
350
335
424
72
95
63
64
77
138
224
224
292
291
323
424
374
426
254
255
252
334
85
272
233
234
323
14
39
38
6
95
114
214
77
95
424
207
336
388
338
339
385
384
426
224
21
95
323
226
224
424
289
285
238
284
323
406
56
10
59
7
9
55
97
424
424
313
292
323
323
336
7
83
338
95
95
233
323
424
394
256
237
160
150
135
224
424
424
206
224
224
323
323
311
357
353
370
336
31
21
6
95
392
95
95
119
111
117
101
354
394
426
426
426
153
170
157
136
95
324
323
323
226
97
426
237
323
323
109
