2
3
4
5
6
7
8
9
10
11
12
13
14
15
16
17
18
19
20
21
22
23
24
25
26
27
28
29
30
31
32
33
34
35
36
37
38
39
40
41
42
43
44
45
46
47
48
49
50
51
52
53
54
55
56
57
58
59
60
61
62
63
64
65
66
67
68
69
70
71
72
74
75
76
77
78
79
80
81
82
83
84
85
86
87
88
89
90
91
92
93
94
95
96
97
98
99
100
101
102
103
104
105
106
107
108
109
110
111
112
113
114
115
116
117
118
119
120
121
122
123
124
125
126
127
128
129
130
131
132
133
134
135
136
137
138
139
140
141
142
143
144
145
146
147
148
149
144
152
153
154
155
156
157
158
159
160
161
162
163
164
165
166
167
168
169
170
171
172
173
174
175
176
177
178
179
180
181
182
183
184
185
186
187
188
189
190
191
192
193
194
195
196
196
198
199
200
201
202
203
204
205
206
207
208
209
210
211
212
213
214
215
216
217
218
219
220
221
222
223
224
225
226
227
228
229
230
231
232
233
228
229
230
231
232
236
237
238
239
240
241
242
243
244
245
246
247
248
249
250
251
252
253
254
255
256
257
258
259
260
261
262
263
264
265
266
267
268
269
270
271
272
273
274
275
276
277
278
279
280
281
282
283
284
236
60
62
61
5
2
216
210
26
44
43
179
100
99
101
98
75
76
27
26
25
119
179
212
227
86
122
155
250
238
236
155
220
208
205
201
209
207
200
198
227
240
242
246
258
44
63
43
41
275
44
43
41
179
134
236
236
126
119
16
9
6
8
5
3
7
4
140
119
95
134
130
124
100
99
101
98
75
76
239
65
59
2
44
43
41
254
236
43
41
201
200
179
86
231
232
229
230
228
179
86
239
179
277
257
239
240
9
6
8
3
5
7
4
242
243
282
179
155
31
24
27
26
95
155
125
123
122
121
120
126
119
124
134
124
270
247
240
100
98
75
76
219
198
117
117
258
68
17
60
124
125
123
241
242
244
101
60
3
22
22
101
6
41
41
125
155
242
243
131
123
120
141
140
138
130
143
135
133
139
117
117
117
24
23
283
126
95
9
247
239
244
240
245
246
242
241
258
14
60
3
179
99
97
101
75
76
155
121
100
99
101
75
76
125
123
122
121
120
126
119
124
117
100
99
101
98
75
76
254
238
236
2
2
117
117
155
100
99
101
98
75
76
222
201
200
117
76
126
119
6
239
265
256
242
241
244
240
9
265
258
267
256
242
241
244
240
44
43
41
122
178
179
272
236
277
257
216
211
100
99
101
98
75
76
252
236
8
210
208
229
212
230
211
209
227
144
125
123
122
121
126
119
124
117
242
9
6
7
4
41
41
220
202
203
199
201
204
200
13
69
258
44
62
43
5
9
60
61
41
179
155
100
99
101
75
76
242
179
123
100
99
101
98
75
76
155
179
95
254
238
236
179
155
24
23
130
125
123
101
100
99
101
98
75
76
100
99
101
109
98
75
76
108
61
100
99
101
98
75
76
24
23
26
27
2
37
2
179
231
232
205
202
203
201
200
117
227
117
155
44
43
59
2
59
179
27
26
44
43
268
239
241
244
240
246
245
154
170
174
179
272
243
155
277
258
256
242
241
244
9
6
8
7
4
41
41
155
155
198
41
49
227
227
147
147
227
2
25
26
26
100
99
26
100
99
26
23
100
99
100
99
26
100
99
