2
3
4
5
6
7
8
9
10
11
12
13
14
15
16
17
18
19
20
21
22
23
24
25
26
27
28
29
30
31
32
33
34
35
36
37
38
39
40
41
42
43
44
45
46
47
48
49
50
51
52
53
54
55
56
57
58
59
60
61
62
64
65
66
67
68
69
70
71
72
73
74
75
76
77
78
79
80
81
82
83
84
85
86
87
88
89
90
91
92
93
94
95
96
97
41
4
5
6
58
57
47
46
42
47
61
90
91
13
6
2
13
2
4
85
86
89
89
13
6
2
57
44
45
23
16
41
53
39
22
16
95
69
72
89
26
16
17
16
41
92
91
93
88
87
90
68
66
91
69
70
71
72
89
84
89
47
44
10
2
4
6
5
2
39
90
69
72
89
32
20
19
21
16
18
16
85
86
89
59
53
20
18
17
19
23
21
22
2
34
2
32
16
2
55
43
45
16
16
58
43
46
45
59
95
82
81
67
71
89
90
92
91
93
13
6
2
84
89
59
59
59
59
89
60
60
59
89
