1
2
2
2
2
2
2
2
2
2
2
2
2
2
2
2
2
2
2
2
2
2
2
2
2
2
2
2
2
2
2
2
2
2
2
2
2
38
38
38
38
38
38
45
45
45
49
49
49
53
53
53
2
57
2
59
59
2
62
62
62
1
66
66
66
66
66
66
66
66
66
66
66
66
66
66
66
66
66
66
66
66
66
66
66
66
66
66
66
66
66
66
66
66
66
66
66
2
102
102
102
102
102
102
109
109
109
113
113
113
117
117
117
2
121
2
123
123
2
126
126
126
9
10
12
13
24
16
28
27
18
19
29
31
21
20
23
1
145
145
145
145
145
145
145
145
145
145
145
145
145
145
145
145
145
145
145
145
145
145
145
145
145
145
145
145
145
145
145
145
145
145
145
145
145
145
145
145
145
145
145
145
145
145
145
145
145
145
145
145
197
197
197
197
197
197
197
197
145
206
206
206
145
210
210
210
210
210
210
210
145
218
218
218
218
218
218
172
37
1
227
227
227
227
227
227
227
227
227
227
227
227
227
227
227
227
227
227
227
227
227
227
227
227
227
227
227
227
227
227
227
227
227
227
227
227
227
227
227
227
227
227
227
227
170
273
170
223
172
172
172
186
186
186
282
168
189
170
189
170
189
289
290
290
291
172
145
294
172
168
172
168
172
172
172
172
172
179
180
180
172
178
178
179
185
180
180
180
180
183
184
209
209
185
185
185
185
185
185
185
185
185
185
178
178
178
178
178
178
178
178
178
178
195
216
216
216
216
196
196
196
208
208
208
208
95
187
187
187
187
187
187
187
217
217
217
217
205
205
205
205
205
94
189
189
189
189
203
203
203
203
203
203
179
179
179
179
179
179
179
179
179
179
244
244
244
244
244
222
222
222
222
222
186
186
186
186
186
186
186
186
186
186
162
207
164
215
215
225
225
225
