1
2
2
2
2
2
2
2
2
2
2
2
2
2
2
2
2
2
2
2
2
2
2
2
2
2
2
28
28
28
28
28
34
1
35
35
35
35
35
35
35
35
35
35
35
35
35
35
35
35
35
35
35
35
35
35
35
35
35
35
35
35
35
35
35
35
35
68
68
68
68
68
68
68
76
77
78
78
78
78
78
78
78
78
78
78
78
78
78
78
78
78
78
78
78
78
78
78
78
78
78
78
78
78
78
78
78
78
78
78
78
78
78
78
78
78
90
119
90
121
90
123
78
125
93
1
128
128
128
128
128
128
128
128
128
128
128
128
128
128
128
128
128
128
128
128
128
128
128
128
128
128
128
128
128
128
128
128
128
128
128
128
128
128
128
128
128
128
128
128
128
128
128
128
128
128
128
128
128
128
128
128
128
128
128
128
128
128
128
128
128
128
128
195
195
195
195
195
195
195
195
195
195
195
195
195
195
195
195
195
195
195
195
195
195
195
195
220
1
221
221
221
221
221
221
221
221
221
221
221
221
221
221
221
221
221
221
221
221
221
221
221
221
221
221
221
221
221
221
221
221
221
221
221
221
221
221
221
221
221
221
221
221
221
266
266
266
266
266
266
266
266
266
266
266
266
279
61
61
61
61
61
262
262
262
262
262
262
262
262
262
49
49
49
246
246
246
23
23
23
251
59
59
59
59
59
259
259
259
259
259
259
259
259
259
259
177
96
96
96
96
186
186
186
186
186
186
186
186
186
186
186
186
186
186
186
186
186
186
186
186
186
186
186
86
86
86
86
86
86
86
86
86
86
86
86
86
86
86
86
86
86
86
86
86
86
86
86
86
86
86
86
159
159
159
276
276
276
276
276
276
276
276
276
133
22
22
22
115
244
244
244
95
95
9
9
9
45
45
45
175
175
175
64
64
64
64
231
231
231
106
106
106
161
161
161
104
104
104
104
104
104
74
74
74
74
74
103
103
103
103
103
103
245
245
245
245
170
170
170
25
25
25
105
57
155
155
155
249
249
249
249
249
249
249
249
249
249
249
263
230
66
171
171
171
149
149
149
264
229
229
229
138
138
138
237
237
237
24
24
24
111
111
156
156
156
227
101
101
101
101
101
101
217
217
217
217
217
217
217
217
217
217
217
217
217
217
217
217
217
217
217
217
217
184
166
166
166
150
150
150
219
154
154
154
73
73
73
73
67
67
167
167
167
173
173
173
187
187
187
187
187
187
187
187
187
187
187
187
187
187
187
187
187
187
187
187
187
187
187
232
232
232
241
241
241
278
142
142
142
238
238
238
158
158
158
7
75
137
137
137
60
60
60
60
60
151
151
151
252
252
255
108
108
108
17
33
168
168
168
265
265
233
233
233
140
140
140
10
10
10
27
112
112
112
112
112
112
234
234
234
114
114
114
277
277
277
277
277
277
277
277
277
277
147
147
147
144
144
144
139
139
139
165
165
165
92
92
239
239
239
41
41
242
242
242
32
32
32
134
134
257
257
257
257
257
257
257
257
257
257
176
176
176
44
44
44
181
117
260
54
248
141
141
141
47
47
47
162
162
162
143
143
143
190
107
107
107
178
189
189
189
189
189
189
189
189
189
189
189
189
189
189
189
189
189
189
189
189
189
189
189
235
235
235
65
258
258
258
258
258
258
258
258
258
258
43
43
43
160
160
160
146
146
146
243
243
243
172
172
172
85
85
85
85
85
85
194
194
153
153
153
218
218
218
218
218
218
218
218
218
218
218
218
218
218
218
218
218
218
218
218
218
218
94
94
15
15
15
15
40
46
46
46
135
135
135
8
8
174
174
174
240
240
240
188
188
188
188
188
188
188
188
188
188
188
188
188
188
188
188
188
188
188
188
188
188
188
11
11
11
236
236
236
88
88
88
109
109
48
48
48
136
136
136
169
169
169
102
102
102
102
102
102
90
90
90
90
191
191
191
191
191
191
191
191
191
191
191
191
191
191
191
191
191
191
191
191
191
52
52
52
52
52
52
182
97
148
148
148
157
157
157
228
228
152
152
152
99
99
99
99
62
62
62
62
62
91
91
193
192
31
31
254
254
254
179
179
179
179
179
179
179
179
179
179
179
179
179
179
179
179
179
179
179
179
179
179
179
12
12
12
256
256
256
256
256
256
256
256
256
256
87
87
87
87
42
42
42
110
261
164
164
164
183
247
145
145
145
185
20
163
163
163
253
4
37
130
223
