1
2
2
2
2
2
2
2
2
2
2
2
2
2
2
2
2
2
2
2
21
2
23
2
25
25
25
2
29
29
29
11
1
34
34
34
34
34
34
34
34
34
34
34
34
34
34
34
34
34
34
34
34
34
34
34
34
34
34
34
34
34
34
34
34
34
34
34
34
34
34
34
34
34
34
34
34
34
34
34
34
34
34
34
34
34
34
34
34
34
34
34
34
34
34
34
34
34
34
34
34
85
103
105
107
109
94
111
95
113
101
115
34
117
117
119
119
117
122
117
124
45
46
47
15
1
130
130
130
130
130
130
130
130
130
130
130
130
130
130
130
130
130
130
130
130
130
130
130
130
130
130
130
130
130
130
130
130
130
130
130
130
130
130
130
130
130
130
130
130
130
130
130
130
130
130
130
130
130
130
130
130
130
130
130
130
130
130
130
130
130
130
130
130
130
130
130
130
130
130
130
130
130
130
130
130
130
130
130
130
130
130
130
130
130
130
130
130
130
130
130
130
130
130
130
130
130
130
130
130
130
130
130
130
130
130
130
130
130
130
130
130
130
130
130
130
130
130
130
130
130
130
130
130
130
130
130
130
130
130
130
130
130
130
130
130
130
130
130
130
130
130
130
130
130
130
130
130
130
130
130
285
285
285
285
285
285
285
285
285
285
285
285
285
285
285
285
285
157
303
164
305
165
307
166
309
197
311
205
313
206
315
208
317
209
319
211
321
213
323
214
325
220
327
231
329
233
331
234
333
238
335
240
337
241
339
243
341
244
343
258
345
347
349
259
351
259
353
355
259
357
260
359
260
361
363
260
365
261
367
261
369
371
261
373
263
375
265
377
266
379
381
267
383
269
385
270
387
271
389
272
391
273
393
274
395
274
397
275
399
276
401
278
403
279
405
280
407
281
409
281
411
282
413
284
415
281
281
1
419
419
419
419
419
419
419
419
419
419
419
419
419
419
419
419
419
437
438
439
440
63
66
66
66
45
45
45
45
45
436
173
173
173
173
173
173
408
166
166
166
201
201
238
250
250
82
82
65
65
192
192
406
406
412
412
386
386
386
284
284
284
284
284
209
209
209
241
241
241
241
144
144
144
210
394
394
149
324
324
223
223
187
187
188
188
258
83
83
83
164
164
164
346
346
346
346
110
259
259
259
259
259
304
304
304
304
304
304
304
304
304
15
15
15
15
15
15
15
15
15
229
229
248
248
248
85
85
85
219
219
219
340
340
251
251
278
380
380
380
378
378
378
38
392
392
167
167
167
167
167
167
200
200
221
221
221
221
221
221
221
221
221
221
221
146
146
146
157
157
157
81
81
51
151
151
151
170
170
170
170
41
41
202
202
178
178
178
178
179
179
179
179
179
179
156
227
227
180
180
180
180
254
254
254
154
154
249
249
249
176
176
176
261
261
261
261
261
268
268
268
55
232
232
431
431
233
233
433
433
354
354
354
104
104
104
161
257
382
194
169
275
388
388
388
72
342
342
342
414
414
414
40
40
40
362
362
362
384
384
384
191
191
191
215
215
215
376
376
376
236
236
18
18
18
18
182
182
182
182
182
76
76
197
197
225
225
328
328
247
247
247
143
143
102
53
53
183
183
57
168
168
168
168
168
14
14
14
14
14
14
186
84
84
84
242
49
208
208
208
398
398
398
390
390
390
312
312
74
74
283
283
283
283
306
306
326
326
13
13
230
230
222
222
320
211
211
211
46
46
46
237
271
271
310
310
11
11
11
11
11
11
11
11
11
11
11
11
11
11
11
142
260
260
260
260
260
260
235
235
224
224
224
262
262
262
404
404
152
152
152
152
152
430
428
141
141
141
141
141
207
207
253
253
253
199
199
256
256
402
402
165
165
165
432
432
334
350
350
47
47
47
314
43
44
44
44
44
228
228
228
58
344
344
220
220
220
220
220
204
204
147
147
147
279
279
279
73
316
177
177
270
270
198
198
198
145
145
244
244
244
67
195
195
195
10
10
10
10
274
274
274
181
181
181
181
181
280
213
213
150
150
150
150
264
264
264
429
175
175
175
175
175
175
214
214
282
282
282
282
246
246
269
234
234
366
366
308
308
218
218
218
218
189
189
245
245
245
184
184
332
239
162
162
162
162
162
358
358
59
59
370
370
370
16
16
174
174
174
174
174
174
93
158
158
322
231
231
155
155
155
155
155
273
190
160
400
400
217
217
217
203
203
32
32
32
318
374
374
153
153
277
216
216
216
216
216
216
216
159
159
159
159
159
206
206
206
42
212
212
12
12
12
12
12
12
12
12
12
12
330
281
281
281
101
196
193
172
172
172
172
172
75
226
226
205
205
205
185
185
185
185
185
148
240
163
163
255
255
118
252
252
39
272
99
61
140
3
3
137
7
417
417
126
418
418
33
33
33
440
