2
3
4
5
6
7
8
9
10
11
12
13
14
15
16
17
18
19
20
21
22
23
24
25
26
27
28
29
30
31
33
34
35
36
37
38
39
40
41
42
43
44
45
46
47
48
49
50
51
52
53
54
55
56
57
58
59
60
61
62
63
64
65
66
67
68
69
70
34
38
36
36
64
70
65
69
60
62
58
66
68
61
59
67
63
34
36
42
44
48
46
51
45
43
49
47
50
36
57
54
55
56
38
35
36
34
26
37
35
36
37
35
36
36
36
34
34
37
36
34
34
36
26
36
26
34
36
34
41
53
34
33
36
34
