1
2
2
2
2
2
2
2
2
2
2
2
2
2
2
2
2
2
2
2
2
2
2
2
2
2
2
2
2
2
2
2
2
2
2
2
2
2
2
2
2
2
2
2
2
2
2
48
2
50
50
50
50
50
50
50
50
50
50
29
62
63
64
64
64
64
64
64
64
64
64
64
64
64
64
64
64
79
80
74
83
84
84
84
84
84
84
84
84
84
84
84
84
84
84
84
84
84
84
84
103
103
29
37
37
29
29
59
59
59
59
23
23
25
25
25
25
25
25
32
32
32
32
32
55
55
55
55
55
81
99
99
99
99
99
101
101
39
39
39
39
95
38
38
38
72
72
72
75
91
44
44
44
57
47
24
24
24
24
24
24
24
24
24
24
24
45
79
79
79
28
35
92
42
42
42
43
43
74
74
74
93
93
46
58
34
26
26
60
60
60
60
105
36
36
36
27
27
27
97
97
97
37
37
37
30
30
76
22
22
29
29
29
29
29
29
29
29
29
29
29
29
29
78
78
31
56
56
100
100
100
100
100
100
77
33
33
40
40
40
96
96
96
51
86
86
85
85
4
90
90
89
106
106
106
106
61
107
107
108
110
110
