2
3
4
5
6
7
8
9
10
11
12
13
14
15
16
17
18
19
20
21
22
23
24
25
26
27
28
29
30
31
32
33
34
35
36
37
38
39
40
41
42
43
44
45
46
47
48
49
50
51
52
53
54
55
56
57
58
59
60
61
37
64
65
66
67
68
69
70
71
72
73
74
75
76
77
78
79
80
81
82
84
85
86
87
88
89
90
91
92
93
94
95
96
97
98
99
100
101
102
103
104
105
106
107
108
109
110
13
11
51
53
6
5
38
26
20
9
50
50
37
29
34
2
2
52
51
54
53
2
73
101
100
90
89
85
90
104
39
40
16
14
96
41
4
14
66
68
70
68
84
42
30
14
54
34
23
10
11
4
21
8
17
20
18
19
16
16
65
68
69
9
17
84
30
15
14
15
14
67
68
69
90
87
43
52
17
10
20
51
16
54
2
102
13
20
11
10
20
12
98
86
88
34
20
18
10
20
70
2
2
37
26
27
28
34
13
10
20
12
11
19
16
8
68
69
17
51
2
101
97
86
89
88
102
68
10
16
42
41
15
100
87
88
2
102
102
102
102
2
103
103
102
97
86
88
102
37
89
85
101
86
89
