1
2
2
2
2
2
2
2
2
2
2
2
2
2
2
2
2
2
2
2
2
2
2
2
2
2
2
2
2
2
2
2
2
2
2
2
2
2
2
2
2
2
2
2
2
2
2
2
2
2
2
2
2
2
2
2
2
2
2
2
2
2
2
2
2
2
2
2
2
2
2
2
37
75
76
76
76
76
76
76
76
76
76
76
76
76
76
76
76
76
76
76
76
76
76
76
76
76
76
76
102
102
102
102
76
107
107
107
107
107
107
107
107
107
107
111
118
111
120
122
123
124
124
125
127
125
129
126
131
126
133
124
136
137
137
137
137
137
137
137
137
137
137
137
137
137
137
137
137
137
137
137
123
157
157
157
157
157
157
157
157
157
157
157
157
157
157
157
157
157
157
157
157
157
157
157
157
157
157
157
157
157
157
157
157
157
157
157
157
157
183
195
186
197
157
199
199
199
199
183
1
205
205
205
205
205
205
205
205
205
205
205
205
205
205
205
205
205
205
205
205
205
205
205
205
205
205
205
205
205
205
205
205
205
205
205
205
238
242
239
244
240
246
37
252
256
257
257
257
257
257
257
257
257
257
257
257
257
266
270
257
272
272
272
257
276
276
276
257
285
286
269
75
288
288
288
288
288
288
288
288
288
288
288
288
288
288
288
288
288
288
288
288
288
288
288
288
288
288
288
288
288
288
288
288
288
288
288
288
309
325
309
107
263
263
263
313
313
313
88
318
115
307
20
45
150
150
108
54
54
23
235
37
37
310
310
310
310
310
310
310
310
310
310
22
35
61
87
219
53
53
315
315
315
315
262
262
262
152
152
97
97
97
97
39
227
227
227
227
147
147
145
145
110
216
216
216
319
319
319
319
319
21
68
68
68
126
234
234
99
99
99
194
194
194
194
194
194
265
265
265
30
30
191
238
190
25
19
98
98
98
279
264
264
236
50
149
149
38
225
225
225
225
155
155
202
317
317
317
317
317
317
317
27
278
322
46
217
217
189
274
201
148
148
226
226
226
226
178
267
215
90
221
94
165
165
165
165
165
28
66
66
66
95
228
44
43
303
303
303
306
117
237
49
48
55
222
187
91
111
111
111
308
57
266
266
266
309
309
309
309
309
309
144
321
321
86
86
193
233
233
47
304
304
304
304
304
223
63
156
156
156
314
314
323
323
323
323
323
323
323
59
125
72
166
188
60
29
220
41
151
151
240
174
24
175
175
67
67
40
168
229
326
89
34
275
230
230
230
230
114
114
114
114
114
64
64
93
56
70
70
70
62
62
218
224
32
169
312
69
69
69
69
42
52
154
154
231
231
231
231
311
311
311
311
51
146
146
239
203
65
65
65
316
316
316
316
26
232
232
232
232
269
269
269
214
33
324
324
92
36
173
192
4
11
290
207
7
14
17
8
10
15
9
16
6
18
77
283
74
253
253
287
255
248
248
249
250
250
250
