2
3
4
5
6
7
8
9
10
11
12
13
14
15
16
17
18
19
20
21
22
23
24
25
26
27
28
29
30
31
32
33
34
35
36
37
38
39
40
41
42
43
44
45
46
47
48
49
50
51
52
53
54
55
56
57
58
59
60
61
62
63
64
65
66
67
68
69
70
71
72
73
74
76
77
78
79
80
81
82
83
84
85
86
87
88
89
90
91
92
93
94
95
96
97
98
99
100
101
102
103
104
105
106
107
108
109
110
111
112
113
114
115
116
117
118
119
120
121
80
124
125
126
127
128
129
130
131
132
133
134
135
137
138
139
140
141
142
143
144
145
146
147
148
149
150
151
152
153
154
155
156
157
158
159
160
161
162
163
164
165
166
167
168
169
170
171
172
173
174
175
176
177
178
179
180
181
182
183
184
185
186
187
188
189
190
191
192
193
194
195
196
197
198
199
200
201
202
203
204
205
206
207
208
209
210
211
212
213
214
215
216
217
218
219
220
221
222
223
224
225
226
227
228
229
230
231
232
233
234
235
236
237
238
239
240
241
242
243
244
245
246
247
250
211
257
258
259
260
261
262
263
264
265
266
267
268
269
270
271
272
273
274
275
276
277
278
279
280
267
268
287
288
289
290
291
292
293
294
295
296
297
298
299
300
301
302
303
304
305
306
307
308
309
310
311
312
313
314
315
316
317
318
319
320
321
322
323
324
325
326
327
102
264
268
269
302
301
291
102
320
117
300
7
226
143
142
91
234
15
10
208
24
216
322
323
319
311
299
295
298
302
300
301
9
12
240
78
208
234
15
317
324
295
302
267
264
269
143
142
322
89
90
80
219
224
208
213
209
143
142
143
142
89
219
211
251
320
88
324
295
76
8
61
4
5
135
208
212
80
81
79
159
162
158
160
161
163
267
269
272
24
215
158
251
163
13
6
91
313
90
277
157
280
208
231
143
142
217
224
208
213
209
153
141
200
104
106
88
105
87
76
102
16
277
295
227
222
210
159
273
200
143
142
224
208
213
209
160
280
208
288
208
81
159
158
160
163
157
17
19
214
4
81
208
225
224
304
295
297
295
91
208
230
229
24
208
163
80
90
112
100
300
24
268
269
276
320
88
304
295
290
76
143
295
298
78
79
162
208
212
228
61
292
296
297
290
208
4
141
143
139
324
302
309
299
295
294
298
293
290
238
135
4
158
160
239
18
208
221
143
142
251
162
11
159
158
24
218
220
159
208
309
78
12
273
229
208
213
209
90
113
112
101
85
20
4
82
24
71
20
4
61
4
208
208
12
160
295
19
59
4
2
223
233
153
140
229
208
213
209
316
315
295
296
232
143
142
251
200
19
59
4
317
324
296
302
14
229
208
213
209
260
259
261
208
12
295
302
82
12
161
161
2
66
288
205
63
68
70
64
19
67
65
69
62
72
76
261
24
207
251
259
211
223
211
216
219
211
251
