2
3
4
5
6
7
8
9
10
11
12
13
14
16
17
18
19
20
21
22
24
25
26
27
28
29
30
31
32
33
34
35
36
37
38
39
40
41
42
43
44
45
46
47
48
49
50
51
52
53
54
55
56
57
58
59
60
61
62
63
64
65
66
67
68
69
70
71
72
73
74
75
76
77
78
79
80
81
82
83
84
85
86
87
88
89
90
91
92
93
94
95
96
97
98
99
100
101
102
103
104
105
106
107
108
109
110
111
112
113
114
115
116
117
118
119
120
121
122
123
124
125
126
127
128
129
61
52
43
122
124
41
100
51
61
96
113
53
24
24
24
70
61
100
96
61
113
100
24
24
43
61
96
113
36
38
37
24
24
61
38
24
24
62
100
61
117
61
96
119
118
115
24
24
43
62
123
113
125
99
36
34
35
38
37
24
100
93
50
24
24
61
96
122
113
124
36
38
93
50
24
24
61
3
32
61
61
108
24
36
34
35
37
100
37
126
36
34
35
37
24
3
62
61
85
113
82
88
99
24
31
36
27
29
34
35
28
30
37
61
96
61
3
36
3
112
87
24
33
112
96
113
113
95
37
97
70
95
112
61
96
85
113
24
24
3
32
61
93
24
110
24
34
92
101
24
35
3
96
61
36
96
110
24
31
36
27
29
34
35
28
30
37
61
96
24
24
36
37
61
128
36
34
35
37
24
78
39
61
17
18
38
38
35
24
96
34
35
24
57
33
96
61
122
124
36
34
35
26
37
50
24
24
3
39
61
96
113
24
96
24
33
113
99
62
61
100
61
96
24
24
33
61
96
122
124
93
82
50
24
24
55
112
93
102
113
82
26
24
24
