2
3
4
5
6
7
9
10
11
12
13
14
15
16
17
18
19
20
21
22
23
24
25
26
27
28
29
30
31
32
33
34
35
36
37
38
39
40
41
42
43
44
45
46
47
48
49
50
52
53
54
55
56
57
58
59
60
61
62
64
65
66
67
68
69
70
71
72
73
74
75
69
17
17
68
65
12
9
17
10
11
12
42
47
7
4
3
27
41
36
65
35
30
58
57
53
73
65
36
29
26
39
38
37
22
65
39
38
37
41
36
73
65
30
25
22
19
20
18
21
10
12
11
23
27
26
17
36
30
22
26
65
29
26
3
4
35
30
9
32
33
31
32
33
31
23
65
17
