1
2
2
2
2
2
2
2
2
2
2
2
2
2
2
2
2
2
2
2
2
2
2
2
2
2
2
2
2
2
2
2
2
2
2
2
2
2
2
2
2
14
43
14
45
14
47
2
49
51
52
52
52
52
52
52
52
52
52
52
52
52
52
52
52
52
52
52
52
52
52
52
52
52
52
52
52
52
52
52
52
52
52
52
52
52
52
52
52
52
52
52
52
52
52
52
52
52
52
52
52
52
52
52
52
52
52
52
52
52
52
52
52
52
52
52
52
119
119
119
119
119
119
119
119
119
119
119
119
119
119
119
119
119
119
119
119
119
119
119
119
51
144
144
144
144
144
144
144
144
144
144
144
144
144
144
144
144
144
144
144
144
144
144
144
144
144
144
144
144
144
144
144
144
144
144
144
144
144
144
144
144
144
144
144
144
144
189
189
189
189
189
189
189
189
189
189
189
189
51
202
202
202
202
202
202
202
202
202
202
202
202
202
202
202
202
202
202
202
202
202
202
202
202
202
202
202
202
202
202
202
202
202
235
235
235
235
235
235
235
185
185
185
185
185
185
185
185
185
228
228
228
228
228
208
208
165
165
165
216
216
216
169
169
169
58
58
174
226
226
226
226
226
182
182
182
182
182
182
182
182
182
182
101
20
20
20
20
110
110
110
110
110
110
110
110
110
110
110
110
110
110
110
110
110
110
110
110
110
110
110
10
10
10
10
10
10
10
10
10
10
10
10
10
10
10
10
10
10
10
10
10
10
10
10
10
10
10
10
83
83
83
180
180
180
180
180
180
180
180
180
180
199
199
199
199
199
199
199
199
199
57
100
100
100
211
211
211
39
105
167
167
167
41
183
19
19
171
221
65
65
65
99
99
99
212
212
212
154
154
154
231
231
231
231
214
214
214
30
30
30
86
86
86
85
85
85
67
67
67
114
28
28
28
28
28
28
31
31
31
27
27
27
27
27
27
102
241
241
241
241
241
113
113
113
113
113
113
113
113
113
113
113
113
113
113
113
113
113
113
113
113
113
113
113
168
168
168
168
158
158
158
94
94
94
232
181
181
181
181
181
181
181
181
181
181
210
210
210
84
84
84
70
70
70
29
224
166
166
166
96
96
96
9
9
9
9
9
9
79
79
79
118
118
77
77
77
172
172
172
172
172
172
172
172
172
172
172
186
153
142
142
142
142
142
142
142
142
142
142
142
142
142
142
142
142
142
142
142
142
142
142
233
95
95
95
73
73
73
187
18
18
152
152
152
62
62
62
160
160
160
35
35
59
59
59
207
213
213
213
98
98
98
163
163
163
112
112
112
112
112
112
112
112
112
112
112
112
112
112
112
112
112
112
112
112
112
112
112
80
80
80
150
159
159
159
12
12
12
33
33
25
25
25
25
25
25
141
141
141
141
141
141
141
141
141
141
141
141
141
141
141
141
141
141
141
141
141
60
60
60
108
215
215
215
93
93
93
90
90
90
74
74
74
26
26
26
26
26
26
14
14
14
14
143
78
78
78
240
240
240
240
115
115
115
115
115
115
115
115
115
115
115
115
115
115
115
115
115
115
115
115
115
234
234
91
91
91
97
97
97
111
111
111
111
111
111
111
111
111
111
111
111
111
111
111
111
111
111
111
111
111
111
111
155
155
155
219
219
219
219
219
219
106
21
164
164
164
201
66
66
66
161
161
161
72
72
72
81
81
81
82
82
82
151
151
242
76
76
76
23
23
23
23
61
61
61
75
75
75
227
227
227
227
227
15
15
229
229
229
229
229
175
175
117
116
178
32
32
32
177
177
177
103
103
103
103
103
103
103
103
103
103
103
103
103
103
103
103
103
103
103
103
103
103
103
92
92
92
188
188
156
156
156
179
179
179
179
179
179
179
179
179
179
11
11
11
11
34
209
209
209
64
64
64
184
88
88
88
107
170
36
36
36
36
36
36
157
157
157
38
38
38
200
200
200
200
200
200
200
200
200
200
69
69
69
71
71
71
68
68
68
109
63
63
63
89
89
89
87
87
87
16
16
162
162
162
176
204
54
146
