2
3
4
5
6
7
8
9
10
11
12
13
14
15
16
17
18
19
20
21
22
23
24
25
26
27
28
29
30
31
32
33
34
35
36
37
38
39
40
41
42
43
44
45
46
47
48
49
50
51
52
53
54
55
56
57
58
59
60
61
62
63
64
65
66
67
52
70
71
72
73
74
75
76
77
78
79
80
81
82
83
84
85
86
87
88
89
90
91
92
93
94
95
96
97
98
99
100
101
102
103
104
105
106
107
108
109
110
111
112
113
114
115
116
117
118
119
120
121
122
123
124
125
126
127
128
129
130
131
132
133
134
135
136
137
138
139
140
141
142
143
91
145
146
147
86
149
150
151
152
153
154
155
156
157
158
159
160
161
162
163
164
165
166
167
168
169
170
171
172
173
174
175
176
177
178
179
180
181
182
183
184
185
186
176
188
189
190
191
192
193
194
195
196
197
198
199
200
201
202
203
204
205
206
207
208
209
210
211
212
213
214
215
216
217
218
219
220
221
222
223
224
225
226
227
228
229
230
231
232
233
234
235
236
237
238
239
240
241
242
243
244
245
246
247
248
249
250
251
252
253
254
255
256
257
258
259
260
261
262
263
264
265
266
267
269
270
271
272
273
274
275
277
278
279
280
281
282
283
284
285
286
287
288
289
290
291
292
293
294
295
296
297
299
300
301
302
303
304
305
306
307
308
309
310
311
312
313
314
315
316
317
318
319
320
321
322
323
324
325
326
327
328
329
330
331
332
333
334
335
336
337
338
339
340
341
343
344
345
346
347
348
349
350
351
352
354
355
356
357
358
359
360
361
362
363
364
365
366
367
368
369
370
371
372
373
374
375
376
377
378
379
380
381
382
383
384
385
386
387
388
389
390
391
392
393
394
396
397
398
399
400
401
402
403
404
405
406
407
408
409
410
411
412
413
414
415
416
417
418
419
420
421
422
423
424
425
426
428
429
430
431
432
433
434
435
436
437
438
439
440
441
442
443
444
445
446
447
448
449
450
451
452
453
454
455
456
457
458
459
460
461
462
463
464
465
466
467
468
469
470
471
472
473
474
475
476
477
478
479
480
2
4
64
58
4
463
446
73
76
72
429
2
2
189
430
12
189
238
189
189
430
449
430
190
189
462
443
445
459
73
429
14
13
67
59
4
429
60
4
111
89
74
429
239
189
54
4
155
2
467
430
451
464
430
463
458
462
460
453
454
455
461
456
457
459
452
429
238
189
470
74
429
467
430
74
76
72
14
13
67
4
238
189
467
430
429
429
154
56
2
2
446
450
73
429
127
111
53
14
13
4
238
189
469
73
429
238
189
190
74
76
72
238
189
438
189
430
468
73
429
189
438
189
447
76
467
430
49
450
73
429
127
73
71
74
77
76
75
429
66
430
238
189
448
76
464
74
429
238
189
44
42
190
189
239
189
438
435
444
440
437
441
450
436
73
429
127
3
4
447
462
464
445
73
429
127
301
55
4
238
189
239
189
154
154
238
189
189
450
74
429
190
438
154
154
190
467
430
43
57
4
463
446
459
73
429
36
430
430
466
76
189
238
189
430
52
3
4
190
472
430
189
430
430
238
189
238
189
450
73
76
72
429
238
189
356
62
4
76
429
448
76
463
462
443
444
460
445
459
442
461
73
429
127
91
73
127
189
467
430
51
61
4
316
73
75
72
429
438
458
435
443
462
440
460
441
453
454
455
461
444
456
437
445
457
459
439
442
436
452
73
429
127
160
154
430
86
127
467
430
189
430
447
73
429
430
46
238
189
238
189
40
438
446
435
443
444
440
437
445
441
439
442
436
76
127
469
73
76
189
189
467
430
467
430
429
41
450
73
76
72
440
73
429
12
465
430
464
73
429
127
2
2
456
459
453
454
455
429
446
445
430
238
189
189
154
2
154
465
446
443
73
429
239
189
345
238
189
430
47
430
86
127
472
430
470
76
430
238
189
472
430
91
127
65
472
430
73
74
429
45
50
430
429
449
76
430
48
462
73
72
429
238
189
463
458
462
444
456
460
457
459
453
454
455
452
76
127
472
430
371
430
447
76
189
472
430
39
430
429
429
429
2
86
86
86
467
430
438
446
435
443
444
440
437
445
441
439
442
436
76
467
430
91
467
430
91
467
430
91
467
430
467
430
467
430
463
458
462
444
456
460
457
459
453
454
455
452
76
