1
2
2
2
2
2
2
2
2
2
2
2
2
2
2
2
2
2
2
2
2
2
2
2
19
27
28
28
28
28
28
28
35
36
36
36
36
36
36
36
36
36
36
36
36
36
36
36
36
36
36
36
36
36
36
36
36
36
36
36
36
36
36
36
36
36
36
36
36
36
36
36
36
36
36
36
36
36
36
36
36
36
36
36
36
36
36
36
36
36
36
36
36
36
36
36
36
36
36
36
36
36
36
36
36
36
36
36
36
36
36
36
36
36
36
36
36
36
36
36
36
36
36
36
36
36
36
36
36
36
36
36
36
36
36
36
36
36
36
36
36
36
36
36
36
36
36
36
36
36
36
36
36
36
36
36
36
36
36
36
36
36
36
36
36
36
36
36
36
36
36
36
36
36
36
36
36
36
36
36
36
36
36
36
36
36
36
36
36
36
36
36
36
36
36
36
36
36
36
36
36
36
36
36
36
36
36
36
36
36
36
36
36
36
36
36
36
36
36
36
36
36
36
36
36
36
36
36
36
36
36
36
36
36
36
36
36
36
36
36
36
36
36
36
36
36
36
36
36
36
36
36
36
36
36
36
36
36
36
36
36
36
36
36
36
36
36
36
36
36
36
36
36
36
36
36
36
36
36
36
36
36
36
36
36
36
36
36
36
36
36
36
36
36
36
36
36
36
36
36
36
36
36
36
36
36
36
36
36
36
36
36
36
36
36
36
36
36
36
36
36
36
36
36
36
36
36
36
36
36
36
36
36
36
36
36
36
36
36
36
36
36
36
36
36
36
36
36
36
36
36
36
36
36
36
36
36
36
36
36
36
36
36
36
36
36
36
36
36
36
36
36
36
36
36
36
36
36
36
36
36
36
36
36
36
36
36
36
36
36
36
36
36
36
36
36
36
36
36
36
36
36
36
36
36
36
36
36
36
36
36
36
36
36
36
36
36
36
36
36
36
36
36
36
36
36
36
36
36
36
36
36
36
36
36
36
36
36
36
36
36
36
36
36
36
36
36
36
36
36
36
36
36
36
36
36
36
36
36
36
36
36
36
36
36
36
36
470
470
470
470
470
470
470
470
470
470
213
481
213
483
214
485
215
487
215
489
217
491
218
493
138
138
499
500
500
500
500
500
505
505
505
505
505
505
502
502
502
505
403
403
109
109
18
367
367
282
282
316
132
33
382
382
441
441
465
323
323
349
349
13
13
13
13
13
13
116
344
344
289
289
289
255
255
443
443
128
128
229
229
373
373
334
334
204
204
204
338
246
301
355
355
355
352
352
233
144
299
299
395
395
395
409
455
455
131
203
203
203
364
305
305
20
232
298
298
210
110
110
225
225
393
393
118
312
312
362
362
295
295
260
390
390
437
437
357
357
336
336
360
360
193
193
383
383
439
439
276
276
276
200
200
214
214
125
368
368
254
254
377
377
249
249
249
325
325
300
385
136
296
296
426
426
398
398
398
363
363
392
415
415
107
107
107
394
424
424
15
15
15
15
15
192
192
192
122
24
24
24
24
442
220
376
376
261
447
447
228
271
213
213
142
142
502
502
502
413
315
315
315
449
449
219
277
277
287
287
14
14
14
14
14
14
14
14
310
310
342
342
388
30
30
30
389
389
391
356
356
461
461
291
291
23
371
371
121
317
317
317
345
345
321
321
410
354
354
250
259
259
259
348
348
440
440
434
434
297
297
113
242
242
242
242
446
446
460
460
111
111
361
361
215
412
412
245
404
404
133
337
337
226
405
405
217
217
129
335
335
327
327
333
333
333
387
387
307
307
346
346
209
328
328
350
350
262
262
421
416
416
329
329
322
322
270
270
448
448
318
318
351
351
130
198
19
19
19
19
19
19
396
462
326
326
353
353
353
320
320
247
386
386
303
218
218
380
380
212
212
423
423
196
196
196
205
205
205
123
445
445
450
450
257
284
284
191
369
419
425
425
34
34
34
238
313
313
115
330
330
510
510
510
510
510
510
510
510
306
306
114
319
319
12
340
340
399
399
268
407
407
402
402
280
280
365
266
452
452
140
223
223
332
332
332
430
430
17
343
343
258
285
285
120
135
293
293
108
108
108
108
431
431
451
451
117
227
273
273
230
359
359
106
106
294
294
379
379
379
457
457
119
466
199
199
199
314
314
314
236
400
400
239
401
401
401
453
453
511
234
237
241
429
429
358
358
370
370
436
436
251
454
454
435
435
311
311
292
292
292
428
428
366
366
288
288
381
381
21
281
281
341
201
308
308
308
202
222
222
304
304
252
248
124
331
331
374
374
432
432
309
309
347
372
372
375
375
269
269
195
195
195
463
463
463
463
463
463
463
463
463
463
463
463
463
463
463
463
463
463
463
463
463
463
463
463
463
463
463
463
463
463
463
463
463
463
463
463
463
463
463
463
463
463
463
463
463
463
463
463
463
463
463
463
463
463
463
463
463
463
463
463
286
286
417
417
467
339
339
189
279
279
279
11
324
324
207
194
194
194
206
16
16
16
16
16
240
427
427
283
283
127
127
32
32
32
32
406
406
221
221
422
422
10
420
408
408
464
211
411
411
397
438
438
302
444
22
278
278
278
9
9
418
418
503
503
503
503
503
272
264
264
414
414
25
25
25
139
139
197
197
197
267
290
290
224
224
190
190
378
378
263
263
112
143
143
384
384
265
3
105
26
26
26
26
515
515
515
