1
2
2
2
2
2
2
2
2
2
2
2
2
2
2
2
2
2
2
2
2
2
2
2
2
2
2
2
2
2
2
2
2
2
35
2
37
2
39
2
41
2
43
45
46
20
49
50
50
50
50
50
50
50
50
50
50
50
50
50
50
50
50
50
50
50
50
50
50
50
73
73
73
73
73
73
73
73
73
73
73
73
73
73
73
70
1
90
90
90
90
90
90
90
90
90
90
90
90
90
90
90
90
90
90
90
90
90
90
90
90
90
90
90
90
90
90
120
90
122
90
124
126
127
128
128
128
128
128
128
128
128
128
128
128
128
128
128
128
128
128
128
128
128
128
128
128
128
128
128
128
128
157
158
158
158
158
158
158
158
158
158
158
169
162
168
127
172
172
172
172
172
172
172
172
172
172
172
172
172
172
172
172
186
186
186
186
186
186
186
186
186
198
186
200
201
201
201
201
201
201
201
201
201
201
201
201
201
201
201
209
218
219
216
157
221
221
221
221
221
221
221
221
221
221
221
221
221
221
221
221
221
221
221
221
221
221
221
221
221
221
221
221
221
221
221
221
238
255
256
256
162
162
239
237
236
262
263
263
263
263
263
263
263
263
263
272
272
272
272
272
272
209
157
280
280
280
280
280
280
280
280
280
280
280
280
280
280
280
280
280
280
298
298
298
298
298
280
304
304
304
304
304
304
304
304
280
313
313
313
313
313
313
313
313
313
313
313
313
313
326
326
326
326
326
326
326
326
326
326
280
337
337
337
337
337
342
342
342
342
342
342
342
163
352
20
354
163
20
20
20
200
359
359
359
359
359
359
359
359
359
359
359
359
359
359
373
373
373
373
359
378
378
378
378
378
209
385
386
49
387
387
387
387
387
387
393
393
393
393
340
1
399
399
399
399
399
399
399
399
399
399
399
399
399
399
399
399
399
399
399
399
399
399
399
399
399
399
399
399
399
399
399
399
399
399
399
399
399
399
399
399
399
399
399
399
399
399
399
399
399
399
399
399
399
399
399
399
399
399
399
399
399
399
399
399
399
399
399
399
399
399
399
399
399
399
399
399
399
399
399
399
399
399
399
399
399
399
399
399
399
399
399
399
399
399
399
399
399
399
399
399
399
399
399
399
399
399
399
399
399
399
399
399
399
399
399
399
399
399
399
399
399
399
399
399
399
399
399
399
399
399
399
399
399
399
399
399
399
399
399
399
399
399
399
399
399
399
399
399
399
399
399
399
399
399
399
399
399
399
399
399
399
399
399
399
399
399
399
399
399
399
399
399
399
399
399
399
399
399
399
399
399
399
399
399
399
399
399
399
399
399
399
399
399
399
399
399
399
399
399
399
399
399
399
399
427
407
606
402
554
554
553
553
557
548
556
555
428
553
564
548
564
558
157
622
622
622
622
622
622
622
622
622
622
622
622
622
635
635
635
635
635
635
622
642
642
642
642
642
642
622
649
649
649
649
649
649
649
649
657
657
657
657
657
657
665
666
20
668
163
163
671
20
20
20
1
675
675
675
675
675
675
675
675
675
675
675
675
675
675
675
675
675
675
675
675
675
675
675
675
675
675
675
675
675
675
675
675
675
675
675
675
675
675
675
675
675
675
675
675
675
675
675
675
675
675
675
675
675
675
675
675
675
732
675
734
675
736
675
738
675
740
675
742
675
744
675
746
675
748
675
750
675
752
675
754
675
756
675
758
675
760
675
762
675
764
675
766
675
768
675
770
675
772
675
774
675
776
675
778
675
780
675
782
675
784
675
786
675
788
675
790
675
792
675
794
675
796
675
798
675
800
675
802
675
804
804
804
804
675
809
675
811
675
813
675
815
675
817
675
819
675
821
675
823
675
825
675
827
675
829
675
831
675
833
675
835
675
837
675
839
675
841
675
843
675
845
675
847
675
849
675
851
675
853
675
855
675
857
675
859
675
861
332
295
295
295
295
295
480
480
480
684
684
684
684
684
684
415
415
697
697
691
691
691
691
163
533
533
511
511
641
641
641
641
641
443
443
455
455
547
547
547
515
515
227
227
227
227
227
567
567
648
648
648
648
493
493
409
409
430
430
414
414
236
236
236
422
422
711
711
711
711
711
711
711
66
119
119
119
119
574
574
714
312
248
248
248
248
248
248
270
270
270
597
597
301
442
442
239
239
239
545
545
495
495
232
232
232
210
210
210
210
370
370
370
370
370
370
370
370
370
370
501
501
595
595
278
278
278
278
278
278
541
541
557
663
324
324
704
499
499
309
309
309
309
309
309
309
309
309
309
661
209
209
209
209
209
209
209
589
589
494
494
527
527
61
419
419
555
555
479
479
510
510
454
454
565
565
565
705
531
269
269
500
500
687
687
336
721
728
485
513
513
242
245
245
245
245
245
532
532
233
233
233
233
233
467
467
507
507
702
702
572
572
576
576
308
308
308
308
308
308
308
308
308
308
692
692
692
692
521
521
79
542
542
459
459
135
535
535
271
271
271
63
188
413
168
168
168
690
558
211
211
211
211
325
423
423
423
534
534
491
428
310
310
310
460
460
460
656
719
67
67
503
503
658
713
215
215
215
215
215
420
420
420
118
504
341
698
698
590
590
487
487
348
348
517
517
28
28
580
580
34
695
26
26
722
722
722
722
722
722
722
722
556
230
230
230
230
230
540
540
338
106
106
303
303
303
568
568
568
229
69
404
349
225
228
231
231
231
231
550
550
296
296
296
296
296
296
296
700
700
599
599
450
226
226
226
226
226
472
472
331
297
104
104
104
104
104
104
104
104
104
104
104
104
104
104
104
104
104
104
104
104
104
104
104
104
104
432
432
302
302
302
302
302
302
516
516
591
591
466
466
481
481
481
71
421
421
587
587
72
426
426
588
588
524
328
594
594
247
247
247
247
247
710
710
471
471
440
440
598
598
214
214
214
583
583
632
632
632
632
632
632
632
632
632
632
632
632
632
582
582
596
596
490
634
634
392
441
441
166
166
166
243
243
243
243
243
110
110
512
512
512
603
108
730
730
730
22
22
461
461
461
33
633
633
633
633
633
240
240
240
240
240
240
21
21
720
720
439
439
470
470
435
435
237
518
518
111
111
451
451
508
508
522
522
526
551
551
696
484
484
586
586
570
570
570
165
165
165
685
506
506
559
559
402
465
465
433
433
60
23
23
380
411
509
509
525
234
234
234
234
234
554
554
554
592
592
107
107
544
544
294
294
294
294
294
294
294
294
294
294
294
294
294
294
602
703
579
579
496
496
519
519
497
497
468
334
689
689
573
573
434
434
335
162
162
162
162
162
718
482
482
482
502
502
246
246
246
246
246
437
437
25
25
486
693
693
693
693
693
578
578
383
383
383
62
429
429
381
412
427
427
458
552
552
552
662
20
20
20
20
20
20
20
20
20
20
20
20
20
20
20
20
20
20
20
20
20
20
20
20
20
20
20
20
20
20
20
20
20
20
20
20
20
20
20
20
20
20
20
20
425
425
425
453
453
340
340
449
449
463
463
725
477
477
708
474
474
688
709
709
709
709
709
709
709
444
444
244
244
244
244
244
560
560
686
660
235
235
235
235
235
546
546
391
391
27
446
446
475
483
483
483
213
213
213
371
371
371
371
371
371
371
167
167
167
593
593
64
724
724
724
724
724
438
438
562
562
585
585
647
647
647
277
277
277
277
24
24
382
726
726
109
109
109
109
109
473
473
330
581
581
601
528
528
489
489
164
164
164
445
514
514
464
464
464
112
112
186
186
186
186
186
186
186
186
186
186
186
186
186
186
186
537
537
329
390
390
390
390
390
727
436
436
456
456
683
683
683
683
683
683
683
469
469
505
505
238
238
238
563
563
563
549
549
549
659
529
529
548
548
548
488
488
717
717
717
717
520
520
448
448
569
569
29
29
333
571
571
715
478
478
68
68
68
30
30
116
116
327
523
523
600
447
447
462
462
462
212
212
212
212
212
457
368
368
368
368
368
368
368
368
368
418
566
566
416
416
536
536
640
640
575
575
584
584
577
577
539
539
694
694
694
694
694
694
694
76
76
76
543
543
553
553
553
498
498
241
564
564
564
699
699
476
476
538
538
70
70
70
410
431
431
492
492
712
712
530
530
417
424
424
424
723
723
723
452
452
561
561
388
54
646
638
300
59
217
217
217
217
47
47
47
608
610
669
670
670
670
670
670
672
619
673
673
171
674
351
89
89
89
279
279
667
254
197
197
197
197
197
197
197
197
197
197
197
258
258
355
355
355
355
355
356
356
357
358
618
260
199
199
199
199
199
199
199
199
199
199
199
261
189
189
189
259
398
398
353
191
191
191
191
192
192
192
192
193
193
193
193
194
194
194
195
195
195
196
196
