2
3
4
5
6
7
8
9
10
11
12
13
14
15
16
17
18
19
20
21
22
23
24
25
26
27
28
29
30
31
32
33
34
35
36
37
38
39
40
41
42
43
44
31
28
47
50
51
52
53
54
55
56
57
58
59
60
61
62
63
64
65
66
67
68
69
70
71
72
73
74
75
76
77
78
79
80
81
82
83
84
85
86
87
88
89
90
91
92
93
94
95
96
97
98
99
100
101
102
103
104
105
106
107
108
109
110
111
112
113
114
115
116
117
118
119
120
121
122
123
124
125
91
128
129
130
131
132
133
134
135
136
137
138
139
140
141
142
143
144
145
146
147
148
149
150
151
152
153
154
155
156
158
159
160
161
162
163
164
165
166
167
168
159
170
171
172
173
174
175
176
177
178
179
180
181
182
183
184
185
186
187
188
189
190
191
192
193
194
195
196
197
187
199
201
202
203
204
205
206
207
208
209
210
211
212
213
214
215
216
217
208
207
220
221
222
223
224
225
226
227
228
229
230
231
232
233
234
235
236
237
238
239
240
241
242
243
244
245
246
247
248
249
250
251
252
253
254
222
223
224
257
258
259
260
261
263
264
265
266
267
268
269
270
271
272
273
274
275
276
277
278
279
280
281
282
283
284
285
286
287
288
289
290
291
292
293
294
295
296
297
298
299
300
301
302
303
304
305
306
307
308
309
310
311
312
313
314
315
316
317
318
319
320
321
322
323
324
325
326
327
328
329
330
331
332
333
334
335
336
337
338
339
340
341
342
343
344
345
346
347
348
349
351
283
353
296
355
356
357
358
359
360
361
362
363
364
365
366
367
368
369
370
371
372
373
374
375
376
377
378
379
380
381
382
383
384
359
371
387
388
389
390
391
392
393
394
395
396
397
398
399
400
401
402
403
404
405
406
407
408
409
410
411
412
413
414
415
416
417
418
419
420
421
422
423
424
425
426
427
428
429
430
431
432
433
434
435
436
437
438
439
440
441
442
443
444
445
446
447
448
449
450
451
452
453
454
455
456
457
458
459
460
461
462
463
464
465
466
467
468
469
470
471
472
473
474
475
476
477
478
479
480
481
482
483
484
485
486
487
488
489
490
491
492
493
494
495
496
497
498
499
500
501
502
503
504
505
506
507
508
509
510
511
512
513
514
515
516
517
518
519
520
521
522
523
524
525
526
527
528
529
530
531
532
533
534
535
536
537
538
539
540
541
542
543
544
545
546
547
548
549
550
551
552
553
554
555
556
557
558
559
560
561
562
563
564
565
566
567
568
569
570
571
572
573
574
575
576
577
578
579
580
581
582
583
584
585
586
587
588
589
590
591
592
593
594
595
596
597
598
599
600
601
602
603
604
605
407
607
608
609
610
611
612
613
614
615
616
617
618
619
620
621
622
623
624
625
626
627
628
629
630
631
632
633
634
635
636
637
638
639
640
641
642
643
644
645
646
647
648
649
650
651
652
653
654
655
656
657
658
659
660
661
662
663
643
624
667
647
669
670
633
672
673
674
675
676
677
678
679
680
681
682
683
684
685
686
687
688
689
690
691
692
693
694
695
696
697
698
699
700
701
702
703
704
705
706
707
708
709
710
711
712
713
714
715
716
717
718
719
720
721
722
723
724
725
726
727
728
729
730
731
732
733
734
735
736
737
738
739
740
741
742
743
744
745
746
747
748
749
750
751
752
753
754
755
756
757
758
759
760
761
762
763
764
765
766
767
768
769
770
771
772
773
774
775
776
777
778
779
780
781
782
783
784
785
786
787
788
789
790
791
792
793
794
795
796
797
798
799
800
801
802
803
804
805
806
807
808
809
810
811
812
813
814
815
816
817
818
819
820
821
822
823
824
825
826
827
828
829
830
831
832
833
834
835
836
837
838
839
840
841
842
843
844
845
846
847
848
849
850
851
852
853
854
855
856
857
858
859
860
861
862
326
325
321
292
287
313
405
406
404
682
744
742
748
738
740
412
404
701
819
391
387
387
752
161
531
736
403
764
652
651
639
638
649
404
792
411
403
405
406
404
404
841
251
250
225
223
224
409
404
634
644
645
646
404
39
405
406
410
404
412
404
225
223
224
404
736
713
804
784
792
790
788
782
64
729
96
99
102
412
404
859
306
251
253
252
225
223
224
268
266
272
410
404
300
404
792
225
223
224
404
39
404
39
225
223
224
372
202
361
359
382
379
381
380
364
360
363
362
378
359
409
404
410
404
271
273
275
276
274
359
531
748
404
649
297
313
802
409
404
315
340
312
317
297
320
311
310
337
313
657
371
205
202
361
359
373
359
404
804
404
39
404
784
56
412
404
404
39
405
404
404
768
411
403
405
408
404
732
404
268
267
409
404
680
760
313
825
857
732
404
857
243
250
252
225
223
224
531
736
251
250
225
223
224
404
760
404
766
676
756
404
817
404
823
338
315
341
325
349
321
339
307
313
337
681
823
772
821
403
786
390
531
738
404
750
390
531
742
371
267
359
58
393
404
163
161
160
734
404
205
206
208
361
315
405
406
404
531
740
734
404
318
319
313
405
408
404
649
861
59
54
405
403
657
712
209
210
206
203
359
405
406
403
100
404
338
701
800
410
404
404
37
347
346
404
845
10
9
412
404
729
815
6
14
693
694
692
691
696
689
695
697
404
249
250
225
223
224
531
774
342
97
124
70
64
50
405
406
404
230
55
403
346
224
230
251
225
223
224
404
41
291
286
285
289
50
298
304
701
677
404
859
403
223
222
224
280
304
404
782
326
284
685
119
106
727
688
715
107
115
113
109
701
723
117
108
114
683
722
118
93
101
92
95
96
94
99
410
404
315
303
316
300
50
313
404
843
410
404
404
835
405
406
404
52
404
776
404
804
73
412
404
404
804
404
326
410
404
250
252
225
223
224
711
786
404
804
404
792
410
404
209
205
203
404
800
633
654
634
656
651
625
623
629
626
630
624
628
649
404
819
404
790
732
653
649
389
404
792
163
161
160
250
252
225
223
224
95
96
404
400
839
404
98
391
392
387
3
35
405
404
400
18
630
629
627
642
635
253
250
252
225
223
224
7
6
678
825
404
792
404
804
404
792
225
404
845
95
96
412
404
404
768
403
786
404
409
404
817
405
404
404
809
405
408
404
163
161
160
764
404
752
404
41
400
404
772
410
404
51
4
43
359
410
404
770
404
251
250
225
223
224
405
407
404
404
811
122
120
531
764
324
315
296
295
322
290
283
282
288
284
287
291
281
313
404
758
412
404
404
39
404
847
404
41
404
326
690
387
404
821
410
404
326
161
159
160
622
642
50
405
406
404
409
404
250
252
225
223
224
404
792
41
39
734
391
387
387
754
393
404
800
378
373
359
57
410
404
359
411
404
35
404
405
406
404
657
21
724
728
727
710
28
23
22
723
25
30
704
685
698
24
688
725
26
33
715
27
29
726
719
686
702
31
34
683
722
699
32
16
10
11
5
15
13
7
6
8
9
3
17
405
406
404
412
404
337
342
403
410
404
853
849
404
798
707
404
782
750
700
688
796
794
780
782
778
412
404
250
252
225
223
224
404
39
813
657
249
250
225
223
224
409
404
388
393
12
404
855
404
405
408
404
209
206
204
382
369
381
370
361
359
378
163
161
160
410
404
53
841
845
843
839
847
404
792
409
404
412
404
645
646
649
273
275
276
274
10
37
373
851
853
116
701
111
110
112
404
782
326
404
817
404
404
784
412
404
163
161
160
404
404
39
404
400
849
95
96
187
188
173
183
184
178
179
174
177
180
185
175
176
182
181
531
746
326
388
389
387
393
387
855
404
792
405
403
684
679
776
762
774
736
746
404
804
404
754
225
223
224
405
406
404
405
408
404
657
404
784
405
407
404
409
404
833
829
827
837
403
802
403
410
404
35
10
9
326
404
815
859
404
43
59
54
387
10
9
91
96
326
403
786
404
404
855
404
400
851
209
210
206
203
359
404
369
364
365
367
363
366
362
359
359
404
404
39
410
404
531
744
639
638
412
404
412
404
404
819
531
774
391
387
766
387
393
768
770
51
54
52
531
762
405
407
404
404
39
243
405
407
404
700
798
404
798
531
746
392
54
387
409
410
404
403
762
811
809
404
861
404
405
406
404
687
831
835
412
404
404
813
393
387
649
649
313
387
371
205
202
359
685
10
9
407
407
623
630
629
627
642
635
633
407
623
629
163
629
284
392
54
387
371
267
624
225
177
180
183
184
185
178
175
176
182
179
181
222
224
291
289
50
298
304
291
284
296
291
407
225
177
180
183
184
185
178
175
176
182
179
181
225
187
180
175
225
389
387
283
180
183
182
181
177
178
175
176
187
174
183
178
187
177
182
187
176
181
180
175
