1
2
2
2
2
2
2
2
2
2
2
2
2
2
2
2
2
2
2
2
2
2
2
2
2
2
2
2
2
2
2
2
2
2
2
2
2
2
2
2
2
2
2
12
45
47
48
48
48
48
48
48
48
48
48
48
48
48
48
48
48
48
48
48
48
48
48
48
48
48
48
48
48
48
48
48
48
48
48
48
48
48
48
48
48
48
48
48
48
48
48
48
48
48
48
48
48
48
48
48
48
48
48
55
106
48
108
108
108
66
112
48
114
114
48
117
117
117
117
67
122
122
68
125
125
128
69
130
130
70
133
73
135
75
137
77
139
48
141
141
141
141
145
145
145
145
147
150
141
152
152
152
152
152
152
85
159
86
161
48
163
48
165
165
48
168
168
168
168
168
48
174
48
176
48
178
178
48
181
181
181
181
186
187
187
187
187
187
187
187
187
187
187
187
187
187
187
187
187
187
204
204
204
204
187
209
209
209
209
209
209
209
209
209
209
220
220
187
223
223
223
223
223
200
1
230
230
230
230
230
230
230
230
230
230
230
230
230
230
230
230
230
230
230
230
230
230
230
230
230
230
230
230
230
230
230
230
230
230
230
230
230
230
230
230
230
230
230
230
230
230
239
277
246
279
230
281
281
281
230
285
285
285
285
285
285
285
285
285
285
285
285
285
285
285
285
285
285
285
285
285
285
247
247
1
310
310
310
310
310
310
310
310
310
310
310
310
310
310
310
310
310
310
310
310
310
310
310
310
310
310
310
310
310
310
310
310
310
310
310
329
346
331
348
341
350
350
350
350
350
310
356
356
356
356
356
356
356
356
356
310
366
366
366
337
371
372
372
372
372
372
372
372
372
372
372
372
372
377
377
377
388
389
1
391
391
391
391
391
391
391
391
391
391
391
391
391
391
391
391
391
391
391
391
391
391
391
391
391
391
391
391
391
391
391
391
391
391
391
391
391
391
391
391
391
391
391
391
391
391
391
391
391
391
391
391
391
391
391
391
391
391
391
391
391
391
391
391
391
391
391
391
391
391
391
391
391
391
391
391
391
391
391
391
391
391
391
391
391
391
391
391
391
391
391
391
391
391
391
391
391
391
391
391
391
391
391
391
391
391
391
391
391
391
391
391
391
391
391
391
391
391
391
391
391
391
391
391
391
391
391
391
391
391
391
391
391
391
391
391
391
391
391
391
391
391
391
391
391
391
391
391
391
391
391
391
391
391
391
391
391
391
391
391
391
391
391
391
391
391
391
391
391
391
391
391
391
391
391
391
391
391
391
391
391
391
391
391
391
391
391
391
391
391
391
391
391
391
391
391
391
391
391
391
391
391
391
391
391
391
391
391
426
600
432
602
443
604
457
606
391
608
608
608
608
608
608
391
615
615
615
615
615
615
621
622
391
624
514
626
515
628
516
630
391
632
522
634
634
558
637
559
639
560
641
561
643
391
645
645
645
391
649
649
649
649
422
654
423
656
433
560
176
174
152
649
145
78
78
78
78
338
74
74
74
74
74
74
242
242
242
242
471
471
471
471
538
280
76
76
585
449
449
449
449
449
449
507
203
203
218
44
497
638
638
276
443
443
245
92
629
629
534
508
508
508
508
508
508
508
508
508
508
508
523
491
99
577
164
505
46
46
297
297
297
492
509
509
440
440
440
440
528
528
446
446
446
446
446
336
336
336
336
336
336
558
558
572
515
124
69
69
69
69
69
69
69
69
69
278
343
343
343
380
66
66
66
66
66
66
66
66
66
66
526
526
584
584
249
249
249
249
192
192
192
192
147
147
460
460
460
460
460
460
26
26
26
477
477
554
554
40
40
16
16
355
355
110
110
450
33
33
33
33
33
33
75
75
75
275
275
30
495
548
456
266
236
236
236
304
304
304
304
304
304
304
304
166
451
655
655
655
613
613
613
576
576
576
576
576
575
462
476
476
273
72
72
72
511
34
34
34
222
574
589
589
98
426
426
93
64
64
64
64
82
82
82
82
82
556
365
365
365
365
365
365
259
259
259
259
239
239
532
532
532
532
532
586
32
32
32
214
214
214
475
475
475
337
337
337
337
337
552
264
68
68
68
483
483
194
67
67
67
67
459
459
459
20
20
20
20
20
20
306
306
306
306
431
431
518
518
564
567
28
28
28
295
295
657
22
22
22
542
240
240
200
250
379
379
644
644
644
648
648
648
651
651
247
247
247
247
247
247
545
478
557
193
193
193
193
549
300
300
300
300
300
300
300
300
300
300
300
103
354
354
563
263
263
453
453
453
453
453
536
479
260
260
260
260
260
260
43
151
335
335
335
335
212
334
195
369
369
369
369
369
369
258
258
258
258
470
470
470
470
293
293
293
293
293
293
293
293
293
339
339
219
21
21
559
559
559
559
559
559
559
559
601
601
601
601
601
601
601
442
442
442
640
640
640
640
640
17
17
17
17
17
519
121
430
531
531
213
213
213
265
274
197
197
19
19
19
19
19
19
525
140
504
504
504
504
504
504
504
504
254
254
254
254
254
254
111
111
111
111
111
111
111
111
432
432
432
432
432
432
432
432
432
432
432
432
432
432
432
432
432
432
432
432
95
627
627
97
529
573
573
573
463
463
84
84
84
84
84
84
84
84
84
84
84
488
642
642
206
466
466
184
184
272
599
438
14
652
241
241
241
241
241
241
241
241
444
474
474
474
474
235
235
235
235
62
530
530
485
520
520
520
520
520
520
445
445
445
445
445
85
85
510
452
452
452
452
171
489
425
425
425
425
425
425
425
425
425
425
425
425
481
614
614
614
614
454
454
454
454
464
307
307
424
543
565
202
502
134
134
134
134
569
521
521
521
521
521
344
24
24
24
24
496
588
562
37
541
482
482
448
448
448
448
448
448
448
448
448
448
448
448
490
480
237
261
261
261
261
261
261
41
41
429
248
248
248
185
185
592
303
303
303
303
303
303
303
303
441
441
441
625
625
625
625
625
625
625
625
625
591
207
553
142
142
142
142
142
148
517
517
517
517
544
571
251
251
251
582
593
593
593
593
332
332
332
522
522
522
522
522
522
522
522
486
621
621
621
621
621
621
621
621
621
621
621
113
225
208
473
473
473
158
158
158
158
158
487
294
294
294
77
77
360
360
360
455
455
455
455
455
455
455
18
18
156
156
156
156
199
428
457
457
457
457
457
457
598
298
298
513
513
513
513
513
513
513
102
516
596
596
596
596
353
382
535
535
535
535
535
535
226
631
631
94
104
29
29
29
29
29
29
498
305
39
39
363
533
132
132
132
447
447
447
447
73
73
73
73
31
31
31
31
31
31
437
434
434
494
331
331
331
331
331
331
381
587
560
560
560
560
560
560
560
560
620
620
620
620
620
620
620
620
620
620
620
63
63
63
63
63
63
63
63
63
63
468
524
524
191
191
299
299
299
299
299
299
299
299
299
299
271
271
364
364
364
364
364
364
364
364
364
580
580
580
101
512
512
512
512
512
512
252
435
435
267
427
427
256
256
256
256
256
527
568
583
501
15
15
15
15
201
377
377
377
377
36
36
36
36
36
500
551
551
551
551
198
590
70
70
70
433
433
433
433
433
433
433
433
433
86
86
79
79
243
243
243
243
243
243
243
243
243
243
595
458
42
42
246
246
246
246
246
345
376
376
376
597
597
269
83
83
83
83
83
83
83
83
83
83
83
83
83
83
83
83
83
83
83
83
83
83
227
227
227
635
342
539
539
653
35
439
439
138
138
38
38
38
38
38
270
81
81
81
81
81
81
81
81
81
81
81
81
81
81
81
81
81
81
579
71
71
71
71
71
71
71
71
71
71
506
362
362
362
362
362
362
23
23
23
170
253
514
514
127
87
87
87
555
555
555
555
555
215
215
215
255
255
255
255
255
361
566
196
196
467
467
467
467
368
368
594
594
594
594
594
594
594
378
469
469
333
499
570
570
570
238
284
284
301
301
301
301
301
301
301
301
301
301
301
301
301
100
546
503
503
578
578
578
537
537
537
537
537
537
340
340
340
340
340
540
302
302
302
302
302
302
302
302
302
65
493
296
296
296
436
547
547
390
390
390
390
390
390
390
390
257
257
257
257
268
484
484
287
58
58
12
57
57
51
6
10
233
311
422
423
59
59
282
282
231
60
411
647
286
321
154
109
375
617
325
405
367
351
56
56
234
318
618
393
52
292
370
308
308
658
659
659
659
659
