1
2
2
2
2
2
2
2
2
2
2
2
2
2
2
2
2
2
2
2
2
2
2
2
2
2
2
2
2
2
2
2
2
2
2
2
2
2
2
2
2
2
2
2
2
2
2
2
2
2
2
2
2
2
2
2
2
2
2
2
2
2
2
2
2
19
67
54
70
71
71
71
71
71
71
71
71
71
71
71
71
71
71
71
71
71
71
71
71
71
71
71
71
71
71
71
71
71
71
71
71
71
71
106
1
107
107
107
107
107
107
107
107
107
107
107
107
107
107
107
107
107
107
107
107
107
107
107
107
107
111
133
112
135
113
137
114
139
115
141
116
143
117
145
118
147
119
149
120
151
121
153
122
155
123
157
124
159
125
161
128
163
107
165
165
165
165
165
165
165
165
165
165
107
176
176
176
176
177
181
107
183
183
183
183
183
184
189
191
103
103
194
195
195
196
197
198
68
200
200
200
200
201
201
201
201
201
201
202
202
202
202
203
204
204
204
204
204
204
204
204
204
204
204
204
204
204
204
1
220
220
220
220
220
220
220
220
220
220
220
220
220
220
220
220
220
220
220
220
220
220
220
220
220
220
220
220
220
220
220
220
220
220
220
220
220
220
220
220
220
220
220
220
220
220
220
220
220
220
220
220
220
220
220
220
220
220
220
220
220
220
220
220
220
220
220
220
220
220
220
220
220
220
220
220
220
220
220
220
220
220
220
220
220
220
220
220
220
220
220
220
220
220
220
220
220
220
259
319
266
321
269
323
271
325
220
327
327
327
327
327
327
327
327
327
327
327
220
339
339
339
339
339
339
339
339
339
339
339
339
339
270
354
355
356
356
357
358
359
1
360
360
360
360
360
360
360
360
360
360
360
360
360
360
360
360
360
360
360
380
381
382
382
382
382
382
382
382
382
382
382
382
382
382
382
382
382
382
382
382
382
382
382
382
382
382
382
382
382
382
382
382
382
382
382
382
382
382
382
382
382
382
382
382
382
382
382
382
382
382
382
382
382
382
382
382
382
382
382
382
382
382
382
382
382
382
382
382
382
382
382
417
453
443
455
450
457
450
459
451
461
452
463
452
465
382
467
1
469
469
469
469
469
469
469
469
469
469
469
469
469
469
469
469
469
469
469
469
469
469
469
493
494
495
495
495
495
495
495
495
495
495
495
495
495
495
495
495
495
495
495
495
495
495
495
495
495
495
495
495
495
495
495
495
495
495
495
495
495
531
531
531
531
498
536
501
538
502
540
523
542
526
544
529
546
495
548
527
523
494
552
552
552
552
552
552
555
559
555
561
556
563
557
565
557
567
558
569
571
558
573
558
575
552
577
71
107
176
183
517
134
63
276
276
276
276
276
298
298
88
74
317
317
317
61
61
61
61
311
311
65
213
213
213
213
440
483
187
102
236
444
444
241
241
62
99
264
264
231
410
407
407
407
407
351
59
59
31
31
31
31
100
485
124
124
124
124
266
266
266
266
266
266
266
266
266
266
266
266
238
238
238
238
525
92
324
34
34
34
34
52
52
52
52
251
476
91
252
252
486
215
408
349
126
126
313
313
32
32
32
32
56
56
29
29
29
29
118
118
118
118
524
524
216
47
47
47
47
47
47
258
258
53
53
53
53
320
95
406
283
283
283
283
513
312
312
33
33
33
33
547
547
458
292
292
489
489
322
256
256
270
270
434
434
434
413
269
248
40
40
93
242
242
242
242
242
263
263
287
287
82
140
37
37
37
37
21
448
448
448
448
518
297
297
487
487
555
555
555
158
416
416
348
309
309
286
286
286
286
286
286
174
451
451
451
190
116
116
116
278
173
173
173
173
64
123
123
123
123
42
42
257
257
257
267
267
267
267
267
267
267
267
267
131
417
454
454
527
527
418
94
293
293
115
115
282
282
282
282
57
57
419
419
433
433
347
30
30
30
30
404
89
156
23
60
60
60
60
560
560
39
39
438
24
24
346
412
51
51
171
275
275
275
350
558
160
446
446
446
432
432
35
35
35
35
521
261
261
261
261
261
429
284
284
284
284
284
284
414
45
557
557
232
110
122
122
122
122
512
233
233
120
120
120
120
314
314
341
289
289
289
25
25
25
97
415
528
528
528
528
528
411
445
445
41
41
235
235
235
235
235
235
235
235
265
265
409
423
470
281
281
281
281
117
117
117
28
279
572
482
424
18
18
18
18
18
18
18
18
18
18
127
127
127
127
127
127
307
307
427
427
427
427
302
302
154
44
44
44
44
105
125
125
125
125
114
114
36
36
36
36
428
428
428
428
428
428
428
428
428
428
484
104
150
58
58
58
103
237
237
285
146
121
121
121
121
526
526
526
526
526
526
526
66
66
188
128
128
128
128
178
178
178
244
73
288
288
288
288
109
212
142
308
308
148
182
112
112
239
239
239
239
239
239
239
239
68
477
475
98
111
111
318
318
318
119
119
119
119
294
294
129
129
243
243
243
243
243
243
54
54
54
54
86
185
185
185
245
245
180
290
290
290
27
254
254
254
254
254
136
26
450
450
450
450
450
450
301
301
556
556
556
19
19
426
543
315
316
316
316
38
38
274
431
439
90
295
295
295
295
164
218
218
218
218
218
218
218
549
22
441
441
441
441
441
441
441
441
441
441
43
43
473
435
55
55
430
430
430
430
430
430
430
430
430
96
162
530
530
530
234
234
234
234
113
113
481
48
48
48
48
250
250
250
519
230
230
230
230
230
230
230
230
230
522
437
437
437
437
132
253
253
253
511
511
511
511
511
260
260
260
260
260
260
260
300
300
277
277
277
277
405
138
217
296
296
306
306
564
564
326
259
259
259
259
259
259
259
259
259
299
299
49
49
49
49
472
529
529
529
529
529
247
247
247
247
247
247
247
46
46
46
46
152
172
214
345
478
130
479
272
272
272
272
262
262
262
262
262
262
50
50
50
50
144
449
449
240
452
471
271
271
271
271
291
291
20
20
20
20
20
101
443
443
305
305
523
523
523
523
523
523
523
447
447
310
310
249
249
304
304
480
344
246
246
246
246
246
303
303
12
228
553
3
503
8
229
177
226
384
397
397
224
227
4
396
396
222
504
184
69
69
191
192
193
193
193
551
353
550
202
