1
2
2
2
2
2
2
2
2
2
2
2
2
14
14
14
14
14
10
22
23
23
25
27
28
28
28
28
28
28
28
28
28
28
28
28
28
28
28
28
28
28
28
28
28
49
49
49
49
49
49
49
49
49
49
49
49
49
49
49
49
49
49
49
49
49
49
49
49
49
49
48
77
78
78
78
78
78
78
78
78
78
78
78
78
78
78
78
78
78
78
78
78
78
78
78
78
78
78
78
97
27
107
107
107
107
107
107
107
107
107
107
107
107
107
107
107
107
107
107
107
107
107
107
107
107
107
107
107
134
134
134
134
134
134
134
134
134
134
134
134
134
134
134
134
134
134
134
134
134
134
134
134
134
134
134
134
134
134
48
166
167
167
167
167
167
167
167
167
167
167
167
167
167
167
167
167
167
167
167
41
41
161
161
71
71
148
148
148
148
148
148
148
148
148
148
148
148
148
44
104
104
104
104
104
164
164
164
164
164
164
164
164
164
164
164
164
164
164
164
164
164
164
164
164
164
164
164
164
164
164
164
164
164
127
156
156
156
130
130
130
130
132
132
132
87
87
87
87
87
87
126
126
149
149
74
74
151
151
70
70
48
48
48
86
159
159
88
64
64
93
128
128
128
128
128
128
128
128
128
128
128
128
128
128
128
102
9
9
158
158
158
158
158
158
72
72
46
46
46
46
46
46
46
95
101
160
160
162
162
45
92
10
10
62
62
147
98
69
69
69
67
67
133
133
133
133
133
103
103
103
103
103
103
68
68
43
43
47
129
129
129
129
13
66
66
152
152
157
157
124
124
163
163
163
163
75
75
75
75
75
75
75
75
75
75
75
75
75
75
75
75
75
75
75
75
75
75
75
75
99
91
154
154
150
150
65
65
73
73
131
131
153
153
100
97
6
6
5
5
96
96
155
155
63
63
89
3
108
106
165
76
