2
3
4
5
6
7
8
9
10
11
12
13
14
15
16
17
18
19
20
21
22
23
24
25
26
27
29
30
31
32
33
34
35
36
37
38
39
40
41
42
43
44
45
46
47
48
49
50
52
54
55
56
57
58
59
60
61
62
63
64
65
66
67
68
69
70
71
72
73
74
75
76
78
79
80
81
82
83
84
85
86
87
88
89
90
91
92
93
94
95
96
97
98
99
100
101
102
103
104
105
106
107
108
109
110
111
112
113
114
115
116
117
118
119
120
121
122
123
124
125
126
127
128
129
130
131
132
133
134
135
31
51
55
55
104
103
102
31
61
115
55
38
33
31
30
104
85
93
95
96
94
92
32
62
61
10
13
12
51
31
55
61
128
13
45
91
91
44
31
61
83
13
4
32
115
5
4
6
55
126
131
127
113
112
115
116
46
47
31
82
83
84
61
122
120
123
82
83
84
85
55
121
31
55
93
31
88
83
85
121
117
115
11
12
10
13
7
61
55
113
112
104
103
102
61
31
61
103
115
5
4
6
115
113
112
38
33
31
30
122
120
123
62
103
122
120
123
124
118
119
125
55
95
96
94
92
97
55
54
54
54
81
81
129
127
115
128
113
112
126
131
127
113
112
2
115
51
115
92
62
