2
3
4
5
6
7
8
9
10
11
12
13
14
15
16
17
18
19
4
22
23
24
25
26
27
28
29
22
31
32
33
34
35
36
37
38
39
40
41
42
43
44
45
46
47
48
49
50
51
52
53
54
55
56
57
58
59
60
61
62
63
64
65
66
67
68
69
70
71
72
73
74
75
76
77
78
79
80
81
82
83
84
85
86
87
88
89
90
91
92
93
94
95
96
97
98
99
100
101
102
103
104
105
106
107
108
109
110
111
112
113
114
115
116
117
118
119
120
121
122
123
124
125
126
127
128
129
130
131
132
133
134
135
136
137
138
139
140
141
142
143
144
145
146
147
148
149
150
151
152
153
154
155
156
157
158
159
160
161
162
163
164
165
166
167
168
169
170
171
172
173
174
175
176
178
179
180
181
182
183
184
185
186
187
188
189
190
191
192
193
194
195
196
197
198
199
200
201
202
203
204
205
206
207
208
209
210
211
212
213
214
215
216
217
218
219
220
221
222
223
224
225
226
227
228
229
230
231
232
233
234
235
236
237
238
239
240
241
242
243
244
245
246
247
248
249
250
251
252
253
254
255
256
257
258
259
260
261
262
263
264
265
266
267
268
269
270
271
272
273
274
275
276
277
278
279
280
281
282
283
284
285
286
287
288
289
290
291
292
293
294
295
296
297
298
299
300
301
302
303
304
305
306
307
308
309
310
311
312
313
314
315
316
317
318
319
320
321
199
323
324
325
326
327
328
329
330
331
332
333
334
335
336
337
338
339
340
341
342
343
344
345
346
347
348
349
350
351
352
353
354
355
356
357
358
359
360
361
362
363
364
365
366
367
368
369
370
371
368
357
366
358
367
359
360
362
381
371
383
369
385
370
387
388
365
390
392
393
394
395
396
397
398
399
400
401
402
403
404
405
406
407
408
409
410
411
412
413
414
415
416
417
418
419
420
421
422
423
424
425
426
427
428
429
430
431
432
433
434
435
436
437
438
439
440
441
442
443
444
445
446
447
448
449
450
451
452
453
454
455
456
457
458
459
460
461
462
463
464
465
466
467
468
469
470
471
472
473
474
475
476
477
478
479
480
481
482
483
484
485
486
487
488
489
490
491
492
493
494
495
496
497
498
499
500
501
502
503
504
505
506
507
508
509
403
512
435
441
443
517
518
519
520
521
522
523
524
525
526
527
528
529
530
531
532
533
534
535
536
537
538
539
540
541
542
543
544
545
546
547
548
549
550
551
552
553
554
555
556
557
558
559
560
561
563
564
565
566
567
568
569
570
571
572
573
574
575
576
577
578
579
580
581
582
583
584
585
586
587
588
589
590
591
592
593
594
595
596
597
598
599
600
601
602
603
604
605
606
607
608
609
610
611
612
613
614
615
616
617
618
619
620
621
622
623
624
625
626
627
628
629
630
631
632
633
634
635
636
637
638
639
640
641
642
643
644
645
646
647
648
649
650
651
652
653
654
655
656
657
658
659
660
661
662
663
664
665
666
667
668
669
670
671
672
673
674
675
676
677
678
679
680
682
683
684
685
686
687
688
689
690
691
692
693
694
695
696
697
698
699
700
701
702
703
704
705
706
707
708
712
713
712
713
715
716
717
718
719
720
721
722
723
724
725
726
727
728
729
730
731
732
733
734
735
736
737
738
739
740
741
742
743
744
745
746
747
748
749
750
751
752
753
754
755
756
757
758
759
760
761
762
763
764
765
766
767
768
769
770
771
772
773
774
775
776
777
778
779
780
781
782
783
784
785
786
787
690
712
213
213
22
213
563
213
263
264
267
577
595
574
572
606
784
359
421
399
263
264
267
495
595
717
716
291
290
293
292
645
563
639
446
402
403
400
401
404
2
435
613
710
595
564
566
115
528
528
407
428
410
396
393
397
204
146
399
595
477
595
616
716
178
558
504
496
492
634
308
310
309
710
217
595
624
646
592
677
565
660
581
595
595
199
489
477
479
478
480
291
293
292
493
494
495
496
492
472
454
402
404
392
691
605
595
631
660
591
226
242
412
445
132
23
24
199
410
404
250
209
210
204
233
243
204
608
130
476
480
478
119
492
360
358
359
22
605
615
595
706
704
705
707
217
149
405
446
732
767
731
730
720
725
726
264
620
493
494
492
360
358
361
359
2
410
2
417
77
43
50
39
66
79
35
34
65
49
78
76
47
33
68
46
40
45
42
37
48
38
69
32
41
44
2
392
178
124
357
32
666
563
97
19
102
18
77
79
3
347
645
103
99
115
67
54
156
70
72
52
71
489
477
479
478
308
9
115
56
58
235
238
237
240
236
242
241
243
239
27
365
191
97
28
29
65
45
226
22
653
291
593
338
271
732
767
731
720
725
487
605
615
595
732
767
730
77
724
720
722
727
725
726
265
309
434
410
429
404
445
445
454
409
510
199
213
8
3
4
6
10
7
9
5
732
767
730
720
725
726
149
150
204
732
767
730
720
725
419
143
716
493
202
200
201
547
360
430
445
445
510
595
710
59
54
587
586
588
26
366
190
116
27
365
118
28
22
199
261
595
441
595
237
287
271
269
267
268
270
226
226
407
410
397
665
581
666
577
347
645
240
605
615
595
492
467
458
448
446
449
462
445
462
7
102
32
54
446
263
265
271
264
266
269
267
268
270
262
204
617
734
413
741
733
735
736
721
724
77
717
718
719
716
720
722
78
723
737
188
103
189
120
90
121
84
362
105
186
145
104
183
187
45
61
180
64
73
39
65
62
75
56
63
54
47
58
157
204
204
605
615
595
103
97
111
47
74
732
767
730
720
725
396
393
397
395
394
510
235
238
237
240
236
241
242
243
239
595
639
732
767
731
720
725
407
43
74
26
366
190
116
27
365
118
28
22
199
233
593
697
698
732
767
730
784
720
725
783
716
178
742
740
392
178
306
103
97
111
410
402
716
392
392
9
593
595
616
645
645
738
739
724
717
716
392
178
2
31
361
90
100
104
59
651
650
649
648
647
677
595
417
98
103
43
56
609
595
593
604
595
604
446
595
703
703
615
102
103
44
226
595
710
595
418
399
269
558
199
645
575
226
574
217
23
732
767
731
721
720
725
266
654
590
576
677
308
310
309
645
595
235
237
236
115
732
767
731
720
725
162
163
595
464
465
463
431
510
491
407
491
238
57
446
593
213
732
250
209
767
210
730
204
233
453
446
510
732
767
731
720
725
732
767
731
720
725
235
410
149
595
605
615
526
529
552
554
553
551
528
718
236
595
642
570
477
477
217
634
631
469
360
358
22
592
464
465
463
360
22
131
217
26
370
116
368
369
101
28
65
22
456
432
510
595
592
645
677
442
402
72
153
164
732
767
731
721
720
725
291
26
190
116
367
27
365
118
28
39
557
22
199
289
143
235
238
237
240
234
236
242
241
243
239
153
110
193
144
192
45
53
64
57
44
204
399
70
54
595
631
633
600
584
603
6
2
410
401
404
595
407
409
605
595
631
293
292
289
508
501
432
267
235
237
236
731
228
230
231
229
227
510
477
716
392
392
162
161
164
160
163
159
155
150
148
595
616
310
329
330
331
333
332
595
642
643
571
568
578
569
732
767
731
720
725
5
732
767
731
721
720
725
732
767
731
721
720
725
732
767
731
720
725
595
582
584
652
585
592
567
572
573
420
721
717
719
718
720
609
595
593
292
605
615
595
149
493
494
496
492
407
17
46
43
50
37
48
34
32
49
44
47
33
595
360
358
359
22
22
446
407
120
121
84
362
186
45
65
43
180
75
73
57
56
54
47
157
664
580
732
767
731
720
725
576
638
477
479
476
162
161
164
160
163
158
710
263
265
271
264
266
269
267
268
270
407
475
90
190
105
59
45
61
54
58
306
509
660
590
591
577
595
343
335
344
510
222
24
199
308
307
310
309
90
95
59
70
61
54
58
250
209
210
204
233
8
742
732
767
731
735
717
718
716
722
725
605
615
595
631
90
93
59
70
61
54
58
358
359
732
767
730
720
725
726
407
619
732
767
731
720
725
263
265
271
264
266
269
267
268
270
360
22
222
732
767
731
721
720
725
691
510
90
102
104
59
60
154
150
592
263
55
239
410
402
401
697
308
119
97
259
238
237
240
241
239
226
226
432
485
476
480
132
131
133
732
767
731
720
725
268
477
291
293
292
293
573
602
601
732
767
731
721
720
725
645
656
590
583
646
592
589
564
574
677
417
143
371
65
72
41
57
56
54
68
70
54
132
469
342
343
335
340
328
341
327
337
325
326
336
339
344
334
324
338
178
350
116
419
398
270
599
598
410
430
402
184
354
185
353
351
132
134
133
592
241
492
36
90
91
59
70
61
54
58
217
291
597
178
178
22
655
148
51
148
128
128
357
148
563
392
392
435
142
142
140
148
51
148
157
148
148
169
199
445
445
148
148
348
348
22
392
2
2
22
360
358
359
360
360
403
360
360
358
360
358
359
358
359
358
359
360
358
22
359
