2
3
4
5
6
7
8
9
10
11
12
13
14
15
16
17
18
19
20
21
22
23
24
25
26
27
28
29
30
31
32
33
34
35
36
37
38
39
40
41
42
43
44
45
46
47
48
49
50
51
52
53
54
55
56
57
58
59
60
61
62
63
64
65
66
67
68
69
70
71
72
73
74
75
76
77
78
79
80
81
82
83
84
85
86
87
88
89
90
91
92
93
94
95
96
97
98
99
51
44
93
95
94
23
77
72
63
68
63
27
34
45
50
45
22
24
76
71
60
53
67
62
49
44
81
69
62
85
80
35
78
71
86
80
72
93
95
94
58
53
96
23
24
6
54
72
81
63
45
71
44
80
53
62
59
54
21
20
54
54
72
81
63
45
