2
3
4
5
6
7
8
9
10
11
12
13
14
15
16
17
18
19
20
21
22
23
24
25
26
27
28
29
30
31
32
33
34
35
36
37
38
39
40
41
42
43
44
45
46
47
48
49
50
51
52
53
54
55
56
57
58
59
60
61
62
63
64
65
66
67
68
69
70
71
72
73
74
75
76
77
78
79
80
81
82
83
84
85
86
87
88
89
90
91
92
93
94
95
96
97
98
99
100
101
102
103
104
105
106
107
108
109
111
112
113
114
115
116
117
118
119
120
121
122
123
124
125
126
127
128
129
130
131
132
133
134
135
136
137
138
139
140
141
142
143
144
145
146
147
148
149
150
151
152
153
154
155
156
157
158
159
160
161
162
163
164
155
98
111
98
99
101
100
65
91
84
78
64
60
68
153
66
115
113
113
3
4
9
14
99
101
100
65
66
98
3
88
83
99
101
107
100
60
70
64
3
9
113
3
9
3
153
81
105
64
69
61
63
104
6
155
153
15
3
14
9
9
3
85
3
9
114
113
162
3
7
8
96
99
101
100
60
63
65
66
98
3
9
113
91
89
15
3
4
9
5
13
16
14
97
60
3
113
153
10
12
9
111
3
4
14
9
63
3
9
114
113
65
66
3
9
114
116
113
9
60
105
108
64
69
68
65
70
66
13
116
114
113
91
89
81
82
97
85
108
80
96
64
107
60
63
70
15
16
3
78
77
72
68
153
117
114
3
78
64
61
68
67
63
113
9
86
85
60
63
9
59
115
107
3
104
116
153
113
113
113
115
153
103
103
111
106
106
63
