1
2
2
2
2
2
2
2
2
2
2
2
9
14
9
16
2
18
18
18
18
11
24
25
25
25
25
25
25
25
25
25
25
25
25
25
25
25
25
25
25
25
25
25
25
25
25
25
25
25
25
25
25
25
25
25
25
25
25
25
25
25
25
25
25
25
25
25
25
25
38
73
73
67
76
25
78
78
78
78
1
83
83
83
83
83
83
83
83
83
83
83
83
83
97
97
98
99
99
99
99
99
99
101
106
103
108
105
110
100
100
114
114
115
107
104
104
104
120
29
22
22
22
96
96
96
11
13
75
82
82
92
92
92
92
95
95
95
72
72
88
88
88
88
90
91
91
91
91
102
28
100
36
43
46
37
94
94
94
94
48
31
31
62
12
12
12
12
12
12
30
81
81
93
93
93
93
10
10
89
89
89
89
89
68
104
35
9
9
9
9
9
4
86
3
117
97
97
97
