2
3
4
5
6
7
8
9
10
11
12
13
14
15
16
17
18
19
20
21
22
23
24
25
26
27
28
29
30
31
32
33
34
35
36
37
38
39
40
41
42
32
45
46
47
48
49
50
51
52
53
54
55
56
57
58
59
60
61
62
63
64
65
67
68
69
70
71
72
73
74
75
76
77
78
79
80
81
82
83
84
85
86
87
88
89
90
91
92
93
94
95
96
97
98
99
100
101
102
103
104
105
106
107
108
109
110
111
112
113
114
115
116
117
118
119
120
121
122
123
124
125
110
128
129
130
131
132
133
134
135
136
137
138
139
140
141
142
143
144
145
146
147
148
149
150
151
152
153
154
155
156
157
158
159
160
161
162
163
164
165
166
167
168
169
170
171
172
173
174
175
176
177
178
179
180
181
182
183
184
185
186
187
188
189
190
191
192
193
194
195
196
197
198
199
200
201
202
203
204
205
206
207
208
209
203
211
212
213
214
215
216
217
218
219
220
221
222
223
224
225
226
227
228
229
230
231
232
233
234
235
236
237
238
239
240
241
242
243
244
245
246
247
248
249
250
251
252
253
254
255
256
257
258
259
260
261
262
263
264
265
266
267
268
269
270
271
272
273
274
275
276
277
278
279
280
281
283
285
287
288
289
290
291
292
293
294
295
296
297
298
299
300
301
302
303
304
305
306
307
308
309
310
311
312
313
314
315
316
317
318
319
320
321
322
323
324
325
326
327
328
329
330
331
332
333
334
335
336
337
338
339
340
341
342
343
344
345
346
347
348
349
350
351
352
353
354
355
356
357
358
359
360
361
362
363
364
365
366
367
368
369
370
371
372
373
374
375
376
377
378
379
380
381
382
383
384
385
386
387
388
389
390
391
392
393
394
395
396
397
398
399
400
373
275
36
39
38
37
211
35
86
78
80
88
90
76
82
84
92
241
264
266
267
224
223
211
211
39
5
4
71
70
122
211
239
211
262
294
275
205
206
211
204
73
264
266
275
36
39
38
37
211
35
275
105
116
117
115
121
118
120
122
119
211
113
358
165
167
131
130
275
367
379
391
384
390
393
382
387
392
378
383
394
386
397
380
381
385
389
395
388
377
396
211
376
116
117
115
121
118
120
122
114
119
151
153
152
146
162
164
157
148
143
140
149
145
161
160
159
147
137
138
139
142
158
154
156
144
134
133
129
132
312
389
311
312
275
205
206
211
204
131
71
121
70
131
130
262
294
299
5
4
37
205
181
180
397
312
311
239
211
15
13
11
9
115
71
70
133
132
130
312
390
311
302
165
155
150
133
132
130
36
39
38
37
35
165
155
150
133
132
130
71
72
70
122
49
51
50
312
311
394
49
51
50
301
294
299
133
275
205
206
211
204
25
211
211
312
387
311
115
122
114
116
117
121
118
120
119
113
113
71
71
5
312
395
311
45
45
71
312
384
311
295
294
71
70
114
267
71
118
70
312
311
378
275
205
206
211
204
211
211
131
130
239
211
71
312
387
311
165
155
150
133
132
130
379
391
384
390
393
382
387
392
378
383
394
386
397
380
381
385
389
395
388
377
396
366
211
312
392
311
267
312
384
311
376
386
312
311
295
218
211
36
39
38
37
5
2
312
393
311
115
71
70
312
311
396
275
367
379
391
384
390
393
382
387
392
378
383
394
386
397
380
381
385
389
395
388
377
396
211
376
266
211
55
46
66
71
70
120
113
71
118
70
380
312
311
213
211
211
312
388
311
35
181
312
311
378
275
36
39
38
37
211
35
312
385
311
268
269
241
275
99
211
68
101
211
237
267
267
133
132
130
182
204
262
301
294
71
68
312
393
311
116
71
70
267
312
379
311
205
181
180
181
116
71
70
163
168
134
133
132
130
133
132
130
268
269
116
117
115
121
118
120
122
114
119
113
312
311
383
381
312
311
312
379
311
312
392
311
295
211
211
294
71
70
119
165
132
5
4
66
71
70
120
205
206
204
312
311
103
275
116
117
115
121
118
120
122
119
211
113
397
312
311
5
4
37
313
107
166
295
211
294
6
95
213
271
222
273
211
380
312
311
237
38
5
4
312
390
311
251
381
312
311
371
133
132
130
359
369
275
379
391
384
390
393
382
387
392
378
383
394
386
397
380
381
385
389
395
388
377
396
211
376
117
71
70
5
275
105
116
117
115
121
118
120
122
119
211
113
36
5
4
312
389
311
312
382
311
266
71
121
70
312
395
311
134
131
133
129
132
130
312
309
386
312
311
379
391
384
390
393
382
387
392
378
383
394
386
397
380
381
385
389
395
388
377
396
376
131
130
205
206
204
204
5
38
5
4
312
311
377
181
180
71
70
119
312
311
396
237
267
369
275
379
391
384
390
393
382
387
392
378
383
394
386
397
380
381
385
389
395
388
377
396
211
376
181
206
180
117
71
70
271
165
132
130
131
130
39
5
4
312
311
377
312
311
394
165
155
150
133
132
130
167
141
129
130
47
45
45
316
352
348
318
328
344
340
332
336
356
354
346
350
330
326
338
324
334
320
322
342
36
39
38
37
35
35
49
50
363
239
211
131
312
311
383
312
388
311
71
70
312
385
311
134
133
132
130
275
36
39
38
37
211
35
176
175
213
312
312
205
206
102
275
108
211
68
391
390
392
394
386
380
381
379
384
393
382
387
378
383
397
385
389
395
388
377
396
376
376
251
103
275
116
117
115
121
118
120
122
119
211
113
181
206
180
239
211
165
166
131
130
36
5
4
130
211
101
211
312
391
311
364
211
94
312
382
311
239
365
211
211
197
211
213
239
312
391
311
100
211
204
35
376
113
54
211
