1
2
2
2
2
2
2
2
2
2
12
13
13
13
13
13
13
13
17
21
17
26
27
27
27
27
27
27
27
27
27
27
27
27
27
27
27
27
27
27
27
27
27
27
27
27
27
27
27
27
27
27
41
60
61
61
61
61
61
61
61
70
71
72
72
72
72
72
72
72
72
72
72
72
72
72
72
72
77
88
81
90
92
92
41
84
80
80
98
99
99
99
99
99
99
99
103
107
17
112
113
113
113
113
115
118
17
60
123
123
123
123
123
123
123
123
123
123
123
123
123
123
123
123
123
123
123
123
123
123
123
123
123
123
123
123
123
123
123
123
123
156
123
158
123
160
123
162
123
164
123
166
166
123
169
169
169
169
169
169
177
60
178
178
178
178
178
178
178
185
186
188
189
190
183
71
192
192
193
194
60
197
197
197
197
197
197
197
197
197
197
197
197
197
197
197
212
197
214
197
216
197
218
197
220
197
222
222
197
225
225
197
228
197
230
197
232
232
236
200
201
202
203
204
205
206
207
208
210
209
9
9
9
85
5
208
208
208
146
146
146
146
145
145
145
145
149
149
206
206
206
199
199
199
209
209
209
226
204
204
204
174
174
22
22
139
139
139
139
139
224
78
68
68
68
68
68
138
138
138
138
138
175
175
223
108
108
48
34
38
6
136
136
136
136
136
86
182
104
104
172
11
11
11
11
11
173
87
87
87
7
7
7
7
89
155
155
155
155
155
155
183
183
181
119
119
152
152
152
152
36
147
147
147
147
233
140
140
140
140
140
203
203
203
20
20
105
105
35
144
144
144
144
215
39
141
141
141
141
141
141
79
80
80
80
80
80
41
41
41
148
148
148
148
171
67
67
143
143
143
143
170
37
153
153
153
153
153
137
137
137
137
30
210
210
210
154
154
154
154
154
219
151
151
151
151
151
234
205
205
205
180
180
180
19
19
10
10
18
18
8
8
207
207
207
106
106
31
66
66
66
150
150
150
150
200
200
200
117
117
82
84
201
201
201
202
202
202
142
142
142
142
45
135
135
135
135
103
103
115
115
65
130
76
131
132
17
17
129
133
133
58
58
94
95
96
97
97
25
111
70
122
188
188
189
191
191
237
237
237
238
238
238
239
239
239
240
240
240
241
241
241
242
242
242
243
243
243
244
244
244
245
245
245
246
246
247
247
247
