1
2
2
2
2
2
2
2
2
2
2
2
2
14
14
14
14
2
19
19
19
19
2
24
24
24
24
24
24
24
24
24
24
24
24
24
38
33
40
22
18
22
16
46
46
16
48
2
22
36
52
36
54
16
16
1
57
57
57
57
57
57
57
57
57
57
57
57
57
57
66
72
72
75
77
67
68
68
86
86
86
69
69
89
65
70
92
67
70
1
95
95
95
95
95
101
99
99
99
99
14
19
66
16
16
67
67
67
67
67
67
74
74
9
9
9
9
9
9
31
8
36
36
36
36
36
35
35
35
65
65
65
65
65
65
65
65
11
11
68
68
68
68
68
21
21
34
34
99
99
99
99
10
10
32
32
32
32
32
73
73
98
98
98
12
12
70
70
69
69
69
69
69
69
69
100
33
33
63
5
5
7
38
38
38
39
39
81
81
81
83
83
83
40
90
90
90
101
45
47
51
51
51
51
51
88
88
88
88
88
53
53
53
53
53
91
55
56
94
