2
3
4
5
6
7
8
9
10
11
12
13
14
15
16
17
18
19
20
21
22
23
24
25
26
27
28
29
30
31
32
33
34
35
36
37
35
39
36
41
42
43
45
3
4
47
5
49
50
51
9
53
37
55
56
57
58
59
60
61
62
63
64
65
66
67
68
69
70
71
72
73
74
76
78
81
83
84
60
61
62
87
88
65
90
91
70
93
94
95
96
97
98
99
100
99
102
103
107
109
24
24
2
35
32
71
64
63
58
59
79
19
79
10
11
5
6
95
44
33
2
99
37
28
29
44
36
30
44
100
61
64
60
63
62
59
95
19
19
71
63
58
59
79
35
32
27
25
97
96
108
106
14
14
34
100
29
26
30
14
79
97
96
106
12
2
63
58
61
60
63
58
62
59
79
96
27
26
95
95
44
95
36
4
30
27
26
71
63
59
71
63
59
28
61
60
62
108
35
4
99
37
28
29
7
61
60
63
62
59
99
37
28
29
7
58
35
4
63
