2
3
4
5
6
7
8
9
10
11
12
13
14
15
16
17
18
19
20
21
22
23
24
25
26
27
28
29
30
31
32
33
34
35
36
37
38
39
40
41
42
43
44
45
46
47
48
49
50
51
52
53
54
55
56
57
58
59
60
61
62
63
64
65
66
67
68
69
70
71
72
73
74
75
76
77
78
79
80
81
82
83
84
85
86
87
88
89
90
91
92
93
94
95
96
97
98
99
100
101
102
103
104
105
106
107
108
109
110
111
112
113
114
115
116
117
118
119
120
121
122
123
124
125
126
127
128
129
130
131
132
133
134
135
136
137
138
139
140
141
142
143
144
145
146
147
148
149
150
151
152
153
154
155
156
157
158
159
160
161
162
163
164
165
166
167
168
169
170
171
172
173
174
175
176
177
178
179
180
161
48
183
184
185
186
187
188
189
190
191
192
194
195
196
197
198
199
200
201
202
203
204
205
206
207
208
209
210
211
212
213
214
215
216
217
218
219
220
221
222
223
224
225
226
227
228
229
230
231
232
233
234
235
236
237
238
239
240
241
242
243
244
245
246
247
248
249
250
213
252
253
195
196
256
257
258
259
260
261
262
263
264
265
266
267
268
269
270
271
272
273
274
275
276
277
278
279
280
281
282
283
284
285
286
287
288
289
290
291
292
293
294
295
296
297
298
299
300
301
302
303
304
305
306
307
308
309
310
311
312
313
314
315
316
317
318
319
320
321
322
323
324
325
326
327
328
329
330
331
332
333
334
335
336
337
338
339
340
341
342
343
344
345
346
347
348
349
350
351
352
353
354
355
356
357
358
359
360
361
362
363
364
365
366
367
368
369
370
371
372
373
374
375
376
377
378
379
380
381
382
383
384
385
386
387
388
389
390
391
392
393
394
395
396
397
398
399
400
401
402
403
404
405
406
407
408
409
410
411
412
413
414
415
416
417
418
419
420
421
423
424
425
426
427
428
429
430
431
432
433
434
435
436
437
438
439
440
441
442
443
444
445
446
447
448
449
450
451
452
453
454
455
456
457
458
459
460
461
462
463
464
465
466
467
468
469
470
471
472
473
474
475
476
477
478
479
480
481
482
483
484
485
486
487
488
489
490
491
492
493
494
495
496
497
498
499
500
501
502
503
504
505
506
507
508
509
510
511
512
513
514
515
516
517
518
519
520
521
522
523
524
525
526
527
528
529
530
531
532
533
534
535
536
537
538
539
540
541
542
543
544
545
546
547
548
549
550
551
552
553
554
555
556
557
558
559
560
561
562
563
564
565
566
567
568
569
570
571
572
573
574
575
576
577
578
579
580
581
582
583
584
585
586
587
588
589
590
591
530
529
595
596
597
598
599
600
601
602
603
604
605
606
607
608
609
610
611
612
613
614
615
616
617
618
619
620
621
622
623
624
625
626
627
628
629
630
631
632
633
634
635
636
637
638
639
640
641
642
643
644
645
646
647
648
649
650
651
652
653
654
655
656
657
658
659
660
661
662
663
664
665
666
667
668
669
670
671
672
673
674
675
676
677
678
679
680
681
682
683
684
685
686
687
688
689
690
691
692
693
694
695
696
697
698
699
700
701
702
703
704
705
706
707
708
709
710
711
712
713
714
715
716
717
718
719
720
721
722
723
724
725
727
728
729
730
731
732
733
734
735
736
737
738
739
740
741
742
743
744
745
746
747
748
749
750
751
752
753
754
755
756
757
758
759
760
761
762
763
764
765
766
767
768
769
770
771
772
773
774
775
776
777
778
779
780
781
782
783
784
785
786
787
788
789
790
791
792
793
794
795
796
797
798
799
800
801
802
803
804
805
806
807
808
809
810
811
812
813
814
815
816
817
818
819
820
821
822
823
824
825
826
827
828
829
830
831
832
833
834
835
836
837
838
839
840
841
842
843
844
845
846
847
848
849
850
851
852
853
854
855
856
857
858
859
860
861
862
863
864
865
866
867
868
869
870
871
872
873
874
875
876
877
878
879
880
881
882
883
884
885
886
887
888
889
890
891
892
893
894
895
896
897
898
899
900
901
902
903
904
905
906
907
908
909
910
911
912
913
914
915
916
917
918
919
920
921
922
923
924
925
926
927
928
929
930
931
932
933
934
935
936
937
938
939
940
941
942
943
944
945
946
947
948
949
950
951
952
953
954
955
956
957
958
959
960
961
962
963
964
965
966
967
968
969
970
971
972
973
974
975
976
977
978
979
980
981
982
983
984
985
986
987
988
989
990
991
992
993
994
995
996
997
998
999
1000
1001
1002
1003
1004
1005
1006
1007
1008
1009
1010
1011
1012
1013
1014
1015
1016
1017
1018
1019
1020
1021
1022
1023
1024
1025
1026
1027
1028
1029
1030
1031
1032
1033
1034
1035
1036
1037
1038
1039
1040
1041
1042
1043
1044
1045
1046
1047
1048
1049
1050
1051
1052
1053
1054
1055
1056
1057
1058
1059
1060
1061
1062
1063
1064
1065
1066
1067
1068
1069
1070
1071
1072
1073
1074
1075
1076
1077
1078
1079
1080
1081
1082
1083
1084
1085
1086
1087
1088
1089
1090
1091
1092
1093
1094
1095
1096
1097
1098
1099
1100
1101
1102
1103
1104
1105
1106
1107
1108
1109
1110
1111
1112
1113
1114
1115
1116
1117
1118
1119
1120
1121
1122
1123
1124
1125
1126
1127
1128
1129
1130
1131
1132
1133
1134
1135
1136
1137
1138
1139
1140
1141
1142
1143
1144
1145
1146
1147
1148
1149
1150
1151
1152
1153
1154
1155
1156
1157
1158
1159
1160
1161
1162
1163
1164
1165
1166
1167
1168
1169
1170
1171
1172
1173
1174
1175
1176
1177
1178
1179
1180
1181
1182
1183
1184
1185
1186
1187
1188
1189
1190
1191
1192
1193
1194
1195
1196
1197
1198
1199
1200
1201
1202
1203
1204
1205
1206
1207
1208
1209
1210
1211
1212
1213
1214
1215
1216
1217
1218
1219
1220
1221
1222
1223
1224
1225
1226
1227
1228
1229
1230
1231
1232
1233
1234
1235
1236
1237
1238
1239
1240
1241
1242
1243
1244
1245
1246
1247
1248
1249
1250
1251
1252
1253
1254
1255
1256
1257
1258
1259
1260
1261
1262
1263
1264
1265
1266
1267
1268
1269
1270
1271
1272
1273
1274
1275
1276
1277
1278
1279
1280
1281
1282
1283
1284
1285
1286
1287
1288
1289
1290
1291
1292
1293
1294
1295
1296
1297
1298
1299
1300
1301
1302
1303
1304
1305
1306
1307
1308
1309
1310
1311
1312
1313
1314
1315
1316
1317
1318
1319
1320
1321
1322
1323
1324
1325
1326
1327
1328
1329
1330
1331
1332
1333
1334
1335
1336
1337
1338
1339
1340
1341
1342
1343
1344
1345
1346
1347
1348
1349
1350
1351
1352
1353
1354
1355
1356
1357
1358
1359
1360
1361
1362
1363
1364
1365
1366
1367
1368
1369
1370
1371
1372
1373
1374
1375
1376
1377
1378
1379
1380
1381
1382
1383
1384
1385
1386
1387
1388
1389
1390
1391
1392
1393
1394
1395
1396
1397
1398
1399
1400
1401
1402
1403
1404
1405
1406
1407
1408
1409
1410
1411
1412
1413
817
26
242
222
221
223
228
224
238
227
23
544
43
47
571
960
796
817
754
41
47
909
115
33
790
1135
1134
1132
1137
805
774
25
913
817
216
248
243
246
241
244
245
215
247
236
204
197
222
203
200
201
220
227
220
537
450
466
462
467
464
470
463
564
572
473
461
33
675
543
606
519
674
518
47
44
125
35
960
898
935
913
796
671
650
297
298
269
1155
1126
28
569
714
710
194
851
894
895
847
846
850
849
839
752
833
800
765
807
734
791
822
823
772
751
785
830
825
284
808
736
745
821
832
761
793
790
764
794
770
282
738
759
748
802
749
762
742
817
826
739
801
747
806
768
771
805
820
836
827
829
795
810
769
792
819
812
763
809
837
760
818
732
743
834
814
753
737
803
281
831
804
766
735
744
750
754
824
828
741
755
746
756
767
757
813
796
811
733
835
740
758
1063
696
787
86
101
59
96
111
126
64
106
116
69
79
91
54
121
74
146
871
786
785
1145
858
584
651
650
653
575
456
454
450
455
459
220
227
960
868
806
790
1202
924
925
469
468
464
450
493
465
470
463
531
790
274
731
796
800
1154
1365
696
189
234
239
227
163
146
527
525
565
541
575
86
434
432
433
2
960
958
955
852
959
920
1203
1267
790
1204
1265
1276
1282
374
736
1176
1146
644
2
806
46
47
549
469
464
468
465
463
822
796
1033
690
793
796
197
1372
583
731
808
774
559
572
580
560
562
561
563
558
479
483
466
471
491
477
465
472
467
463
457
464
450
473
481
484
456
482
478
480
490
636
602
1246
1277
1061
1065
1064
1087
1035
1034
606
641
300
306
37
47
475
474
465
430
429
426
1159
38
47
583
835
867
852
796
731
805
1379
1376
47
45
47
44
612
613
442
960
748
790
866
796
1378
774
731
262
601
597
1372
43
47
960
932
868
913
806
790
1202
896
25
360
363
1129
622
623
34
77
82
129
57
124
94
67
104
62
72
99
119
89
114
109
24
32
25
27
34
29
22
28
36
26
33
31
23
35
30
2
805
962
122
86
65
97
55
70
79
60
75
127
87
80
117
2
2
453
578
569
234
239
601
598
1152
469
464
468
494
465
463
584
658
1354
572
456
464
466
457
467
463
185
86
434
431
433
2
86
434
431
433
2
558
852
1157
1110
86
59
96
126
64
116
69
79
603
638
54
121
74
2
696
790
727
788
25
960
804
745
575
1155
902
1144
77
82
129
57
124
94
67
104
62
72
99
119
89
114
109
24
32
25
27
34
29
22
28
36
26
33
31
23
35
30
2
857
858
956
938
806
796
535
162
146
731
1361
1273
1375
696
689
575
690
961
1368
721
1210
1146
1148
708
1134
1132
384
1133
1145
1144
1147
194
178
178
235
229
237
572
542
479
483
471
491
475
477
465
472
459
457
463
450
485
473
486
476
481
484
456
474
482
490
478
480
487
521
545
122
66
65
97
71
56
103
113
55
102
81
118
70
60
108
61
112
93
123
75
76
88
98
128
107
127
92
87
80
117
146
476
463
638
37
47
26
469
464
468
466
465
463
467
1380
47
42
507
492
481
489
485
450
477
479
488
478
676
1374
559
475
474
465
790
166
971
825
1039
68
24
618
873
950
949
530
889
977
508
927
790
1051
1055
1049
1050
1054
1052
819
1053
796
758
1056
1048
2
1382
577
572
456
464
466
476
457
467
463
774
22
790
800
279
77
142
82
129
57
124
94
67
104
62
72
99
119
89
114
109
32
27
29
28
33
31
23
35
24
25
34
22
36
26
30
2
2
621
646
647
269
960
763
834
83
27
47
45
965
872
966
964
913
797
731
796
800
837
802
796
801
984
735
601
597
790
666
905
790
838
580
495
469
468
464
479
466
486
475
481
474
477
480
478
465
487
467
463
105
31
717
1149
194
857
686
635
684
650
687
370
269
222
221
223
224
1263
1281
1264
960
884
868
806
790
1202
796
731
742
1370
64
2
2
2
209
207
210
914
960
915
731
765
804
744
668
670
644
602
669
2
1366
28
970
601
598
852
806
796
805
445
29
866
28
812
875
876
1157
1156
1154
1165
1152
31
28
690
641
300
306
47
45
24
464
470
463
1362
41
47
246
236
232
230
922
611
47
39
453
1110
22
817
1175
28
238
237
77
82
129
57
124
94
67
104
62
72
99
119
89
114
109
146
960
949
813
796
731
814
761
1039
960
803
747
540
509
510
246
236
232
239
238
230
632
647
637
602
1290
1289
454
455
1177
234
239
914
927
805
731
1232
1233
960
920
955
959
790
737
445
38
47
120
34
163
146
146
571
468
451
452
465
616
824
567
466
493
462
467
852
805
306
47
42
1377
22
512
545
520
47
42
47
44
796
1384
794
1202
731
835
284
1165
41
47
2
2
539
977
1055
796
731
741
1052
1048
641
642
28
577
572
579
475
456
474
464
466
458
465
457
467
463
23
389
914
958
955
874
957
883
877
928
960
881
981
923
901
1120
1201
838
805
1204
1310
795
1267
791
1202
830
1116
732
1176
1203
790
1312
1119
797
1276
1331
1152
811
731
796
1265
1282
1154
374
826
1144
1110
615
503
504
522
523
500
499
450
459
820
1014
757
1372
59
529
69
96
126
79
64
54
121
74
116
427
428
425
426
424
2
2
960
868
806
790
749
1202
796
21
20
571
635
1169
1035
1034
978
912
890
731
773
727
727
1374
135
852
790
805
1322
731
807
1110
972
971
868
806
790
1320
796
1319
1384
167
166
1363
584
650
26
609
95
29
944
731
820
388
800
77
82
129
57
124
94
67
104
62
72
99
119
89
114
109
24
32
25
27
34
29
22
28
36
26
33
31
23
35
30
955
937
796
731
1126
837
1129
1033
22
654
655
430
429
426
578
712
212
713
711
206
707
194
194
466
467
46
47
1374
646
647
643
269
86
434
432
433
2
634
630
269
888
886
975
887
828
1369
1158
1171
217
205
218
211
213
226
215
197
199
1148
198
1149
200
203
201
195
202
204
1150
1151
196
227
852
805
731
808
852
805
731
808
960
882
868
806
790
752
1202
466
467
951
929
954
797
796
936
852
805
1090
921
913
790
303
833
285
805
831
773
828
275
277
373
792
812
796
731
811
276
302
817
960
958
881
755
1210
873
949
974
882
927
913
806
792
819
796
817
810
36
685
696
26
827
1166
852
805
43
47
280
256
208
211
197
197
1147
914
797
731
796
1129
572
570
495
469
456
468
458
493
466
465
459
457
467
173
173
572
580
521
451
468
452
465
577
572
464
458
466
471
491
475
456
474
454
460
490
465
455
472
457
467
463
812
731
630
269
47
39
891
399
398
727
717
1148
194
869
870
290
23
359
256
536
459
142
105
110
68
125
58
73
78
115
120
130
95
63
100
83
90
24
32
25
27
34
29
22
28
36
26
33
31
23
35
30
2
205
197
602
30
805
731
809
873
528
977
790
1051
1049
1055
1050
1052
1053
796
760
1056
1048
529
2
496
456
493
466
470
459
457
467
463
721
1210
1146
1148
708
1134
1132
1133
1144
1147
829
627
838
796
23
77
82
129
57
124
94
67
104
62
72
99
119
89
114
109
24
32
25
27
34
29
22
28
36
26
33
31
23
35
30
2
464
466
470
463
467
577
572
464
473
466
476
456
454
460
490
455
457
467
463
727
802
801
115
120
105
130
110
68
95
125
100
83
24
32
25
27
34
29
22
28
36
26
33
31
23
35
30
1381
197
1146
606
641
300
306
28
533
634
269
1130
23
86
434
430
433
2
953
926
796
837
919
922
1364
806
606
641
300
306
714
709
194
62
77
72
57
89
24
32
25
47
27
34
29
22
28
36
26
33
31
23
35
30
2
2
47
40
690
796
975
1089
899
897
865
934
935
913
731
1161
35
729
139
47
110
32
359
256
199
197
200
201
202
195
790
274
800
1084
1069
1075
1070
1074
1071
1076
1077
1068
1073
1081
1085
1079
1083
1086
1078
1072
1082
1080
960
882
868
806
790
751
1202
1203
1204
981
868
913
806
790
823
731
796
799
580
549
464
493
466
470
456
454
460
490
455
459
457
463
467
294
25
189
167
960
933
913
896
960
975
753
1060
26
960
919
868
806
1203
790
796
731
1204
799
743
852
805
619
820
130
36
47
40
937
837
862
859
865
863
899
947
897
861
864
790
798
1332
1110
855
792
796
805
731
836
1367
22
559
568
680
818
960
868
806
790
1202
750
868
806
796
237
1067
1065
1087
618
1246
658
1156
1110
86
434
431
433
2
731
808
852
805
1148
564
572
458
465
472
471
461
852
731
825
824
712
212
713
711
707
709
194
571
1059
1060
1144
403
47
40
429
427
428
425
426
424
541
286
584
654
655
953
730
960
920
958
969
955
959
790
1201
734
584
658
607
638
602
892
1042
696
880
873
949
566
977
927
1051
1055
1050
1057
1054
1052
756
819
1053
796
731
1056
185
1048
690
27
960
868
806
790
1202
796
740
666
929
796
821
100
30
38
47
806
77
82
129
57
124
94
67
104
62
72
99
119
89
114
109
24
32
25
27
34
29
22
28
36
26
33
31
23
35
30
236
235
234
232
231
229
233
228
230
1090
913
960
746
731
804
808
602
46
47
982
733
442
1090
803
833
805
804
836
827
807
813
762
812
731
796
808
809
817
818
834
584
628
297
298
599
269
600
1371
580
496
481
464
485
477
479
466
478
470
476
463
467
857
858
909
806
837
650
559
572
558
454
460
455
960
919
868
806
790
797
796
731
739
639
818
105
110
68
125
58
73
78
115
120
130
95
63
100
83
90
24
32
25
27
34
29
22
28
36
26
33
31
23
35
30
2
941
931
943
939
940
942
860
793
790
820
766
816
822
819
813
731
815
821
832
837
25
140
960
920
955
959
790
738
505
580
506
496
464
489
485
450
479
466
470
476
492
481
454
477
488
478
455
459
463
467
788
789
731
807
32
146
569
584
658
1125
676
246
236
197
199
232
198
200
201
230
227
685
650
655
898
960
882
868
531
806
1053
1051
796
1049
1202
1055
1050
1054
1057
1052
1056
1048
1048
627
606
641
300
306
476
463
559
572
542
586
558
489
485
479
473
476
471
492
475
481
474
477
488
478
465
472
463
1385
572
570
580
549
469
464
468
458
493
466
491
456
454
460
490
455
465
459
457
463
467
372
963
950
529
974
977
885
759
796
731
1055
1050
1056
1052
1048
2
526
450
485
479
486
491
481
477
478
490
480
487
459
930
790
274
731
800
47
39
37
47
1383
945
946
767
769
772
768
770
771
731
820
878
806
805
796
774
858
878
806
805
796
731
1153
677
584
658
607
638
602
590
590
588
588
1058
1058
146
595
1063
146
727
706
449
176
194
171
1145
146
197
201
195
201
195
213
529
427
428
425
426
424
1148
196
195
1110
