1
2
2
2
2
2
2
2
2
2
2
2
2
2
2
2
2
2
2
2
2
2
2
2
2
2
2
2
2
2
2
2
2
2
7
36
8
9
14
16
18
20
21
46
47
47
47
47
47
47
47
47
47
47
47
47
47
47
47
47
47
47
47
47
47
47
47
47
47
47
47
47
47
47
47
47
47
47
47
47
47
47
47
47
47
47
47
47
47
47
47
47
47
47
47
47
99
101
102
102
102
102
102
102
102
102
102
102
102
102
102
102
102
102
102
102
102
102
102
102
102
102
102
102
102
102
102
1
132
132
132
132
132
132
132
139
139
139
138
144
101
145
145
145
145
145
145
145
145
145
145
145
145
145
145
145
145
145
162
145
164
145
166
145
168
145
170
172
173
173
173
173
173
173
173
173
173
173
140
185
172
186
186
186
186
186
186
186
194
101
195
195
195
195
195
195
195
195
195
195
195
206
195
208
1
210
210
210
210
210
210
210
210
210
210
210
210
210
210
210
210
210
210
210
210
210
223
232
223
101
235
235
235
235
239
235
241
235
243
235
245
235
247
235
249
235
251
235
253
255
256
256
256
256
256
256
256
256
256
265
265
267
268
256
270
172
272
272
272
272
272
272
272
272
272
272
272
272
172
285
285
285
285
285
285
285
285
285
285
285
285
285
285
285
285
285
285
285
285
285
285
285
285
285
285
285
285
285
285
285
285
285
285
319
319
285
322
322
322
322
285
327
327
327
327
327
327
327
327
327
327
327
327
327
327
327
327
327
327
327
327
327
327
327
327
327
327
327
327
327
327
327
327
327
327
327
327
327
285
365
365
365
365
365
365
365
365
365
365
365
365
365
285
379
379
379
379
379
379
379
379
379
379
379
379
379
297
393
298
395
285
397
397
397
397
397
397
397
404
404
404
404
404
404
315
411
318
101
414
414
414
414
414
414
414
414
414
414
414
414
414
414
414
414
414
414
414
414
414
414
414
414
414
414
414
414
414
414
414
414
414
414
414
414
414
414
414
414
414
414
414
414
414
414
414
414
414
414
414
414
414
414
414
414
414
414
414
414
414
414
414
414
414
414
414
414
414
414
414
414
414
414
414
414
414
492
493
493
493
493
493
493
493
493
493
493
493
493
493
493
507
46
509
509
509
509
509
509
509
509
509
509
509
509
509
522
509
524
509
526
157
157
157
157
172
533
533
533
533
533
533
533
533
533
533
533
533
533
533
533
533
533
533
533
533
533
533
533
533
533
533
533
550
11
30
105
498
75
75
217
72
72
378
469
426
426
97
10
274
274
274
274
274
456
456
52
192
300
300
300
300
300
300
364
457
457
179
427
427
427
29
62
62
62
53
80
178
429
429
429
553
553
553
553
439
439
439
111
305
305
305
305
305
305
70
70
500
466
8
8
229
205
205
205
205
205
205
205
205
205
205
205
205
205
125
125
193
193
193
193
31
181
452
452
452
424
424
460
460
460
311
311
277
277
90
90
467
55
63
63
63
461
461
461
117
504
84
84
459
459
99
99
74
74
483
483
69
69
114
114
127
127
180
216
489
489
482
482
276
276
276
276
276
138
138
138
138
138
138
108
108
464
464
558
558
160
160
160
499
410
91
491
115
115
124
124
302
302
302
302
302
302
441
441
441
299
299
299
299
65
65
519
519
519
519
519
440
440
440
177
177
177
478
478
478
478
58
58
556
556
159
159
159
104
412
412
98
278
278
183
183
183
301
301
301
301
301
301
301
301
301
301
481
481
423
423
112
505
118
118
555
555
555
32
315
94
94
73
73
432
432
432
431
431
431
468
158
158
158
158
158
408
501
506
506
81
81
303
303
303
303
303
303
303
303
303
303
303
303
472
282
282
68
68
391
283
283
283
110
502
487
487
13
545
545
545
545
545
545
545
545
545
545
545
545
67
67
28
428
428
428
363
238
12
34
17
60
60
60
281
281
480
480
421
416
490
307
113
120
120
93
398
476
443
443
443
465
484
484
275
275
275
275
275
267
267
263
263
263
263
263
89
89
237
409
79
436
436
436
405
419
475
35
56
140
92
92
550
550
550
392
306
448
448
454
454
463
463
82
82
61
61
61
520
520
54
451
126
126
437
437
437
57
128
128
66
66
438
438
438
406
264
264
264
264
264
264
157
157
157
157
157
157
157
157
157
157
157
157
157
486
486
548
88
88
477
477
477
121
121
230
130
130
485
485
518
518
518
518
518
518
518
518
518
129
129
407
446
462
462
462
280
280
430
430
430
85
85
59
59
59
71
71
119
119
546
546
546
83
83
123
420
559
559
559
559
309
309
309
560
560
560
560
453
453
447
64
64
64
551
551
551
551
236
236
236
236
236
236
479
479
434
434
434
310
445
317
554
554
554
554
122
497
442
442
442
444
444
444
455
455
86
86
87
87
435
304
304
304
304
304
304
304
304
304
304
304
304
304
488
488
33
76
76
284
284
284
279
279
116
116
557
557
549
549
549
96
433
433
433
425
552
552
552
552
458
458
182
182
503
293
291
538
290
528
561
561
530
531
532
38
143
39
40
41
42
43
44
