1
2
2
2
2
2
2
2
2
2
2
2
2
2
2
2
2
2
2
2
2
2
2
2
2
2
2
2
2
2
2
2
2
2
2
2
2
2
2
2
2
2
2
2
2
2
2
2
2
2
2
2
2
2
2
2
2
2
2
2
2
2
2
2
2
66
66
66
66
66
66
66
66
17
75
14
78
79
79
79
79
79
79
79
83
87
81
90
91
91
91
91
91
91
91
91
91
91
91
91
91
91
91
91
91
91
91
91
91
91
91
91
91
91
91
91
91
91
91
91
98
124
99
126
99
128
102
130
130
107
133
133
108
136
110
138
111
140
116
142
142
116
145
145
120
148
148
123
151
151
151
151
151
157
158
158
158
158
158
158
158
158
158
157
168
168
168
168
168
168
168
168
168
168
168
168
175
99
99
33
33
33
33
33
33
33
33
33
33
33
33
33
37
37
177
70
46
46
46
46
21
13
35
35
41
104
100
100
118
64
36
36
45
42
101
122
122
122
56
81
81
81
81
81
57
61
72
103
103
111
110
163
163
117
117
164
164
23
14
14
14
14
14
14
14
14
14
14
121
51
108
19
19
19
19
19
73
73
73
62
71
34
34
34
34
34
162
162
119
119
94
60
115
53
176
16
16
96
161
161
39
39
47
50
160
160
43
18
165
165
113
59
95
95
54
112
112
112
15
15
15
22
74
178
173
49
58
38
38
63
98
98
52
55
102
102
20
20
