2
3
4
5
6
7
8
9
10
11
12
13
14
15
16
17
18
19
20
21
22
23
24
25
26
27
28
29
30
31
32
33
34
35
36
37
38
39
40
41
42
43
44
45
46
47
48
49
50
17
52
53
54
55
56
57
58
60
61
62
63
64
65
66
67
68
69
70
71
72
73
74
75
76
77
73
80
81
82
83
84
85
86
87
88
89
90
91
92
93
94
95
96
97
98
99
100
101
102
103
104
62
65
8
44
33
44
65
3
22
34
33
42
32
10
22
26
7
7
37
36
41
6
64
65
63
26
69
73
68
70
72
64
63
9
38
65
3
22
40
36
10
33
18
17
19
20
7
3
8
31
62
73
63
73
63
17
