1
2
2
2
2
2
2
2
2
2
2
2
14
6
17
18
18
18
18
18
18
18
18
18
18
18
18
18
18
18
18
18
18
18
18
18
18
18
18
18
18
18
18
18
18
18
18
18
18
18
53
53
53
53
53
53
53
53
53
53
53
18
65
65
65
65
18
70
70
70
70
70
17
76
76
76
76
76
76
76
76
76
76
76
76
76
76
76
76
93
94
94
94
94
94
94
94
94
94
94
94
94
94
94
94
94
94
104
113
101
101
103
117
118
118
118
118
118
118
118
124
126
124
128
127
131
132
132
132
132
132
132
132
132
132
132
132
132
145
6
93
148
148
148
148
148
148
148
148
148
148
148
148
148
148
148
148
148
148
148
148
148
148
148
164
172
168
174
168
176
163
11
11
11
141
141
108
108
108
101
101
171
158
68
37
37
37
125
103
103
122
159
169
169
169
169
169
169
169
173
173
102
102
104
104
105
105
105
41
41
41
41
41
41
41
41
41
121
67
42
42
157
139
140
140
74
74
107
107
107
138
138
143
143
143
48
48
48
110
110
110
168
38
38
100
100
160
160
31
75
75
75
8
170
170
86
162
162
7
7
10
10
165
73
163
163
32
166
9
9
109
109
109
49
49
161
167
167
167
167
167
167
167
106
106
106
124
43
43
43
43
43
33
33
33
33
33
69
69
123
35
35
35
35
35
89
12
12
12
164
164
142
142
142
34
34
34
34
34
34
34
34
34
34
34
34
34
34
34
34
34
34
34
127
25
25
25
26
26
26
4
134
146
146
15
15
147
147
16
16
116
116
112
112
