1
2
2
2
2
2
2
5
6
7
8
13
14
14
15
13
18
18
18
18
18
18
18
26
13
27
27
27
27
27
27
27
35
13
36
36
36
40
13
41
41
41
45
1
46
46
46
46
46
46
46
50
51
52
8
13
58
58
58
62
1
63
63
63
63
63
63
8
5
6
7
1
74
74
74
74
74
74
7
8
5
6
1
85
85
85
85
85
85
85
85
85
85
85
85
85
85
85
85
85
88
89
91
92
93
94
95
95
52
50
8
97
102
98
51
13
118
118
118
118
118
118
118
126
1
127
127
127
127
127
127
5
6
7
8
68
129
52
130
96
90
61
61
8
78
65
7
87
101
98
132
91
4
49
133
69
99
94
88
102
67
80
53
77
5
92
79
44
44
100
93
51
131
48
6
50
95
76
97
89
39
39
66
15
15
15
17
17
17
115
103
104
105
106
83
108
