1
2
2
2
2
2
2
2
2
2
2
2
2
2
2
2
2
2
2
2
2
2
2
2
2
2
2
2
2
2
2
2
2
2
2
2
2
2
2
40
40
40
40
40
40
40
40
40
40
2
30
31
32
38
56
57
57
57
57
57
57
57
57
57
57
57
57
57
57
57
57
57
57
57
57
57
57
57
57
57
57
57
57
57
57
57
57
57
57
57
57
57
83
95
86
97
57
99
99
99
99
57
104
104
106
106
83
83
83
83
113
114
114
114
114
114
114
114
114
114
114
114
114
114
114
114
114
114
114
114
114
114
114
114
114
114
114
114
114
114
142
144
114
146
146
146
146
146
146
146
146
146
146
146
146
146
150
160
150
162
159
164
133
56
167
167
167
167
168
172
168
174
169
176
169
178
170
180
171
182
184
184
171
187
167
189
189
189
189
167
165
46
46
46
87
83
138
159
159
159
159
148
45
93
39
39
22
141
139
29
21
19
169
25
33
142
134
134
94
94
94
94
94
94
34
34
34
168
91
135
135
66
88
90
130
30
30
74
128
75
75
158
158
68
38
38
38
136
136
192
102
13
13
13
13
140
36
89
145
171
171
171
44
101
47
127
31
31
31
69
129
78
153
153
153
153
137
154
14
23
23
23
28
65
65
65
65
65
18
37
125
150
150
150
149
103
15
124
124
124
126
170
170
170
73
92
111
