1
2
2
2
2
2
2
2
2
2
2
2
2
2
2
2
2
2
2
2
2
2
2
2
2
2
2
2
2
2
2
2
2
2
2
2
2
2
2
2
2
2
2
2
2
2
2
2
2
2
2
2
2
2
2
2
2
2
2
2
2
2
2
2
2
2
2
2
2
2
2
2
2
2
2
2
2
2
2
2
2
2
2
2
2
2
2
2
2
2
2
2
2
2
2
2
2
2
2
2
2
2
2
2
2
2
2
2
2
2
2
2
2
2
2
2
2
2
2
2
2
2
2
2
2
2
2
2
2
2
2
2
2
2
2
2
2
2
2
2
2
2
2
2
2
2
2
2
2
2
2
2
2
2
2
2
2
2
2
2
2
163
164
164
164
164
164
164
164
164
164
164
164
164
164
164
164
164
164
164
164
164
164
164
164
164
164
164
164
164
164
164
164
164
164
164
164
164
164
164
164
164
164
164
164
164
164
164
164
164
164
164
164
164
164
164
164
164
164
164
164
164
164
164
164
164
164
164
164
164
164
164
164
164
164
164
164
164
164
164
164
164
164
164
164
164
164
164
164
164
164
185
254
189
256
255
255
255
261
262
262
262
262
262
262
262
262
262
262
262
262
262
262
262
262
262
262
262
262
262
262
262
262
262
262
262
262
262
262
262
262
262
262
262
262
262
262
262
262
262
262
262
262
262
262
262
262
262
262
262
262
262
262
262
277
318
262
320
320
320
320
320
320
320
262
328
262
330
330
330
262
334
334
334
334
334
334
262
341
341
341
341
341
341
341
341
341
262
351
351
351
351
351
351
351
351
351
351
351
351
262
364
364
364
364
364
364
371
373
373
300
300
311
311
378
379
380
380
380
380
380
380
380
380
380
380
380
380
380
380
380
380
380
380
380
380
380
380
380
380
380
380
380
380
380
380
380
380
380
380
380
380
380
380
380
380
380
380
380
380
380
380
380
380
380
380
380
380
380
380
380
380
380
380
380
380
380
380
380
380
380
380
380
380
380
380
380
380
380
380
380
380
380
380
380
380
397
461
412
463
412
465
412
467
412
469
412
471
414
474
475
475
475
475
475
475
475
475
475
475
475
475
475
475
475
475
475
475
475
475
475
475
475
475
475
475
475
475
475
475
475
475
475
475
475
475
475
493
513
513
493
516
516
495
519
519
495
522
495
524
475
526
526
526
526
526
526
475
533
475
535
535
535
535
535
541
542
542
542
542
542
542
542
542
542
542
542
542
542
542
542
542
542
542
542
542
542
542
542
542
542
542
542
542
542
542
542
542
542
542
542
542
542
542
542
542
542
542
542
542
542
542
542
542
542
542
542
542
542
542
542
542
542
542
542
542
542
542
542
542
542
542
542
542
586
611
611
614
615
616
617
618
619
620
621
622
622
622
622
622
622
622
622
622
622
622
622
622
622
622
622
622
622
622
622
622
622
622
622
622
622
622
622
622
622
622
622
622
622
622
622
622
622
622
622
622
622
622
622
622
622
622
622
622
622
622
622
622
622
622
622
622
622
622
622
622
622
622
622
622
622
622
622
622
622
622
622
622
622
622
622
622
622
622
622
622
622
622
622
622
622
622
622
622
622
622
622
622
622
622
622
622
622
622
622
622
622
622
622
622
622
622
622
622
622
622
622
622
622
622
622
622
622
622
622
622
622
622
622
622
622
622
622
622
622
622
622
622
622
622
622
622
622
622
622
622
622
622
622
622
622
622
622
622
622
622
622
622
622
622
622
622
622
622
622
622
622
622
622
622
622
622
622
622
622
622
622
622
622
622
622
622
622
622
622
622
622
622
622
622
622
622
622
622
474
812
812
812
812
812
812
812
812
812
812
812
812
812
812
812
812
812
812
812
812
824
833
826
835
830
837
831
839
832
841
812
843
843
843
843
843
541
849
849
849
849
849
849
849
849
849
849
849
849
849
849
849
849
849
849
849
849
849
849
849
849
849
849
849
849
849
849
849
849
849
849
849
849
849
849
849
849
849
849
849
849
849
849
849
849
849
849
849
849
849
849
849
849
849
849
849
849
849
849
849
849
849
849
849
849
849
849
849
849
849
849
849
849
849
849
849
849
849
849
849
849
849
849
849
849
849
849
849
887
941
941
944
946
947
948
949
950
330
334
341
475
59
138
209
209
324
118
79
250
250
286
129
738
932
932
453
560
560
573
591
591
591
772
878
555
555
411
411
411
411
595
595
595
595
595
595
229
417
717
439
291
291
291
291
554
554
87
583
583
583
429
429
429
429
760
423
423
423
423
423
423
423
423
423
423
423
423
423
423
430
430
761
893
893
898
431
431
235
289
714
506
506
506
506
161
117
721
128
769
762
607
581
368
368
920
920
840
337
337
337
337
337
211
211
500
584
584
700
599
599
922
722
709
596
596
596
596
596
596
596
532
425
221
590
590
590
692
934
65
212
212
525
72
122
91
873
873
895
895
195
195
536
232
232
134
253
746
788
558
725
879
879
899
899
899
899
359
359
359
359
776
100
702
140
766
767
57
781
887
887
887
887
887
887
887
887
887
887
887
887
887
887
887
887
284
361
361
361
361
361
361
361
361
361
361
361
361
881
763
771
77
790
511
76
472
593
593
182
802
574
900
900
900
900
900
900
900
578
940
705
730
930
512
759
445
445
445
445
220
141
246
246
438
75
303
303
303
303
303
303
303
303
303
303
303
685
904
199
199
601
601
601
719
327
327
693
226
298
239
239
910
910
910
910
825
825
825
794
809
255
255
704
145
729
308
279
279
279
422
422
436
436
449
724
883
883
73
447
447
447
447
447
447
888
233
233
501
501
501
501
293
314
300
300
300
300
300
300
300
300
688
726
757
219
219
230
230
344
344
444
739
885
316
316
316
699
496
496
496
496
496
496
496
496
67
280
280
280
71
95
443
712
799
876
891
412
412
600
600
162
782
236
236
143
283
345
345
345
151
247
247
715
459
160
312
587
587
690
156
60
184
184
277
277
277
277
277
277
277
277
277
277
277
315
315
434
434
243
905
905
905
196
196
179
502
502
502
502
502
502
826
139
311
311
311
105
880
880
880
173
173
173
173
173
362
362
362
362
362
362
362
362
362
362
362
785
83
931
931
931
931
931
931
931
931
931
931
696
803
58
820
820
194
194
691
778
567
101
454
708
210
585
606
137
811
257
287
287
786
831
831
831
202
227
317
317
317
348
460
872
872
795
70
740
538
538
745
104
911
911
911
582
90
752
943
807
493
493
493
493
529
238
238
338
442
808
433
433
433
433
433
765
416
416
416
416
586
586
586
586
205
61
84
93
716
216
346
346
346
346
848
937
890
158
446
446
764
534
733
797
822
822
723
132
936
936
936
124
307
556
571
66
777
189
568
568
568
568
568
568
568
568
775
608
192
192
498
718
505
505
505
505
88
756
113
509
580
557
557
557
347
347
347
347
913
784
789
884
884
81
278
278
426
426
426
426
203
579
579
579
917
309
241
241
451
418
418
418
313
428
428
228
508
508
508
508
200
200
928
928
110
144
806
150
456
441
602
602
687
181
181
566
566
792
780
736
530
882
882
290
305
305
796
933
933
577
577
222
222
234
793
539
539
185
185
82
152
125
758
126
223
737
136
325
102
369
369
369
369
369
369
369
523
523
523
774
892
892
902
902
902
902
902
902
902
902
902
894
99
251
251
458
458
458
218
201
302
302
302
302
847
847
847
424
424
424
85
435
435
907
907
907
149
798
798
798
288
288
288
288
111
787
495
495
495
495
495
495
561
561
561
295
295
295
295
295
452
148
183
183
183
183
183
604
603
448
448
448
448
448
686
78
588
245
503
503
503
503
503
503
503
503
503
503
503
834
130
800
919
919
919
919
919
114
80
94
198
198
455
896
896
750
244
115
929
929
296
296
296
301
301
301
301
301
301
301
301
281
703
706
732
924
689
249
249
569
569
925
86
107
116
332
572
804
175
810
914
720
112
497
497
497
497
497
497
694
103
304
304
155
457
457
457
741
801
742
753
537
537
421
421
421
421
421
421
421
504
504
504
504
504
504
504
504
504
504
120
768
908
906
749
68
178
206
206
285
918
123
713
916
728
157
127
938
938
938
938
938
74
108
197
197
697
563
563
563
133
142
915
915
773
731
886
889
889
176
176
176
176
528
912
360
707
592
592
592
147
186
186
186
186
186
106
319
319
213
213
744
135
589
589
408
408
408
408
408
408
408
408
408
408
408
408
408
408
408
174
783
407
310
499
499
499
499
499
499
69
734
755
204
204
349
747
805
119
217
711
193
193
146
507
299
748
510
594
559
559
415
415
415
415
415
926
926
926
727
770
564
564
564
98
540
540
698
333
333
333
942
942
942
942
942
492
570
159
306
306
109
154
282
450
450
565
565
565
830
96
414
414
414
846
846
97
153
92
751
215
215
609
225
89
598
829
829
829
432
432
432
432
605
63
897
897
419
121
597
597
597
597
597
597
597
597
597
597
597
597
597
597
610
231
231
224
224
440
875
875
180
180
743
64
701
921
207
207
832
832
935
562
562
562
754
903
903
903
903
903
903
903
903
903
903
903
903
903
903
903
903
903
903
903
903
710
779
420
413
909
909
909
909
190
190
695
437
824
824
824
791
823
823
188
188
294
735
326
326
927
927
927
214
214
240
240
877
131
242
242
939
208
208
252
177
531
901
62
874
237
237
482
275
275
550
342
343
268
818
818
269
276
276
863
271
7
486
391
473
374
375
376
377
378
378
378
371
371
371
