1
2
2
2
2
2
2
2
2
2
2
2
2
2
2
2
2
2
2
2
2
2
2
2
2
2
2
2
2
2
2
2
2
2
2
2
2
2
2
2
2
2
2
2
2
2
2
2
2
2
51
51
51
2
55
55
55
55
55
55
55
55
55
55
55
55
55
55
55
55
55
55
55
55
55
55
55
55
2
80
80
80
80
80
80
80
80
80
80
80
80
80
80
80
2
96
96
96
96
96
96
96
96
96
96
2
107
107
107
107
107
107
107
107
107
107
107
107
2
120
120
120
120
120
120
120
120
120
120
120
120
120
13
134
13
136
13
138
40
140
41
142
2
144
146
1
147
147
147
147
147
147
147
147
147
147
147
147
147
147
147
147
147
147
147
147
147
147
147
147
147
147
147
147
147
147
147
147
147
147
147
147
147
1
185
185
185
185
185
185
185
185
185
185
185
185
185
185
185
185
185
185
185
185
185
185
185
185
185
185
185
185
185
185
185
185
185
185
185
185
185
185
185
185
185
185
185
185
185
185
185
185
185
185
185
185
185
185
185
185
185
185
185
185
185
185
185
185
185
185
185
185
185
185
185
185
185
185
185
185
185
185
185
185
185
185
185
185
185
185
185
185
185
185
185
185
185
185
185
185
185
185
185
185
185
185
185
185
185
185
185
185
185
185
185
185
185
185
185
185
185
185
185
185
185
185
185
185
185
185
185
185
185
185
185
317
1
318
318
318
318
318
318
318
318
318
318
318
318
318
318
318
318
318
336
1
337
337
337
337
337
337
337
337
337
337
337
337
337
337
337
337
337
337
337
337
357
357
357
357
357
357
357
357
357
357
357
357
151
371
324
373
374
337
337
1
377
377
377
377
377
377
377
377
377
377
377
377
377
377
377
377
377
377
377
377
377
377
377
377
377
377
377
377
405
377
407
407
407
1
411
411
411
411
411
411
411
411
411
411
411
411
411
411
411
411
411
411
411
411
411
411
411
411
411
411
411
411
411
411
411
411
411
411
411
411
411
411
411
411
411
411
411
411
411
411
411
411
411
460
460
460
460
460
460
460
460
460
460
460
460
460
460
475
1
476
476
476
476
476
476
476
476
476
476
476
476
476
476
476
476
476
476
476
476
476
476
476
476
476
476
476
476
476
476
476
476
476
476
476
476
476
476
476
476
476
476
476
476
476
476
476
476
476
476
490
527
501
529
522
531
524
533
476
535
476
537
537
537
537
537
537
537
537
537
537
537
537
476
550
552
1
553
553
553
553
553
553
553
553
553
553
553
553
553
553
553
553
553
553
553
553
553
575
337
147
357
411
27
27
27
27
27
27
27
27
27
27
570
383
383
273
273
273
273
273
273
241
241
241
241
241
241
266
266
266
266
266
266
200
200
200
200
200
200
200
514
514
514
14
14
158
31
31
31
31
499
499
505
505
505
505
505
563
518
518
249
249
249
249
249
249
160
507
507
225
225
225
255
255
255
255
255
255
391
202
202
202
202
202
202
202
202
202
462
427
427
427
427
427
427
427
246
246
246
246
246
246
277
345
345
345
345
509
348
244
244
244
244
244
244
17
17
17
17
17
17
361
361
564
151
151
151
400
400
236
236
236
33
33
33
33
33
33
325
565
565
42
42
423
423
423
423
423
423
423
504
504
285
285
285
288
288
384
511
11
11
11
11
11
11
11
11
444
444
209
250
250
250
250
250
250
38
38
38
38
38
38
38
347
546
329
240
240
240
240
240
240
94
149
149
132
292
292
292
513
513
245
245
245
245
245
245
573
254
254
254
254
254
254
257
257
257
257
257
257
490
490
490
490
35
35
35
35
47
47
203
203
203
203
203
203
203
203
223
223
223
18
18
18
18
258
258
258
258
258
258
503
503
387
367
239
519
519
304
304
304
366
410
410
352
206
206
206
206
299
299
299
299
299
299
238
238
238
309
20
20
20
20
434
434
434
434
434
214
214
214
214
214
214
558
543
543
543
543
543
543
515
515
316
328
164
323
545
208
208
208
208
208
208
253
253
253
253
253
253
218
218
218
218
229
9
9
9
9
9
272
272
272
272
272
272
495
495
495
34
34
34
419
419
419
419
342
342
342
342
342
342
274
274
274
274
274
274
48
48
562
28
28
28
28
28
28
28
28
28
28
363
446
446
446
446
446
446
526
293
293
293
293
293
332
231
231
231
290
290
290
290
290
290
156
156
39
39
39
39
153
524
78
456
456
493
493
360
360
360
360
133
275
291
291
291
291
291
291
445
445
506
41
41
41
41
213
213
213
213
281
95
341
520
520
77
77
322
322
322
430
430
430
430
430
525
525
548
510
351
267
267
267
267
267
267
19
19
19
19
19
19
19
19
19
289
289
289
289
251
251
251
251
251
251
12
12
12
49
49
508
197
197
334
334
334
210
210
210
492
455
455
40
40
40
40
201
201
201
201
201
201
201
221
221
221
13
13
216
216
216
216
426
426
426
426
426
426
426
426
286
286
449
381
155
155
262
262
262
262
262
262
261
261
261
261
261
261
340
340
340
340
340
340
173
173
300
300
300
300
300
491
491
313
313
313
313
313
276
276
276
276
276
276
453
453
440
24
24
24
24
24
24
24
24
24
330
205
205
205
205
205
205
205
205
205
166
252
252
252
252
252
252
298
298
298
298
298
263
263
263
263
263
263
26
26
26
26
26
26
26
26
26
26
448
139
232
232
232
22
22
22
22
22
22
22
22
22
247
247
247
247
247
247
105
344
344
344
344
439
439
264
264
264
264
264
264
176
176
176
32
32
32
32
248
248
248
248
248
248
106
16
16
16
16
16
16
530
530
10
302
302
302
199
199
333
279
242
242
242
242
242
242
310
310
310
310
310
280
280
280
280
280
280
544
544
567
567
44
44
308
308
308
207
207
207
207
207
207
196
196
256
256
256
256
256
256
217
217
217
224
224
224
224
222
222
222
222
331
331
331
331
331
265
265
265
265
265
265
45
45
403
420
314
314
314
314
314
314
314
314
314
283
283
283
556
220
220
220
220
79
259
259
259
259
259
259
270
270
270
270
270
270
389
50
50
50
50
50
502
502
521
521
521
521
297
297
297
297
297
297
463
23
23
23
23
23
23
23
23
230
230
230
498
437
437
500
500
500
25
25
25
25
25
25
150
227
227
227
29
29
29
29
243
243
243
243
243
243
177
177
177
177
438
438
441
441
432
432
432
432
432
432
432
392
157
211
211
211
211
15
15
15
15
15
15
443
443
443
443
443
260
260
260
260
260
260
226
226
226
226
422
566
566
43
43
43
425
425
425
425
425
425
425
425
278
278
278
278
278
278
362
362
362
362
296
296
296
296
296
296
404
404
21
21
21
21
21
21
21
551
551
516
154
547
557
294
294
294
294
152
152
179
179
517
560
324
324
324
178
237
237
237
429
212
212
212
287
287
287
436
436
118
228
228
228
228
428
428
428
428
428
428
428
428
574
36
36
36
382
382
457
457
393
303
303
303
303
303
165
198
198
369
305
305
305
305
305
269
269
269
269
269
269
163
204
204
204
204
204
204
204
380
234
234
234
315
315
219
219
219
282
282
282
282
282
282
335
335
335
335
335
343
343
343
343
233
233
233
215
215
215
497
497
451
451
451
451
46
46
271
271
271
271
271
271
162
424
424
424
424
424
424
424
424
424
424
301
301
301
447
447
447
494
494
494
549
549
549
549
549
326
284
284
435
435
435
30
30
30
30
30
30
30
442
119
433
433
433
433
433
431
431
431
235
235
235
327
327
327
385
512
512
37
37
37
37
295
295
295
295
295
295
268
268
268
268
268
268
390
416
489
489
414
7
415
5
187
358
189
338
538
375
375
376
376
370
370
372
