1
2
2
2
2
2
2
2
2
2
2
2
2
2
2
2
2
2
2
2
2
2
2
2
2
2
2
2
2
2
2
2
2
2
2
2
2
2
2
2
2
2
2
2
2
2
2
2
2
2
2
2
2
2
2
2
2
2
2
2
2
2
2
2
2
31
67
41
69
53
71
71
71
71
71
71
71
71
71
71
54
82
56
84
2
86
65
88
90
92
93
93
1
94
94
94
94
94
94
94
94
94
94
94
94
94
94
94
94
94
94
94
94
94
94
94
94
94
94
94
94
94
94
94
94
94
94
94
94
94
94
94
94
94
94
94
94
94
94
94
94
94
94
94
94
94
94
94
94
94
94
94
94
94
94
94
94
94
94
94
94
94
94
94
94
94
150
168
170
172
174
159
176
160
178
166
180
94
182
182
184
184
182
187
182
189
94
191
191
194
108
196
103
103
101
23
23
23
23
128
24
24
24
24
131
131
131
110
110
110
110
28
28
28
28
28
28
58
58
58
58
58
58
58
58
74
22
147
147
38
38
42
42
42
42
130
130
34
34
34
34
34
39
39
19
19
19
109
109
109
109
25
25
25
25
25
78
83
112
112
112
108
148
148
148
123
175
138
105
105
105
31
31
31
31
31
8
8
8
150
150
150
21
132
18
18
18
62
62
62
62
62
62
100
20
29
29
29
29
29
16
57
57
57
57
57
57
65
13
17
17
56
56
56
56
56
56
56
56
146
146
51
51
116
52
52
53
12
12
104
104
104
59
45
45
45
45
9
15
124
124
89
158
72
72
120
49
169
169
169
50
50
43
43
43
43
137
14
103
103
103
44
44
44
44
44
55
55
55
30
30
30
64
64
64
64
107
141
141
80
106
11
11
46
46
46
46
48
48
118
118
76
122
26
61
61
61
149
149
149
60
60
140
10
47
47
47
47
54
54
54
41
41
114
27
27
36
85
85
32
32
32
32
32
32
139
139
183
192
40
40
35
37
37
101
101
126
111
111
111
7
195
195
196
196
197
92
198
199
