1
2
2
2
2
2
2
2
2
2
2
2
2
2
2
2
2
2
2
2
2
2
2
2
2
2
2
2
2
2
2
2
2
2
2
2
2
2
2
2
2
2
2
2
2
2
2
2
2
2
2
2
2
2
2
2
2
2
2
2
2
2
2
2
2
2
2
2
2
2
2
2
2
2
75
75
75
75
2
80
80
80
80
80
80
80
2
88
88
88
88
88
88
88
2
96
28
1
99
99
99
99
99
99
99
99
99
99
99
99
99
99
99
99
99
99
99
99
99
99
99
99
99
99
99
99
99
99
99
99
99
99
99
99
99
99
99
99
99
99
99
99
99
99
99
99
99
99
99
99
99
99
99
99
99
99
99
99
99
99
99
99
99
99
99
99
99
99
99
99
99
99
99
99
99
99
99
99
99
99
99
99
99
99
99
99
99
99
99
99
99
99
99
99
99
99
99
99
99
99
99
99
99
99
99
99
99
99
99
99
99
99
99
99
99
99
99
99
99
99
99
99
99
99
99
99
99
99
99
99
99
99
99
99
99
99
99
99
99
99
99
99
99
99
99
99
99
99
99
99
99
99
99
99
99
99
99
99
99
99
99
99
99
99
99
99
99
99
99
99
99
99
99
99
99
99
99
99
99
99
99
99
99
99
99
99
99
99
99
99
99
99
99
99
99
99
99
99
99
99
99
99
99
99
99
99
99
99
99
99
99
99
99
99
99
99
99
99
99
99
99
99
99
99
326
327
328
329
329
329
329
329
329
329
329
329
329
329
329
329
329
329
329
329
329
329
329
329
329
329
329
340
180
180
180
210
210
210
48
48
193
193
188
188
170
186
186
194
194
174
174
174
207
207
47
47
47
139
139
233
233
233
22
22
22
22
22
22
124
206
206
79
157
157
157
157
179
179
179
353
353
353
40
40
40
40
40
40
216
216
224
224
35
35
154
131
131
131
131
131
131
131
131
131
131
131
131
131
122
349
349
349
349
349
201
201
208
208
348
348
348
348
348
209
209
45
45
130
130
130
130
130
37
161
161
93
93
32
32
32
32
192
192
346
346
21
21
94
94
94
141
141
220
220
220
41
41
41
41
87
183
183
183
183
183
183
183
183
183
183
183
129
129
129
129
169
20
20
20
20
20
20
20
20
184
43
43
212
212
223
223
223
217
217
181
181
181
181
181
127
127
127
167
167
167
167
167
167
167
119
119
119
119
338
225
225
25
25
339
339
339
339
339
172
172
172
234
234
39
39
39
147
133
133
143
143
92
92
28
28
28
28
28
28
28
236
164
164
350
350
350
350
350
350
163
163
156
156
156
202
202
342
342
342
342
342
342
342
342
342
153
138
138
176
176
176
176
176
176
152
152
152
152
152
152
152
152
152
152
152
49
49
49
49
26
26
134
134
38
38
144
144
144
121
121
121
121
121
218
218
46
46
136
27
27
34
34
162
162
160
160
148
148
148
148
148
148
148
148
148
148
148
148
148
198
198
135
135
197
197
219
219
219
341
341
341
341
341
341
227
227
227
187
187
159
159
24
24
24
137
137
137
168
165
165
151
344
344
347
347
42
42
204
204
215
215
120
120
120
33
33
95
95
140
140
229
229
132
132
185
185
185
128
340
340
340
213
213
343
343
343
343
343
343
343
343
343
343
205
205
195
195
125
125
200
200
177
177
177
226
226
226
226
226
199
199
189
189
352
352
352
352
230
230
230
230
230
230
221
221
221
191
191
91
91
31
31
23
30
30
166
166
36
36
214
214
146
146
146
173
173
173
175
175
175
190
190
182
182
182
44
44
203
203
142
142
142
235
235
123
228
228
150
150
150
150
150
150
150
150
150
150
150
150
150
150
150
150
171
171
171
171
196
196
222
222
222
155
155
155
145
145
145
29
29
149
149
149
149
149
178
178
178
19
117
332
333
330
354
98
98
98
98
98
98
98
327
327
