1
2
2
2
2
2
2
2
2
2
2
2
10
14
14
13
17
17
20
21
21
21
21
21
21
21
21
21
21
21
21
21
21
21
21
21
21
21
21
21
21
21
21
21
21
21
21
21
21
37
52
52
21
55
55
55
55
55
55
55
55
55
21
65
65
65
65
21
70
70
70
70
70
70
48
77
77
77
77
77
77
77
77
86
34
1
89
89
89
89
89
89
89
89
89
89
89
89
89
89
89
89
89
89
89
89
89
89
89
89
89
89
89
89
89
89
89
89
89
89
89
89
89
89
89
89
89
89
132
133
133
133
133
133
133
133
133
133
133
133
133
133
133
133
133
133
133
133
133
133
133
133
133
133
133
133
133
133
133
133
133
133
133
133
133
133
133
133
1
173
173
173
173
173
173
173
173
173
173
173
173
173
173
173
173
173
173
173
173
173
173
173
173
173
173
173
173
173
173
173
173
173
173
173
173
173
173
173
173
173
173
192
216
216
216
138
116
116
51
161
172
172
104
104
104
165
211
122
122
10
10
10
106
106
113
188
188
188
188
188
188
188
188
188
188
188
192
192
135
170
170
207
207
207
207
9
9
9
9
9
34
34
34
34
34
34
34
34
34
34
34
34
99
44
44
102
101
110
110
121
121
137
137
137
137
137
137
154
154
154
154
154
154
41
160
160
160
156
156
156
156
156
32
32
32
32
32
32
32
32
191
191
33
35
35
117
117
117
117
117
117
115
115
124
93
93
93
42
42
42
149
212
50
50
50
50
193
193
193
193
193
193
193
193
193
193
193
193
193
193
193
118
118
118
118
118
151
151
205
162
162
195
195
16
46
114
114
114
114
114
114
114
114
120
75
75
75
75
171
171
171
171
171
171
108
196
142
142
142
142
144
144
144
112
112
112
146
146
69
69
69
107
111
111
111
111
159
159
136
136
136
136
136
136
136
136
136
136
98
98
98
98
129
204
204
204
145
139
139
139
139
139
76
123
123
100
49
49
164
125
126
103
141
141
141
155
155
40
40
40
40
40
40
168
190
198
39
39
39
39
39
39
39
140
140
140
140
140
13
13
97
97
97
97
153
153
153
153
153
153
153
153
157
157
157
157
157
157
157
199
43
43
43
43
143
143
143
143
189
189
189
127
214
214
214
210
47
45
45
45
45
45
45
45
169
169
48
48
48
48
64
64
64
64
64
64
64
3
174
175
63
63
88
