2
3
4
5
6
7
8
9
10
11
12
13
14
15
16
17
18
19
21
22
23
24
25
26
27
28
29
30
31
32
33
34
35
36
37
38
39
40
41
42
43
44
45
46
47
48
49
50
51
52
53
54
55
56
57
58
59
60
61
62
63
64
65
66
67
68
69
70
71
72
73
74
75
76
77
78
79
80
81
82
83
84
85
87
88
89
90
91
92
93
94
95
96
97
98
99
100
101
102
103
104
105
106
107
108
109
110
111
112
113
114
115
116
117
118
119
120
121
122
123
124
125
126
127
128
129
130
131
133
134
135
136
137
138
139
140
141
142
143
144
145
146
147
148
149
150
151
152
153
154
155
156
157
158
159
160
161
162
163
164
165
166
167
168
169
170
171
172
173
174
175
176
177
178
179
180
181
182
183
184
185
186
187
188
189
190
191
192
193
194
195
196
197
198
199
200
201
202
203
204
205
206
207
208
209
210
211
212
213
214
215
216
217
218
219
134
195
91
23
134
148
150
105
214
94
134
213
194
129
4
6
8
107
173
91
177
181
187
179
178
186
180
182
184
183
185
178
183
134
161
134
208
209
182
183
4
5
6
7
8
35
36
40
38
37
22
25
30
63
31
23
24
104
27
30
104
104
189
173
194
129
148
150
160
167
166
134
160
149
162
165
159
134
25
163
165
134
164
149
163
165
134
29
22
26
27
25
23
28
24
192
174
25
25
23
197
195
129
92
90
91
195
91
199
92
90
91
22
27
30
150
213
51
22
30
24
203
196
202
204
199
197
194
198
195
177
181
179
174
183
185
131
94
195
129
91
147
134
207
164
134
214
206
12
30
197
194
131
195
129
92
90
91
198
72
73
71
74
164
161
172
163
167
134
215
215
148
150
149
134
148
149
134
195
129
91
149
134
66
67
68
173
194
131
129
91
149
134
144
145
160
143
162
167
165
142
146
134
105
96
211
94
130
205
189
187
134
148
150
160
162
134
74
194
129
104
27
30
147
196
196
104
148
150
134
167
134
37
22
25
30
23
24
134
176
201
41
40
22
25
27
30
23
148
150
160
162
134
4
8
95
105
94
210
164
149
162
163
165
147
160
134
164
149
158
163
167
165
134
200
44
22
25
23
148
149
147
134
190
186
175
196
211
212
210
213
25
37
22
25
27
30
23
24
161
134
29
22
31
28
60
59
61
56
57
62
58
2
173
174
55
55
23
