1
2
2
2
2
2
2
2
2
2
2
2
2
2
2
2
2
2
2
2
2
2
2
2
2
2
6
28
8
31
32
32
32
32
32
32
32
32
32
32
32
32
32
32
32
32
32
32
32
32
39
53
52
55
57
40
52
60
61
61
61
61
61
61
61
61
61
61
61
61
61
61
61
61
61
61
61
61
61
61
61
61
61
61
61
61
61
61
61
61
61
61
61
61
61
61
61
61
61
61
61
61
61
61
107
107
110
111
111
111
111
111
111
111
111
111
111
111
111
111
110
125
125
125
125
125
125
125
125
125
125
125
125
125
125
125
125
125
141
143
125
145
145
145
145
145
145
145
145
145
145
145
145
145
145
145
160
160
160
125
164
164
164
164
164
164
164
125
172
172
172
75
75
75
75
159
75
31
182
182
182
182
182
182
182
182
182
182
182
182
182
182
182
182
182
182
182
182
182
182
182
182
182
182
182
191
210
192
212
193
214
182
216
32
111
182
118
118
118
118
118
159
170
170
190
190
190
190
190
190
153
153
153
192
80
80
80
84
89
102
121
121
121
121
121
99
173
173
173
79
79
134
134
134
134
134
134
134
134
48
48
48
9
202
189
189
189
189
189
189
96
47
47
47
47
116
116
116
169
169
169
78
78
6
42
42
42
42
42
144
144
193
101
191
90
90
95
95
135
135
135
135
135
135
135
87
87
87
49
49
49
49
49
49
49
158
158
158
158
199
94
94
94
16
198
198
198
198
119
119
119
119
93
93
93
215
123
123
152
152
213
138
174
174
86
86
151
151
109
200
137
74
74
74
74
74
74
92
92
124
124
124
124
204
204
204
204
204
188
188
188
188
188
77
77
77
187
187
187
187
187
187
133
133
52
52
203
203
203
203
203
203
46
40
40
40
40
40
205
8
8
8
8
8
8
8
8
8
8
8
83
98
98
98
98
98
98
142
136
100
100
100
100
100
100
100
100
175
175
175
88
73
91
91
76
76
186
186
186
186
186
186
139
103
141
141
141
141
141
141
50
50
120
120
120
120
120
120
120
120
120
120
120
82
185
185
185
185
185
4
4
195
195
195
195
195
195
75
75
75
201
154
154
211
196
196
196
196
196
196
194
194
194
194
194
194
194
194
122
197
197
197
197
197
197
155
155
155
155
155
155
155
41
41
41
41
41
171
171
117
117
117
22
22
23
157
81
81
81
81
81
81
81
156
168
168
85
85
97
97
97
97
97
97
140
140
140
140
140
140
140
51
51
3
33
165
165
112
149
176
177
30
58
58
58
178
179
180
181
