2
3
4
5
6
7
8
9
10
11
12
13
14
15
16
17
18
19
20
21
22
23
24
25
26
27
28
29
30
32
33
34
35
36
37
38
39
40
41
42
43
44
45
46
47
48
49
50
51
52
53
54
55
56
32
58
59
61
62
63
64
65
66
67
68
69
70
71
72
73
74
75
76
77
78
79
80
81
82
83
84
85
86
87
88
89
90
91
92
93
94
95
96
97
98
99
100
101
102
103
104
105
106
107
108
109
111
112
113
114
115
116
117
118
119
120
121
122
123
124
125
126
127
128
129
130
131
132
133
134
135
136
137
138
139
140
141
142
143
144
145
146
147
148
149
150
151
152
153
154
155
156
157
158
159
160
161
162
163
164
165
166
167
168
169
170
171
172
173
174
175
176
177
178
179
180
181
182
183
184
185
186
187
188
189
190
191
192
193
194
195
196
197
198
199
200
201
202
203
204
205
206
207
208
209
210
211
212
213
214
215
216
217
2
61
2
112
114
113
128
125
149
167
166
206
207
208
209
183
184
150
149
148
194
75
63
61
65
67
71
83
167
115
166
164
100
167
166
164
61
61
139
132
129
131
128
126
130
127
46
37
38
10
203
206
207
208
209
183
184
64
46
34
37
38
117
111
125
167
166
164
79
61
22
35
34
36
37
38
166
164
194
64
194
82
102
64
65
132
129
131
126
128
130
127
67
68
107
43
46
44
45
39
37
38
154
147
150
149
203
95
72
65
17
206
208
183
184
83
140
120
112
66
67
69
209
112
126
145
145
209
129
164
164
67
68
147
146
108
203
132
72
64
69
65
70
71
67
66
83
137
112
126
207
209
205
183
184
207
208
209
183
184
79
63
61
206
207
208
209
183
184
125
125
43
46
206
207
208
209
183
184
45
15
6
9
37
38
184
15
16
11
12
17
14
18
21
20
19
13
64
90
81
67
66
69
65
129
132
83
90
81
92
67
66
69
65
167
166
164
97
61
102
82
77
61
206
207
208
209
183
184
131
67
132
129
130
127
164
164
37
38
121
136
83
167
114
166
128
132
112
113
164
67
207
208
209
183
184
6
7
206
207
208
209
183
184
79
63
61
203
147
146
209
206
207
208
209
183
184
206
217
207
208
209
183
184
216
113
206
207
208
209
183
184
147
146
149
150
125
160
125
35
34
36
37
38
167
166
111
125
111
23
24
27
150
93
64
66
69
65
71
70
149
167
166
97
68
102
83
81
67
66
69
132
129
131
130
127
164
164
37
38
2
32
164
172
125
148
149
146
15
15
37
38
149
149
149
149
