1
2
2
2
2
2
2
2
2
2
2
2
2
2
2
2
2
2
2
2
2
2
2
2
2
2
2
2
2
2
2
2
2
2
2
2
2
2
2
2
2
2
2
2
2
2
2
2
2
2
2
2
2
54
54
54
54
54
54
54
54
2
63
63
63
2
67
67
67
67
67
67
67
2
75
75
75
75
75
75
29
49
1
84
84
84
84
84
84
84
84
84
84
84
84
84
84
84
84
84
84
84
84
84
84
84
84
84
84
84
84
84
84
84
84
84
84
84
84
120
120
120
120
120
120
127
127
127
131
131
131
135
135
135
84
139
84
141
141
84
144
144
144
101
110
100
109
98
111
95
94
92
91
113
103
102
105
106
163
164
164
164
164
164
164
164
164
164
164
164
164
164
164
164
164
164
164
164
164
164
164
164
164
164
164
164
164
164
179
183
1
196
196
196
196
196
196
196
196
196
196
196
196
196
196
196
196
196
196
196
196
196
196
196
196
196
196
196
196
196
196
196
196
196
196
196
84
232
232
232
232
232
232
239
239
239
243
243
243
247
247
247
84
251
84
253
253
84
256
256
256
1
260
260
260
260
260
260
260
260
260
260
260
260
260
260
260
260
260
260
260
260
260
260
260
260
260
260
260
260
260
260
260
260
260
260
260
260
260
260
260
260
260
260
260
260
25
25
307
2
309
310
310
311
312
43
46
25
27
46
27
46
27
80
27
323
43
43
29
29
29
29
29
29
29
29
29
29
29
29
35
35
36
37
36
37
37
37
37
41
40
42
37
66
66
182
182
42
42
42
42
42
42
42
42
42
42
170
170
170
35
35
35
35
35
35
35
35
35
35
191
186
52
73
73
73
73
53
53
53
65
65
65
65
176
176
176
174
174
183
183
225
193
44
44
44
44
44
44
44
74
74
74
74
62
62
62
62
62
224
188
185
46
46
46
46
179
179
60
60
60
60
60
60
36
36
36
36
36
36
36
36
36
36
184
187
180
277
277
277
277
277
79
79
79
79
79
171
171
189
43
43
43
43
43
43
43
43
43
43
19
64
21
72
72
149
149
149
151
151
151
153
153
153
158
158
158
148
148
148
150
150
150
152
152
152
154
154
154
155
155
155
156
156
156
157
157
157
82
82
82
159
159
159
160
160
160
161
161
161
162
162
162
