2
3
4
5
6
7
8
9
10
11
12
13
14
15
16
17
18
19
20
21
22
23
24
25
26
27
28
29
30
31
32
33
34
35
36
37
38
39
40
41
42
43
44
45
46
47
48
49
50
51
52
53
54
55
56
57
58
59
60
61
62
63
64
65
66
67
68
69
70
71
72
73
74
75
76
77
78
79
80
81
82
83
84
85
86
87
88
89
90
91
92
93
94
95
96
97
98
99
100
101
102
103
104
105
106
107
108
109
110
111
112
113
114
115
116
117
118
119
120
121
122
123
124
125
126
127
128
129
130
131
132
133
134
135
136
137
138
139
140
141
142
143
144
145
8
147
148
149
150
151
152
153
154
155
156
157
158
159
160
161
162
163
164
165
166
167
168
169
170
171
172
173
174
175
176
177
178
179
180
181
182
183
184
185
186
187
188
189
190
191
192
193
194
195
196
197
198
199
200
201
202
203
204
205
206
207
208
209
210
211
212
213
214
215
216
217
218
219
220
221
222
223
224
225
226
227
228
229
230
231
232
233
234
235
236
237
238
239
240
241
242
243
244
245
246
247
248
249
250
251
252
253
254
255
256
257
258
259
260
261
262
263
264
265
266
267
268
269
270
271
272
273
274
275
276
277
278
279
280
281
282
283
284
285
286
287
288
289
290
291
292
293
294
295
296
297
298
299
300
301
302
303
176
305
306
307
308
309
310
311
312
313
314
315
316
317
318
319
320
321
322
323
324
325
326
327
328
329
330
331
332
333
334
335
336
337
338
339
340
341
342
343
344
345
346
347
348
349
350
351
352
353
354
355
356
357
358
359
360
361
362
363
364
365
366
367
368
369
370
371
372
373
374
375
376
377
378
379
380
381
382
383
384
385
386
387
388
389
390
391
392
393
394
395
396
397
398
399
400
401
402
403
404
405
406
352
408
409
410
411
412
413
414
415
416
417
418
419
420
421
422
423
424
425
426
427
428
429
430
431
432
433
434
435
436
437
438
439
440
441
442
443
444
445
446
447
448
449
450
451
452
453
454
455
456
457
458
459
446
461
462
463
464
465
466
467
468
469
470
471
472
473
474
475
476
477
478
479
480
481
482
483
484
485
486
487
488
489
490
491
492
493
494
495
496
497
498
499
500
501
502
503
504
505
506
507
508
509
510
511
512
513
514
515
516
517
518
519
520
521
522
523
524
525
526
527
528
529
530
531
532
533
534
535
536
502
538
539
540
541
542
543
544
545
546
547
548
549
550
551
552
553
554
555
556
557
558
559
560
561
562
563
564
565
566
567
568
569
570
571
572
573
574
575
576
577
563
442
442
408
442
408
415
79
413
425
423
78
412
414
7
55
539
443
408
408
379
490
174
175
176
172
379
490
174
175
176
172
379
490
174
175
176
172
352
174
175
176
179
173
177
554
511
540
545
539
408
392
343
470
464
472
145
144
305
420
412
4
7
490
472
470
464
465
472
461
443
455
471
473
379
490
174
175
176
172
305
478
466
490
174
172
379
490
174
175
176
172
408
502
352
558
174
175
176
179
173
177
461
393
493
386
361
389
350
348
343
379
490
174
175
176
172
172
159
148
408
305
471
148
379
490
174
175
176
172
419
94
415
412
7
80
164
305
443
337
341
306
408
436
490
174
172
417
427
415
428
412
7
459
443
551
550
563
430
5
493
390
373
350
348
472
343
490
472
490
174
172
175
172
408
472
413
12
78
412
414
5
7
55
389
350
172
379
490
174
175
176
172
417
427
428
429
416
412
7
408
525
551
553
563
379
490
174
175
176
172
93
338
306
131
490
174
175
547
473
472
379
490
174
175
176
172
379
490
174
175
176
172
379
490
174
175
176
172
470
471
473
472
538
417
416
412
7
426
7
559
502
352
174
175
176
173
178
461
490
174
172
105
412
7
96
379
490
174
175
176
172
490
472
495
457
511
542
545
408
172
455
556
471
473
490
174
175
439
440
499
174
179
173
490
381
174
175
176
173
490
174
172
178
511
545
541
132
412
7
120
493
354
350
348
343
379
490
174
175
176
172
408
525
527
526
523
524
461
490
472
175
548
563
305
524
562
379
490
174
175
176
172
379
490
174
175
176
172
379
175
176
172
172
548
550
6
5
8
7
3
379
490
174
175
176
172
490
467
472
415
4
7
349
350
348
461
161
154
409
149
408
305
379
490
174
175
176
172
427
7
443
419
427
415
118
428
412
421
422
7
107
164
410
511
350
348
539
343
408
472
490
174
175
182
472
551
552
563
511
545
408
408
392
343
490
174
172
379
490
174
175
176
172
305
408
411
551
410
5
8
305
520
75
354
350
490
472
159
169
164
408
131
172
379
490
174
175
176
172
350
343
472
431
410
6
5
379
175
176
172
172
93
149
455
556
471
473
75
76
388
386
389
350
343
563
562
561
471
472
527
471
379
490
174
175
176
172
427
415
118
428
429
412
426
7
107
490
174
175
172
379
490
174
175
176
172
417
415
7
429
7
471
172
172
545
461
551
548
415
552
563
408
490
174
172
472
354
350
431
410
6
5
502
558
174
175
176
179
173
177
490
174
172
14
51
379
175
176
172
410
386
387
350
348
472
343
408
175
172
349
408
305
408
493
554
555
511
556
545
539
408
392
343
379
490
174
175
176
172
379
490
174
175
176
172
511
545
336
160
167
149
163
305
490
381
174
175
176
305
436
490
472
505
490
174
177
178
379
490
174
175
176
172
386
387
350
415
413
105
418
412
414
5
7
96
553
563
559
502
352
174
175
176
179
173
178
461
305
379
490
174
175
176
172
490
381
174
175
176
379
490
174
175
176
172
511
545
539
415
79
413
78
426
424
412
414
7
55
349
414
490
174
172
132
415
413
412
421
414
5
7
120
379
490
174
175
176
172
104
162
149
305
305
389
350
493
554
555
511
556
540
545
539
379
490
174
175
176
172
339
306
305
417
415
412
7
379
490
174
175
176
172
104
415
425
78
412
7
55
465
461
6
490
174
175
172
172
552
563
172
379
490
174
175
176
172
490
174
175
182
472
379
490
174
175
176
172
523
461
459
443
432
7
490
174
175
379
490
174
175
176
172
172
172
379
490
174
175
176
172
490
174
172
379
175
176
172
379
175
176
172
559
551
550
553
429
412
421
563
408
379
490
174
175
176
172
419
7
350
408
490
455
495
502
478
174
182
177
472
461
490
174
172
408
379
175
176
172
76
379
490
174
175
176
172
379
490
174
175
176
172
408
554
511
540
545
539
408
392
343
380
356
359
3
343
490
472
410
490
549
556
473
408
490
381
174
175
176
173
393
410
415
118
412
421
6
7
107
511
545
544
343
392
343
490
174
172
484
389
350
490
478
472
94
415
418
412
7
80
455
457
556
543
545
343
343
490
174
172
306
412
422
4
7
379
490
174
175
176
172
339
306
305
408
389
350
354
350
493
388
386
389
350
348
343
408
305
379
175
176
172
413
412
414
5
7
51
437
350
348
343
436
379
490
174
175
176
172
379
175
176
172
350
459
443
559
432
7
8
410
386
387
350
348
472
343
408
159
164
408
305
379
490
174
175
176
172
490
381
174
175
176
173
408
408
415
118
412
421
422
7
107
522
522
472
305
526
408
490
174
175
173
342
306
340
306
408
473
538
410
549
563
408
306
490
174
172
350
490
174
172
490
174
172
367
343
117
379
175
176
172
493
388
386
387
389
350
348
343
416
4
7
354
350
408
408
408
490
174
175
182
472
172
172
305
408
490
174
175
182
472
379
490
174
175
176
172
305
559
502
352
174
175
176
173
178
408
490
174
172
472
461
490
174
172
379
490
174
175
176
172
159
158
148
408
551
550
552
429
412
421
563
408
490
174
172
490
174
172
490
472
362
384
389
365
425
7
379
490
174
175
176
172
305
384
383
385
347
350
346
439
440
343
438
490
174
175
382
391
350
490
467
472
525
527
526
523
524
551
550
563
175
172
369
350
343
419
94
415
420
412
7
80
350
117
388
386
389
350
343
388
386
350
490
174
172
548
410
563
408
408
470
463
416
412
4
7
490
381
174
175
176
173
379
490
174
175
176
172
408
461
343
461
538
535
535
438
408
438
538
408
538
461
305
408
343
461
343
