2
3
4
5
6
7
8
9
10
11
12
13
14
15
16
17
18
19
20
21
22
23
24
25
26
27
28
29
30
31
32
33
34
35
36
37
38
39
40
41
42
43
44
45
46
47
48
49
50
51
52
53
54
55
56
57
58
59
60
61
62
63
64
65
66
67
68
69
70
71
72
73
74
75
76
77
78
79
80
81
82
83
84
85
86
87
88
89
90
91
92
93
94
95
96
97
98
99
100
101
102
103
104
105
106
107
108
109
110
111
112
113
114
115
116
117
118
119
120
121
122
123
124
125
126
127
128
129
130
131
132
133
134
135
136
137
138
139
140
141
142
143
144
145
146
147
148
149
150
151
152
153
154
155
156
157
158
159
160
161
162
163
164
165
166
167
168
169
170
171
172
173
174
175
176
177
178
179
180
181
182
183
184
185
186
187
188
189
190
191
192
193
194
195
196
197
198
199
200
201
202
203
204
205
206
207
208
209
210
211
212
213
214
215
216
217
218
219
220
221
222
223
224
225
226
227
228
229
230
231
232
233
234
235
236
237
238
239
240
241
242
243
244
245
246
247
248
249
250
251
252
253
254
255
256
257
258
259
260
261
262
263
264
265
266
267
268
269
270
271
272
273
274
275
276
277
278
279
280
281
282
283
284
285
286
287
288
289
290
291
292
293
294
295
296
297
298
299
300
301
302
303
304
305
306
307
308
309
310
311
312
313
314
315
316
317
318
319
320
321
322
323
324
325
326
327
328
329
330
331
332
333
334
335
336
337
338
339
340
341
342
343
344
345
346
347
348
349
350
351
352
353
354
355
356
357
358
359
360
361
362
363
364
365
366
367
368
369
370
371
372
373
374
375
376
377
378
379
380
381
382
383
384
385
386
387
388
389
390
391
392
393
394
395
396
397
398
399
400
401
402
403
404
405
406
407
408
409
410
411
412
413
414
415
416
417
418
419
420
421
422
423
424
425
426
427
428
429
430
431
432
433
434
435
436
437
438
439
440
441
442
443
444
445
446
447
448
449
450
451
452
453
454
455
456
457
458
459
460
463
464
466
467
468
469
470
471
472
473
474
475
476
477
478
480
481
482
483
484
485
486
108
57
74
436
108
57
108
57
281
58
186
108
57
108
57
66
108
57
173
362
57
173
356
108
89
57
163
220
108
57
93
265
108
57
108
57
108
57
108
174
55
303
211
57
108
423
57
108
57
197
57
173
279
108
425
57
57
108
57
55
108
174
55
275
173
281
197
278
173
56
401
381
108
57
108
57
69
108
57
108
57
108
57
293
108
57
108
57
108
57
108
57
108
57
108
55
108
57
108
57
108
89
57
108
55
93
462
59
108
57
219
294
108
57
373
403
268
108
57
57
350
95
108
57
108
57
108
166
57
108
57
352
108
57
77
76
436
359
108
57
108
174
55
43
57
57
108
57
174
108
57
57
235
93
462
86
38
57
108
422
57
108
57
285
108
57
108
57
108
57
355
173
353
315
95
265
108
57
356
108
57
186
264
89
262
375
95
389
96
467
108
57
61
108
425
57
358
173
108
57
57
108
57
215
95
33
2
361
173
108
57
108
57
277
173
79
170
315
209
93
108
57
173
425
401
381
108
57
462
108
57
208
108
57
58
108
57
57
108
57
93
462
60
108
57
108
57
108
422
57
108
57
174
57
173
359
41
108
57
173
364
108
57
406
375
95
389
96
108
57
108
57
108
57
317
93
108
57
108
57
173
365
62
55
365
429
108
57
108
422
57
108
57
221
108
57
57
93
462
108
57
108
274
108
57
108
174
55
108
174
55
63
108
57
108
57
222
108
57
55
313
93
375
95
389
96
467
375
95
389
96
467
108
57
401
315
33
201
108
57
57
108
57
283
173
57
108
57
108
57
108
57
95
373
389
96
467
57
108
57
370
173
108
57
274
57
108
57
176
375
95
389
96
467
108
57
108
173
57
108
57
173
356
221
108
57
64
103
108
57
77
399
76
436
108
57
108
57
57
57
108
57
57
108
57
73
436
108
57
108
171
57
173
422
70
67
375
95
389
96
467
108
174
55
108
425
57
201
108
57
222
108
425
57
108
57
197
201
213
108
57
108
57
108
57
108
57
215
108
57
108
57
108
57
108
89
57
108
57
108
57
108
57
108
57
108
57
306
169
108
273
264
55
108
57
375
95
389
96
467
108
57
217
273
59
108
57
108
57
108
57
108
57
312
108
57
108
57
316
274
108
174
55
232
95
7
42
37
40
29
55
63
43
54
50
59
10
23
17
32
27
22
66
16
68
5
65
11
44
36
60
48
53
47
20
58
13
62
49
14
6
30
8
38
45
51
67
61
46
24
4
12
25
26
57
64
56
31
52
9
41
18
39
108
57
108
57
57
108
57
55
108
89
57
108
57
110
108
174
55
57
222
108
57
108
57
93
263
186
188
265
365
108
57
108
57
108
57
93
108
57
65
56
108
57
365
108
57
57
57
275
108
242
108
57
235
108
57
108
57
366
106
170
166
171
57
108
57
108
57
162
161
108
57
108
57
40
86
38
108
57
375
95
389
96
230
2
