2
3
4
5
6
7
8
9
10
11
12
13
14
15
16
17
18
19
20
21
22
23
24
25
26
27
28
29
30
31
32
33
34
35
36
37
38
39
40
41
42
43
44
45
46
47
48
49
50
51
52
53
54
55
56
57
58
59
60
61
62
63
64
65
66
67
68
69
70
71
72
73
74
75
76
77
78
79
80
81
82
83
84
85
86
87
88
89
90
91
92
93
94
95
96
97
98
99
100
101
102
103
104
105
106
107
108
109
110
111
112
113
114
115
116
117
118
119
120
121
122
123
124
125
126
127
128
129
130
132
133
134
135
136
137
138
139
140
141
142
143
145
146
147
148
149
150
151
152
153
154
155
156
157
158
159
160
161
162
163
164
165
166
167
168
169
170
171
172
173
174
175
176
177
178
179
180
181
182
183
184
185
186
187
188
189
190
191
192
193
194
195
196
197
198
199
200
201
202
203
204
205
206
207
208
209
210
211
212
213
214
215
216
217
218
219
220
221
222
223
2
145
9
5
14
8
77
2
45
110
15
16
194
11
169
73
147
22
9
15
5
14
13
6
104
83
107
68
114
147
22
9
15
5
14
13
6
147
145
79
80
110
22
110
5
15
14
13
8
6
16
3
68
94
68
174
172
173
5
146
8
147
68
89
59
147
45
110
15
16
68
216
147
82
110
20
68
90
88
89
110
13
9
14
68
82
45
110
15
16
183
146
8
90
88
89
110
115
147
89
5
145
2
22
110
5
15
14
13
10
11
96
110
8
147
114
22
5
15
14
13
10
6
45
110
15
16
147
145
147
147
45
110
15
16
169
145
68
183
45
9
14
147
68
103
2
5
12
11
13
140
2
88
5
22
146
17
110
8
147
216
104
5
7
18
6
2
68
88
89
110
192
110
191
147
18
5
7
18
6
2
90
5
5
7
18
6
2
169
145
147
68
93
92
4
5
14
9
11
13
3
8
16
13
68
88
68
95
94
68
4
15
14
3
171
5
7
18
6
2
71
145
17
6
45
9
14
170
7
88
73
5
68
88
43
19
45
9
14
68
91
45
110
14
147
82
22
9
15
5
14
13
6
136
95
171
145
5
7
18
6
2
110
8
147
147
145
8
170
145
142
134
136
5
11
147
116
146
22
110
146
147
12
145
12
19
68
43
23
171
145
45
110
15
16
94
96
95
4
3
195
133
136
135
68
50
22
110
5
15
14
13
6
22
5
7
14
6
15
17
13
18
8
10
134
133
136
135
170
145
147
147
14
121
82
147
45
23
14
145
68
95
219
12
63
105
20
2
145
15
145
133
136
135
