2
3
4
5
6
7
8
9
10
11
12
13
14
15
16
17
18
19
20
21
22
23
24
25
26
27
28
29
30
32
33
34
35
36
37
38
39
40
41
42
43
44
45
46
47
48
49
50
51
52
53
54
55
56
57
58
59
60
61
62
63
64
65
66
67
68
69
70
71
72
73
74
75
76
77
78
79
80
81
82
83
84
85
86
87
88
89
90
91
92
93
94
95
96
97
99
100
101
102
103
104
105
106
107
108
109
110
111
112
113
114
115
116
117
118
119
120
121
122
123
124
125
126
127
128
129
130
131
132
133
134
135
136
137
138
139
140
141
142
143
144
145
146
147
148
149
150
151
152
153
154
155
156
157
158
159
160
161
162
163
164
165
166
167
168
169
170
171
172
173
174
175
176
177
178
179
180
181
182
183
184
185
186
187
188
189
190
191
192
193
194
195
196
197
198
199
200
201
202
203
204
205
206
207
208
209
210
211
212
213
214
215
216
217
218
219
220
221
222
223
224
225
226
227
228
229
230
231
232
233
234
235
236
237
238
239
240
241
242
243
244
245
246
247
248
249
250
251
252
253
254
255
220
257
258
260
261
262
263
264
265
266
267
268
269
270
271
272
273
274
275
276
277
278
279
280
281
282
283
284
285
286
287
288
289
290
291
292
293
294
295
296
297
298
299
300
301
302
304
306
307
308
309
310
311
312
313
314
315
316
317
318
319
320
321
322
323
324
325
326
327
328
329
330
331
332
333
334
335
336
337
338
340
341
342
343
344
345
346
347
348
349
350
351
352
353
354
355
356
357
358
359
360
361
362
363
364
365
366
367
368
369
370
371
372
373
374
375
376
377
378
379
380
381
382
383
384
385
386
387
388
389
390
391
392
393
394
395
396
397
398
399
400
401
402
403
404
405
406
407
408
409
410
411
412
413
414
415
416
417
418
419
420
421
422
423
424
425
426
427
428
429
430
431
432
433
434
435
436
437
438
439
440
441
442
443
444
445
446
447
448
449
450
451
452
453
454
455
456
457
458
459
460
461
462
463
464
465
466
467
468
469
470
471
472
473
474
475
476
477
478
479
480
481
482
483
484
485
486
487
488
489
490
491
492
493
494
495
496
497
498
499
500
501
502
503
504
505
506
507
509
510
511
512
513
514
515
516
517
518
519
520
521
522
523
524
525
526
527
528
529
530
531
532
533
534
535
536
537
538
539
540
541
542
543
544
545
546
547
548
549
550
551
552
553
554
555
556
557
558
559
560
561
562
563
564
565
566
567
568
569
570
571
572
573
574
575
576
577
578
579
580
581
582
583
584
585
586
587
588
589
590
591
592
593
594
595
596
597
598
599
600
601
602
603
604
605
606
607
608
609
610
611
612
613
614
615
616
617
618
619
620
621
622
623
624
625
626
627
628
629
630
631
632
633
634
635
355
2
220
510
220
378
355
378
296
171
107
565
224
225
222
223
104
469
485
487
476
45
107
168
177
299
298
287
295
275
271
274
278
276
277
39
42
316
108
369
357
548
307
101
103
99
99
300
293
271
278
221
106
467
453
456
454
159
166
232
405
367
571
104
296
366
300
271
355
15
341
38
384
34
35
487
486
406
128
566
518
516
519
118
121
164
99
130
178
121
99
359
360
358
54
413
414
417
415
416
418
606
171
107
118
183
157
155
179
121
177
99
54
458
369
26
171
107
585
586
43
289
368
369
431
442
178
121
138
99
498
166
99
453
473
413
178
121
132
99
366
365
382
381
380
355
378
46
118
121
126
178
121
99
413
183
157
179
121
177
99
493
519
183
571
179
121
166
114
104
99
132
317
316
467
453
456
454
453
118
622
515
604
581
142
436
453
47
457
49
34
109
105
107
102
106
103
104
173
152
351
468
467
271
308
178
142
121
113
99
316
342
369
306
485
488
487
453
517
472
605
54
453
104
485
486
54
271
274
357
358
239
238
99
238
453
239
424
170
107
170
107
108
519
156
173
178
121
136
99
268
272
273
266
453
34
99
220
369
602
595
300
278
519
285
275
271
270
274
269
266
48
464
118
121
153
183
179
121
177
99
525
308
54
462
592
128
178
121
99
453
42
118
100
102
99
99
173
145
604
605
607
628
580
587
586
368
390
377
389
363
118
109
50
34
172
134
161
383
27
330
173
163
341
95
50
34
34
453
170
107
492
485
490
488
271
434
435
439
404
519
466
475
316
602
595
11
368
3
400
291
292
271
272
471
453
456
454
474
7
12
316
136
369
316
170
107
7
8
12
10
152
171
107
401
238
323
300
293
272
278
51
606
604
603
605
607
578
50
278
277
267
394
491
489
487
276
37
519
171
107
369
40
453
526
54
459
460
575
401
541
574
596
592
605
628
173
154
576
316
453
476
45
126
104
138
572
240
183
565
233
164
179
121
166
104
99
368
367
298
359
463
534
602
595
519
519
170
107
602
595
171
107
232
231
99
231
453
150
183
179
121
177
99
519
159
183
179
121
177
99
140
178
121
111
99
171
107
519
534
368
602
25
365
595
28
36
118
121
110
520
518
368
316
461
467
453
456
454
106
104
413
271
503
505
506
484
492
485
490
488
493
486
157
519
470
406
465
455
130
602
582
607
595
536
342
341
602
369
371
365
595
117
153
264
316
118
157
155
360
383
13
170
107
516
168
177
401
360
565
524
323
560
106
583
602
595
587
586
107
316
519
117
121
316
485
488
486
280
271
273
429
604
603
596
605
577
628
171
107
527
309
306
134
442
484
486
493
173
149
471
498
519
359
485
606
603
368
376
389
105
420
440
431
432
430
420
276
518
173
158
296
280
366
271
266
303
355
173
167
54
519
517
316
519
605
586
495
485
487
519
231
524
539
537
517
516
528
529
15
534
9
16
14
34
150
531
41
521
519
510
285
134
121
100
99
357
471
453
456
454
424
54
606
604
605
579
607
414
453
42
161
179
121
112
99
171
107
519
49
34
32
519
519
116
101
105
99
171
107
316
565
525
580
420
434
438
431
523
140
49
34
44
471
453
456
454
601
586
453
42
271
278
42
90
264
622
622
94
238
88
49
231
91
99
99
93
86
96
355
32
481
450
99
87
92
481
510
573
510
89
368
362
384
384
341
183
183
183
607
607
607
607
607
607
183
183
