2
3
4
5
6
7
8
9
10
11
12
13
14
15
16
17
18
19
20
21
22
23
24
25
26
2
28
29
31
32
33
34
35
36
37
38
39
40
41
42
43
44
45
46
47
48
49
50
51
52
53
54
55
56
57
58
59
60
61
62
63
64
65
66
67
68
69
70
71
72
73
74
75
75
78
79
80
81
82
83
84
85
86
87
88
89
90
91
92
93
94
95
96
97
98
99
100
101
102
103
104
105
106
107
108
109
110
111
112
113
114
115
116
117
118
119
120
121
122
123
124
125
126
128
129
130
131
132
133
134
135
136
137
138
139
140
141
142
143
144
145
146
147
148
149
150
151
152
153
154
155
156
157
158
159
160
161
162
163
164
165
166
167
168
169
170
171
172
173
174
175
176
177
179
180
181
182
183
184
186
187
188
189
190
191
192
193
194
195
196
197
198
199
200
201
202
203
204
205
206
207
208
209
210
211
212
213
214
215
216
217
218
219
220
221
222
223
224
225
226
227
228
229
230
231
232
233
234
235
236
237
238
239
240
241
242
243
244
245
246
247
248
249
250
251
252
253
254
255
256
257
258
259
260
261
262
263
264
265
266
267
268
269
270
271
272
273
274
275
276
277
278
279
280
281
282
283
284
285
286
287
288
289
290
291
292
293
294
295
296
297
298
299
300
301
302
303
304
305
306
307
302
303
304
305
306
309
310
311
312
313
314
315
316
317
318
319
320
321
322
323
324
325
326
327
328
329
330
331
332
333
334
335
336
337
338
339
340
341
336
186
78
186
290
284
58
166
169
168
167
143
144
58
286
301
314
34
92
80
78
82
84
117
58
326
318
311
16
7
8
16
4
7
8
134
128
215
257
256
254
96
78
206
5
4
6
7
8
58
305
306
303
304
302
81
154
58
81
82
222
219
221
216
218
220
217
201
166
168
143
144
293
272
309
309
235
235
219
254
254
34
84
85
182
125
222
89
81
86
82
87
88
84
83
227
100
129
216
58
34
169
168
167
143
144
96
80
78
215
215
309
309
16
13
166
169
168
167
143
144
144
200
198
204
199
196
197
205
195
201
202
203
81
107
98
84
83
86
82
219
222
107
98
109
100
84
83
86
82
257
256
254
57
58
290
285
94
78
166
169
168
167
143
144
221
284
282
303
286
304
285
283
301
336
317
315
314
313
318
311
316
309
84
222
219
220
217
254
254
7
8
138
100
226
257
131
256
218
222
129
130
254
191
190
166
169
168
167
143
144
58
96
80
78
58
34
169
166
169
168
167
143
144
58
237
236
239
240
215
250
215
305
306
279
276
277
275
274
309
301
309
5
4
6
7
8
208
207
211
257
256
58
114
85
222
219
221
220
217
254
254
7
8
129
131
130
218
215
239
257
256
240
239
238
311
154
34
88
294
282
279
275
283
281
274
272
301
100
257
132
256
254
257
256
254
78
78
229
222
219
221
218
216
220
217
332
311
163
194
326
322
316
166
169
168
167
143
144
81
256
254
275
274
154
58
99
119
84
85
124
58
15
14
16
13
9
7
8
34
34
163
244
237
240
239
317
315
314
313
312
318
311
316
326
316
112
89
82
230
137
100
129
316
317
315
83
84
86
169
129
216
169
317
323
315
312
327
332
335
331
333
325
330
322
309
309
309
237
236
318
163
169
165
167
143
144
313
317
315
314
313
312
318
311
316
309
166
169
168
167
143
144
34
15
296
275
274
309
199
193
190
7
8
318
311
314
114
78
99
119
294
276
277
273
275
278
274
58
34
84
169
168
167
143
144
58
315
34
163
237
236
322
317
315
166
169
168
167
143
144
166
169
168
177
167
143
144
176
130
34
257
256
128
215
128
58
240
110
81
83
86
82
88
87
239
33
49
53
34
119
98
100
84
83
86
34
34
186
2
272
254
262
301
301
339
339
301
215
238
199
199
7
8
239
239
239
239
236
239
