1
2
2
2
2
7
8
8
8
8
8
8
8
12
16
10
19
20
20
20
20
20
20
20
20
20
20
20
20
20
20
20
20
20
20
20
20
20
20
20
20
20
20
20
20
20
20
20
20
20
20
20
20
20
20
20
20
20
20
20
20
20
20
20
20
20
20
20
20
20
20
20
20
20
20
20
20
20
20
20
20
84
84
84
84
84
84
84
84
35
93
32
96
97
97
97
97
97
97
97
97
97
97
97
97
97
97
97
97
97
97
97
97
97
97
97
97
97
97
97
97
97
97
97
97
104
130
105
132
105
134
108
136
136
113
139
139
114
142
116
144
117
146
122
148
148
122
151
151
126
154
154
129
157
157
157
157
157
163
164
164
164
164
164
164
164
164
164
164
164
164
171
105
105
51
51
51
51
51
51
51
51
51
51
51
51
51
4
55
55
173
88
64
64
64
64
39
31
53
53
59
110
106
106
124
82
54
54
63
60
107
128
128
128
10
10
10
10
10
74
75
79
90
109
109
117
116
123
123
41
32
32
32
32
32
32
32
32
32
32
127
69
114
37
37
37
37
37
91
91
91
80
89
52
52
52
52
52
125
125
100
78
121
71
172
34
34
102
57
57
65
68
61
36
119
77
101
101
72
118
118
118
33
33
33
40
92
174
169
67
76
56
56
81
104
104
70
73
108
108
38
38
