2
3
4
5
6
7
8
9
10
11
12
13
14
15
16
17
18
19
20
21
22
23
24
25
26
27
28
29
30
31
32
33
34
35
36
37
38
39
40
41
42
43
44
45
46
47
48
49
50
51
52
53
54
55
56
57
58
59
60
61
62
63
64
65
66
67
68
69
70
71
72
73
74
75
76
77
78
79
80
81
82
83
84
85
86
87
88
89
90
91
92
93
94
95
96
97
98
99
100
101
102
103
104
105
106
107
108
109
110
111
112
113
114
115
116
117
118
119
120
121
122
123
124
125
126
127
128
129
130
131
132
133
134
135
136
137
138
139
140
141
142
143
144
145
146
147
148
149
150
151
152
153
154
155
156
157
158
159
160
161
162
163
164
165
166
167
168
169
170
171
172
173
174
175
176
177
178
179
180
181
182
183
184
185
186
187
188
189
190
191
192
193
194
195
196
197
198
199
200
201
202
203
204
205
206
207
208
209
210
211
212
213
214
215
216
217
218
219
220
221
222
223
224
225
226
227
228
229
230
231
232
233
234
235
236
237
238
239
240
241
242
243
244
245
246
247
248
249
250
251
252
253
254
255
256
257
258
259
260
261
262
263
264
265
266
267
268
269
270
271
272
273
274
275
276
277
278
279
280
281
151
79
46
12
20
15
26
25
18
266
274
273
47
255
275
10
235
233
231
78
249
40
10
10
39
21
20
239
240
242
22
163
213
63
23
25
22
153
151
80
251
64
62
60
55
46
240
241
10
177
80
80
243
66
46
240
237
241
10
27
80
92
81
66
236
241
10
10
151
130
203
83
270
271
274
273
46
47
255
10
235
89
80
81
101
163
151
78
86
155
228
82
102
85
80
78
89
90
86
103
98
79
88
92
91
87
99
94
251
60
249
40
238
10
15
18
79
172
163
218
219
217
128
116
79
214
204
84
83
79
94
12
254
61
46
243
241
10
196
56
15
11
16
25
254
10
80
150
80
66
72
12
11
25
18
56
63
11
17
244
19
95
31
19
14
24
13
23
22
25
18
128
163
127
79
89
90
225
32
12
14
13
22
25
18
225
163
200
14
27
243
45
151
130
229
87
167
166
80
227
157
163
156
82
98
102
79
88
80
89
87
90
103
81
151
16
209
208
163
201
202
34
206
207
205
78
240
90
56
71
46
256
239
240
242
241
10
10
63
46
256
10
19
15
18
241
10
31
82
102
80
85
95
89
83
86
90
81
79
84
88
101
91
87
97
96
192
212
217
224
194
196
91
88
64
62
61
55
41
46
256
240
241
10
81
94
10
17
152
153
151
154
115
80
78
95
90
98
79
92
151
80
81
113
115
98
79
100
80
92
78
90
38
268
46
50
244
10
63
12
23
25
80
24
179
241
10
10
19
15
18
80
81
249
240
212
12
22
25
18
93
259
243
18
274
273
46
265
269
47
255
10
235
93
80
151
79
225
270
274
273
268
255
10
235
26
80
31
79
78
163
198
202
199
78
241
10
10
98
80
78
163
79
81
116
81
225
25
15
113
115
98
79
100
80
92
78
90
151
98
60
239
243
241
10
12
22
25
18
251
60
58
249
240
236
10
268
49
46
69
245
243
10
53
51
12
21
20
15
16
18
201
78
197
88
46
241
271
274
273
47
255
10
235
230
225
216
215
78
274
273
47
255
10
235
73
110
155
79
80
85
151
61
54
12
19
24
22
45
13
201
88
80
35
33
61
46
256
10
244
122
85
80
78
79
64
62
55
239
240
236
241
10
260
244
269
46
240
237
241
10
10
80
78
81
161
162
160
127
79
80
85
78
89
86
99
91
80
80
78
81
251
66
60
269
236
10
101
148
176
230
163
225
80
241
92
116
79
93
80
222
220
163
78
218
20
15
16
19
20
15
16
99
98
80
78
87
165
163
79
78
81
224
17
245
201
39
15
241
10
163
163
78
66
60
256
236
241
10
63
52
54
12
19
20
25
17
90
268
10
23
35
33
196
212
217
10
224
92
