2
3
4
5
6
7
8
9
10
11
12
13
14
15
16
17
18
19
20
21
22
23
24
25
26
27
28
29
30
31
32
33
34
35
36
37
38
39
40
41
42
43
44
45
46
47
48
49
50
51
52
53
54
55
56
57
58
59
60
61
62
63
64
65
66
67
68
69
70
71
72
73
74
75
76
77
78
79
80
81
82
83
84
85
86
87
88
89
90
91
92
93
94
95
96
97
98
99
100
101
102
103
104
105
106
107
108
109
110
111
112
113
114
115
116
117
118
119
120
121
122
123
124
125
126
127
128
129
130
131
132
133
134
135
136
137
138
139
140
141
142
143
144
145
146
147
148
149
150
151
152
153
154
155
156
157
158
159
160
161
162
163
164
165
166
167
168
169
170
171
172
173
174
175
176
177
178
179
180
181
182
183
184
185
186
187
188
189
190
191
192
193
194
195
196
197
198
199
200
201
202
203
204
205
206
207
208
209
210
211
212
213
214
215
216
217
218
219
220
221
222
223
224
210
211
179
176
177
229
223
224
231
163
214
215
216
171
172
173
220
221
154
155
156
157
158
126
238
128
140
141
142
143
144
145
146
147
148
149
150
151
152
153
103
74
243
244
136
137
246
247
205
207
122
201
252
203
204
194
195
120
196
197
257
258
259
260
261
262
263
264
265
266
267
268
269
270
271
272
273
274
275
276
277
278
279
280
281
282
283
284
285
286
287
288
289
290
291
292
293
294
295
296
297
298
299
300
301
302
303
304
305
306
307
308
309
310
311
312
313
314
315
316
317
318
319
320
321
322
323
324
325
326
327
328
329
330
331
332
333
334
335
336
337
338
339
340
341
342
343
344
345
346
347
348
349
350
351
352
353
354
355
356
357
358
359
360
361
362
363
364
265
299
300
301
302
303
304
305
306
307
308
309
310
318
320
325
205
67
2
67
205
8
370
371
362
319
321
324
359
326
127
323
266
275
264
262
263
261
344
182
276
54
350
276
56
21
216
210
206
207
205
121
206
207
170
160
358
347
160
8
153
148
144
326
116
266
273
271
270
319
321
318
359
127
325
276
266
264
262
263
261
370
344
371
66
54
64
96
319
359
127
276
266
275
261
344
13
185
9
160
8
8
362
319
321
324
359
326
127
323
266
275
264
262
263
261
344
324
323
264
262
263
261
324
323
72
22
156
319
321
318
359
127
325
276
266
264
262
263
261
370
344
371
345
14
87
65
76
16
19
20
18
128
215
121
223
224
155
156
205
219
122
174
19
16
345
348
346
121
362
319
321
324
359
360
326
127
323
266
275
264
262
263
261
344
362
319
112
324
359
326
127
323
266
275
261
344
362
319
112
359
127
266
261
344
59
30
362
319
359
326
127
266
275
261
344
319
320
321
324
359
360
326
127
323
266
275
264
262
263
261
344
142
145
143
141
128
122
126
212
216
210
104
107
103
205
122
212
121
8
87
125
18
17
19
20
18
319
321
318
359
127
325
276
266
264
262
263
261
370
344
371
271
362
119
359
326
328
127
116
266
261
344
121
217
189
205
319
364
112
359
127
266
276
275
261
344
163
30
324
323
105
205
161
327
362
319
112
324
359
360
326
127
323
266
275
264
262
263
261
344
30
33
19
18
349
30
61
121
319
112
359
360
326
127
266
275
261
344
175
9
179
184
180
8
10
222
121
107
8
205
107
119
326
127
9
266
261
8
206
76
160
119
326
317
127
323
266
261
8
362
319
321
324
359
326
127
323
266
275
264
262
263
261
344
319
321
324
359
360
326
127
323
266
275
264
262
263
261
344
98
97
98
97
19
84
8
152
128
215
121
216
223
142
146
145
143
205
84
55
66
59
30
319
321
318
359
127
325
276
266
264
262
263
261
370
344
371
16
9
342
120
266
14
55
60
119
326
266
344
121
361
122
124
212
107
8
63
30
77
108
14
104
105
106
159
117
276
266
275
264
262
263
261
101
121
362
319
324
359
360
326
127
323
266
275
262
261
344
62
211
163
350
32
121
319
321
318
359
127
325
276
266
264
265
262
263
261
370
344
371
106
22
19
18
75
163
162
161
319
112
360
326
127
266
275
261
344
326
114
266
119
326
127
323
266
261
371
8
54
57
123
161
218
121
106
159
205
319
112
359
127
266
275
261
344
362
319
359
326
127
275
266
261
344
347
345
345
348
346
8
10
186
9
8
12
11
9
164
160
165
8
362
319
112
359
363
326
127
266
275
261
344
185
56
64
21
96
77
76
362
319
112
359
326
127
266
275
261
344
319
320
126
360
326
322
127
323
266
275
264
262
263
271
261
344
159
189
9
8
8
206
151
121
216
146
155
154
205
140
161
8
362
119
110
359
278
326
127
116
266
261
270
344
327
110
278
328
272
266
274
273
271
270
68
22
127
107
19
20
18
108
14
62
112
323
266
264
262
263
261
85
68
86
55
88
119
326
317
127
323
266
261
8
69
22
70
22
75
362
319
320
321
324
359
360
326
127
323
266
275
264
262
263
261
344
345
346
15
121
19
20
18
211
176
161
102
107
188
164
160
165
8
71
22
54
211
176
162
347
20
18
127
104
107
106
324
323
264
262
263
261
347
345
319
321
324
359
360
326
127
323
266
275
264
262
263
261
344
30
33
18
150
142
148
145
143
144
147
319
321
324
359
360
326
127
323
266
275
264
262
263
261
344
147
141
239
205
104
105
205
345
348
346
30
319
320
321
324
359
326
127
361
358
323
266
275
264
262
263
261
344
58
57
219
122
121
107
205
170
160
205
183
211
173
163
121
16
14
8
67
101
14
207
163
162
161
176
211
176
211
163
128
215
121
223
224
155
156
205
125
216
207
128
122
126
212
216
210
104
107
103
205
121
105
106
159
121
176
122
212
122
212
207
211
176
219
122
219
122
