1
2
2
2
2
2
2
2
2
2
2
2
2
2
2
2
2
2
2
2
2
2
2
2
2
2
2
2
2
2
2
2
2
2
2
2
2
2
28
40
31
42
2
44
44
44
44
28
1
50
50
51
53
51
55
52
57
52
59
50
62
63
63
63
63
63
63
63
63
63
63
63
63
63
63
63
63
63
63
63
63
63
63
63
63
63
63
63
63
63
63
63
63
63
63
63
63
96
100
97
102
98
104
107
74
62
114
114
114
114
114
114
114
114
114
114
114
114
114
114
114
114
114
114
114
114
114
114
114
114
114
114
114
114
114
114
114
114
114
114
114
114
114
114
114
114
114
114
114
114
114
114
114
114
114
114
114
114
114
114
114
114
114
114
114
114
114
114
114
114
114
114
114
114
114
114
114
74
187
188
188
188
188
188
188
188
188
188
188
188
188
188
188
188
188
188
188
188
132
157
201
201
95
161
160
166
166
135
167
80
32
93
149
149
134
147
173
169
77
195
165
165
38
203
203
91
91
151
85
85
85
85
159
198
198
196
196
74
74
74
133
81
180
180
180
52
175
92
92
207
207
207
39
39
39
39
39
39
51
171
184
36
142
142
11
96
33
35
172
78
141
98
137
153
202
202
131
19
136
20
20
179
179
152
94
162
200
200
83
83
83
83
150
13
87
206
206
47
146
139
88
88
88
88
75
75
158
34
176
176
46
168
182
182
182
199
199
174
174
76
82
84
84
84
84
14
144
23
73
181
181
181
181
154
164
205
205
79
89
89
89
89
10
10
10
10
10
140
178
178
178
163
197
197
97
48
86
177
177
177
90
90
90
90
138
156
155
72
145
148
18
37
116
122
123
127
65
119
126
121
129
128
118
130
120
186
108
108
110
111
111
112
113
113
113
