2
3
4
5
6
7
8
9
10
11
12
13
14
15
16
17
18
19
20
21
22
23
24
25
12
13
32
34
35
36
37
38
39
40
41
42
43
44
45
46
47
48
49
50
51
52
53
55
56
57
58
59
60
61
62
63
64
65
66
67
68
69
70
71
72
73
74
75
76
77
78
79
80
81
82
83
84
85
86
87
88
89
90
91
92
93
94
95
96
97
101
61
107
108
109
110
111
112
113
114
115
116
117
118
119
120
121
122
123
124
125
126
127
128
129
130
131
132
133
134
135
136
137
138
139
140
141
142
143
144
145
146
147
148
149
150
151
152
153
154
155
156
157
158
159
160
161
162
163
164
165
166
167
168
169
170
171
172
173
174
175
176
177
178
179
180
181
182
183
184
185
186
187
188
189
190
191
192
193
194
195
196
197
198
199
200
201
202
203
204
205
206
207
208
209
210
211
212
213
214
215
216
217
218
219
220
221
222
223
224
225
226
227
228
229
230
231
232
233
234
235
236
237
238
239
240
241
242
243
244
245
246
247
248
249
250
251
252
253
254
255
256
257
258
259
260
261
262
263
264
265
224
246
9
13
14
114
121
120
110
246
139
261
119
235
152
76
40
39
58
80
79
235
84
160
155
169
58
224
58
169
66
130
142
141
138
118
114
117
121
119
120
234
256
244
154
157
90
119
169
222
13
14
21
232
123
139
114
109
220
40
58
114
117
222
223
84
160
136
143
114
121
9
12
14
40
39
58
62
233
234
141
224
69
74
58
63
59
78
40
39
40
39
69
61
102
233
232
139
143
114
220
153
206
111
115
116
109
58
206
149
150
149
58
62
224
225
223
38
40
36
143
121
128
118
114
113
117
112
109
12
14
17
88
149
169
65
102
89
58
163
40
39
102
158
71
151
156
234
235
132
22
169
68
70
25
58
81
40
39
74
58
63
59
67
58
128
50
38
222
157
18
232
250
231
249
248
220
246
22
114
161
79
58
63
59
72
60
77
257
234
256
245
229
165
149
226
18
169
40
39
165
216
149
206
149
58
58
74
58
63
59
157
114
25
58
204
164
149
147
107
73
83
50
37
58
225
79
58
63
59
134
135
114
115
162
164
64
149
82
40
39
225
102
58
204
164
149
136
143
115
121
79
58
63
59
159
75
5
4
6
74
58
114
121
157
226
123
114
116
157
147
211
107
55
208
213
215
209
164
212
210
214
207
217
220
6
169
4
57
102
61
73
61
66
69
61
102
