1
2
2
2
2
2
2
2
2
2
2
2
2
2
2
2
2
2
2
2
2
2
2
2
2
2
2
2
2
2
2
2
2
2
2
2
2
2
2
2
2
2
2
2
2
2
2
2
2
2
2
2
2
2
2
2
2
2
2
2
2
2
2
2
2
2
2
2
2
2
2
2
2
2
2
2
2
2
2
2
2
2
2
2
2
2
2
2
2
2
2
2
2
2
2
2
2
2
2
2
2
2
2
2
2
2
108
109
109
109
109
109
109
109
109
109
109
109
109
109
123
124
124
124
124
124
124
131
132
132
132
132
132
132
132
51
28
28
28
28
28
28
28
28
28
28
28
28
28
28
47
56
56
63
63
63
63
63
63
71
71
71
71
71
71
71
71
71
78
19
26
26
52
52
45
43
43
43
43
43
43
43
43
73
73
73
73
73
73
73
73
73
73
73
73
42
68
68
68
68
48
48
48
48
48
48
48
65
65
65
65
83
97
114
53
84
85
85
23
23
23
23
50
103
32
32
32
32
32
32
120
67
67
67
67
67
67
67
67
33
33
33
33
33
33
33
33
33
59
59
82
100
118
119
70
70
70
94
62
62
62
98
98
102
76
72
72
88
88
88
88
88
88
88
96
115
49
99
99
86
86
40
69
69
69
136
77
90
116
58
101
91
135
87
87
35
35
35
35
35
35
35
35
35
64
64
64
64
104
104
89
105
105
105
105
105
105
55
25
46
129
129
21
20
74
18
60
39
41
22
36
75
92
92
92
92
92
92
92
92
92
27
27
27
24
117
80
80
80
80
81
81
95
61
61
57
57
57
44
44
44
44
93
107
107
107
107
66
66
66
66
66
138
138
34
79
79
79
79
79
79
79
133
4
