1
2
2
2
3
6
6
4
9
4
11
11
5
14
5
16
16
5
4
3
22
23
23
23
24
27
27
25
30
30
26
33
33
26
25
24
39
40
40
40
40
40
40
40
40
40
49
49
49
22
54
54
54
54
54
54
54
54
54
54
58
65
65
59
68
68
60
71
71
61
74
61
76
76
62
79
62
81
62
83
83
63
86
63
88
63
90
90
5
62
61
60
24
58
22
99
99
99
99
99
100
105
105
101
108
108
102
111
111
103
114
103
116
116
104
119
104
121
121
26
102
101
58
5
129
130
130
130
130
130
130
130
130
130
130
130
130
130
130
130
130
130
130
130
130
130
130
130
130
130
130
130
130
130
130
130
130
163
163
164
22
165
165
165
165
166
170
170
167
173
173
168
176
168
178
178
169
181
169
183
183
5
26
167
58
190
191
191
193
195
196
197
198
198
197
202
203
203
203
203
203
203
203
203
203
203
203
203
203
203
203
203
203
203
203
212
223
223
214
226
226
226
226
203
231
231
231
231
203
236
236
236
212
241
242
242
242
242
242
242
242
242
247
252
253
253
253
253
253
253
253
253
253
253
253
253
253
253
253
253
253
253
253
272
272
272
272
272
272
253
280
281
282
283
283
283
283
283
283
283
283
283
292
292
292
241
297
297
297
297
297
297
303
297
305
297
307
307
307
307
307
307
307
307
297
316
316
316
316
316
316
316
316
297
325
325
325
325
297
330
330
330
330
330
330
330
297
338
338
338
341
341
344
345
345
347
347
347
1
352
352
352
352
352
353
358
353
360
360
354
363
354
365
354
367
367
355
370
355
372
355
374
374
356
377
356
379
356
381
381
5
355
354
353
22
388
388
388
388
388
389
394
394
390
397
397
391
400
400
392
403
392
405
405
393
408
393
410
410
5
26
102
24
58
252
418
418
418
418
418
418
418
418
418
418
418
418
247
241
432
432
432
432
432
432
432
432
432
432
432
432
432
432
432
447
447
447
447
447
447
447
447
432
456
456
456
456
456
456
456
340
340
471
472
473
432
475
442
477
441
479
340
340
443
483
484
485
485
485
485
485
485
485
485
485
485
485
485
485
485
485
485
485
485
485
485
485
485
485
485
485
485
485
485
485
485
485
485
485
485
485
485
485
485
485
485
485
485
485
485
486
530
532
533
241
534
534
536
536
536
536
536
536
536
536
536
534
546
546
536
550
551
552
1
553
553
553
554
557
557
555
560
555
562
562
556
565
556
567
567
5
4
3
22
573
573
573
573
573
574
579
579
575
582
582
576
585
576
587
587
577
590
577
592
592
578
595
595
26
24
58
578
5
546
536
320
193
149
149
149
61
61
235
355
210
210
216
216
216
216
512
151
151
151
151
162
162
220
211
213
213
157
440
440
440
440
440
440
440
440
440
440
508
508
508
508
508
508
508
508
508
508
508
315
301
301
301
301
301
301
301
214
214
214
214
328
328
328
47
527
159
159
144
319
425
425
425
425
425
425
425
426
426
426
426
426
212
212
212
212
212
212
212
270
239
265
265
265
265
265
265
265
265
265
504
504
504
504
504
504
504
504
504
504
504
504
504
504
504
289
300
342
543
543
543
543
543
462
462
248
248
248
248
248
521
521
521
521
51
446
446
238
430
430
430
430
430
46
442
266
266
266
266
266
266
266
266
441
444
444
444
444
276
276
276
276
160
58
58
287
287
287
287
514
514
514
514
147
147
147
147
323
323
278
278
518
518
518
518
518
294
356
454
454
454
454
454
454
249
249
249
249
249
219
219
219
156
156
156
156
156
156
156
156
460
510
510
510
145
145
145
145
513
513
513
513
215
215
215
215
215
461
461
333
333
333
290
63
60
311
44
44
44
44
218
218
218
218
150
150
443
443
443
443
520
520
304
324
429
429
429
429
429
354
427
427
427
427
340
340
335
335
335
299
299
217
217
217
234
247
247
247
247
247
515
459
459
153
153
153
269
269
269
269
277
277
277
277
428
428
428
428
428
428
271
158
158
453
453
453
453
453
453
507
507
507
507
507
507
312
57
57
509
509
509
516
516
154
295
295
161
250
250
250
250
250
146
146
146
146
146
146
146
463
329
329
329
528
347
347
347
148
148
148
148
148
148
148
511
511
511
152
310
314
314
321
519
519
519
519
519
519
143
143
143
143
143
143
143
143
143
544
544
544
544
544
545
529
52
52
313
334
334
517
517
517
517
517
517
62
522
522
445
445
445
445
445
445
445
445
445
445
322
450
245
134
208
273
424
438
500
537
326
132
331
133
131
135
431
431
431
431
431
431
549
468
468
468
468
470
470
470
470
477
477
477
480
480
480
480
481
481
481
481
483
483
483
240
240
240
474
475
164
164
164
164
164
164
164
164
164
348
350
351
251
251
251
251
163
163
279
