1
2
2
2
2
4
7
7
6
11
12
12
12
12
12
12
12
12
12
12
12
12
12
12
12
12
12
12
12
12
12
12
12
12
12
12
12
12
12
12
12
12
12
12
12
12
12
12
12
12
12
12
12
12
12
12
12
12
12
12
12
12
12
12
12
12
12
12
12
12
12
12
12
12
12
12
12
12
12
12
12
12
12
12
12
12
12
12
12
12
12
12
12
12
12
12
12
12
12
12
12
12
12
12
12
12
12
12
12
12
12
12
12
12
12
12
12
12
12
12
12
12
12
12
12
12
12
12
12
12
12
12
12
12
12
12
12
12
12
12
12
12
12
12
12
12
12
19
150
150
22
153
41
155
157
157
157
157
12
162
162
162
162
66
167
71
169
72
171
171
72
174
174
12
177
177
177
177
177
177
177
177
73
186
74
188
188
191
87
193
90
195
195
98
198
110
200
126
202
202
126
205
205
132
208
208
208
208
208
141
214
143
216
147
218
218
148
221
221
104
104
104
104
228
229
229
229
231
233
235
236
236
236
236
236
236
236
236
236
236
236
236
236
236
236
236
236
236
236
236
236
236
236
236
236
236
236
236
236
236
236
236
236
236
236
236
236
236
236
236
236
236
236
236
236
236
236
236
236
236
236
236
236
236
236
236
236
236
236
236
236
236
236
236
236
236
236
236
236
236
236
236
236
236
236
236
236
236
236
236
236
236
318
318
318
318
318
318
318
318
292
292
228
329
329
329
329
329
329
329
329
329
329
329
329
329
329
329
329
329
329
329
329
329
329
329
329
329
329
329
329
329
329
329
350
329
229
343
343
91
288
288
288
288
360
360
275
275
94
85
85
85
76
76
278
278
312
312
276
276
161
161
161
287
313
313
284
337
337
149
180
111
336
302
341
341
86
86
122
356
356
301
248
248
248
248
248
248
248
248
248
248
248
295
334
334
253
253
253
253
253
121
335
335
323
273
273
273
273
273
273
29
230
230
230
230
230
357
357
292
289
316
316
316
344
344
46
274
252
279
279
333
338
112
354
354
256
326
347
347
359
359
49
49
114
83
345
90
315
342
342
308
296
293
8
271
271
271
271
271
271
271
271
271
271
271
271
271
271
271
271
271
271
271
271
277
277
322
255
232
232
272
272
247
73
73
73
283
45
350
350
13
13
309
134
101
101
113
339
339
300
306
324
58
58
58
146
146
55
55
75
75
257
87
87
87
96
325
325
325
280
280
307
181
181
81
81
144
182
352
352
358
358
305
184
53
53
138
297
297
251
251
281
281
294
166
166
119
119
285
348
183
304
298
78
108
108
250
250
250
311
311
332
332
355
346
346
30
145
353
185
291
303
77
77
77
314
340
299
254
254
327
328
