2
3
4
5
6
7
8
10
11
12
13
14
15
16
17
18
19
20
21
22
23
11
12
18
26
27
29
30
31
32
33
34
35
36
37
38
39
40
41
42
43
44
45
46
47
48
49
50
51
52
53
59
61
62
63
64
65
66
67
68
69
70
71
72
73
74
75
76
77
78
79
80
81
82
83
84
85
86
87
89
90
91
92
93
94
95
96
97
98
99
100
101
102
103
104
105
106
107
108
109
110
111
112
113
114
115
116
117
118
119
120
121
122
123
124
125
126
127
128
129
130
131
132
133
134
135
136
137
138
139
140
141
142
143
144
145
146
147
148
149
150
151
152
153
154
155
156
157
158
159
160
161
162
163
164
165
166
167
168
47
46
48
49
29
127
126
134
143
34
50
52
51
34
32
31
33
157
152
146
139
138
149
148
137
99
102
101
128
129
103
100
97
134
125
133
77
63
69
62
64
127
131
10
10
90
3
32
72
62
65
151
112
110
111
47
162
46
142
48
161
49
159
152
96
29
3
63
65
63
65
76
62
64
90
90
150
141
127
133
165
163
159
141
152
96
83
65
90
162
46
142
48
49
159
152
96
29
85
83
66
62
65
156
152
130
127
132
128
47
162
46
142
48
161
49
159
152
96
29
62
72
66
62
69
66
64
130
127
126
131
148
147
130
127
104
126
129
131
31
154
153
152
47
162
46
48
161
49
159
152
29
84
67
63
68
65
33
50
52
34
31
33
90
19
10
10
154
157
155
153
156
152
152
96
75
63
4
6
63
68
62
96
96
144
145
99
127
126
132
128
129
98
125
154
153
152
152
152
47
46
48
49
29
83
65
69
66
64
85
83
66
62
65
155
152
10
20
63
48
98
19
10
