1
2
2
2
2
2
2
5
10
11
11
11
11
11
11
11
11
11
11
11
11
11
11
11
11
11
11
11
11
11
11
11
11
11
11
11
11
11
11
11
11
11
11
11
11
11
11
11
11
11
11
11
11
11
11
11
11
11
11
11
11
11
11
11
11
11
11
11
11
11
11
11
11
11
11
11
11
11
11
11
11
11
11
11
11
11
11
11
11
11
11
11
11
11
11
11
11
11
11
11
11
11
11
11
11
11
11
11
11
11
66
113
91
115
110
25
85
73
87
87
87
87
57
92
111
48
37
37
38
49
93
97
83
50
60
68
59
51
51
102
69
101
41
41
41
70
43
8
8
8
91
91
91
26
90
90
94
78
78
28
52
7
23
39
42
36
6
24
81
81
81
89
13
