1
2
2
2
2
2
2
2
2
2
2
2
2
2
2
2
2
2
2
2
2
2
2
2
2
2
2
2
2
2
2
2
2
2
2
2
2
2
2
2
45
46
46
46
46
46
46
46
46
46
46
46
46
46
46
46
46
46
46
46
46
46
46
46
46
46
46
46
46
46
46
46
46
46
46
46
46
46
46
46
46
46
46
46
46
46
46
46
46
46
46
46
46
46
46
46
46
46
46
46
46
46
46
46
46
46
46
46
46
46
46
46
46
46
46
46
46
46
46
46
46
46
46
46
46
46
46
46
46
46
136
45
137
137
137
137
137
137
137
137
137
137
137
137
137
137
137
137
137
137
137
137
137
137
137
137
137
137
137
137
137
137
137
137
137
137
137
137
137
137
137
137
137
178
180
137
137
183
137
185
137
45
187
187
187
187
187
187
187
187
187
187
187
187
187
187
187
187
187
187
187
187
187
187
187
187
187
187
187
187
187
187
187
187
187
187
187
187
187
187
187
187
187
187
187
187
187
187
54
63
63
153
233
68
82
157
83
95
95
202
90
206
199
212
146
146
165
176
56
56
56
56
174
174
154
154
198
143
168
168
203
69
201
24
86
67
40
193
193
193
193
193
193
193
193
193
193
193
193
193
193
171
196
151
151
204
87
76
22
84
177
179
179
179
179
31
31
147
147
147
147
147
152
29
78
25
71
205
41
60
66
144
144
144
144
216
167
72
169
155
21
92
92
225
89
159
26
61
227
161
81
81
70
191
197
53
53
208
65
59
175
162
96
96
52
194
229
210
28
85
224
224
224
220
64
75
163
77
34
54
54
54
54
54
32
173
231
190
190
190
192
192
192
192
192
192
192
192
192
192
192
192
192
192
222
55
55
55
55
30
62
170
170
80
79
27
160
160
33
200
91
91
73
214
94
94
18
150
156
195
19
23
74
88
93
93
4
47
141
48
234
234
136
136
136
183
183
183
183
43
184
44
44
44
186
186
