2
3
4
5
6
7
8
9
10
11
12
13
14
15
16
17
18
19
20
21
22
23
24
25
26
27
28
29
30
31
32
33
34
35
36
37
38
39
40
41
46
47
48
49
50
51
52
53
54
55
56
57
58
59
60
61
62
63
64
65
66
67
68
69
70
71
72
73
74
75
76
77
78
79
80
81
82
83
84
85
86
87
88
89
90
91
92
93
94
95
96
97
98
99
100
101
102
103
104
105
106
107
108
109
110
111
112
113
114
115
116
117
118
119
120
121
122
123
124
125
126
127
128
129
130
131
132
133
134
135
54
137
138
139
140
141
142
143
144
145
146
147
148
149
150
151
152
153
154
155
156
157
158
159
160
161
162
163
164
165
166
167
168
169
170
171
172
173
174
175
176
177
178
179
140
181
182
145
184
147
186
187
188
189
190
191
192
193
194
195
196
197
198
199
200
201
202
203
204
205
206
207
208
209
210
211
212
213
214
215
216
217
218
219
220
221
222
223
224
225
226
227
228
229
230
231
232
233
234
123
49
154
187
127
108
158
109
94
46
187
102
187
187
187
46
137
166
142
101
91
100
57
141
187
158
149
187
137
166
149
187
128
187
21
113
126
13
208
210
224
212
231
218
216
229
233
222
194
227
220
214
172
187
195
141
187
114
133
24
110
142
174
148
152
149
14
8
145
141
140
46
187
142
8
106
21
130
187
14
120
118
145
141
140
187
187
168
131
178
156
5
46
46
187
117
160
5
121
187
162
107
49
129
191
187
58
134
187
125
119
142
164
46
46
135
189
187
187
29
111
140
187
137
187
124
116
164
105
11
91
57
134
47
48
10
139
187
202
188
137
223
232
215
219
207
211
209
213
217
221
226
228
230
189
187
91
57
99
98
9
122
47
46
104
103
5
164
149
21
187
47
48
132
187
46
46
16
138
158
189
24
12
112
115
92
46
2
97
187
97
140
137
91
47
48
145
141
140
187
18
46
18
4
14
145
140
