2
3
4
5
6
4
8
9
10
11
12
13
14
15
16
17
18
19
20
21
22
23
24
25
26
27
28
29
30
31
32
33
34
35
36
37
38
39
40
41
42
43
44
45
46
47
48
49
50
51
52
53
54
55
56
57
37
60
61
62
63
64
65
66
67
68
69
70
71
72
73
74
75
76
77
78
79
80
81
82
83
84
85
86
62
65
70
92
93
94
74
75
76
77
78
79
98
83
101
102
103
104
105
106
107
108
109
110
111
112
113
114
115
116
117
118
119
120
121
122
123
124
125
126
127
128
129
130
131
132
133
134
135
136
137
114
78
79
140
141
142
143
83
77
147
148
149
150
151
152
153
154
155
156
157
158
159
160
161
162
163
164
165
162
163
168
169
164
165
172
173
174
175
176
177
178
179
180
181
182
183
184
185
186
187
188
189
190
191
192
193
194
195
196
197
198
199
200
201
202
203
204
205
206
207
208
209
210
211
212
213
214
215
216
217
218
219
220
221
222
223
224
225
226
227
228
229
230
231
232
233
234
235
236
148
151
16
18
14
15
17
8
8
193
26
174
176
177
178
8
27
22
16
15
17
10
50
77
80
165
63
66
61
64
69
68
65
87
25
193
174
176
177
178
8
216
211
21
208
197
8
165
50
51
49
21
208
197
8
27
51
27
77
60
163
17
8
8
198
197
8
8
76
165
42
40
41
82
60
222
36
174
177
178
8
179
85
86
67
61
64
87
153
151
27
82
83
75
74
61
66
69
68
65
87
193
24
174
176
177
178
8
63
84
151
222
3
73
60
40
198
163
26
9
38
38
193
174
23
176
177
178
8
198
197
21
208
197
8
230
62
61
193
24
174
177
178
8
63
102
75
60
84
86
60
174
23
177
178
8
21
208
197
8
156
155
71
34
32
33
12
10
48
48
193
24
174
23
176
177
178
8
165
224
67
87
229
220
230
225
226
231
223
219
212
214
41
213
212
214
152
149
39
28
29
14
15
77
80
3
3
36
174
177
178
8
228
37
36
12
18
103
193
24
174
177
178
8
21
208
197
8
21
208
8
163
164
212
87
173
23
8
42
173
46
29
8
193
174
23
176
177
178
8
106
150
148
101
151
10
21
208
8
53
30
54
55
31
35
11
10
48
107
102
103
211
2
8
27
74
60
227
228
12
49
87
66
229
230
225
226
231
221
223
219
213
147
60
8
60
76
77
80
165
87
77
80
12
36
164
212
211
60
87
2
86
60
60
83
65
74
75
74
66
69
68
65
60
165
75
60
77
60
165
