1
2
2
2
2
2
2
2
2
2
2
2
16
16
17
18
19
19
19
19
19
19
19
23
27
23
32
33
33
33
33
33
33
33
33
33
33
33
33
33
33
33
33
33
33
33
33
33
33
33
33
33
33
33
33
33
33
33
33
33
66
33
68
33
70
33
72
33
74
33
76
76
33
79
79
79
79
79
79
87
32
88
88
88
88
88
88
88
88
88
88
88
88
88
88
88
103
88
105
88
107
88
109
88
111
88
113
113
88
116
116
88
119
88
121
88
123
123
127
91
92
93
94
95
96
97
98
100
99
101
139
140
140
140
140
140
140
140
144
148
23
32
153
153
153
153
153
153
153
160
161
163
164
165
158
167
168
168
168
168
170
173
23
32
178
178
178
178
178
178
178
187
156
174
174
62
62
62
62
99
99
99
56
56
56
56
55
55
55
55
57
57
57
57
59
59
124
97
97
97
50
50
50
50
50
90
90
90
94
94
94
25
25
147
147
100
100
100
54
54
54
54
106
117
95
95
95
84
84
149
149
49
49
49
49
49
51
51
51
51
51
51
115
185
185
185
185
185
48
48
48
48
48
58
58
58
58
85
85
114
28
28
81
53
53
53
53
184
184
80
63
63
63
63
63
47
47
47
47
13
13
13
13
13
101
101
101
46
46
46
46
46
64
64
64
64
64
110
61
61
61
61
61
125
96
96
96
155
155
155
157
146
146
145
145
98
98
98
24
24
26
26
82
183
183
183
12
12
12
12
12
83
60
60
60
60
91
91
91
172
172
92
92
92
93
93
93
52
52
52
52
65
65
65
65
65
65
158
158
45
45
45
45
23
23
170
170
182
40
9
7
8
41
42
39
144
144
5
5
43
43
6
4
136
136
136
137
137
137
138
138
17
17
17
17
17
152
31
177
187
163
163
164
128
128
128
166
166
129
129
129
130
130
130
131
131
131
132
132
132
133
133
133
134
134
134
135
135
135
