2
3
4
5
6
7
8
9
10
11
12
13
14
15
16
17
18
19
20
21
22
23
24
25
26
27
28
29
30
31
32
33
34
35
36
37
38
39
40
41
42
43
44
45
46
47
48
49
50
51
52
53
54
55
56
57
58
59
60
61
62
63
64
65
66
67
68
69
70
71
72
73
74
75
76
77
78
79
80
81
82
83
84
85
86
87
89
90
91
92
93
94
95
96
97
98
99
100
101
102
103
104
105
106
107
108
109
110
111
112
113
114
115
116
117
118
119
120
121
122
123
124
125
126
127
128
129
130
131
132
133
134
135
136
137
138
139
140
141
142
143
144
145
146
147
148
149
150
151
152
153
154
155
156
157
158
159
160
161
162
163
164
165
166
167
168
169
170
171
172
173
174
175
176
177
178
179
180
181
182
183
184
185
186
187
188
189
190
191
192
193
194
195
196
197
198
199
200
201
202
203
204
205
206
207
208
209
210
63
50
62
48
64
61
11
21
17
98
12
96
185
16
98
23
16
10
46
47
70
11
105
154
153
185
120
208
176
172
155
37
10
97
30
56
66
63
62
51
64
59
11
19
12
68
11
14
98
96
98
185
165
98
98
66
98
48
18
15
14
172
60
56
64
20
98
22
13
11
14
12
2
10
46
47
145
97
95
98
98
17
103
116
118
96
95
107
108
98
98
164
63
62
51
64
49
11
18
7
12
165
110
104
21
18
54
4
99
100
98
89
22
60
97
2
19
159
185
208
184
187
166
165
98
182
175
161
187
98
115
33
158
185
186
184
187
2
68
10
23
98
94
98
184
160
65
11
18
64
9
98
65
182
175
98
13
11
19
16
10
11
95
144
104
6
5
17
159
23
144
103
102
182
175
162
166
165
50
65
22
11
16
10
115
98
181
165
157
185
186
183
184
187
18
185
208
176
183
156
184
106
2
85
85
202
202
85
85
89
152
185
92
93
165
