2
3
4
5
6
7
8
9
11
12
13
14
15
16
17
18
19
20
21
22
23
24
25
26
27
28
29
30
31
32
33
34
35
36
37
38
39
40
41
42
43
44
45
46
47
48
49
50
51
52
53
54
55
56
57
58
59
60
61
62
63
64
65
66
67
68
69
70
71
72
73
74
75
76
67
79
80
81
83
84
85
86
88
89
90
92
93
94
96
97
98
64
65
67
56
55
51
49
52
50
66
54
46
51
48
47
44
53
52
45
16
28
43
19
20
21
16
15
18
14
19
20
21
66
49
3
55
51
19
20
21
49
5
2
56
51
49
50
16
15
3
19
20
21
43
18
13
43
19
20
21
19
20
21
68
16
16
