1
2
2
2
2
2
2
2
2
2
2
2
2
2
2
2
2
2
2
2
2
2
2
2
2
2
2
2
2
2
2
2
2
2
2
2
2
2
2
2
2
2
2
2
2
2
2
2
50
51
51
51
51
51
51
51
51
51
51
51
62
62
62
62
62
62
62
62
62
62
62
62
62
51
76
76
76
76
76
76
76
76
76
76
62
24
54
54
54
54
54
54
54
75
75
75
75
75
75
75
75
75
75
75
75
57
20
39
39
39
28
28
28
28
28
28
28
28
23
43
36
36
36
31
31
31
31
31
31
31
29
29
56
56
56
56
56
56
25
47
53
53
53
53
53
53
30
30
30
30
30
30
30
30
30
30
26
86
86
86
86
86
86
86
35
35
35
44
44
44
44
27
49
49
49
49
49
22
58
21
32
32
32
32
32
32
32
32
40
48
45
45
87
87
