2
3
4
5
6
7
8
9
10
11
6
13
14
15
16
17
18
19
20
21
22
23
24
25
26
27
28
29
30
31
32
33
34
35
36
37
38
39
40
41
42
43
44
45
46
41
48
49
50
51
52
53
54
55
56
57
58
59
60
61
62
63
64
65
66
67
68
69
70
71
72
73
74
75
76
77
78
79
80
81
82
83
84
85
86
87
88
89
70
13
13
70
70
13
42
73
27
17
74
15
34
80
85
33
28
16
17
15
14
51
13
37
2
84
82
87
28
72
77
7
74
71
77
72
76
80
38
41
39
40
71
75
15
23
26
63
64
65
48
70
62
65
84
82
42
40
80
5
4
3
6
14
16
56
75
23
26
50
51
49
84
82
7
5
73
23
26
20
57
56
62
2
48
37
