2
3
4
5
6
7
8
9
10
11
12
13
14
15
16
17
18
19
20
21
22
23
24
25
26
27
28
29
30
31
32
33
34
35
36
37
38
39
40
41
42
43
44
45
46
47
48
49
50
51
52
53
54
55
56
57
58
59
60
61
62
63
64
65
66
67
68
69
70
71
72
73
74
75
76
77
78
79
80
81
82
83
84
85
86
87
88
89
90
91
92
93
94
95
78
97
98
99
100
101
103
104
105
106
107
108
109
110
111
112
113
114
115
116
117
118
119
120
121
122
123
124
125
126
127
128
129
130
131
132
133
134
135
136
137
138
139
140
141
142
143
144
145
146
147
148
149
150
151
152
153
154
155
156
157
158
159
160
161
162
163
164
165
166
167
168
169
170
140
172
173
174
175
176
62
62
62
54
6
4
55
15
7
14
11
26
149
4
147
8
9
7
6
141
110
111
6
31
29
4
7
76
77
54
153
154
151
149
152
153
168
161
154
6
8
6
9
10
7
68
75
85
64
30
88
7
13
106
130
129
128
4
43
6
52
6
4
138
139
54
163
155
157
148
156
72
73
4
69
70
6
60
59
137
139
54
55
75
108
112
107
111
127
136
147
137
6
7
13
135
120
130
104
162
166
155
156
152
28
6
4
7
110
108
105
15
7
14
79
159
112
89
87
88
86
106
133
123
112
107
111
170
150
151
54
35
28
6
4
7
106
66
4
65
6
95
31
89
4
86
87
88
91
5
3
7
90
140
111
54
6
7
6
142
160
170
164
124
168
166
167
161
154
149
152
153
108
151
155
152
157
153
148
156
68
110
109
132
112
107
111
127
60
59
77
54
143
146
56
57
4
3
7
6
6
136
105
157
156
11
7
8
9
7
64
12
56
57
12
42
41
6
78
116
61
115
125
52
8
6
4
9
13
10
7
103
75
54
128
130
129
165
151
153
156
83
80
79
4
127
54
136
62
54
62
147
54
54
60
59
6
77
54
60
59
104
110
137
139
54
60
59
104
6
7
60
6
77
139
