2
3
4
5
6
7
8
9
10
11
12
13
14
15
16
18
19
20
21
22
23
24
25
26
27
28
29
30
31
32
33
34
35
36
38
39
40
41
42
43
44
45
46
47
48
49
50
51
53
54
55
56
57
58
59
60
61
62
63
64
65
66
67
68
69
70
71
72
73
74
75
76
77
78
79
80
81
82
83
84
85
86
87
88
89
90
91
92
93
94
95
96
97
98
99
100
101
102
103
104
105
106
107
108
109
110
111
112
113
114
115
116
117
118
119
120
121
122
123
124
125
126
127
128
129
130
131
132
133
134
135
136
137
138
139
140
141
142
143
144
145
146
147
148
149
150
151
152
153
154
155
156
157
158
159
160
161
162
163
164
165
166
167
168
169
170
171
172
173
174
175
176
177
178
179
180
181
182
183
184
185
186
187
188
189
190
191
192
193
194
195
196
197
198
199
200
201
202
203
204
205
206
207
208
209
210
211
212
213
214
215
216
217
218
219
220
221
222
223
224
225
226
227
228
229
230
231
232
233
234
235
236
237
238
239
240
241
242
243
244
245
246
247
248
249
250
251
252
253
254
255
256
257
258
259
260
261
262
263
264
265
266
267
269
270
271
272
273
274
275
276
277
278
279
280
281
282
283
284
285
286
287
288
289
290
291
292
293
294
284
297
298
299
300
168
171
173
90
75
171
170
171
168
171
175
168
171
150
161
160
148
158
163
149
154
155
156
159
151
152
147
162
153
157
168
85
262
263
266
260
264
265
261
268
168
85
95
90
87
168
171
173
165
43
42
170
168
171
173
171
233
79
71
67
55
58
59
57
56
168
171
173
165
43
42
163
73
168
171
173
168
171
173
171
170
95
171
72
70
71
3
10
5
4
9
7
6
8
15
13
288
286
289
287
274
272
283
271
275
284
171
73
110
79
168
83
168
171
168
171
136
171
173
168
171
140
171
110
79
43
150
161
160
41
44
163
158
154
40
156
155
159
151
152
42
162
153
157
146
168
171
173
110
79
171
168
171
144
168
171
173
90
58
55
59
57
56
62
135
133
70
132
134
71
129
122
126
123
124
121
136
233
79
168
87
168
171
75
278
280
273
276
277
279
275
281
284
91
77
91
79
233
79
110
79
197
165
43
42
168
171
138
168
171
173
246
233
77
90
13
165
43
42
110
79
233
79
90
85
233
85
91
278
280
273
276
277
279
275
281
284
91
94
168
171
175
128
127
121
171
91
15
171
136
110
81
197
168
171
173
165
40
43
42
79
85
77
83
87
81
168
171
173
246
168
170
168
171
174
168
171
170
75
197
144
140
138
90
90
20
259
168
171
173
233
81
171
173
168
171
174
94
168
83
90
83
171
165
43
42
233
79
168
171
174
168
171
142
171
72
125
123
120
142
90
73
171
282
168
171
142
171
94
168
87
233
79
290
146
146
290
150
151
153
274
284
289
260
261
268
289
284
