2
3
4
5
6
7
8
9
10
11
12
13
14
15
16
17
18
19
20
21
22
23
24
25
26
27
28
29
30
31
32
33
34
35
36
37
38
39
40
41
42
43
44
45
46
47
48
49
50
51
52
53
54
48
57
58
59
60
61
62
63
64
65
66
67
68
69
70
71
72
73
74
75
76
77
78
79
80
81
82
83
84
85
86
87
88
89
90
91
92
93
6
7
9
60
57
54
50
45
71
64
76
75
75
57
7
4
9
79
75
65
57
70
5
7
9
80
77
78
76
75
75
47
40
41
27
20
49
10
7
9
3
29
22
78
70
75
76
11
59
58
75
57
57
88
70
88
77
42
7
64
76
75
88
88
57
27
20
28
21
42
43
41
44
28
21
29
22
91
88
57
11
10
9
39
39
57
75
