2
3
4
5
6
7
8
9
10
11
12
13
14
15
16
17
18
19
20
21
22
23
24
25
26
27
29
30
31
32
33
34
35
36
37
38
39
40
41
42
43
44
45
46
47
48
49
50
51
52
53
54
55
56
57
58
59
60
61
62
63
64
65
66
67
68
69
70
71
72
73
74
75
76
77
78
79
80
81
82
83
84
85
86
55
54
53
66
55
36
44
46
47
45
43
10
13
12
79
13
42
42
34
13
4
66
5
4
6
77
78
82
64
63
67
66
33
34
35
74
73
71
33
34
35
36
72
44
39
34
36
72
68
66
10
12
11
13
7
64
63
55
54
53
54
66
5
4
6
66
64
63
73
74
71
54
73
74
71
69
75
70
76
46
47
45
43
48
32
32
78
79
66
80
64
63
77
78
82
64
63
2
66
66
43
