2
3
4
5
6
7
8
9
10
11
12
13
14
15
16
17
18
19
20
21
22
23
24
25
26
27
28
29
30
31
32
33
34
35
36
37
38
39
40
41
42
43
44
45
46
47
48
49
50
51
52
53
54
55
56
57
58
59
60
61
62
63
64
65
66
67
68
69
70
71
72
73
74
75
76
77
78
79
80
81
82
83
84
85
87
89
91
92
93
94
95
96
97
98
99
100
101
102
103
104
105
106
107
108
109
110
45
71
41
70
68
71
75
74
3
27
28
12
12
71
66
98
70
68
21
99
12
21
3
12
21
3
12
21
3
70
75
26
77
12
15
12
12
99
12
98
15
66
98
103
41
72
73
21
3
12
106
55
13
107
12
15
21
3
12
71
41
71
105
98
103
70
66
105
98
21
3
12
55
12
71
72
73
99
98
71
12
12
21
3
12
19
15
13
12
12
43
99
12
98
12
