1
2
2
2
2
2
2
2
2
2
2
2
2
2
2
2
2
2
2
2
2
2
2
2
2
2
2
2
2
2
2
2
2
2
9
36
38
9
40
10
42
44
10
46
11
48
50
11
52
12
54
56
12
58
13
60
62
13
64
14
66
68
14
70
15
72
74
15
76
16
78
80
16
82
17
84
17
86
88
18
90
18
92
94
19
96
19
98
100
102
104
106
108
20
110
20
112
114
116
118
120
122
21
124
21
126
128
22
130
22
132
134
23
136
138
23
140
24
142
144
24
146
25
148
150
25
152
26
154
156
26
158
27
160
162
27
164
27
166
28
168
170
28
172
28
174
29
176
178
29
180
29
182
30
184
186
30
188
30
190
31
192
194
32
196
198
33
200
202
34
204
35
206
35
208
37
26
8
8
8
15
15
21
11
28
10
18
13
20
9
12
34
26
19
35
14
23
24
25
22
29
17
16
30
27
210
