2
3
4
5
6
7
8
9
10
11
12
13
14
15
16
17
18
19
20
21
22
23
24
25
26
27
28
29
30
31
32
33
34
35
36
37
38
39
40
41
42
43
44
45
46
47
48
49
50
51
52
53
54
55
56
57
58
59
60
61
62
63
64
65
66
67
68
69
70
71
72
73
74
75
76
77
78
79
80
81
82
83
84
85
86
87
88
89
90
91
92
93
94
95
96
97
98
99
100
101
102
103
104
105
106
107
108
109
110
111
112
113
114
115
116
117
118
119
120
121
122
123
124
125
126
127
128
129
130
131
132
133
134
135
136
137
138
139
140
141
142
143
144
145
146
147
148
149
150
151
152
153
154
155
156
157
158
159
160
161
162
163
164
165
166
167
168
169
170
171
172
173
174
175
176
178
179
180
181
182
183
184
185
186
187
188
189
190
191
192
193
194
195
196
197
198
199
200
201
202
189
204
187
188
206
196
208
198
211
212
213
214
215
216
217
218
219
220
221
222
223
225
226
227
228
229
230
231
225
227
228
234
235
236
237
238
239
240
241
242
243
244
245
246
247
248
249
250
251
252
253
254
255
256
257
258
259
260
261
262
263
264
265
266
267
268
269
270
271
272
273
274
275
276
277
278
279
280
281
282
283
284
285
286
287
288
289
290
291
292
293
294
295
296
297
298
299
300
301
302
303
304
305
306
307
308
309
310
311
312
313
314
315
316
317
318
319
320
321
322
323
324
325
326
327
328
329
330
331
332
333
334
335
336
337
338
339
340
341
342
343
344
345
346
347
348
349
350
351
352
353
354
355
356
357
358
359
360
361
362
363
364
365
366
367
368
369
370
371
372
373
374
375
376
377
378
379
380
381
382
383
384
385
386
387
388
389
390
391
392
393
394
395
396
397
398
399
400
401
402
403
404
405
406
407
408
409
410
411
412
413
414
415
416
417
418
419
420
421
422
423
424
425
426
427
428
429
430
431
432
433
434
435
436
437
438
439
440
441
442
443
444
445
446
447
448
449
450
451
452
453
454
455
456
457
458
459
460
461
462
463
464
465
466
467
468
469
470
471
472
473
474
475
476
477
478
479
480
481
482
483
484
485
486
487
488
489
490
491
492
493
494
495
496
497
498
499
500
501
502
503
504
505
506
507
508
509
510
511
512
513
514
515
516
517
518
519
520
521
522
523
524
525
526
527
528
529
530
531
533
534
535
536
537
538
539
540
541
542
543
242
242
242
242
242
242
242
242
242
242
242
242
242
242
242
242
242
242
242
242
242
242
242
242
242
242
242
242
242
519
242
242
242
242
242
242
242
242
242
242
242
242
242
242
242
242
242
242
242
242
242
242
242
242
242
242
242
242
242
519
242
242
242
242
242
242
242
242
242
242
242
242
242
436
450
428
429
431
425
427
426
423
424
444
121
456
2
13
438
439
444
11
174
166
169
168
167
13
253
91
37
36
254
388
386
387
381
383
382
389
385
384
2
13
20
13
216
13
13
79
392
2
147
64
291
290
2
13
13
113
398
2
13
421
422
42
49
241
262
50
259
260
2
437
38
2
142
2
13
15
13
13
450
421
437
444
437
20
6
12
18
14
21
16
10
15
9
13
11
8
17
20
3
7
4
19
438
444
93
2
16
90
87
65
66
2
182
183
181
184
11
13
156
127
2
13
11
13
104
2
13
70
361
2
13
13
506
499
498
100
2
46
450
87
43
47
44
441
48
45
447
448
445
2
437
444
13
183
13
535
28
22
134
138
284
2
21
13
20
75
395
2
523
12
157
156
220
213
212
219
218
13
13
157
156
13
13
543
195
196
178
78
2
13
543
194
540
192
109
2
20
13
13
240
238
239
330
340
489
403
483
335
337
328
350
326
465
487
296
391
314
324
495
380
322
365
485
307
479
354
372
356
367
299
455
369
363
416
344
467
332
358
462
258
265
293
451
320
310
352
377
394
458
474
453
286
255
304
397
414
268
470
409
476
406
283
472
400
342
375
481
347
492
360
460
318
289
99
2
13
438
13
173
13
10
22
162
448
447
446
445
26
6
9
8
7
149
146
147
19
33
253
254
312
311
2
19
253
34
254
294
2
105
2
13
18
504
506
198
505
499
498
178
163
166
165
168
170
164
39
2
537
13
20
74
117
2
11
145
139
2
187
244
245
243
246
2
2
181
81
401
2
172
13
10
22
162
13
11
13
96
2
13
195
179
180
181
182
181
185
147
543
180
186
136
317
114
53
315
2
13
13
13
543
541
196
542
182
180
186
184
110
2
521
192
520
513
510
515
523
276
277
278
275
537
535
534
166
165
167
276
275
126
370
2
528
14
13
122
404
2
543
199
178
184
534
535
124
125
463
2
13
13
506
503
502
499
498
135
138
2
20
97
98
333
2
118
373
2
17
101
102
490
2
13
163
166
164
165
169
168
170
21
85
131
132
130
84
17
266
2
13
111
2
13
10
13
13
11
119
468
2
80
477
2
19
13
106
2
114
2
13
13
225
13
29
22
88
188
141
493
2
90
87
115
2
12
123
407
2
253
76
254
305
2
13
228
227
226
280
134
273
281
52
93
282
271
269
270
2
274
69
2
174
166
169
168
167
46
87
42
43
44
47
435
434
57
49
241
48
45
433
50
420
430
428
417
425
427
418
423
419
429
431
426
445
424
2
444
437
13
20
253
35
254
297
2
499
498
505
178
13
87
443
437
2
437
2
13
250
249
251
245
246
247
128
2
56
54
91
133
110
62
51
112
58
105
60
137
61
92
256
2
13
13
21
220
219
276
13
30
22
13
26
6
7
5
276
277
278
275
78
2
216
211
218
211
13
11
21
2
13
13
63
411
410
412
2
88
218
67
68
2
108
2
22
539
199
513
512
510
515
516
511
519
178
59
2
439
13
41
2
20
88
338
2
77
253
254
308
2
186
533
120
2
13
253
32
254
301
300
302
2
523
82
345
2
83
348
2
107
2
528
11
11
11
155
26
6
7
13
446
445
12
11
140
2
436
13
521
200
190
197
191
193
514
498
178
519
178
527
522
509
103
2
13
11
72
73
71
378
2
13
40
2
13
94
95
87
89
2
13
538
535
536
253
31
254
287
2
178
533
533
225
519
444
12
13
18
11
21
17
16
20
4
19
498
178
227
228
543
196
542
180
186
184
187
