2
3
4
5
6
7
8
9
10
11
12
13
14
15
16
17
18
19
20
21
22
23
24
25
26
27
28
29
30
31
32
33
34
35
36
37
38
39
40
41
42
43
44
45
46
47
48
49
50
51
52
53
54
55
56
57
58
59
60
61
62
63
64
65
66
67
68
69
70
71
72
73
74
75
76
77
78
79
80
81
82
83
84
85
86
87
88
89
90
91
92
93
94
95
96
97
98
99
100
101
102
103
104
105
106
107
108
109
110
111
112
113
114
115
116
117
118
119
120
121
122
123
124
125
126
127
128
129
131
132
133
134
135
136
137
138
139
140
141
142
143
144
145
146
147
148
149
150
151
152
153
154
155
156
157
158
159
160
161
162
163
164
165
166
167
168
169
170
171
172
173
174
175
176
177
178
179
180
181
182
183
184
185
186
187
188
189
190
191
138
193
194
195
196
197
198
199
200
201
202
203
204
205
206
207
208
209
210
211
212
213
214
215
216
217
218
219
220
221
222
223
224
225
226
227
228
229
230
231
232
233
234
235
236
237
238
239
240
241
242
243
244
245
246
247
248
249
250
251
252
253
254
255
256
257
258
259
260
261
262
263
264
265
266
267
268
269
270
271
272
273
274
275
276
277
278
279
280
281
282
283
284
285
286
287
288
289
290
291
292
293
294
295
296
297
298
299
300
301
302
303
304
305
306
307
308
309
310
311
312
313
314
315
316
317
318
319
320
321
322
323
324
325
326
327
328
329
330
331
332
333
334
335
336
337
338
339
340
341
342
343
344
345
346
347
348
349
350
351
352
353
354
355
356
357
358
359
360
361
362
363
364
365
366
367
368
369
370
371
372
373
374
375
376
377
378
379
380
381
382
383
384
385
386
387
388
389
390
391
392
393
394
395
396
397
398
399
400
401
402
403
404
405
406
407
408
409
410
411
412
413
414
415
416
417
418
419
420
421
422
423
424
425
426
427
428
429
430
431
432
433
434
435
436
437
438
439
440
441
442
443
444
445
446
447
448
449
450
451
452
453
454
455
456
457
458
459
460
461
462
463
464
465
466
467
468
469
470
471
472
473
474
475
476
477
478
479
480
481
482
483
484
485
486
487
488
489
490
491
492
493
494
495
496
497
498
499
500
501
502
503
504
505
506
507
508
509
510
511
512
513
514
515
516
517
518
519
520
521
522
487
465
434
526
527
528
529
530
531
532
533
534
535
536
537
538
539
540
541
542
543
544
545
546
547
548
549
550
551
552
553
554
555
556
557
558
559
560
561
562
563
564
565
566
567
568
569
570
571
572
573
574
575
576
577
578
579
580
581
582
583
584
585
586
587
588
589
591
592
593
594
595
596
597
598
599
600
601
602
603
604
605
606
607
608
609
610
611
612
613
614
615
616
617
618
619
620
621
622
623
624
625
626
627
628
629
630
631
632
633
634
635
636
637
638
639
640
641
642
643
644
645
646
647
648
649
650
651
652
653
654
655
656
657
658
659
660
661
662
663
664
665
666
667
668
669
670
671
672
673
674
675
676
677
678
679
680
681
682
683
684
685
686
687
688
689
690
691
692
693
694
695
696
697
698
699
700
701
702
703
704
705
706
707
708
709
710
711
712
713
714
715
716
717
718
719
720
721
722
723
724
725
726
727
728
729
730
731
732
733
734
735
736
737
738
739
740
741
742
743
744
745
746
747
748
749
750
751
752
753
754
755
756
757
758
759
760
761
762
763
764
765
766
767
768
769
724
771
772
773
774
775
776
777
778
779
780
781
782
783
784
785
786
787
788
789
790
791
792
793
794
795
796
797
798
799
800
801
802
803
804
805
806
807
808
809
810
811
812
813
814
815
816
817
818
819
820
821
822
823
824
825
826
827
828
829
830
831
832
833
834
835
836
837
838
839
840
841
842
843
844
845
846
847
848
849
850
851
852
853
854
855
856
857
858
859
860
861
862
863
864
865
866
867
868
869
870
871
872
873
874
875
876
877
878
879
880
881
882
883
884
885
886
887
888
889
890
891
892
893
894
895
896
897
898
899
900
901
902
903
904
905
906
907
908
909
910
911
912
913
914
915
916
917
918
919
920
921
922
923
924
925
926
927
928
929
930
931
932
933
934
935
936
937
938
939
940
941
942
943
944
945
946
947
948
949
950
951
952
953
954
955
956
957
958
959
960
961
962
963
964
965
966
967
968
969
970
971
972
973
974
975
976
977
978
979
980
981
982
983
984
985
986
987
988
989
990
991
992
993
994
995
996
997
998
999
1000
1001
1002
1003
1004
1005
1006
1007
1008
1009
1010
1011
1012
1013
1014
1015
1016
1017
1018
1019
1020
1021
1022
1023
1024
1025
1026
1027
1028
1029
1030
1031
1032
1033
1034
1035
1036
1037
1038
1039
1040
1041
1042
1043
1044
1045
1046
1047
1048
1049
1050
1051
1052
1053
1054
1055
1056
1057
1058
1059
1060
1061
1062
1063
1064
1065
1066
1067
1068
1069
1070
1071
1072
1073
1074
1075
1076
1077
1078
1079
1080
1081
1082
1083
1084
1085
1086
1087
1088
1089
1090
1091
1092
1093
1094
1095
1096
1097
1098
1099
1100
1101
1102
1103
1104
1105
1106
1107
1108
1109
1110
1111
1112
1113
1114
1115
1116
1117
1118
1119
1120
1121
1122
1123
1124
1125
1126
1127
1128
1129
1130
1131
1132
1133
1134
1135
1136
1137
1138
1139
1140
1141
1142
1143
1144
1145
1146
1147
1148
1149
1150
1151
1152
1153
1154
1155
1156
1157
1158
1159
1160
1161
1162
1163
1164
1165
1166
1167
1168
1169
1170
1171
1172
1173
1174
1175
1176
1177
1178
1179
1180
1181
1182
1183
1184
1185
1186
1187
1188
1189
1190
1191
1192
1193
1194
1195
1196
1197
1198
1199
1200
1201
1202
1203
1204
1205
1206
1207
1208
1209
1210
1211
1212
1213
1214
1215
1216
1217
1218
1219
1220
1221
1222
1223
1224
1225
1226
1227
1228
1229
1230
1231
1232
1233
1234
1235
1236
1237
1238
1239
1240
1241
1242
1243
1244
1245
1246
1247
1248
1249
1250
1251
1252
1253
1254
1255
1256
1257
1258
1259
1260
1261
1262
1263
1264
1265
1266
1267
1268
1269
1270
1271
1272
1273
1274
1275
1276
1277
1278
1279
1280
1281
1282
1283
1284
1285
1286
1287
1288
1289
1290
1291
1292
1293
1294
1295
1296
1297
1298
1299
1300
1301
1302
1303
1304
1305
1306
1307
1308
1309
1310
1311
1312
1313
1314
1315
1316
1317
1318
1319
1320
1321
1322
1323
1324
1325
1326
1327
1328
1329
1330
1331
1332
1333
1334
1335
1336
1337
1338
1339
1340
1341
1342
1343
1344
1345
1346
1347
1348
1349
1350
1351
1352
1353
1354
1355
1356
1357
1358
1359
1360
1361
1362
1363
1364
1365
1366
1367
1368
1369
1370
1371
1372
1373
1374
1375
1376
1377
1378
1379
1380
1381
1382
1383
1384
1385
1386
1387
1388
1389
1390
1391
1392
1393
1394
1395
1396
1397
1398
1399
1400
1401
1402
1403
1404
1405
1406
1407
1408
1409
1410
1411
1412
1413
1414
1415
1416
1417
1418
1419
1420
1421
1422
1423
1424
1425
1426
1427
1428
1429
1430
1432
1433
1434
1435
1436
1437
1438
1439
1440
1441
1442
1443
1444
1445
1446
1447
1448
1449
1450
1451
1452
1453
1454
1455
1456
1457
1458
1460
1461
1462
1463
1464
1465
1466
1467
1468
1469
1470
1471
1472
1473
1474
1475
1476
1477
1478
1479
1480
1481
1482
1483
1484
1485
1486
1487
1488
1489
1490
1491
1492
1493
1494
1495
1496
1497
1498
1499
1500
1501
1502
1503
1504
1505
1506
1507
1508
1509
1510
1511
1512
1513
1514
1515
1516
1517
1518
1519
1520
1521
1522
1523
1524
1525
1526
1527
1528
1529
1530
1531
1532
1533
1534
1535
1536
1537
1538
1539
1540
1541
1542
1543
1544
1545
1546
1547
1548
1549
1550
1551
1552
1553
1554
1555
1556
1557
1558
1559
1560
1561
1562
1563
1564
1565
1566
1567
1568
1569
1570
1571
1572
1573
1574
1575
1576
1577
1578
1579
1580
1581
1582
1583
1584
1585
1586
1587
1588
1589
1590
1591
1592
1593
1594
1595
1596
1597
1598
1599
1600
1601
1602
1603
1604
1605
1606
1607
1608
1609
1610
1611
1612
1613
1614
1615
1616
1617
1618
1619
1620
1621
1622
1623
1624
1625
1626
1627
1628
1629
1630
1631
1632
1633
1634
1635
1636
1637
1638
1639
1640
1641
1642
1643
1644
1645
1646
1647
1648
1649
1650
1651
1652
1653
1654
1655
1656
1657
1658
1659
1660
1661
1662
1663
1664
1665
1666
1667
1668
1669
1670
1671
1672
1673
1674
1675
1676
1677
1678
1679
1680
1681
1682
1683
1684
1685
1686
1687
1688
1689
1690
1691
1692
1693
1694
1695
1696
1697
1698
1699
1700
1701
1702
1703
1704
1705
1706
1707
1708
1709
1710
1711
1712
1713
1714
1715
1716
1717
1718
1719
1720
1721
1722
1723
1724
1725
1726
1727
1728
1729
1730
1731
1732
1733
1734
1735
1736
1737
1738
1739
1740
1741
1742
1743
1744
1745
1746
1747
1748
1749
1750
1751
1752
1753
1754
1755
1756
1757
1758
1759
1760
1761
1762
1763
1764
1765
1766
1767
1768
1769
1770
1771
1772
1773
1774
1775
1776
1777
1778
1779
1780
1781
1782
1783
1784
1785
1786
1787
1788
1789
1790
1791
1792
1793
1794
1795
1796
1797
1798
1799
1800
1801
1802
1803
1804
1805
1806
1807
1808
1809
1810
1811
1812
1813
1814
1815
1816
1817
1818
1819
1820
1821
1822
1823
1824
1825
1826
1827
1828
1829
1830
1831
1832
1833
1834
1835
1836
1837
1838
1839
1840
1841
1842
1843
1844
1845
1846
1847
1848
1849
1850
1851
1852
1853
1854
1855
1856
1857
1858
1859
1860
1861
1862
1863
1864
1865
1866
1867
1868
1869
1870
1871
1872
1873
1874
1875
1876
1877
1878
1879
1880
1881
1882
1883
1884
1885
1886
1887
1888
1889
1890
1891
1892
1893
1894
1895
1896
1897
1898
1899
1900
1901
1902
1903
1904
1905
1906
1907
1908
1909
1910
1911
1912
1913
1914
1915
1916
1917
1918
1919
1920
1921
1922
1923
1924
1925
1926
1927
1928
1929
1930
1931
1932
1933
1934
1935
1936
1937
1938
1939
1940
1941
1942
1943
1944
1945
1946
1947
1948
1949
1950
1951
1952
1953
1954
1955
1956
1957
1958
1959
1960
1961
1962
1963
1964
1965
1966
1967
1968
1969
1970
1971
1972
1973
1974
1975
1976
1977
1978
1979
1980
1981
1982
1983
1984
1985
1986
1987
1988
1989
1990
1991
1992
1993
1994
1995
1996
1997
1998
1999
2000
2001
2002
2003
2004
2005
2006
2007
2008
2009
2010
2011
2012
2013
2014
2015
2016
2017
2018
2019
2020
2021
2022
2023
2024
2025
2026
2027
2028
2029
2030
2031
2032
2033
2034
2035
2036
2037
2038
2039
2040
2041
2042
2043
2044
2045
2046
2047
2048
2049
2050
2051
2052
2053
2054
2055
2056
2057
2058
2059
2060
2061
2062
2063
2064
2065
2066
2067
2068
2069
2070
2071
2072
2073
2074
2075
2076
2077
2078
2079
2080
2081
2082
2083
2084
2085
2086
2087
2088
2089
2090
2091
2092
2093
2094
2095
2096
2097
2098
2099
2100
2101
2102
2103
2104
2105
2106
2107
2108
2109
2110
2111
2112
2113
2114
2115
2116
2117
2118
2119
2120
2121
2122
2123
2124
2125
2126
2127
2128
2129
2130
2131
2132
2133
2134
2135
2136
2137
2138
2139
2140
2141
2142
2143
2144
2145
2146
2147
2148
2149
2150
2151
2152
2153
2154
2155
2156
2157
2158
2159
2160
2161
2162
2163
2164
2165
2166
2167
2168
2169
2170
2171
2172
2173
2174
2175
2176
2177
2178
2179
2180
2181
2182
2183
2184
2185
2186
2187
2188
2189
2190
2191
2192
2193
2194
2195
2196
2197
2198
2199
2200
2201
2202
2203
2204
2205
2206
2207
2208
2209
2210
2211
2212
2213
2214
2215
2216
2217
2218
2219
2220
2221
2222
2223
2224
2225
2226
2227
2228
2229
2230
2231
2232
2233
2234
2235
2236
2237
2238
2239
2240
2241
2243
2244
2245
2246
2247
2248
2249
2250
2251
2252
2253
2254
2255
2256
2257
2258
2259
2260
2261
2262
2263
2264
2265
2266
2267
2268
2269
2270
2271
2272
2273
2274
2275
2276
2277
2278
2279
2280
2281
2282
2283
2284
2285
2286
2287
2288
2289
2290
2291
2292
2293
2294
2295
2296
2297
2298
2299
2300
2301
2302
2303
2304
2305
2306
2307
2308
2309
2310
2311
2312
2313
2314
2315
2316
2317
2318
2319
2320
2321
2322
2323
2324
2325
2326
2327
2328
2329
2330
2331
2332
2333
2334
2335
2336
2337
2338
2339
2340
2341
2342
2343
2344
2345
2346
2347
2348
2349
2350
2351
2352
2353
2354
2355
2356
2357
2358
2359
2360
2361
2362
2363
2364
2365
2366
2367
2368
2369
2370
2371
2372
2373
2374
2375
2376
2377
2378
2379
2380
2381
2382
2383
2384
2385
2386
2387
2388
2389
2390
2391
2392
2393
2394
2395
2396
2397
2398
2399
2400
2401
2402
2403
2404
2405
2406
2407
2408
2409
2410
2411
2412
2413
2414
2415
2416
2417
2418
2419
2420
2421
2422
2423
2424
2425
2426
2427
2428
2429
2430
2431
2432
2433
2434
2435
2436
2437
2438
2439
2440
2441
2442
2443
2444
2445
2446
2447
2448
2449
2450
2451
2452
2453
2454
2455
2456
2457
2458
2459
2460
2461
2462
2463
2464
2465
2466
2467
2468
2469
2470
2471
2472
2473
2474
2475
2476
2477
2478
2479
2480
2481
2482
2483
2484
2485
2486
2487
2488
2489
2490
2491
2492
2493
2494
2495
2496
2497
2498
2499
2500
2501
2502
2503
2504
2505
2506
2507
2508
2509
2510
2511
2512
2513
2514
2515
2516
2517
2518
2519
2520
2521
2522
2523
2524
2525
2526
2527
2528
2529
2530
2531
2532
2533
2534
2535
2536
2537
2538
2539
2540
2541
2542
2543
2544
2545
2546
2547
2548
2549
2550
2551
2552
2553
2554
2555
2556
2557
2558
2559
2560
2561
2562
2563
2564
2565
2566
2567
2568
2569
2570
2571
2572
2573
2574
2575
2576
2577
2578
2579
2580
2581
2582
2583
2584
2585
2586
2587
2588
2589
2590
2591
2592
2593
2594
2595
2596
2597
2598
2599
2600
2601
2602
2603
2604
2605
2606
2607
2608
356
356
356
772
356
629
356
2606
2461
433
2433
2425
356
495
1794
362
2199
1484
2191
2188
356
300
629
772
366
368
1142
396
194
2407
2330
505
1638
1634
411
2604
2432
356
2600
2
1467
2194
478
356
356
748
356
1470
397
1679
1717
1672
1784
1783
1781
1780
1569
356
458
1794
356
356
430
1794
356
371
2550
367
368
356
356
53
360
358
357
2439
2452
2433
2436
2425
356
373
356
1994
428
2015
356
356
1477
1081
1057
501
2015
356
2535
412
194
356
433
1136
1084
1484
369
1142
1138
356
367
2246
2245
468
1794
356
357
494
356
467
1794
356
1287
456
2436
417
1136
1084
356
415
501
361
369
357
365
387
367
1142
1141
1138
356
465
2015
498
2414
2246
356
893
356
1887
356
2489
2600
2246
166
1633
356
356
356
2425
356
1993
1633
356
2479
2600
371
375
445
365
370
367
446
471
373
357
472
368
1142
1141
1140
1627
356
371
375
365
370
443
367
471
373
357
472
368
444
1142
1141
1140
1287
429
2192
469
2015
356
471
2015
356
479
2015
356
1280
363
357
1086
1084
1085
356
1590
387
194
356
2607
357
356
1638
2606
2461
432
2433
356
1569
360
2015
2188
356
174
356
364
1794
410
194
356
690
356
1082
356
356
399
2414
2246
847
1287
482
2194
1673
1726
1786
1658
480
1784
1638
1781
1633
356
1780
172
174
148
131
377
1794
356
504
2451
2432
1082
356
356
1082
356
432
2015
356
461
2415
2246
356
1287
383
870
356
2415
453
2246
773
506
2015
439
1794
508
194
426
2015
356
418
1794
356
712
301
1082
356
389
1678
1717
1672
1784
1783
1781
1780
1636
1784
1783
1638
1782
1780
1780
53
356
415
483
2198
357
365
456
387
368
367
1142
1141
1138
1139
1140
356
429
357
1675
1783
1638
1781
1633
356
356
1780
431
194
356
1633
1633
356
1633
356
2205
356
642
754
755
1795
482
1794
356
356
361
388
397
399
365
370
712
356
468
375
438
373
357
365
368
367
1142
1141
1140
357
2433
1283
356
1570
1569
502
2246
1997
600
2004
2003
2005
1976
1973
1974
356
2194
471
2191
356
356
318
690
1287
397
774
1569
356
1633
2425
356
356
356
2415
440
2246
496
367
2246
2245
301
467
1287
730
356
2188
356
356
57
53
451
2415
2246
4
1729
1669
1730
1786
1658
1728
1675
1783
1638
1633
1780
379
2015
356
27
1287
468
1287
438
1633
2471
2605
2432
301
302
507
2015
2524
356
1287
399
401
194
1415
2571
370
356
356
1569
421
1136
1084
2606
2502
2462
2433
356
356
361
533
362
2190
2189
356
356
526
412
2604
2432
356
422
194
356
456
2015
356
1633
2425
356
356
835
455
2015
724
2188
356
527
356
368
1794
356
630
2222
500
527
356
713
451
1794
2439
2433
356
374
2015
451
1794
411
527
356
1287
448
411
1143
483
356
1633
1569
356
706
365
370
356
443
2015
1470
507
1136
1084
1696
421
1717
1672
1784
1783
1781
1780
411
357
1675
1783
1638
1781
1633
356
1780
365
2015
357
527
1287
390
1287
486
1287
504
411
1794
356
1554
1480
1462
1544
1462
1569
356
401
1683
1717
1672
1784
1783
1781
1780
780
782
776
774
356
356
361
2198
410
365
362
2213
370
2191
356
356
356
1080
356
690
631
401
423
422
357
402
1142
1141
1140
469
2194
356
356
61
1081
356
473
2015
356
374
1794
430
2015
356
1502
1287
463
702
365
370
356
411
1142
429
1136
1084
356
356
482
365
387
367
2198
2195
357
430
368
460
1142
1141
1138
1139
1140
356
2425
356
432
194
356
397
357
1142
1567
134
413
1794
2414
402
2246
356
483
1794
356
291
1633
424
2015
356
356
2188
1633
1633
468
375
373
437
357
365
368
367
1142
1141
1140
1081
356
640
638
634
632
356
794
1726
1786
480
1784
1639
1638
1781
1782
356
1780
356
356
1655
1650
1638
1633
356
485
2015
356
1287
420
1468
1287
382
1081
1479
1484
1082
356
864
356
462
1287
361
357
500
1142
2600
509
1532
511
267
429
512
357
508
510
356
356
2600
2485
774
1633
356
390
2015
2528
371
2549
356
356
389
194
1655
1652
1638
1633
356
1657
1726
1786
1658
480
1784
1638
1781
1633
356
1780
366
365
387
367
459
2198
2195
357
430
480
368
1142
1141
1138
1139
1140
356
508
1638
2425
356
356
397
1142
445
2015
2194
475
2191
356
356
434
1287
1451
366
1794
356
619
625
356
1781
512
1084
1085
390
1136
1084
356
356
396
1136
1084
2606
2461
429
2433
356
356
718
699
356
356
2425
356
356
2312
2248
356
1793
2568
356
2580
2432
356
356
690
686
375
451
373
357
475
365
452
476
368
367
1142
1141
1140
512
2015
712
774
2198
2191
356
390
527
411
1142
1287
465
1445
4
401
357
1142
357
387
1142
2425
356
498
357
1142
494
194
2425
356
2522
370
356
356
1464
366
368
1142
1138
397
194
2188
356
1287
409
429
1794
356
356
521
2015
356
2425
356
422
1701
1717
1672
1784
1783
1781
1780
356
356
53
498
527
356
2414
392
2246
843
775
2425
356
356
496
2015
2425
356
356
1794
1082
356
450
2015
1482
434
2015
1578
1569
356
1993
2221
2220
2191
356
1503
4
345
704
356
1574
1569
356
1287
393
400
1287
53
356
2600
2483
1081
1055
389
1136
1084
632
633
513
2015
53
782
773
1287
424
1136
500
1084
356
434
1794
640
630
635
1287
395
2015
356
417
2015
356
1994
1630
53
356
511
2015
461
2015
356
701
1143
473
356
435
1287
796
356
356
371
1082
356
356
1287
451
1633
432
1794
356
420
194
356
413
194
499
362
1658
370
1656
1784
1783
1638
356
1780
502
2015
332
345
356
408
194
356
356
53
356
1190
408
2015
356
356
782
773
777
388
2414
2246
1082
356
482
2196
2604
2432
2191
2436
356
356
356
387
1794
366
2015
356
520
2015
356
1202
1287
2194
458
461
499
501
409
356
710
416
1794
356
1082
356
414
2015
356
2425
356
1656
1638
356
2425
1287
422
1644
1637
1636
1639
1638
2425
356
356
379
1794
356
417
1287
396
527
508
1084
1794
356
415
361
369
497
357
365
370
387
367
1142
1141
1138
356
358
1794
356
2425
356
1856
356
1633
1287
430
1633
2606
2513
2462
2433
356
1082
356
356
411
415
1142
1219
2425
356
2425
356
361
2465
2437
356
1793
2606
2499
2462
2433
356
1131
356
382
1794
356
710
439
1794
334
335
345
356
772
1633
1569
1462
356
416
1136
1084
393
1142
356
92
397
99
95
127
126
128
124
503
1795
1794
356
640
638
630
171
136
142
141
148
138
131
1287
403
1213
356
386
2414
2246
502
509
507
885
357
886
408
508
510
356
356
2425
356
1433
418
194
356
301
356
526
1994
715
716
356
2425
291
467
2015
356
438
625
356
500
194
356
1915
356
1081
356
1287
419
301
480
1794
356
356
301
96
63
1435
690
2414
403
2246
690
356
345
301
356
389
1794
418
396
395
357
419
1142
1141
1140
1633
446
2015
1993
427
1794
356
356
1287
505
2425
356
392
2015
423
1702
1717
1672
1784
1783
1781
1780
401
527
364
2246
511
1794
2561
356
480
1973
356
1222
1143
483
1141
356
2600
1287
449
507
2451
2432
2415
446
2246
690
356
600
2009
1996
2003
1976
1973
1974
356
92
95
402
104
127
126
128
124
510
1638
2605
2467
2432
356
1143
483
1141
356
1225
2539
1484
1557
781
776
775
777
774
2425
356
356
356
356
1639
756
764
1484
698
356
690
1082
356
1633
493
1794
356
914
913
908
356
901
1080
356
690
2015
356
496
194
2188
356
2425
1143
1142
1138
1141
1140
502
1638
1781
1780
600
2009
2012
2001
2003
1976
1973
1974
356
571
464
2015
356
799
2606
2507
2462
2433
356
499
1143
356
506
1143
377
373
356
302
2220
356
1081
356
356
502
509
322
321
429
507
357
508
510
356
356
2198
409
357
430
387
1142
1141
1139
1140
356
397
1794
518
2015
805
356
1633
1287
485
2425
356
709
387
1717
1783
1781
1780
1633
2484
484
1794
356
1569
1633
356
356
411
415
1142
416
1693
1717
1672
1784
1783
1781
1780
509
409
357
508
510
356
1196
370
1794
23
356
64
358
2015
356
1633
429
2198
357
408
387
1142
1141
1139
1140
356
141
143
2432
2434
356
377
2015
356
47
356
904
710
469
1794
356
1287
392
459
2015
356
356
2605
2491
2432
398
421
397
357
420
1142
1141
1140
468
377
494
1142
1138
360
1794
379
2246
356
2563
356
751
356
422
1794
356
1287
428
2192
397
1136
1084
1479
1462
366
357
368
1142
514
2015
2425
774
2425
356
301
303
416
194
632
507
2414
2246
395
527
729
365
370
356
472
2015
356
498
362
1795
1794
356
408
527
356
356
512
194
365
370
2246
2247
47
1590
473
712
1794
356
2498
356
356
356
498
2451
2432
356
386
2015
1193
1638
1971
1967
1969
1972
1970
1968
457
2415
2246
356
774
1190
2433
2432
710
774
381
1794
356
141
1478
96
95
410
370
127
126
125
356
356
124
1574
1568
1193
377
486
357
365
367
464
1142
1141
1139
1786
1658
1656
1638
1782
1633
1780
356
356
362
2015
356
474
2015
356
2415
454
2246
2425
356
356
498
194
356
639
632
635
2188
356
395
194
1287
472
423
1136
1084
356
1656
1638
569
2499
2433
696
2426
1696
1693
1717
1672
419
1784
1783
1781
1780
1143
483
1141
356
2425
356
356
1888
2600
2507
356
366
380
381
365
2213
382
367
500
1144
378
516
379
357
368
473
1142
1138
356
1569
2600
2461
2511
2499
2516
2433
356
405
2414
2246
745
356
1633
356
387
2015
2425
356
381
2015
356
140
743
357
194
498
2015
356
382
2015
356
1913
356
1633
492
367
2246
2245
390
194
502
194
2415
448
2246
431
1136
1084
356
2414
404
2246
583
457
362
1795
1794
356
356
356
1287
454
388
1794
356
490
2246
2245
1063
904
500
2015
356
617
625
356
705
356
516
2015
1633
2556
356
403
2015
1287
464
631
809
356
1441
1436
356
387
527
1569
442
2015
397
527
2606
2594
2433
2432
356
1624
356
1650
1656
1638
356
356
2425
356
471
1794
356
1655
1654
1633
356
2600
2509
356
375
1794
363
357
2433
2432
2436
356
420
2015
356
479
1287
1287
443
2482
497
362
1795
1794
356
1569
448
2015
814
774
499
362
1795
1794
356
1569
2425
356
386
1142
1418
1287
394
1199
1287
445
356
1081
1280
1569
1621
356
172
149
133
146
138
131
1283
1567
1784
1783
1638
1782
1780
413
1136
1084
390
1678
1717
1672
1784
1783
1781
1780
713
301
496
1136
1084
1085
1633
1196
360
2246
708
356
395
194
422
2015
356
253
252
252
1081
356
1837
2436
1633
92
390
95
98
127
126
128
124
1081
858
712
1568
447
1794
53
356
356
356
1081
356
356
592
591
2425
356
401
1142
2415
444
2246
398
194
498
357
1142
440
2015
1413
465
1794
2425
356
2580
2451
2432
356
2194
473
2191
356
356
2425
356
410
356
431
2606
2461
2433
356
2605
2485
2432
356
393
2015
496
468
377
1142
1138
1655
1652
1633
356
384
1794
356
1082
356
356
2606
2433
2432
489
367
2246
2245
53
356
356
512
1794
1136
510
1084
356
357
2015
415
194
1695
420
1717
1672
1784
1783
1781
1780
893
402
527
427
1287
2192
356
508
2015
410
420
1142
608
625
356
625
2600
2511
2499
2516
356
2305
365
2246
437
2015
415
2015
356
415
388
357
1142
1141
1140
2599
2467
345
356
501
1715
356
1085
867
356
415
194
356
1997
600
2004
2003
2005
1976
1973
1974
356
356
1225
2425
356
356
823
356
1503
639
634
631
632
635
633
356
438
437
625
356
2604
408
2432
356
356
707
1478
436
2015
1829
419
2015
356
2606
429
2460
2433
2432
356
2534
362
500
1795
1794
356
356
1412
1287
384
494
1794
1143
356
356
507
527
366
480
368
1142
1138
345
1287
410
356
373
362
2201
2191
2188
2189
356
356
1633
356
356
489
1794
690
1082
356
482
356
356
712
774
522
2246
356
194
356
1287
2194
458
502
527
436
1794
2414
410
2246
356
357
2433
1478
1494
2467
356
2425
356
395
2015
1081
356
784
762
763
776
1081
356
356
1784
1783
1638
1780
707
1287
402
2425
356
498
1136
1084
356
1575
1569
356
1567
499
373
2191
356
356
1484
1558
1484
357
432
1675
1783
1638
1781
1633
356
1780
2415
442
2246
2414
500
2246
356
361
194
1519
1521
1517
356
357
1794
814
369
1794
356
1136
420
1084
357
2433
2432
356
164
409
2414
2246
356
356
356
2425
356
356
2198
500
2191
356
710
876
509
194
307
1569
713
774
495
2015
1082
400
421
399
357
420
1142
1141
1140
690
356
2015
356
473
1794
356
482
2194
365
370
2191
356
356
356
53
356
2194
1712
1675
356
356
190
2198
2191
356
144
468
1143
437
356
1841
485
1794
356
378
2015
356
690
1829
373
2015
356
2527
2425
454
2015
366
2198
357
365
480
387
368
367
459
1142
1141
1138
1139
1140
356
397
194
690
356
509
1794
1287
426
492
1794
423
194
437
1794
505
368
367
356
356
502
361
503
1142
363
365
367
527
356
356
356
301
1136
419
1084
1412
1607
1287
2210
481
447
2015
483
2015
356
461
483
357
365
368
367
1142
1141
1138
1139
1140
1833
2247
1082
356
1287
433
2435
2434
1469
47
2605
2483
2432
389
2015
438
356
401
1794
356
356
412
527
356
301
464
1794
356
373
1794
53
508
1794
371
1081
356
356
2557
356
356
502
504
507
357
1675
1783
1638
1781
356
1780
2433
2435
356
457
2015
356
360
194
1569
2600
2518
356
356
360
358
2452
2433
2436
1655
1654
1638
1633
356
2415
450
2246
1287
446
1187
480
2015
356
356
376
2015
1880
2011
356
2425
2254
1277
422
194
53
356
2425
356
356
356
427
2015
356
356
1974
1975
53
356
365
1794
356
2425
356
600
2009
2010
2000
2003
1976
1973
1974
356
710
301
1287
511
512
356
154
142
141
144
147
140
131
466
618
513
456
625
356
356
625
356
2546
356
356
1084
356
356
356
367
2246
98
1287
477
1794
356
363
719
483
384
699
356
1082
356
356
468
375
377
488
357
365
387
367
1142
1141
1633
366
2246
356
356
407
2015
356
356
1909
356
356
2600
2491
356
357
408
1675
1783
1638
1781
1633
356
356
1780
431
429
2195
357
408
387
1142
1141
1139
1140
356
1080
356
96
505
63
396
1678
1680
1717
1672
1784
1783
1781
1780
356
412
357
1675
1783
1638
1781
1633
356
1780
1473
415
1136
1084
1994
436
2415
2246
1729
1655
1726
500
369
1669
1730
1650
1728
1784
1783
1639
1638
1781
1782
1633
356
1780
409
1794
356
870
356
95
387
127
126
124
452
2015
60
812
356
506
1795
1794
401
1136
1084
441
2415
2246
431
2198
357
410
387
1142
1141
1139
1140
356
356
1287
470
356
1287
484
489
2015
893
396
2015
356
372
2015
91
482
356
356
1655
1730
1669
1644
1654
1637
1636
1639
1638
356
358
194
356
92
95
389
98
127
126
128
124
1790
1789
1788
356
762
761
761
710
389
1794
1216
449
2015
2604
410
2432
356
59
138
400
2015
356
356
2488
356
1287
478
1544
1462
1463
1679
395
1678
1717
1672
1784
1783
1781
1780
431
1794
356
356
356
1287
415
467
2194
356
356
690
356
843
774
2206
356
356
812
356
504
2414
2246
1082
356
2015
475
2015
356
370
2015
412
1136
1084
356
517
2015
356
356
363
722
482
384
480
356
774
1287
475
1633
418
711
1794
356
9
1633
2470
356
356
2425
356
1287
496
1457
366
368
1142
1138
574
832
356
53
301
398
527
2415
460
2246
356
356
1635
1638
356
1787
2198
482
357
365
387
368
367
460
1142
1141
1138
1139
1140
356
502
1794
793
499
501
373
370
464
356
2194
478
2191
356
356
880
712
708
356
2246
356
1435
1436
356
364
1084
385
1794
53
488
1794
356
617
625
356
625
137
1136
408
1084
356
356
364
1638
1081
369
1142
1138
1671
1637
356
423
2015
356
357
2425
1475
2499
2433
2426
493
2246
2245
774
427
369
2198
377
357
365
387
367
406
1142
1141
1139
1140
356
1228
2425
356
367
2015
420
712
1794
356
606
605
604
607
625
356
1569
1287
2194
406
418
1136
1084
378
1794
356
416
2015
356
466
2415
2246
356
1891
356
460
2015
356
356
356
615
625
356
625
1657
1786
1658
1638
1782
1633
1780
711
443
1794
413
2604
2432
1469
1561
1569
356
356
291
359
1794
1834
364
194
1082
356
1830
1860
356
53
173
149
148
131
634
360
1084
410
527
356
1838
370
1781
1782
356
412
2015
356
357
2433
511
1638
2191
501
362
1795
1794
356
468
369
377
493
1142
1138
1287
476
2198
362
2191
356
494
367
2246
2245
2425
356
437
2415
2246
1287
507
356
408
1794
356
356
398
2414
2246
1789
1788
434
357
1675
1783
1634
1638
1781
356
1780
1633
1444
499
501
373
465
370
356
1433
356
404
2015
893
356
761
761
848
847
847
412
433
357
1142
1141
1139
1462
2415
449
2246
2442
2434
356
1287
464
478
2015
356
2606
2462
2516
2433
356
1633
417
416
391
357
392
1142
1141
1140
1478
2212
2198
362
2191
356
1655
1650
1633
356
1650
1652
356
356
356
356
53
690
504
527
2194
475
356
356
2188
356
482
356
356
1287
471
2002
600
2009
2013
2003
1976
1973
1974
356
53
501
1143
356
1287
452
1728
1721
386
357
1142
389
357
1142
1633
901
690
1287
450
145
1494
2467
356
1633
1231
1604
357
752
356
1287
442
2433
2432
2466
781
777
774
373
1638
1287
497
1684
1717
402
1672
1784
1783
1781
1780
2604
2432
356
786
774
356
1287
391
375
469
373
357
365
440
470
439
368
367
1142
1141
1140
433
1794
2194
473
356
356
365
367
194
356
1638
406
2015
356
356
413
2015
2600
2513
356
435
468
375
377
357
387
1142
1141
1436
2606
2518
2462
2433
356
401
1287
1633
1277
1610
1633
361
2246
503
2015
2425
368
1142
1287
455
2527
356
468
369
357
365
2213
382
368
367
500
1142
1138
356
53
356
411
1287
1465
466
2015
356
389
194
496
527
167
173
135
139
146
138
1569
1287
447
490
2015
387
194
504
1795
1794
53
1136
402
1084
497
2015
356
431
356
510
194
2605
2473
2432
396
2414
2246
600
2008
1999
2007
2003
1976
1973
1974
356
1633
410
420
1142
1274
2425
356
502
863
509
429
507
357
866
508
510
356
356
2425
356
378
2246
356
461
1794
356
893
356
501
366
365
370
1675
499
368
1783
1638
1781
356
356
1780
2599
2499
356
1136
387
1084
502
361
370
364
88
63
60
64
58
62
61
59
356
356
375
2015
466
369
365
1142
1138
2478
502
505
360
482
726
695
697
356
356
409
2015
356
2476
1837
371
2015
2425
356
1569
356
517
356
2433
2432
486
2015
2252
356
736
365
370
356
361
415
483
2198
357
457
365
387
368
367
1142
1141
1138
1139
1140
356
893
1287
425
391
2414
2246
462
2415
2246
356
1439
2591
2600
356
356
439
2015
893
2432
826
356
371
2415
458
2246
356
356
460
1794
356
356
1199
1633
356
1484
271
2433
2432
309
395
2414
2246
2414
514
2246
2425
356
167
173
158
154
171
136
142
145
141
143
147
148
131
2425
356
356
1287
2194
460
356
486
1794
690
519
1794
356
502
504
483
377
1265
357
1142
1141
1139
447
712
1794
2425
356
2425
356
413
527
1569
369
516
2198
430
362
1142
1141
1633
356
501
1716
356
774
2425
356
356
520
457
356
625
356
356
2221
356
775
774
1569
522
2015
356
763
420
1794
356
711
471
1794
356
521
1794
356
312
1633
496
1794
401
103
92
95
127
126
128
124
1944
843
774
369
517
2198
430
362
2199
500
1142
1141
458
356
356
356
690
2425
356
2425
1613
418
1693
1695
1717
1672
1784
1783
1781
1780
417
416
390
389
357
1142
1141
1140
420
194
2606
2511
2462
2433
356
369
500
1086
1084
1085
356
356
690
356
356
1187
843
774
493
2015
509
511
512
357
1533
408
508
283
510
356
356
2415
443
2246
686
632
507
194
412
96
95
370
127
126
125
356
356
124
2015
388
743
356
356
115
116
113
1633
356
386
1794
2425
356
1485
1793
1287
407
2192
306
616
617
615
625
356
625
1287
493
1457
356
356
2502
2600
356
577
686
1081
356
433
357
1675
1783
1638
1781
356
1780
356
356
356
505
2015
2600
366
429
365
370
356
356
417
1693
1717
1672
1784
1783
1781
1780
398
2015
515
1794
356
434
1136
1084
1569
402
2015
502
96
504
507
95
370
63
127
126
125
356
124
438
1794
1205
356
401
2015
815
356
371
2497
356
356
376
1794
713
422
1794
356
755
366
357
368
1142
463
357
368
485
1142
1141
1139
1140
155
142
143
144
131
475
1794
356
520
1794
356
721
356
356
370
127
126
128
125
356
356
356
482
365
387
367
2198
2200
357
430
368
460
1142
1141
1138
1139
1140
356
416
194
356
2470
411
96
95
370
127
126
125
356
356
124
1630
1569
2210
2198
2191
356
1794
2535
492
2015
477
2015
356
2425
495
2246
2247
1484
356
817
356
1287
473
2430
410
1794
356
399
2015
429
194
356
356
470
2015
356
1287
469
580
1287
497
462
357
365
368
367
484
1142
1141
1138
1139
1140
301
713
774
502
504
1672
1721
1638
1634
356
2414
394
2246
522
1794
356
2536
1287
432
2425
356
1287
421
1479
1542
1462
1460
1616
356
618
438
437
615
625
356
625
1086
356
2221
2191
356
690
356
438
2015
418
1287
1287
436
494
1136
1084
1085
459
1794
356
356
1559
1484
510
2015
374
2246
2247
1287
2194
480
1618
356
2433
2435
356
356
410
2015
356
1136
432
1084
356
2200
2191
2188
2189
356
1633
356
1470
498
1142
1478
359
2015
515
2015
397
2015
356
1287
414
501
483
377
2194
497
2195
480
1142
356
356
356
356
1228
141
1081
356
873
2415
439
2246
405
2015
366
357
382
368
367
1142
401
194
490
1794
356
1287
440
421
2015
356
2425
356
361
397
365
370
387
712
356
462
2015
356
2415
456
2246
356
893
2425
356
1780
1633
356
2600
2473
252
364
2015
389
2414
2246
2482
2425
356
356
1202
391
2015
2605
753
753
1548
1466
1460
375
474
373
357
365
447
448
368
367
473
1142
1141
1140
2515
356
505
2414
2246
2489
2605
2432
398
92
95
100
127
126
128
124
749
411
357
432
1142
1141
1139
1140
494
2015
366
2572
365
370
356
356
724
356
1633
873
435
2015
356
445
2415
2246
453
2015
835
1142
1484
356
907
906
905
271
1471
488
2015
356
2425
356
53
356
725
92
99
95
395
98
127
126
128
124
369
1142
1138
690
2433
1081
1065
407
1794
356
356
1082
356
301
1655
1730
1669
1644
1652
1637
1636
1639
1638
356
1287
494
1457
356
356
2601
2606
1474
1081
2588
2604
2441
1421
364
527
384
2015
356
832
356
1287
437
1633
2466
1081
356
356
419
194
356
511
194
2606
2509
2462
2433
356
1213
1143
356
388
2015
356
843
356
2600
2511
356
1080
390
2414
2246
411
194
356
809
356
487
1794
513
2217
377
480
1142
820
356
1287
441
481
1794
356
356
1633
356
1287
388
361
2015
1216
53
463
2015
356
613
611
612
610
614
625
356
356
1287
483
315
713
475
1794
356
356
401
2414
2246
907
356
2194
471
356
356
1633
843
356
1287
389
425
357
404
1142
1141
1140
53
441
375
469
373
357
365
470
368
367
442
1142
1141
1140
510
1794
306
1287
453
401
361
713
387
367
356
793
2436
356
422
1136
1084
690
1484
2606
2462
2504
2433
356
2425
356
2600
2516
356
418
194
356
2524
356
690
356
356
469
2194
2191
356
356
513
1794
1287
404
1287
387
2606
2591
2433
2432
750
356
2425
356
1633
356
443
1794
509
2015
2600
2477
3
2
2
1478
1718
1719
1721
2414
408
2246
356
356
401
713
1794
469
2194
2191
356
356
429
2015
356
356
357
410
1675
1783
1638
1781
1633
356
1780
2433
2432
356
1287
506
365
2246
2472
410
1136
1084
356
1081
356
711
393
1794
511
1084
1287
439
356
400
2414
2246
1476
357
408
368
1783
1638
1781
356
356
1780
1516
1518
1520
482
2015
356
356
1637
1636
1639
1638
1879
802
509
1084
1287
413
1445
1678
467
2194
2191
356
356
425
2015
356
690
1081
438
2415
2246
1569
2425
356
502
507
357
408
830
356
356
1480
1462
505
1143
483
356
504
1136
1084
356
2585
406
1142
1729
1675
500
1669
1730
1786
1658
1728
1783
1638
1781
1782
1633
1780
53
1434
678
398
1680
1717
1672
1784
1783
1781
1780
734
365
370
356
2606
429
357
2460
2433
2432
356
690
385
2015
389
1142
406
1794
356
356
2425
143
433
194
393
1794
1231
405
357
426
1142
1141
1140
435
1794
356
2435
2434
62
494
527
678
2462
356
600
1998
2003
2006
1976
1973
1974
356
1287
487
1451
1638
380
2015
356
521
2246
356
356
504
1143
483
1141
356
509
1287
508
356
361
1084
1485
1793
408
1142
415
1717
1783
1781
1633
1780
397
712
1794
1569
502
1084
356
371
1794
370
2246
2245
502
503
483
377
1265
1142
1141
360
527
356
383
2015
356
1287
423
408
367
368
356
356
431
357
410
1142
1141
1139
1140
754
753
753
398
1136
1084
1222
843
774
1287
405
1081
356
1795
1794
356
361
1795
1794
356
1473
414
1794
356
903
466
1794
356
387
1142
1082
356
1633
1287
398
484
2015
356
1633
502
509
429
507
811
357
808
508
510
356
356
2425
356
366
357
368
1142
1138
357
393
1142
416
1287
92
396
95
100
98
127
126
128
124
1287
412
479
2194
356
356
356
367
1794
893
504
2015
2510
356
372
1794
461
1287
2198
2191
2188
356
1633
356
96
95
357
370
408
127
126
125
356
356
356
124
1884
441
2015
1569
1502
60
438
625
356
356
356
356
2415
452
2246
2605
2477
2432
417
194
412
1794
356
1205
2584
2451
2432
418
357
419
393
394
1142
1141
1140
2425
356
402
194
1883
507
1795
1794
361
527
1287
495
1457
1287
474
519
2015
356
867
356
2588
2441
2451
357
365
367
500
1142
369
2015
356
174
131
386
1287
428
1794
356
356
2425
356
498
357
1142
2207
356
864
356
2471
2600
514
1794
690
481
2015
356
356
2606
434
2461
2433
363
1794
356
466
609
602
603
601
596
594
595
593
597
356
625
356
491
1794
368
2015
356
356
784
843
774
1692
1633
418
2015
356
356
843
356
356
462
1794
356
487
2015
2415
447
2246
356
357
2246
2247
2191
2188
356
1567
2415
455
2246
2433
2432
356
431
357
1675
1783
1638
1781
1633
356
1780
1724
1633
2501
356
370
63
127
124
356
124
416
1794
356
27
434
194
1602
468
2015
356
860
713
2600
2504
356
431
1287
438
615
625
356
625
1081
356
1633
2425
356
906
356
411
1136
1084
356
356
389
527
2533
366
365
387
367
459
2198
2200
357
430
480
368
1142
1141
1138
1139
1140
356
394
2015
356
397
2414
2246
356
1413
2425
903
491
2015
2425
356
9
618
625
356
625
1287
408
2192
1287
444
383
1794
356
415
1794
356
512
1638
2191
380
1794
356
2414
393
2246
1862
356
356
431
1586
509
1532
511
512
357
508
510
1569
356
356
502
96
92
116
504
63
356
458
2015
356
356
1287
503
356
710
854
1633
356
2414
387
2246
476
2015
356
356
356
53
63
690
356
710
774
356
356
356
1786
1640
1638
600
1995
2003
1976
1973
1974
356
905
2425
356
608
615
625
356
625
1630
463
1794
356
774
357
365
1142
1138
2425
356
451
2015
2594
2600
356
1633
431
2015
356
1793
1793
1717
356
627
626
469
1794
356
479
2194
2191
356
356
373
2246
2247
421
194
496
357
356
509
1638
1470
1569
1569
395
1136
1084
1219
444
2015
499
2015
356
53
1887
375
474
373
357
365
449
368
367
473
450
1142
1141
1140
1994
1287
488
597
356
713
882
1570
1569
468
377
489
1142
509
511
1593
512
357
1533
410
508
510
1569
356
356
411
2015
356
1435
1879
2479
2605
2432
1797
362
456
1794
356
2209
1633
433
2015
1479
1542
1462
1472
2188
356
662
356
751
356
415
357
387
1142
1141
1140
1470
2426
1550
692
131
356
356
503
2191
1553
1556
356
1780
1479
356
356
901
356
252
1552
1546
1555
131
753
356
356
356
1460
356
2191
356
1547
175
1551
2
1793
356
591
591
2243
2191
2243
2186
356
761
1793
1549
356
847
724
724
2188
