2
3
4
5
6
7
8
9
10
11
12
13
14
15
16
17
18
19
20
21
22
23
24
25
26
27
28
29
30
31
32
33
34
35
36
37
38
39
40
41
42
43
44
45
46
47
48
49
50
51
52
53
54
55
56
57
58
59
60
62
63
64
65
66
67
68
69
70
71
72
73
74
75
76
77
78
79
82
2
2
58
31
30
29
33
29
63
23
37
39
32
34
41
31
38
35
36
30
2
2
32
34
31
30
40
29
39
29
63
81
27
5
9
4
2
25
24
32
34
5
35
36
6
8
33
9
14
30
40
12
37
39
41
7
16
11
15
13
31
38
10
4
2
2
20
63
58
41
29
63
27
5
9
4
36
29
26
5
9
32
29
63
5
4
2
2
38
29
34
29
63
5
9
10
4
40
29
35
29
63
63
63
63
37
29
51
29
41
32
29
53
29
72
63
12
5
16
7
11
15
13
6
8
9
14
4
10
2
2
2
62
5
