2
3
4
5
6
7
9
10
11
12
13
14
15
16
17
18
19
20
21
22
23
24
25
26
27
28
29
30
31
32
33
34
35
36
37
38
39
40
41
42
43
44
45
46
47
48
49
50
51
52
53
54
55
56
57
58
59
60
61
62
63
64
30
66
67
68
69
70
71
72
73
74
75
76
77
78
79
80
81
82
83
84
85
86
87
88
89
90
91
92
93
94
95
96
97
98
99
100
101
102
103
104
105
106
107
108
109
110
111
112
113
114
115
116
117
118
119
120
121
122
123
124
125
126
127
128
129
130
131
132
133
134
135
136
137
138
139
140
141
142
143
144
145
146
147
148
149
150
151
152
153
154
155
156
157
158
159
160
161
162
163
164
165
166
167
168
169
170
171
172
173
174
175
176
177
178
179
180
181
182
183
184
185
186
187
188
189
190
191
192
193
194
195
196
197
198
199
200
201
202
203
204
205
206
66
208
209
210
211
212
213
214
215
216
217
218
219
220
221
222
223
224
225
226
227
228
229
230
231
232
233
234
235
237
238
239
240
241
242
243
244
245
246
247
248
249
250
251
252
253
254
255
256
257
258
259
260
261
262
263
264
265
266
267
268
269
270
271
272
273
274
275
276
277
278
279
280
281
282
283
284
285
286
287
237
289
290
291
292
293
294
295
296
297
298
299
300
301
302
303
304
305
306
307
308
309
310
311
312
313
314
315
316
317
318
319
320
321
322
323
324
325
326
327
328
329
330
331
332
333
334
335
336
337
338
339
340
341
342
343
344
345
346
347
348
349
350
351
352
353
354
355
356
357
358
359
360
361
362
363
364
365
366
367
368
369
370
371
372
373
374
375
376
377
378
379
380
381
382
383
384
385
386
387
388
389
390
391
392
393
394
395
396
397
398
399
400
401
402
403
404
405
406
407
408
409
410
411
412
413
414
415
416
417
418
419
420
421
422
423
424
425
426
427
428
429
430
431
432
433
434
435
436
437
438
439
440
441
442
443
444
445
446
447
448
449
450
451
452
453
454
455
456
457
458
459
460
461
462
463
464
465
466
467
468
469
470
471
472
473
474
475
476
477
478
479
480
481
482
483
484
485
486
487
488
489
490
491
492
493
494
495
496
497
498
499
289
501
502
503
504
505
506
507
508
509
510
511
512
513
514
515
516
517
518
519
520
521
522
523
524
525
526
527
528
529
530
531
532
533
534
535
536
537
538
539
540
541
542
543
544
545
546
547
548
549
550
551
552
553
554
555
556
557
558
559
560
561
562
563
564
565
566
567
568
569
570
571
572
573
574
575
576
577
578
579
580
581
582
583
584
585
586
587
588
589
590
591
592
593
594
595
596
597
598
599
600
601
602
603
604
605
606
607
608
609
610
611
612
613
614
615
616
617
618
619
620
621
622
623
624
625
626
627
628
629
630
631
632
633
634
635
636
637
638
639
640
641
642
643
644
645
646
647
648
649
237
309
292
289
365
371
377
369
363
343
367
375
373
381
289
591
503
507
509
501
514
624
291
503
348
363
369
345
89
99
95
313
373
349
66
289
488
394
292
293
304
384
292
295
293
289
289
514
75
606
291
503
505
504
506
66
66
102
68
514
645
291
503
549
503
507
501
32
591
503
507
509
501
165
68
179
68
308
210
342
209
289
134
199
77
76
68
69
502
503
505
504
506
289
301
292
294
295
297
296
298
293
175
68
514
612
291
503
488
361
347
80
68
335
292
434
292
485
291
292
473
292
380
292
537
503
507
501
533
503
507
501
315
345
343
317
342
289
343
313
289
173
68
334
321
488
326
346
336
293
460
75
292
295
293
66
66
573
508
503
507
501
130
199
68
69
321
252
242
239
241
240
512
506
50
32
488
337
292
293
514
75
606
503
505
504
506
66
66
145
68
100
68
514
627
291
503
488
360
345
313
289
289
334
476
292
289
289
40
3
488
480
292
293
446
292
199
128
68
69
310
314
292
68
69
71
70
289
488
341
292
293
512
444
292
295
293
501
501
514
612
503
541
503
507
501
514
621
503
488
355
365
455
540
271
99
313
373
321
605
596
599
443
12
336
520
39
518
267
265
570
346
168
323
351
526
363
345
77
89
38
399
326
237
66
501
30
289
2
559
503
507
501
308
230
289
553
503
507
501
157
75
68
69
71
70
66
66
412
292
280
239
237
56
57
32
63
34
59
282
237
386
292
139
68
11
199
126
68
69
304
108
68
69
71
70
289
289
456
292
327
292
488
356
86
68
529
503
507
501
185
68
163
68
379
292
194
68
106
68
588
503
507
509
501
45
52
32
33
575
508
503
507
501
514
615
291
503
424
292
597
503
507
509
501
488
362
188
68
147
68
519
503
501
313
336
289
514
627
503
376
292
92
68
242
244
239
241
240
239
410
292
34
648
649
514
291
503
504
648
649
514
291
503
504
241
334
470
292
442
292
488
353
277
257
239
169
68
255
241
525
503
507
501
239
241
240
618
514
291
503
368
292
304
295
403
345
313
289
239
199
114
68
69
594
503
507
509
501
515
503
507
258
264
257
239
531
503
507
501
313
289
398
488
292
293
304
382
292
295
293
289
289
153
75
68
69
71
70
66
66
351
345
313
289
488
357
351
345
313
289
345
313
289
292
294
295
297
296
298
293
331
292
75
458
292
295
293
66
66
585
503
507
501
488
320
292
293
485
292
329
292
488
344
292
293
488
406
292
293
78
68
275
239
364
292
272
257
239
438
292
345
397
399
313
289
321
346
316
292
571
503
507
501
75
478
292
295
293
66
66
307
292
514
630
503
75
159
68
69
71
70
66
66
3
30
488
354
161
75
68
69
71
70
66
66
345
313
289
499
401
375
497
313
352
289
454
292
487
292
322
292
561
503
507
501
603
514
503
56
57
32
63
34
351
345
313
289
199
116
68
69
594
503
507
509
501
514
624
503
392
488
292
293
137
68
58
33
34
194
68
183
68
278
239
370
292
466
75
292
295
293
66
66
639
514
503
563
503
507
501
514
609
291
503
196
68
545
503
507
501
75
71
521
503
507
501
181
68
539
503
507
501
188
68
204
523
503
507
501
77
567
503
507
501
418
292
258
199
120
68
69
474
292
448
292
122
199
68
69
40
3
45
54
32
33
450
292
416
292
333
292
514
615
503
90
68
268
257
239
332
313
289
488
390
292
293
428
292
334
409
326
407
209
372
292
440
292
583
508
503
507
501
75
350
292
295
293
66
204
66
464
75
292
295
293
66
66
286
517
68
503
501
66
488
358
134
199
68
69
51
255
32
33
34
2
2
366
292
409
345
469
313
407
289
167
68
451
455
345
445
447
453
449
289
261
304
266
257
281
239
241
240
289
289
289
514
642
291
503
53
255
32
33
34
618
514
503
597
503
507
509
501
600
503
507
509
501
488
396
292
293
543
503
507
501
269
257
141
68
199
118
68
69
374
292
199
132
68
69
426
292
514
642
503
488
404
292
293
514
633
291
503
514
621
291
503
514
633
503
408
334
488
292
293
551
503
507
501
422
292
512
198
68
69
71
70
501
501
63
87
203
68
292
289
289
199
112
68
69
49
32
171
68
155
75
68
69
71
70
66
66
527
503
507
501
55
45
32
33
600
503
507
509
501
636
514
503
75
468
292
295
293
66
66
451
393
395
437
313
441
461
463
369
345
77
367
439
435
449
289
96
68
603
514
503
488
339
292
293
557
503
507
501
636
514
291
503
312
292
535
503
507
501
282
237
88
68
295
297
296
262
257
239
299
489
565
503
507
501
569
503
507
501
242
246
239
241
286
240
282
488
400
292
293
242
250
239
241
240
104
68
514
645
503
191
68
488
359
452
292
514
630
291
503
310
318
292
639
514
291
503
75
462
292
295
293
66
66
514
609
503
488
344
292
293
483
345
313
289
579
508
503
507
501
383
346
289
555
503
507
501
482
292
506
143
68
94
68
313
289
289
210
209
56
57
32
63
34
59
420
292
71
110
68
430
292
257
259
239
588
503
507
509
501
436
292
82
68
357
358
354
347
360
355
359
334
321
488
356
353
361
362
326
292
293
32
84
68
98
68
581
508
503
507
501
39
345
265
38
313
346
30
289
2
577
508
503
507
501
199
124
68
69
488
402
292
293
414
292
432
292
75
350
292
295
293
66
66
177
68
547
503
507
501
75
151
68
69
71
70
66
66
488
325
292
293
488
388
292
293
289
289
289
289
30
489
489
526
518
540
599
443
570
518
540
599
443
363
373
321
12
373
373
321
5
363
373
39
2
363
373
363
373
89
99
526
518
540
596
599
443
570
520
38
30
