1
2
2
5
5
5
6
7
7
7
7
7
7
7
7
7
7
7
7
7
7
7
7
7
7
7
7
7
28
28
7
31
31
31
31
31
7
37
37
37
37
37
37
7
47
48
48
48
52
47
53
53
53
57
58
59
59
59
59
59
59
59
59
59
59
59
59
59
59
59
59
59
66
77
71
79
79
79
71
83
72
72
73
73
47
91
91
91
91
91
96
96
96
96
101
47
102
102
102
106
47
107
107
107
111
112
113
113
113
114
114
114
114
115
115
115
115
115
115
115
115
21
51
51
67
56
56
20
20
20
20
26
26
94
24
24
24
24
24
24
36
110
110
114
114
114
114
114
114
75
75
72
72
72
72
27
27
81
35
40
40
68
69
69
69
69
76
41
41
66
66
66
66
70
70
70
70
70
42
74
74
105
105
4
4
4
73
73
73
73
34
43
43
18
18
18
18
18
18
18
18
18
71
71
60
14
8
87
87
46
88
89
89
90
117
117
117
118
118
118
119
119
120
120
