2
3
4
5
6
7
8
9
10
11
12
13
14
15
16
17
18
19
6
4
23
24
25
26
27
28
29
30
31
32
33
34
35
36
37
38
39
40
41
42
43
44
45
46
47
48
49
50
51
52
53
54
55
56
57
58
59
60
61
62
63
64
65
66
67
68
56
70
42
72
57
74
75
76
77
78
79
80
81
82
83
84
85
86
87
88
89
90
91
92
93
93
95
96
97
98
99
100
101
102
103
104
105
106
107
108
109
110
111
112
113
114
115
116
117
118
119
120
121
122
123
124
124
126
127
128
131
132
133
134
133
132
137
139
140
141
142
143
144
145
146
147
148
149
150
151
152
153
154
155
156
157
158
159
160
161
162
163
164
165
166
167
168
169
170
171
172
173
174
175
176
177
178
179
180
181
182
183
184
185
186
187
188
189
190
187
192
193
194
195
196
193
198
199
200
201
202
203
204
205
206
207
208
209
210
211
212
213
214
215
216
217
218
219
220
221
222
223
224
225
226
227
228
229
230
231
232
233
234
235
236
237
238
239
240
241
242
243
244
245
246
247
248
249
250
251
252
254
256
238
258
259
260
261
262
259
264
265
265
268
269
270
271
272
273
274
275
276
277
278
279
280
281
282
283
284
285
287
288
289
290
291
292
198
41
198
198
198
258
41
258
154
156
155
95
205
198
231
273
274
220
239
215
238
240
75
76
77
98
201
198
274
79
29
28
27
203
220
239
215
238
240
24
25
26
97
208
217
29
27
124
100
150
147
28
143
146
168
150
201
168
274
201
150
217
80
78
54
145
237
234
95
209
210
55
96
101
292
198
155
236
60
217
43
228
198
105
110
112
291
198
103
16
3
77
198
150
201
23
274
229
198
168
74
23
150
170
169
210
201
74
60
198
44
55
228
273
107
96
53
273
271
272
274
53
80
78
79
23
234
220
239
215
238
240
153
152
151
42
198
98
220
238
175
176
239
215
240
169
170
26
200
199
99
233
202
54
198
74
145
290
198
105
97
53
45
42
46
228
198
100
212
219
232
233
222
209
274
229
204
54
229
74
204
9
105
110
114
118
116
106
7
112
202
209
212
205
203
211
43
215
226
228
216
198
16
4
95
101
271
272
274
103
228
124
99
217
154
156
43
228
198
198
23
144
146
95
206
205
198
23
201
74
105
110
112
102
198
168
153
43
228
198
102
205
227
131
131
74
198
198
6
150
23
268
5
42
124
100
95
124
99
273
42
198
238
238
238
238
168
23
74
150
