2
3
4
5
6
7
8
9
10
11
12
13
14
15
16
17
18
19
20
21
22
23
24
25
26
27
28
29
30
31
32
33
34
35
36
37
38
39
40
41
42
43
44
45
47
48
49
50
52
53
54
55
56
57
58
59
60
61
62
63
64
65
66
67
68
69
70
71
72
73
74
75
76
77
78
79
80
81
82
83
84
85
86
87
88
89
90
91
92
93
94
95
96
97
98
99
100
101
102
103
104
105
106
107
108
109
110
111
112
113
114
115
116
117
118
119
120
121
122
123
124
125
126
127
128
129
130
131
132
133
134
135
137
138
139
140
141
142
143
144
145
147
148
149
150
151
152
153
154
155
156
157
158
159
160
161
162
163
164
165
166
167
168
169
52
52
55
95
138
85
84
79
42
43
9
19
22
3
21
25
4
14
100
99
76
80
82
53
56
73
75
58
81
84
165
94
164
158
95
153
154
148
158
156
85
150
84
152
157
79
141
81
60
57
60
53
56
54
58
113
110
148
52
41
70
75
71
96
55
70
86
75
58
63
17
69
78
113
110
148
52
60
81
92
84
53
57
72
56
129
55
74
58
77
81
40
43
9
19
22
3
13
21
25
4
9
19
22
3
21
25
4
14
54
19
3
10
4
40
43
9
19
22
3
13
21
25
4
75
65
96
109
114
119
52
43
9
19
22
3
21
25
4
14
42
43
9
19
22
3
13
21
25
4
161
40
43
19
22
15
13
16
20
21
25
5
6
87
94
139
138
96
108
114
90
82
69
52
137
147
52
139
67
19
17
20
16
18
40
42
43
19
22
15
13
16
20
21
25
5
6
59
43
9
19
3
21
25
4
14
46
155
156
149
159
157
151
154
9
3
15
13
16
20
10
4
23
24
76
80
43
9
19
22
3
21
25
4
14
101
102
103
78
55
61
57
59
72
67
63
84
56
79
60
66
71
80
74
64
69
77
73
86
65
75
81
62
87
76
85
68
54
70
83
58
62
41
54
70
52
147
137
100
76
46
21
25
