1
2
2
2
2
2
2
2
2
2
2
2
2
2
2
2
2
2
2
2
2
2
2
2
2
2
2
2
2
2
2
2
2
2
2
2
2
23
39
23
42
43
43
43
43
43
43
43
43
43
43
43
43
43
43
43
43
43
43
43
43
43
43
43
43
43
43
43
43
43
43
43
43
43
43
43
43
76
80
77
82
78
84
54
93
94
95
95
95
95
96
100
96
102
97
104
97
106
98
108
99
110
95
112
112
112
112
95
118
119
99
99
109
123
124
124
124
124
124
124
124
124
124
124
124
124
133
137
124
139
139
139
124
143
143
143
124
136
153
154
42
155
155
155
155
155
155
155
155
155
155
155
155
155
155
155
155
155
155
155
155
155
155
155
155
155
155
155
155
155
155
155
155
155
155
155
155
155
155
155
155
155
155
155
155
155
155
155
155
155
155
155
155
155
155
155
155
155
155
155
155
155
155
155
155
155
155
155
155
155
155
155
54
1
228
228
228
228
228
228
228
228
228
228
228
228
228
228
228
228
228
228
228
228
228
228
228
228
228
228
254
254
254
254
228
259
259
259
259
259
259
259
259
259
259
263
270
263
272
274
94
275
275
275
275
275
275
275
275
275
275
275
275
275
275
275
275
275
275
275
275
275
275
275
275
275
275
275
275
275
275
275
275
275
275
275
275
275
301
313
304
315
275
317
317
317
317
275
322
322
302
324
259
27
27
27
130
130
130
240
32
267
21
173
198
260
207
207
176
73
190
190
24
24
24
24
24
24
24
24
24
24
175
188
214
239
57
206
206
29
29
29
29
129
129
129
249
249
249
249
192
65
65
65
65
54
54
54
262
33
33
33
33
33
174
221
221
221
97
72
72
251
251
251
312
312
312
312
312
312
132
132
132
183
183
309
76
308
178
172
250
250
250
146
131
131
74
203
63
63
63
63
191
320
31
31
31
31
31
31
31
36
145
180
55
55
199
307
141
319
64
64
64
64
296
134
53
242
59
246
283
283
283
283
283
181
219
219
219
247
66
99
99
99
197
196
17
17
17
98
98
98
20
269
75
202
201
208
60
305
243
263
263
263
301
22
210
133
133
133
23
23
23
23
23
23
35
35
238
238
311
71
71
200
18
18
18
18
18
61
216
28
28
37
37
37
37
37
37
37
96
212
225
284
306
213
58
182
78
194
292
177
293
293
220
220
193
67
286
40
115
241
187
142
68
68
68
68
266
266
266
266
266
217
217
245
209
223
223
223
215
215
56
62
185
287
26
222
222
222
222
195
205
25
25
25
25
69
69
69
69
204
77
321
218
218
218
30
30
30
30
70
70
70
70
179
136
136
136
52
38
38
186
244
189
291
310
157
164
4
45
160
167
170
161
163
168
162
169
159
171
229
119
151
121
121
227
86
86
148
88
89
89
90
91
91
91
