2
3
4
5
6
7
8
9
10
11
12
13
14
15
16
17
18
19
20
21
22
23
24
25
26
27
28
29
30
31
32
33
34
35
36
37
38
39
40
41
43
44
45
46
47
48
49
50
51
52
53
54
55
56
57
58
59
60
61
62
63
64
65
66
67
68
69
70
71
72
73
74
75
76
77
78
79
80
81
82
83
84
85
91
49
95
96
97
98
99
100
101
102
103
104
105
106
107
108
109
110
111
112
113
114
115
116
117
116
99
120
121
122
124
125
126
127
128
129
130
131
132
133
134
135
136
137
138
139
140
141
142
143
144
145
146
147
148
134
135
155
156
157
158
159
160
161
162
163
164
165
166
167
168
169
170
171
172
173
174
175
176
177
178
179
180
181
182
183
184
185
186
187
188
189
190
191
192
193
194
195
196
197
198
199
200
201
202
203
204
205
206
207
208
209
210
211
212
213
214
215
216
217
218
219
220
221
222
223
224
225
226
227
228
229
230
231
232
233
234
235
236
237
238
239
240
241
242
243
244
245
246
247
248
249
250
251
252
253
254
255
256
257
258
259
260
261
262
263
264
265
266
267
268
269
270
271
272
273
232
275
276
277
278
279
280
281
282
283
284
285
286
287
288
289
290
291
292
293
294
295
296
297
298
299
300
301
302
303
304
305
306
307
308
309
310
311
312
313
314
315
316
317
318
319
320
321
322
323
324
325
326
254
16
15
5
136
131
135
254
34
269
14
160
64
243
72
168
163
46
54
177
37
33
36
25
13
9
12
16
14
15
162
165
78
230
46
72
168
38
31
9
16
136
134
131
241
36
242
232
57
62
46
51
47
57
49
92
241
240
38
34
9
228
161
214
157
158
117
46
50
232
233
231
277
280
276
278
279
281
136
134
139
53
177
276
92
281
166
159
243
27
242
144
275
147
46
69
62
46
51
47
55
318
257
240
239
258
256
228
254
9
144
169
60
48
65
277
140
318
62
46
51
47
278
147
46
2
46
233
277
276
278
281
275
170
172
52
157
233
46
113
117
112
63
62
18
9
11
113
112
117
9
243
46
68
67
177
46
281
232
252
264
242
322
14
177
136
135
143
240
34
18
9
4
228
9
12
230
231
280
46
50
66
214
6
10
11
4
46
157
38
16
23
13
9
8
12
7
4
117
76
157
276
278
77
46
171
92
59
280
164
277
276
56
177
58
46
277
23
113
230
165
140
67
46
51
47
265
253
264
242
237
173
157
234
177
224
173
157
214
157
46
46
165
278
9
172
212
157
155
61
71
29
30
9
10
67
46
51
47
70
92
318
172
212
157
38
31
10
16
67
46
51
47
167
127
126
128
46
9
16
165
234
165
279
279
155
219
2
43
216
221
223
217
172
220
218
222
215
225
228
112
128
113
112
177
45
92
126
49
61
49
54
57
49
92
