1
2
2
2
2
2
8
9
9
9
9
9
9
9
9
16
17
1
20
20
20
1
24
24
24
24
24
24
1
31
31
31
31
31
31
31
31
31
31
31
31
31
31
46
1
47
47
47
47
47
48
53
53
53
53
53
53
53
53
53
53
53
53
8
66
66
66
66
66
66
66
66
66
66
66
66
66
66
66
66
66
66
66
66
66
66
66
66
66
66
66
66
66
66
96
96
96
96
15
15
15
15
105
15
91
66
15
110
110
110
110
110
15
113
114
115
115
116
117
15
15
15
15
15
15
15
15
15
1
127
127
127
127
127
127
127
127
127
127
127
127
127
127
138
142
2
20
31
66
24
30
7
36
36
36
36
34
55
141
62
5
6
16
16
56
89
89
89
89
89
89
89
89
89
89
89
89
89
89
89
89
89
89
89
89
89
89
89
89
89
89
17
13
13
52
42
50
140
4
139
61
94
51
3
88
88
88
135
39
26
28
14
25
41
27
136
138
138
138
138
138
138
138
138
37
95
95
21
15
15
15
29
38
35
23
93
93
22
137
137
129
67
48
131
101
102
102
102
102
102
102
102
103
105
105
106
106
106
106
107
109
109
109
109
109
109
109
109
109
109
109
109
109
109
109
109
109
109
109
109
109
109
109
109
109
109
109
118
119
119
119
120
120
120
120
120
120
121
122
122
122
122
122
123
123
123
123
123
123
123
123
124
124
124
124
124
124
124
124
124
124
124
125
125
125
125
125
125
126
126
126
126
126
