2
3
4
5
6
7
8
9
10
11
12
13
14
15
16
17
18
19
20
21
22
23
24
25
26
27
28
29
30
31
32
33
34
35
36
37
38
39
40
41
42
43
44
45
46
47
48
49
50
51
52
53
54
55
56
57
58
59
60
61
62
63
64
65
66
67
68
69
70
71
72
73
74
75
76
77
78
79
80
81
82
83
84
85
86
87
88
89
90
91
92
93
94
95
96
97
98
99
101
102
103
104
105
106
107
108
109
110
111
112
113
114
115
116
117
118
119
120
121
122
123
124
125
126
127
128
129
130
131
132
133
134
135
136
137
138
139
141
142
143
144
145
146
147
148
149
150
151
152
153
154
155
156
157
158
159
160
161
162
163
164
166
167
168
169
170
171
172
173
174
175
176
177
178
179
180
181
182
183
184
185
186
187
188
189
190
191
192
193
194
195
196
197
198
199
200
201
202
203
204
205
206
207
208
209
210
211
212
213
214
215
216
217
218
219
220
221
222
223
224
225
165
8
2
147
39
15
186
173
208
207
59
60
76
74
209
208
2
207
174
2
2
26
66
23
24
19
32
11
22
111
107
59
201
50
199
183
49
197
200
204
171
170
2
36
32
22
27
148
67
25
23
31
32
27
67
83
82
78
81
80
20
13
24
19
31
32
7
22
24
30
4
5
21
24
9
19
22
96
97
108
107
18
2
14
2
21
2
144
22
167
173
17
165
129
104
112
108
102
109
103
111
107
115
104
44
43
55
171
167
170
172
203
203
2
204
2
90
89
91
90
91
171
169
170
172
173
168
115
3
2
147
173
71
62
73
72
9
3
26
14
11
20
36
32
18
8
10
39
41
6
4
16
7
13
23
24
17
30
29
12
15
22
22
105
66
84
25
32
22
102
107
59
201
187
199
197
200
204
170
172
173
2
58
201
187
50
199
196
49
197
200
204
170
173
2
12
2
146
145
79
13
24
17
34
32
18
22
4
2
24
30
4
118
147
147
148
222
209
208
114
107
70
204
13
131
169
173
103
15
2
89
88
61
64
25
23
36
32
37
40
22
27
91
88
148
131
110
107
41
2
10
2
211
146
5
2
104
209
208
2
2
218
103
117
110
113
165
58
201
187
50
199
196
49
197
200
204
170
173
2
22
113
62
75
31
38
32
37
22
173
107
173
39
26
22
27
21
88
96
97
222
17
2
114
190
201
50
199
49
197
200
204
170
2
144
59
201
50
199
183
49
197
200
204
171
170
2
20
2
104
105
102
106
113
38
37
14
24
19
184
209
173
207
58
201
187
50
199
196
49
197
200
204
170
173
2
147
16
2
59
202
185
187
199
197
200
204
171
170
173
2
69
2
221
207
147
184
190
50
199
52
202
49
197
200
204
170
173
2
24
19
95
190
201
50
199
52
196
49
197
200
204
170
173
2
6
2
143
146
77
68
61
63
64
65
25
23
35
36
16
32
37
7
40
22
88
2
88
88
101
2
52
