2
3
4
5
6
7
8
9
10
11
12
13
14
15
16
17
18
19
20
21
22
23
25
27
28
29
30
31
32
33
34
35
36
37
38
39
40
41
42
43
44
45
46
47
48
49
50
51
52
53
54
55
56
57
58
59
60
61
62
63
64
65
66
67
68
69
70
71
72
73
74
75
76
77
78
79
80
81
82
83
84
85
86
87
88
89
90
91
92
93
94
95
96
97
98
99
100
101
102
103
104
105
106
107
108
109
110
111
112
113
114
115
116
117
118
119
120
121
122
123
124
125
126
127
128
129
130
131
132
133
134
135
136
137
138
139
140
141
142
143
144
145
146
147
148
149
150
151
152
153
154
155
156
157
158
159
160
161
162
163
164
165
166
167
168
169
170
171
172
173
174
175
176
177
179
180
181
182
183
184
185
186
187
188
189
190
191
192
193
194
195
196
197
198
199
200
201
202
203
204
205
206
207
208
209
210
211
212
213
214
215
216
217
218
219
220
221
222
223
224
225
226
227
228
229
230
231
232
233
234
235
236
237
238
239
240
242
243
244
245
246
247
248
249
250
251
252
253
254
255
256
257
259
260
261
262
263
264
265
266
267
268
269
270
271
272
273
185
185
185
119
4
27
24
215
38
46
66
97
27
27
4
43
6
11
4
3
107
39
259
259
74
72
73
37
36
114
27
38
229
228
227
27
227
45
36
48
37
141
27
18
43
35
219
218
27
218
248
244
39
248
249
243
244
17
40
28
41
43
4
27
38
260
268
27
88
117
36
5
181
113
109
35
188
39
156
69
87
133
28
27
27
162
20
19
4
27
34
43
4
27
226
38
39
221
202
209
201
37
204
203
36
210
207
208
27
47
27
36
43
47
27
89
35
38
66
209
206
233
28
46
243
245
244
75
38
260
43
47
27
39
54
27
37
37
43
54
27
106
107
189
89
117
90
37
38
36
39
41
187
188
186
28
185
237
222
220
221
27
156
37
38
36
39
162
27
42
113
6
11
4
3
27
260
66
42
28
43
110
185
57
27
71
70
39
259
259
57
27
244
199
200
43
40
27
220
5
269
38
260
24
209
233
46
180
179
181
4
27
154
34
43
35
162
43
44
156
72
73
39
37
36
28
27
27
162
91
43
76
34
43
38
39
209
37
36
46
27
27
162
27
48
38
39
122
119
37
48
209
231
46
38
211
48
209
46
231
102
38
114
27
27
27
162
27
202
38
251
141
27
38
269
270
27
27
90
41
244
41
199
76
80
75
34
43
39
209
37
36
46
27
27
162
222
220
221
219
4
27
43
38
39
37
58
38
45
44
41
40
37
38
51
66
28
27
27
53
27
43
230
229
232
233
231
27
28
230
209
46
27
41
145
4
27
119
230
209
206
46
27
40
260
259
102
38
37
200
210
244
109
88
76
34
43
38
39
209
37
36
186
46
27
27
162
222
40
208
46
228
229
232
233
111
185
269
270
27
218
218
242
185
192
227
27
46
185
194
27
162
227
218
227
27
27
185
190
27
198
198
204
203
119
27
24
