1
2
2
2
2
2
2
2
2
2
2
2
2
2
2
2
2
2
2
2
2
2
2
2
2
2
2
2
2
2
2
2
2
2
2
2
2
2
2
2
2
2
2
2
2
2
2
2
2
2
2
2
2
2
2
2
2
2
2
2
2
13
63
2
65
65
65
65
65
65
65
65
2
74
74
74
74
29
29
31
31
77
17
64
28
30
30
30
30
30
32
32
32
32
32
34
34
34
34
34
34
34
34
69
47
50
50
52
52
52
41
41
41
39
39
39
39
39
39
19
72
40
40
40
44
44
44
44
44
44
44
44
37
37
26
42
42
42
42
42
78
56
25
25
25
25
25
25
25
25
33
27
27
27
27
54
15
15
15
15
15
15
55
55
73
24
35
35
20
53
71
71
45
45
45
70
51
51
