1
2
2
2
2
2
2
2
2
2
2
2
2
2
2
2
2
2
2
2
2
2
2
2
2
2
2
2
2
2
2
2
2
2
2
2
2
2
2
2
2
2
2
2
2
2
2
2
2
2
2
2
2
2
2
2
2
2
2
2
2
2
2
2
2
2
2
2
2
2
2
2
2
2
2
2
2
2
2
2
2
2
2
2
2
2
2
2
2
2
2
2
2
2
2
2
2
2
2
2
2
2
2
2
2
2
2
2
2
2
2
2
2
2
2
2
2
2
2
2
2
2
2
2
2
2
2
2
2
2
2
2
2
2
2
2
2
2
2
2
2
2
2
145
114
128
53
75
132
143
105
64
94
112
73
134
92
123
62
51
142
61
98
65
89
71
84
103
70
104
117
138
72
137
90
121
144
68
91
124
86
102
81
127
55
78
87
108
83
136
74
135
88
57
54
115
69
109
141
100
111
122
58
133
129
139
99
126
80
76
118
77
60
101
119
110
120
63
130
52
67
96
106
97
82
93
95
59
113
107
66
125
131
116
85
56
140
79
7
