2
3
4
5
6
7
8
9
10
3
12
13
14
15
16
17
18
19
20
21
22
23
24
25
26
27
28
29
30
31
32
33
34
35
36
37
38
39
40
41
42
43
44
45
46
47
48
49
50
51
52
53
54
55
56
13
58
59
60
61
63
64
65
66
67
68
69
70
71
72
73
74
75
76
77
78
79
80
81
82
83
84
85
86
87
88
64
90
91
92
93
94
95
96
97
98
99
100
101
102
103
104
105
106
107
108
109
110
111
112
113
114
115
116
117
118
119
120
121
122
123
124
125
126
127
128
129
130
93
132
133
134
135
136
137
138
139
140
141
142
143
144
145
146
147
148
149
150
151
152
153
154
155
156
157
158
159
160
138
162
163
165
166
167
168
169
170
171
172
173
174
166
178
179
180
181
182
183
184
185
186
187
188
180
190
191
192
193
194
195
196
197
198
199
200
192
203
205
206
207
208
209
210
211
212
213
214
215
216
217
218
219
220
221
222
223
224
225
226
227
228
229
230
231
232
233
234
235
236
237
238
239
240
241
242
243
244
245
246
247
248
249
250
251
252
253
254
255
256
257
258
259
260
261
262
263
264
265
266
267
268
269
270
271
272
273
274
275
276
277
278
279
280
281
282
283
284
285
286
287
288
289
290
260
261
262
263
264
296
297
298
299
300
301
302
303
297
305
306
307
308
92
92
15
103
4
48
33
66
230
156
142
144
284
283
208
207
205
255
205
100
123
32
13
48
118
100
98
95
123
117
221
205
17
297
38
36
19
20
22
31
26
32
25
24
29
27
30
21
33
28
23
137
296
119
60
142
140
141
139
143
193
59
43
45
47
44
29
124
32
26
13
33
125
123
49
205
48
51
50
232
181
206
205
273
284
228
283
205
71
72
69
68
93
94
36
53
8
182
17
50
180
2
49
156
19
25
24
20
22
21
208
206
207
222
205
205
171
169
275
118
124
125
65
297
67
182
181
124
123
151
140
69
66
68
124
142
144
255
205
205
4
3
71
72
30
232
230
266
205
234
283
206
208
207
205
284
241
205
14
23
284
208
207
205
205
218
205
284
283
208
207
205
205
119
124
125
267
205
218
205
182
218
205
266
205
102
94
98
96
97
95
103
16
266
205
234
205
205
273
18
206
205
230
3
205
206
205
93
101
102
98
197
205
195
284
288
284
283
208
207
205
228
205
147
36
148
37
140
138
123
284
241
205
206
275
275
152
150
151
138
143
218
205
29
284
208
207
15
284
241
205
228
205
51
50
284
283
208
207
205
71
72
284
208
207
205
267
205
59
51
50
284
208
206
205
205
65
234
283
205
218
205
266
205
284
215
230
268
208
17
207
205
12
205
179
71
72
69
68
206
205
154
141
229
205
71
72
64
69
68
285
167
275
218
205
283
218
205
284
283
208
207
205
284
241
205
232
71
72
69
68
284
241
205
265
205
230
255
205
284
218
205
205
284
230
221
227
205
228
205
303
297
227
205
205
71
179
296
123
63
137
191
12
92
165
2
182
180
180
180
64
166
64
192
297
297
138
297
32
13
138
297
3
13
138
3
13
138
138
138
