2
3
4
5
6
7
8
9
10
11
12
13
14
15
16
17
18
19
20
21
22
23
24
25
26
27
28
29
30
31
32
33
34
35
36
37
38
39
40
41
42
43
44
45
46
47
48
49
50
51
52
53
54
55
56
57
58
59
60
61
62
63
64
65
66
67
68
69
70
71
72
73
74
75
76
77
78
79
80
81
82
83
84
85
86
87
88
89
90
91
92
93
94
95
96
97
98
99
100
101
102
103
104
105
106
107
108
109
110
111
112
113
114
115
116
117
118
119
120
121
122
123
124
125
126
127
128
129
130
131
132
133
134
135
136
137
138
139
140
141
142
143
144
145
146
147
148
149
150
151
152
153
154
155
150
157
158
159
160
161
162
163
164
165
166
167
168
169
170
171
172
173
174
175
176
177
178
179
180
181
182
183
184
185
186
187
188
189
190
191
192
193
194
195
196
197
198
199
200
201
202
203
204
205
206
207
208
209
210
211
212
213
214
215
216
217
218
219
220
221
222
223
224
225
226
227
228
229
230
231
232
233
234
235
236
237
238
239
240
241
242
243
244
245
246
247
248
249
250
251
252
253
254
255
256
257
258
259
260
261
262
263
264
265
266
267
268
269
271
272
273
274
275
276
277
278
279
280
281
282
283
284
285
286
287
288
289
290
291
292
293
294
295
296
297
298
299
300
302
303
304
305
306
307
308
309
310
311
312
313
314
315
316
317
318
319
320
321
322
323
324
325
326
327
328
329
330
331
332
333
334
335
336
337
338
339
340
341
342
343
344
345
346
347
348
349
350
351
353
354
355
356
357
358
359
360
361
362
363
364
365
366
367
368
369
370
371
372
373
374
375
376
377
378
379
380
381
382
383
384
385
386
387
388
389
390
391
392
393
394
395
396
397
398
399
400
401
402
403
404
405
406
407
408
409
410
411
412
413
414
415
416
417
418
419
420
421
422
423
424
425
426
427
428
429
430
431
432
433
434
435
436
437
438
439
440
441
442
443
444
445
446
447
448
449
450
451
452
389
454
455
391
427
428
433
434
435
437
445
446
444
447
448
449
437
463
436
437
438
439
440
433
465
466
467
468
469
470
471
472
473
474
475
476
477
478
479
480
481
482
483
484
483
487
488
489
490
491
492
493
494
495
496
497
498
499
500
501
502
503
504
505
506
507
508
509
510
511
512
513
514
515
516
517
518
519
520
521
520
524
525
526
527
528
529
530
531
532
533
534
535
536
537
538
539
540
541
542
543
544
545
546
547
548
549
550
551
552
553
554
555
556
557
558
559
560
561
562
563
564
565
566
567
568
569
570
571
572
573
574
575
576
577
578
579
580
581
582
583
584
585
586
587
588
589
590
591
592
593
594
595
596
597
598
599
600
601
602
603
604
605
606
607
608
609
610
465
465
427
427
226
133
181
159
7
8
157
166
194
8
133
488
61
157
157
159
161
157
157
206
8
164
355
357
354
356
153
583
230
227
287
149
147
19
587
538
96
24
97
35
157
309
162
144
47
97
6
255
254
544
286
535
533
536
534
121
310
179
176
469
180
215
157
226
145
317
320
318
319
153
393
146
151
370
179
48
96
181
182
54
176
7
167
8
157
157
96
20
465
157
137
180
472
215
157
180
216
482
157
34
298
295
152
230
227
287
230
227
287
344
333
36
18
134
152
355
544
121
209
8
389
151
294
230
227
294
293
180
470
215
157
256
179
176
180
467
215
157
140
370
169
157
356
37
97
180
478
176
216
203
157
180
216
484
157
41
140
524
182
158
7
157
230
266
228
265
230
227
287
207
8
180
471
158
157
338
589
188
7
154
137
48
37
97
528
527
539
545
31
211
201
96
24
97
465
157
97
44
138
184
7
499
136
475
180
215
157
226
298
296
162
594
569
568
533
193
8
149
148
145
559
532
121
181
182
158
7
8
157
148
592
533
536
445
326
138
392
370
61
431
432
429
430
166
393
145
151
370
211
203
40
181
97
50
52
49
182
159
158
9
157
157
370
532
569
568
539
139
189
7
137
370
181
158
7
157
179
176
51
543
540
576
526
121
180
468
215
157
524
226
135
144
176
158
160
157
157
211
195
541
466
180
121
555
211
207
428
158
7
157
121
226
146
337
336
341
306
589
533
540
588
531
473
180
215
157
40
181
158
7
8
541
181
182
158
7
8
157
533
201
15
227
228
226
370
393
144
151
370
307
303
308
288
96
16
35
157
51
179
176
157
288
393
142
151
370
210
8
230
227
287
121
174
159
8
167
162
465
142
538
545
538
532
303
202
211
50
49
159
158
7
9
157
157
97
44
552
590
266
152
181
158
7
157
392
139
370
162
61
153
590
163
165
160
164
167
6
161
162
465
2
394
149
440
148
447
370
204
8
202
8
570
540
537
536
198
8
143
180
216
476
157
149
147
370
170
157
136
370
180
474
215
157
295
296
294
588
587
585
586
573
571
533
540
529
534
152
150
308
141
179
176
168
148
96
20
35
157
65
40
181
182
73
157
139
393
143
151
370
164
162
446
149
172
370
157
310
439
438
438
27
70
185
7
6
488
226
353
370
137
203
8
140
438
226
134
370
50
49
159
158
8
9
157
157
307
152
175
152
143
255
254
133
370
61
157
157
298
141
370
171
157
190
7
389
151
50
49
159
158
9
157
180
216
483
157
446
445
445
465
303
96
28
97
35
157
439
186
7
6
10
465
465
369
164
134
165
572
589
544
533
538
532
197
8
179
175
540
331
9
61
157
157
344
56
199
211
256
534
583
136
191
91
7
6
149
359
355
360
358
357
354
356
163
322
334
333
342
332
322
584
570
588
572
587
585
586
533
543
539
211
204
152
578
182
253
158
157
157
209
211
289
588
587
585
586
581
573
533
541
534
141
147
256
96
16
465
157
135
370
153
180
216
479
157
36
15
465
36
159
158
7
6
8
157
108
120
226
227
228
588
578
582
542
370
36
19
465
158
157
52
182
159
158
9
157
157
196
8
288
289
159
7
8
157
524
357
135
192
7
201
8
53
179
54
176
41
7
8
157
157
157
195
8
180
216
480
157
152
50
96
49
159
158
9
157
180
216
477
157
142
289
427
326
289
354
121
152
370
153
181
218
73
157
40
181
159
158
7
8
481
180
216
157
307
138
592
532
23
152
545
179
53
176
157
187
7
41
174
159
163
157
288
289
146
535
533
195
8
538
532
205
8
288
289
36
14
199
8
322
340
336
153
333
121
96
28
97
465
157
208
8
226
256
182
253
252
254
158
157
465
157
157
2
465
438
157
524
609
609
157
157
609
609
2
445
7
180
483
389
149
394
440
447
446
