2
3
4
5
6
7
8
9
10
11
12
13
14
15
16
17
18
19
20
21
22
23
24
25
26
27
28
29
30
31
32
33
34
35
36
37
38
39
40
41
42
43
44
45
46
47
48
49
50
51
52
53
54
55
56
57
58
59
60
61
62
63
64
65
66
67
68
69
70
71
72
73
74
75
76
77
78
79
80
81
82
83
84
85
86
87
88
90
91
92
93
94
95
96
97
98
99
100
101
102
103
104
105
106
107
108
109
110
111
112
113
114
115
116
117
118
119
120
121
122
123
124
125
126
127
128
129
130
131
132
133
134
135
136
137
138
139
140
141
142
143
144
145
146
147
148
149
150
151
152
153
154
155
156
157
158
159
160
161
162
163
164
165
166
167
168
169
170
171
172
173
110
175
176
112
148
149
154
155
156
182
158
166
167
165
157
158
159
160
161
154
168
169
170
158
186
187
188
189
190
191
192
193
194
195
196
197
198
199
200
201
202
203
204
205
206
207
208
209
204
211
212
213
214
215
216
217
218
219
220
221
222
223
224
225
226
227
228
229
230
229
233
234
235
236
237
238
239
240
241
242
243
244
245
246
247
248
249
250
251
252
253
254
255
256
257
258
259
260
261
262
263
264
265
266
267
268
269
270
271
272
273
274
275
276
277
278
279
280
281
282
283
284
285
286
287
288
289
290
291
292
293
294
295
296
297
298
299
300
301
302
303
304
305
306
307
308
309
310
311
312
313
314
315
316
318
319
320
321
322
323
324
325
326
327
328
329
330
331
332
333
334
335
336
337
338
339
340
341
342
343
344
345
346
347
348
349
350
351
352
351
211
148
211
148
196
114
205
91
259
254
211
16
196
23
16
10
187
294
303
258
187
30
319
68
251
253
249
249
206
113
193
91
254
256
235
237
234
236
61
207
203
201
65
16
207
68
255
257
252
256
259
253
254
211
202
203
115
168
161
91
254
48
18
15
14
198
22
13
11
14
12
197
268
271
308
222
272
249
215
272
307
249
199
207
203
114
205
200
91
201
91
262
249
190
91
220
272
307
249
191
272
307
218
249
308
228
272
249
64
51
63
65
49
66
11
18
7
12
206
206
204
195
188
268
271
260
206
202
235
193
22
114
197
205
91
110
205
256
254
216
272
307
249
167
203
264
91
249
268
271
194
91
261
249
272
307
213
249
160
159
159
236
319
91
233
191
268
308
295
224
272
249
194
159
308
230
272
249
188
91
194
206
267
2
206
197
217
272
250
249
187
91
67
195
91
263
249
191
208
110
205
6
5
17
167
166
166
308
229
272
249
211
23
160
256
293
303
188
257
192
67
50
22
11
16
10
267
271
18
330
190
221
272
307
249
291
303
12
61
190
254
72
47
46
11
203
202
203
239
235
240
238
237
234
236
255
199
62
64
63
50
65
48
66
11
21
17
37
10
296
303
206
56
301
303
64
51
63
59
65
66
11
19
12
202
195
70
11
14
201
189
91
166
207
113
192
91
225
308
272
249
152
153
150
151
258
199
114
205
91
60
56
66
20
91
295
303
2
10
47
46
91
189
237
17
193
191
91
308
226
272
249
268
271
21
18
54
4
206
214
272
307
249
2
308
223
272
249
196
189
198
268
250
252
249
249
19
287
303
148
212
272
234
206
91
33
207
303
299
149
308
227
272
249
192
70
10
200
23
206
67
11
18
66
9
219
272
307
249
266
251
255
249
200
13
11
19
16
10
11
293
91
207
198
114
205
91
211
249
159
2
87
87
249
87
87
166
229
272
110
203
115
168
161
167
