2
3
4
5
6
7
8
9
10
11
12
13
14
15
16
17
18
19
20
21
22
23
24
25
20
27
28
29
30
31
32
33
34
35
36
37
38
39
40
41
42
43
44
45
46
47
48
49
50
51
52
53
54
55
56
57
58
59
60
61
62
63
64
65
66
67
68
69
70
71
72
73
74
75
76
77
78
79
80
81
82
83
84
85
86
87
88
89
90
91
92
93
94
95
96
97
98
99
100
101
102
103
104
105
106
107
108
109
110
111
112
113
114
115
116
117
118
119
120
121
122
123
124
125
126
127
128
129
130
131
132
133
134
135
136
137
138
139
140
141
142
143
144
145
146
147
148
149
150
151
152
153
154
155
156
157
158
159
160
161
162
163
164
165
166
167
168
169
170
171
172
173
174
175
176
177
178
115
180
181
117
153
154
159
173
174
175
163
160
161
188
162
163
164
165
166
159
163
171
172
170
191
192
193
194
195
196
197
198
199
200
201
202
203
204
205
206
207
208
209
210
211
212
213
214
215
216
217
218
219
220
221
222
223
224
225
226
227
228
229
230
231
232
233
234
235
236
237
238
239
240
241
242
243
244
245
246
247
248
249
250
251
252
253
254
255
256
257
258
259
260
261
262
263
264
265
266
267
268
269
270
271
272
273
274
275
276
277
278
279
280
281
282
283
284
285
286
287
288
289
290
291
292
293
294
295
296
297
298
299
300
301
302
303
304
305
306
307
308
309
310
311
312
313
314
315
316
317
318
319
320
321
322
323
310
313
314
323
240
241
329
280
331
332
333
334
335
336
337
338
339
340
341
342
343
344
345
346
347
348
349
350
349
353
354
355
356
357
358
359
360
361
362
363
364
365
366
367
368
369
370
371
372
373
374
375
376
377
378
379
380
381
382
383
384
385
386
387
386
390
391
392
393
394
395
396
397
398
399
400
401
402
403
404
405
331
153
331
153
21
119
12
96
80
198
311
44
29
198
37
32
331
12
81
72
3
36
51
29
197
198
27
239
240
29
28
197
199
27
27
64
198
287
234
3
354
251
27
27
29
31
27
27
22
76
198
51
28
197
27
9
118
96
32
34
392
394
391
393
23
19
17
209
251
23
225
212
33
35
30
34
37
196
31
32
331
191
166
18
173
19
120
96
72
198
32
14
237
287
196
68
198
311
13
46
49
86
50
342
27
335
50
85
27
15
23
19
16
21
119
96
17
96
40
27
51
244
286
46
52
238
49
197
37
198
27
27
6
96
286
210
331
27
340
50
85
27
241
7
50
338
85
27
86
348
50
27
224
22
22
20
11
207
225
4
46
49
38
22
18
208
225
255
392
9
13
21
119
96
311
21
115
79
198
34
32
336
50
85
27
172
46
49
19
42
96
27
333
50
85
27
10
96
39
27
165
164
164
217
393
260
55
197
196
354
96
390
86
73
344
46
50
27
7
227
287
73
198
10
164
86
350
50
27
4
96
231
239
240
29
28
198
199
27
27
10
22
45
22
52
28
197
27
13
77
198
50
337
28
27
3
96
58
197
251
27
27
11
96
41
27
24
7
60
197
238
21
115
239
240
29
28
199
27
227
287
230
263
349
86
50
27
172
171
171
331
216
225
165
241
56
197
196
221
34
200
195
331
331
95
71
81
4
35
214
287
286
331
27
287
234
8
67
198
45
49
54
197
365
6
341
50
85
27
199
251
27
27
69
81
246
6
32
281
61
197
196
18
19
19
63
198
396
392
397
395
394
391
393
33
15
74
81
22
79
81
311
74
198
51
52
28
197
198
27
18
11
17
206
286
331
27
5
96
171
23
118
8
96
86
345
50
27
251
226
205
331
226
29
28
197
196
198
27
298
310
157
158
155
156
36
15
21
119
96
96
226
209
331
73
81
52
242
29
28
199
27
27
51
230
287
239
240
52
242
29
28
199
27
27
66
198
29
197
198
27
96
5
394
9
59
197
62
197
71
198
243
231
244
46
49
197
198
27
27
27
7
96
65
198
346
86
50
27
51
28
197
27
46
49
22
311
50
334
85
27
239
240
286
29
28
199
27
86
343
50
27
12
5
14
46
28
30
27
27
65
81
153
50
332
391
311
22
96
311
23
81
77
154
51
88
263
27
28
197
27
51
230
29
28
197
198
86
347
50
27
311
8
16
213
22
243
46
49
27
339
50
85
27
57
197
231
44
29
33
27
16
65
198
51
230
28
197
198
51
52
28
197
198
27
75
198
71
225
203
69
198
205
96
23
311
287
218
286
331
27
21
119
14
96
78
198
225
204
27
331
27
191
27
27
27
191
191
171
331
164
349
50
115
19
166
173
120
230
172
