1
2
2
2
2
2
8
9
9
9
9
9
9
9
9
9
9
9
9
9
9
9
9
9
9
9
9
9
9
9
9
9
9
9
9
9
9
9
9
9
9
9
9
9
9
9
9
9
9
9
9
9
9
9
9
9
9
9
9
9
9
9
9
9
9
9
9
9
9
9
9
9
9
9
9
9
9
9
9
9
9
9
9
9
9
9
9
26
90
41
92
41
94
41
96
41
98
41
100
40
1
103
103
103
103
103
103
103
103
103
103
103
103
103
103
103
103
103
103
103
103
103
103
103
103
103
103
103
103
103
103
103
103
103
103
103
103
103
103
103
103
103
103
103
103
103
103
103
103
103
103
103
103
103
103
103
103
103
103
103
103
103
103
103
103
103
170
171
150
150
150
150
150
55
55
55
55
44
44
44
44
44
73
73
89
140
80
47
81
150
3
57
57
82
72
72
77
40
40
41
41
79
101
46
43
43
43
68
71
4
62
62
62
62
45
45
45
45
85
58
58
58
70
52
52
52
52
52
52
52
52
52
52
52
52
52
52
74
74
74
141
59
59
88
61
61
61
61
67
48
60
60
84
142
63
63
148
148
154
75
75
6
69
157
7
7
143
37
37
37
37
37
37
37
37
37
37
37
37
37
37
37
5
49
151
42
162
36
51
51
65
65
66
78
54
76
76
83
86
87
87
144
38
50
50
50
50
50
50
50
53
53
53
64
64
130
133
129
102
102
173
174
175
