2
3
4
5
6
7
8
9
10
11
12
13
14
15
16
17
18
19
20
21
22
23
24
25
26
27
28
29
30
31
32
33
34
36
37
38
39
40
41
42
43
44
45
46
47
48
49
50
51
52
53
54
55
56
57
58
60
61
62
63
64
65
66
67
68
69
70
71
72
73
74
75
76
77
78
79
80
81
82
83
84
85
86
87
88
89
90
91
92
93
94
95
96
97
98
99
37
89
88
86
87
61
62
83
28
27
26
37
43
37
74
28
89
85
87
61
62
9
17
19
20
18
16
89
88
90
87
61
62
89
88
86
87
61
62
44
43
89
88
86
87
61
62
62
37
43
83
15
15
43
7
89
88
86
87
61
62
37
89
88
86
87
61
62
6
7
8
43
6
7
8
9
74
37
37
89
88
87
61
62
90
74
17
12
7
9
89
88
86
87
61
62
83
43
83
37
89
89
88
86
87
61
62
98
89
88
86
87
61
62
97
28
27
26
43
89
88
86
87
61
62
88
86
61
62
43
61
62
27
89
44
27
61
62
89
37
19
20
18
16
21
37
36
36
36
5
5
16
44
