1
2
2
2
2
2
2
2
8
10
8
12
11
15
16
16
16
16
16
16
16
16
16
16
16
16
16
16
16
16
16
34
23
23
25
26
39
40
40
40
40
43
45
43
47
44
49
40
51
15
53
53
53
53
53
53
53
53
53
53
53
53
53
53
53
53
53
53
53
53
53
53
53
69
77
73
79
73
81
72
72
85
86
86
86
86
86
86
86
86
86
86
86
86
86
86
86
86
86
86
86
86
86
86
86
86
86
86
86
86
86
86
86
86
86
86
86
107
122
107
104
110
110
110
115
73
105
22
22
65
65
75
75
30
30
30
23
23
76
123
108
108
108
108
108
108
108
108
108
108
108
108
43
43
67
67
46
119
63
70
106
107
107
107
107
68
68
118
118
71
112
112
112
112
9
25
25
6
64
31
31
31
74
74
74
74
74
74
74
78
78
109
101
101
101
66
72
72
72
72
72
72
72
28
28
28
24
24
26
26
27
27
27
8
116
116
116
5
102
102
102
102
7
62
69
69
111
111
44
44
50
120
120
120
120
120
120
120
113
113
113
113
29
29
29
121
121
11
32
32
32
41
88
84
37
37
38
38
