2
3
4
5
6
7
8
9
10
11
12
13
14
16
17
18
19
20
21
22
23
24
25
26
27
28
29
30
31
32
33
23
35
36
37
38
40
41
42
43
44
45
46
47
48
49
50
51
52
53
54
55
56
57
58
59
60
61
62
63
64
65
66
67
68
69
70
71
72
73
74
75
76
77
78
79
80
81
82
83
84
86
87
88
89
90
91
92
93
94
95
96
97
98
99
100
101
102
103
104
105
106
107
108
109
110
111
112
113
114
115
116
117
118
119
120
121
122
123
124
93
100
99
89
117
74
98
21
33
56
54
55
56
26
25
24
21
20
58
107
120
112
113
116
119
97
93
94
96
100
98
99
42
51
56
54
51
93
53
58
98
102
117
93
88
70
69
93
96
57
121
114
93
100
4
23
18
3
53
26
25
24
75
59
61
57
60
56
54
70
74
93
102
93
95
53
75
59
61
57
60
56
54
26
25
24
21
20
23
19
26
25
24
3
121
117
93
2
90
94
95
88
8
53
70
74
121
100
42
51
51
107
97
93
92
96
91
88
121
114
94
100
26
25
24
93
100
9
26
25
24
40
86
56
23
18
23
19
