2
3
4
5
6
7
8
9
10
11
12
13
14
15
16
17
18
19
20
21
22
23
24
25
26
27
28
29
30
31
32
33
34
35
36
37
38
39
40
41
42
43
44
45
46
47
48
49
50
51
52
53
54
55
56
57
58
59
60
61
62
63
64
65
66
67
68
69
70
71
72
73
74
75
76
77
78
79
80
81
82
83
84
85
86
87
88
89
90
91
92
93
94
95
96
97
98
99
100
101
102
103
104
105
106
107
108
109
110
111
112
113
114
115
116
117
118
119
120
121
122
123
124
125
126
127
128
129
130
131
132
133
134
135
136
137
138
139
140
141
142
143
144
145
146
147
148
149
150
151
152
153
154
155
156
157
158
159
160
161
162
163
164
165
166
167
168
169
170
171
172
173
174
175
176
177
178
179
180
181
182
183
184
185
186
187
188
189
190
191
192
193
194
195
196
197
198
199
200
201
202
203
204
205
206
207
208
209
210
211
212
213
214
215
216
217
218
219
220
221
222
223
224
225
226
227
228
229
230
231
232
233
234
235
236
237
238
239
240
241
242
243
244
245
246
247
248
249
250
251
252
253
254
255
256
257
258
259
260
261
262
263
264
265
266
267
268
269
270
272
273
274
275
276
277
278
279
280
281
282
283
284
285
286
287
288
289
290
291
292
293
294
295
296
297
299
300
301
302
303
304
305
306
307
308
309
310
311
312
313
314
315
316
317
318
320
321
322
323
324
325
326
327
328
329
330
331
332
333
334
335
336
337
338
339
340
341
342
343
344
345
346
347
348
349
350
351
352
353
354
355
356
357
358
359
360
361
362
363
364
365
366
367
368
369
370
371
372
373
374
375
376
377
378
379
380
381
382
383
384
385
386
387
388
389
390
391
392
393
394
395
396
397
398
399
400
401
402
403
404
405
406
407
408
409
410
411
412
413
414
415
416
417
418
419
420
421
422
423
424
425
426
427
428
429
430
431
432
433
434
435
436
437
438
439
440
441
442
443
444
445
446
447
448
449
450
451
452
453
454
455
456
457
458
459
460
461
462
463
464
465
466
467
340
469
353
471
473
474
475
476
477
478
479
480
481
482
483
484
485
486
487
488
489
490
491
492
493
494
495
496
497
498
499
500
501
502
503
504
505
506
507
508
509
510
511
512
513
514
515
517
518
519
520
521
522
523
524
525
526
527
528
529
530
531
532
489
536
537
538
539
540
541
542
543
544
545
546
547
548
549
550
551
552
553
554
555
556
557
558
559
560
561
562
563
564
565
566
567
568
569
570
571
572
573
574
575
576
577
578
579
580
581
582
583
584
585
586
587
588
589
590
591
592
593
594
595
596
597
598
599
600
601
556
603
604
605
606
607
608
609
610
611
612
613
614
615
616
617
618
619
620
621
622
623
624
625
626
627
628
629
630
631
632
633
634
635
636
637
638
639
640
641
642
643
644
646
647
648
649
650
651
652
653
654
655
657
658
659
660
661
662
663
664
665
666
667
668
669
670
671
672
673
674
675
676
677
678
679
680
681
682
683
684
685
686
687
688
689
690
691
692
693
694
695
696
697
449
449
422
257
422
684
96
686
685
83
687
97
683
658
659
2
580
579
581
184
2
643
642
611
613
536
536
364
349
29
323
2
200
201
16
499
501
500
481
533
304
188
152
97
2
30
97
4
25
2
18
353
30
171
340
629
136
352
605
604
324
2
22
55
4
493
481
480
536
586
538
331
148
201
339
397
2
396
594
669
208
121
201
75
80
131
118
17
4
30
18
137
30
64
18
2
2
586
328
26
533
2
18
30
121
75
54
2
145
135
540
538
17
4
16
18
202
2
186
201
339
16
323
25
397
2
171
340
352
97
71
606
604
324
2
141
140
22
73
30
22
427
2
28
346
324
684
686
96
685
687
688
29
658
18
659
2
627
659
389
2
17
328
323
2
423
356
422
592
593
30
18
70
2
188
2
536
64
227
224
225
335
194
27
324
26
578
96
685
83
687
121
683
174
658
659
2
28
77
22
301
684
96
686
685
83
687
97
683
658
659
2
335
324
2
97
687
97
2
618
490
595
28
25
2
595
593
594
328
4
18
331
258
2
2
64
19
18
2
80
247
17
4
246
30
71
17
614
612
604
613
2
342
324
397
533
18
536
339
397
2
22
643
642
612
610
208
163
18
16
17
30
490
30
30
29
97
258
259
536
536
262
684
96
686
685
83
687
97
683
658
30
659
2
30
293
188
281
338
285
286
289
287
288
17
29
324
284
2
21
258
562
540
536
536
536
313
314
315
307
18
340
71
604
324
2
331
2
329
591
591
30
498
495
491
477
476
67
22
29
30
134
71
608
604
2
643
612
610
335
22
324
687
97
2
71
17
4
233
16
22
230
37
69
2
2
209
151
161
30
400
527
526
18
18
25
364
347
2
682
684
96
685
687
97
167
71
658
659
2
157
96
97
29
2
18
127
96
685
83
687
121
683
174
658
33
258
659
2
257
119
208
131
120
123
17
30
18
359
171
340
629
136
352
97
605
604
324
2
364
335
92
188
389
17
16
20
30
24
16
27
18
22
26
25
32
17
29
19
4
31
28
309
308
331
328
143
335
324
28
78
75
30
490
79
18
464
465
463
24
30
262
4
688
64
29
18
2
2
337
324
2
333
140
144
30
8
30
10
12
15
11
678
523
563
550
564
538
536
536
643
611
613
208
17
4
16
97
328
323
684
696
686
685
83
687
97
683
658
30
659
695
2
17
24
16
188
328
323
2
449
30
202
37
67
27
18
22
26
28
25
2
30
301
299
490
227
224
226
225
171
340
629
136
352
97
627
605
604
324
2
68
233
22
230
79
490
85
63
188
358
29
331
16
18
323
2
339
397
2
6
29
30
643
642
612
610
30
345
30
163
19
16
18
354
340
147
324
397
30
19
30
29
22
24
16
18
22
25
17
29
4
19
566
30
395
17
328
16
323
397
2
394
30
383
18
2
2
478
533
18
464
465
463
28
589
539
536
331
2
54
2
168
96
72
25
2
28
171
136
352
626
97
631
608
604
324
2
18
588
539
536
25
422
2
426
433
427
96
686
685
683
184
658
659
2
128
127
19
18
30
28
30
493
22
128
127
19
258
18
259
246
257
30
237
234
231
233
232
226
595
593
594
340
97
71
609
604
324
2
343
324
397
163
435
434
436
25
30
62
16
18
329
2
684
96
686
685
83
687
97
683
658
659
2
96
17
4
25
435
434
436
2
527
526
575
575
18
546
540
202
67
22
2
29
615
605
606
607
609
608
604
610
611
684
96
686
685
83
687
97
121
683
658
659
2
22
257
257
329
97
90
22
149
202
4
258
16
2
331
309
308
307
329
30
296
85
424
201
355
334
425
357
467
29
331
18
323
25
422
2
462
18
171
136
628
352
60
607
604
324
2
684
96
686
685
83
687
97
683
184
658
659
2
30
647
22
30
295
296
294
289
291
287
290
288
284
284
30
202
96
384
385
188
324
2
202
234
231
233
232
22
2
223
2
336
2
81
141
140
536
669
194
27
26
490
127
4
258
259
261
261
257
329
20
30
481
18
28
18
30
30
361
188
323
2
30
481
481
595
592
593
594
678
481
30
163
17
16
584
580
579
581
25
328
323
2
161
47
21
18
22
32
25
552
569
538
328
323
568
538
340
146
71
604
324
2
684
172
157
2
479
533
669
18
69
313
314
312
542
541
96
285
286
678
364
153
121
154
126
92
150
264
33
331
16
18
17
34
19
258
323
2
444
261
2
547
249
496
687
97
2
63
360
97
16
323
2
148
71
262
22
188
350
27
678
643
642
611
613
171
142
352
626
88
97
630
604
324
25
397
2
684
96
687
97
121
686
685
83
683
658
19
659
2
18
304
478
533
449
566
566
19
171
340
629
136
352
605
604
324
2
121
201
2
2
2
30
4
22
494
481
71
605
604
2
22
84
17
30
17
16
684
96
686
685
687
97
121
71
658
659
2
328
30
122
17
96
686
685
83
687
97
683
184
658
659
2
194
27
26
29
4
19
18
22
643
612
610
29
30
313
308
314
315
307
303
312
328
30
208
18
171
136
352
626
97
631
608
604
324
2
64
19
18
2
2
22
188
187
17
328
16
332
323
2
388
449
457
449
455
320
587
587
525
328
329
2
2
2
646
536
533
307
449
449
223
2
320
353
340
324
320
685
