1
2
2
2
6
7
7
7
7
7
14
15
6
6
17
17
17
20
23
24
24
24
24
24
24
24
24
24
24
24
24
24
24
24
24
42
38
1
44
44
44
44
44
44
44
44
51
53
5
50
50
50
50
44
61
62
63
63
63
63
63
69
6
70
70
70
70
70
70
70
70
70
70
70
70
70
70
70
70
70
70
70
70
70
70
70
70
70
70
70
70
70
99
70
101
88
104
84
88
27
89
38
85
85
32
97
5
82
82
82
81
81
81
81
81
81
96
28
49
49
49
49
98
84
84
84
86
86
86
20
95
29
50
50
50
50
31
31
51
87
87
12
12
91
91
91
91
91
91
26
39
30
88
88
88
88
37
93
93
93
93
93
35
4
83
83
83
83
83
90
90
90
90
90
36
21
105
105
106
103
