2
3
4
5
6
7
8
9
10
11
12
13
14
15
16
18
19
20
21
22
23
24
25
26
27
28
29
30
31
32
33
34
35
37
38
39
40
41
42
43
44
38
48
49
50
51
52
53
54
55
56
57
58
59
60
61
62
63
64
65
66
67
68
69
70
71
72
73
74
75
76
77
78
79
80
81
82
83
84
85
86
87
88
89
90
91
92
93
94
95
96
97
98
99
100
101
102
103
104
105
106
107
108
109
110
111
112
113
114
115
116
117
118
119
120
121
122
123
124
125
126
127
128
129
130
131
132
133
134
135
136
137
138
139
140
141
142
143
144
145
146
147
148
149
150
151
152
153
154
155
156
157
158
159
160
161
162
163
164
165
166
167
168
169
170
171
172
173
174
175
176
177
178
179
180
181
182
183
184
185
186
187
188
189
190
191
192
193
194
195
196
197
198
199
200
201
202
203
204
205
206
157
132
209
210
82
213
214
121
216
217
218
219
220
221
222
223
224
225
227
228
229
230
231
232
233
234
20
19
131
176
189
190
63
60
67
54
65
51
49
66
61
64
50
160
158
159
161
229
138
101
137
62
60
92
90
74
73
71
64
184
176
177
38
44
39
43
74
131
170
161
189
188
191
187
190
185
20
19
36
76
71
173
133
165
135
163
164
132
21
56
157
212
34
32
33
158
106
121
76
62
78
71
75
28
21
33
31
31
176
4
106
111
76
87
78
71
75
160
118
49
71
109
106
76
87
78
71
75
148
89
180
191
119
106
172
120
137
138
101
121
62
78
81
90
56
79
92
73
80
71
64
75
184
5
229
133
165
135
163
164
132
21
56
157
212
118
106
120
76
77
181
177
113
119
127
64
91
212
170
180
171
126
62
70
81
74
61
72
38
44
39
43
87
71
149
230
60
91
133
165
135
163
164
132
21
56
157
212
113
136
113
119
127
149
148
150
133
165
163
117
82
157
212
147
22
31
31
36
136
170
82
89
58
74
73
71
85
106
116
120
76
87
71
149
114
119
60
73
133
176
20
19
36
212
189
188
191
187
190
186
20
19
182
177
175
38
28
21
33
31
149
151
150
119
118
61
94
60
67
56
83
96
52
51
82
66
95
93
64
50
85
63
57
62
59
54
65
55
86
49
58
61
141
229
113
29
118
94
96
53
119
115
131
84
71
106
107
76
87
78
71
75
183
87
89
69
88
159
131
73
75
166
113
165
164
28
132
82
62
33
31
157
157
43
175
175
196
43
175
175
68
175
175
175
145
145
169
169
167
175
68
175
184
62
82
56
157
132
82
157
212
82
56
157
82
157
165
163
52
82
53
82
133
82
157
212
132
212
82
56
157
121
56
121
56
82
132
212
132
82
157
5
121
62
82
56
157
62
82
56
157
