1
2
2
2
2
2
2
9
9
10
11
11
11
11
11
11
15
19
20
20
20
20
20
20
20
20
20
20
10
31
31
31
31
33
37
38
38
38
38
38
38
38
38
38
38
49
49
49
49
49
49
50
46
52
53
54
54
54
54
54
54
54
54
54
54
54
54
54
54
54
54
54
54
54
54
75
54
77
77
77
77
77
77
77
77
77
77
77
77
77
77
77
77
77
77
77
77
77
77
77
77
77
77
77
77
77
77
77
77
77
77
77
77
77
77
77
77
77
77
77
77
77
77
77
77
77
77
77
77
77
77
77
77
77
77
77
77
77
77
77
77
77
77
77
77
77
77
77
77
77
77
77
77
77
77
77
77
77
77
77
77
77
77
77
77
77
166
166
169
170
170
170
170
170
170
170
170
170
170
170
170
170
170
170
170
170
170
170
170
170
170
170
170
170
170
170
170
170
170
170
170
170
170
170
170
170
170
170
170
170
170
170
170
214
214
170
37
218
218
218
218
218
218
218
218
218
218
228
230
230
230
230
230
228
228
37
233
233
233
233
233
233
233
233
233
233
233
233
246
247
248
248
248
248
249
46
46
252
253
253
253
253
253
253
253
253
253
253
253
253
253
253
10
268
268
268
268
268
268
268
268
276
276
268
279
274
10
282
282
282
282
282
282
282
282
282
282
282
282
282
282
282
282
282
282
282
282
282
282
282
282
282
307
307
307
307
307
307
307
307
307
307
307
307
319
319
302
53
323
323
323
323
323
323
323
323
323
323
323
323
323
323
323
323
339
339
339
342
342
323
345
345
345
323
349
349
349
349
323
354
354
354
354
354
354
354
354
354
354
354
354
354
354
354
354
323
371
371
371
323
375
375
323
378
378
323
381
381
381
381
323
386
386
386
386
323
391
391
391
323
395
395
395
395
395
395
323
402
402
402
323
406
323
408
408
408
323
412
414
414
37
415
415
415
415
415
421
421
37
422
422
422
422
422
422
422
422
422
432
432
432
433
433
228
435
435
57
63
147
147
147
112
112
112
317
107
107
107
17
113
113
113
299
299
299
299
108
108
108
65
157
157
157
70
25
25
159
73
321
300
151
151
151
91
146
146
146
72
244
244
244
244
419
85
85
85
68
156
156
156
111
111
111
320
320
320
320
320
320
320
320
320
242
242
242
242
117
117
117
158
158
158
27
27
143
143
143
104
104
104
266
266
266
266
266
266
266
266
64
273
273
130
130
130
69
14
109
109
109
109
58
84
84
84
160
160
160
154
154
154
243
243
243
243
71
142
142
142
35
275
275
275
275
29
162
162
162
212
88
88
88
62
431
431
431
431
431
431
431
431
431
48
48
48
48
148
148
148
34
34
56
161
161
161
215
241
241
241
241
241
241
241
241
241
241
241
241
82
82
82
26
26
301
83
83
83
216
306
306
116
116
116
28
28
110
110
110
87
87
87
102
102
102
153
153
153
265
80
80
80
30
81
81
81
141
141
141
103
103
103
272
272
272
272
272
272
272
318
318
318
318
318
318
318
318
131
131
131
66
118
118
118
47
47
47
47
47
302
302
420
280
280
184
79
145
145
145
106
106
106
125
125
125
33
245
245
245
245
155
155
155
303
303
303
303
303
303
303
303
303
303
303
303
303
303
152
152
152
274
8
8
8
8
144
144
144
61
46
46
46
46
46
46
46
46
46
46
46
46
32
32
32
304
304
304
304
304
304
304
304
304
228
228
228
228
228
164
164
164
86
86
86
67
134
134
134
60
60
60
60
119
119
119
329
332
338
333
240
331
324
330
337
326
328
43
336
335
327
334
325
55
341
262
229
231
232
232
250
250
250
250
251
251
251
251
251
251
322
322
51
51
51
51
51
51
51
51
51
434
434
434
434
434
