2
3
4
5
6
7
8
9
10
11
12
14
15
16
17
15
16
20
22
23
24
25
26
27
26
29
30
31
32
33
34
35
36
37
38
39
40
41
42
43
44
45
46
47
33
35
50
51
52
53
54
55
56
57
58
59
60
61
62
63
64
65
66
67
68
69
70
71
72
73
74
75
76
77
78
79
80
82
83
84
80
51
54
55
54
8
61
53
53
80
56
56
10
9
6
8
38
66
74
62
68
61
36
72
70
51
45
33
52
57
51
57
66
68
61
59
80
55
59
45
32
9
7
51
66
68
61
58
63
52
58
35
34
14
14
80
55
51
80
56
