1
2
2
2
2
2
2
2
2
2
2
2
2
2
2
2
2
2
2
2
2
2
2
2
2
2
2
2
2
2
2
2
2
2
2
2
2
2
23
40
24
42
25
44
26
46
27
48
30
50
36
52
34
35
36
37
31
33
60
61
61
61
61
61
61
61
61
61
71
69
69
74
75
75
75
75
75
75
81
81
81
81
76
60
88
88
88
88
88
88
88
88
88
88
88
88
88
88
97
100
104
102
60
107
107
107
107
107
107
107
107
107
107
117
107
119
116
121
123
111
111
111
127
112
112
130
113
113
114
114
135
136
137
137
137
137
137
137
137
137
137
137
137
137
137
137
137
137
137
137
137
137
137
137
137
137
137
137
137
137
137
137
137
137
137
137
137
137
137
137
137
137
177
137
179
137
181
137
183
137
185
137
187
187
137
190
190
190
137
194
137
196
137
198
198
198
198
198
198
198
198
198
198
198
137
210
153
212
74
214
214
214
136
218
218
218
218
218
218
218
225
226
136
228
228
228
228
228
228
228
228
228
228
228
228
228
228
242
228
244
228
246
228
248
228
250
228
252
252
228
255
255
228
258
228
260
228
262
262
265
266
267
268
269
270
271
196
194
217
217
217
217
217
238
238
238
163
163
163
162
162
162
166
166
166
236
236
236
176
176
176
176
176
176
239
239
239
200
211
211
223
223
256
234
234
234
206
206
156
156
156
156
175
175
175
175
175
175
111
111
111
111
111
254
155
155
155
155
32
32
207
207
253
110
110
110
110
110
110
110
110
36
36
36
36
193
153
153
153
153
153
153
153
78
78
78
78
78
213
222
102
192
204
205
220
220
34
34
34
34
34
209
209
209
209
172
172
172
172
172
172
169
169
169
169
169
169
90
30
30
30
30
30
30
30
30
30
30
164
164
164
263
208
208
208
208
157
157
157
157
233
233
233
161
161
161
245
113
113
113
113
113
113
158
158
158
158
158
201
165
165
165
203
160
160
160
202
170
170
170
170
173
173
173
173
221
221
154
154
154
154
174
174
174
174
240
240
240
171
171
171
249
37
37
37
37
37
33
33
33
33
33
80
168
168
168
168
168
168
168
264
31
31
235
235
235
112
112
112
112
112
112
112
237
237
237
69
69
69
69
69
69
69
35
35
35
35
35
38
38
167
167
167
230
230
230
79
79
114
114
114
114
114
114
231
231
231
232
232
232
28
28
28
28
28
28
28
28
28
28
159
159
159
142
215
143
144
145
145
108
108
147
25
26
76
76
24
141
266
266
266
269
269
269
133
133
133
134
134
134
135
135
135
124
124
124
72
72
72
72
72
72
72
73
127
127
127
127
128
128
128
130
130
130
131
131
131
