2
3
4
5
6
7
8
9
10
11
12
13
14
15
16
17
18
19
20
21
22
23
24
25
26
27
28
29
30
31
32
33
34
35
36
37
38
39
40
41
42
43
44
45
46
47
48
49
50
51
52
53
54
55
56
57
58
59
60
61
62
63
64
65
66
67
68
69
70
71
72
73
74
75
76
77
78
79
80
81
82
83
84
85
86
87
88
89
90
91
92
93
94
95
96
97
98
99
100
101
102
103
104
105
106
107
108
109
110
111
112
113
114
115
116
117
118
119
120
121
122
123
124
125
126
127
128
129
130
131
132
133
134
135
136
137
138
139
140
141
142
143
144
145
146
147
148
149
150
151
152
153
154
155
156
157
158
159
160
161
162
163
164
165
166
167
168
169
170
171
172
173
174
175
176
177
178
179
180
181
182
183
184
185
186
187
188
189
190
191
192
193
194
195
196
197
198
199
200
201
202
203
204
205
206
207
208
209
210
211
212
213
214
215
216
217
218
219
220
221
222
223
224
225
226
227
228
229
230
231
232
233
234
235
236
237
238
239
240
241
242
243
244
245
246
247
248
249
250
251
252
253
254
255
256
257
258
259
260
261
262
263
264
265
267
268
269
270
271
272
273
274
275
276
277
278
279
280
281
282
283
284
285
286
287
288
289
290
291
292
293
294
295
296
297
298
299
300
301
302
303
304
305
306
307
308
309
310
311
312
313
314
315
316
317
318
319
320
321
322
323
324
325
326
327
328
329
330
331
332
333
334
335
336
337
338
339
340
341
342
343
344
345
346
347
348
349
350
351
352
353
354
355
356
357
358
359
360
361
362
363
364
365
366
367
368
369
370
371
372
373
374
375
376
377
378
379
380
381
382
383
384
385
386
387
388
389
390
391
392
393
394
395
396
397
398
399
400
401
402
403
404
405
406
407
408
409
410
411
412
413
414
415
416
417
418
419
420
421
422
423
424
425
426
427
428
429
430
431
432
433
434
435
436
437
438
439
440
441
442
443
444
445
446
447
448
449
450
451
452
453
454
455
456
457
458
460
461
462
463
464
465
466
467
468
469
470
471
472
473
474
475
476
477
478
479
480
481
482
483
484
485
486
487
488
489
490
491
492
493
494
495
496
497
311
251
285
284
429
273
272
18
270
422
332
333
94
485
93
486
487
169
484
80
461
462
2
6
29
30
143
169
2
373
94
69
168
143
59
2
197
198
16
280
431
434
270
422
427
149
30
299
30
373
379
69
168
136
18
2
30
160
19
16
18
94
303
302
277
4
25
2
18
69
137
141
169
2
30
30
19
30
400
399
29
22
276
277
24
16
18
22
25
17
29
4
19
373
69
168
401
2
30
22
54
455
4
30
373
384
133
69
168
18
2
18
145
28
472
198
118
128
72
115
77
205
17
4
30
18
134
373
69
168
401
2
53
2
30
62
18
2
2
440
93
165
292
25
2
422
28
143
169
2
18
282
317
422
26
454
282
422
18
427
93
486
181
169
484
461
462
2
125
124
19
18
30
28
30
118
72
30
373
69
168
401
2
53
2
142
132
17
4
16
18
270
422
199
2
183
22
272
422
435
301
422
125
124
19
252
18
253
240
251
30
229
226
228
227
221
444
69
401
2
138
137
22
70
30
22
311
28
332
333
30
485
488
486
487
169
29
461
18
462
2
282
422
373
69
168
401
2
94
485
93
486
487
169
484
80
461
462
2
462
442
272
422
17
440
93
292
17
4
25
422
143
119
30
18
68
431
272
422
18
2
279
272
422
199
65
22
2
29
373
69
168
138
137
383
382
135
18
2
133
143
375
2
94
485
118
93
486
487
169
484
80
461
462
2
22
251
251
62
334
69
286
60
448
18
333
25
2
331
452
422
422
422
94
431
438
435
423
426
94
87
22
222
219
220
191
27
26
139
143
2
146
199
4
252
16
2
28
69
143
2
74
269
22
94
485
93
486
487
169
484
80
461
462
2
17
16
2
2
373
370
133
69
17
18
2
30
94
94
487
2
18
94
485
93
486
487
181
169
484
80
461
462
2
427
18
426
2
371
30
17
16
2
2
288
305
273
268
28
290
25
2
433
431
427
16
426
22
4
18
318
317
30
252
30
241
77
17
4
240
30
185
199
93
2
332
333
199
229
226
228
227
22
2
218
2
18
22
433
16
426
78
138
137
299
143
427
426
472
270
282
324
317
422
55
373
94
69
168
2
2
191
27
26
160
205
18
425
124
252
253
255
255
251
20
30
16
17
30
426
2
18
28
30
30
433
427
16
426
18
30
30
30
29
426
2
373
69
168
401
2
94
481
252
253
30
256
318
317
422
160
17
16
273
271
272
270
2
297
311
94
485
93
486
487
169
484
80
461
30
462
2
30
282
317
422
55
21
252
289
25
287
46
158
21
18
22
32
25
332
333
439
292
422
445
434
449
453
428
273
271
272
268
270
422
438
272
422
18
94
209
59
169
2
332
333
452
272
422
472
30
18
67
96
69
143
119
169
2
65
22
29
93
30
481
400
399
370
133
69
372
18
2
243
436
301
422
427
440
272
2
2
422
433
427
16
426
433
450
441
448
273
272
271
18
270
422
94
487
2
22
145
69
334
256
94
487
2
22
69
17
4
228
16
22
225
37
67
2
2
148
206
292
443
158
422
2
30
27
431
272
422
422
18
481
300
18
25
119
2
94
485
69
164
93
487
169
483
461
462
2
2
94
93
29
2
278
272
18
94
486
169
484
80
485
118
93
487
461
19
462
2
18
432
286
437
422
139
2
285
284
286
434
366
18
25
2
422
120
116
128
117
205
17
30
18
19
285
20
30
24
16
27
18
22
26
25
32
17
29
19
4
31
28
267
169
2
2
2
372
119
18
2
400
399
30
140
28
4
22
75
72
311
119
169
2
440
272
422
422
30
22
81
17
76
18
24
30
17
16
30
256
447
449
430
424
422
2
422
4
144
94
485
69
118
93
486
487
169
461
462
2
488
62
29
18
2
2
431
301
448
273
18
422
136
2
137
141
30
30
8
30
10
12
15
11
481
119
17
205
17
4
16
427
94
94
485
93
486
487
181
169
484
80
461
462
2
191
27
26
94
485
496
486
487
169
484
80
461
30
462
495
2
29
4
19
18
22
17
24
16
30
275
37
199
65
27
18
22
26
28
25
2
29
30
269
271
270
311
316
30
291
438
222
219
221
220
422
375
29
2
30
205
18
2
66
228
22
225
76
314
311
452
422
422
22
133
143
375
2
422
267
311
267
2
422
422
218
422
2
2
69
2
286
448
18
25
2
93
448
