1
2
2
2
2
2
2
2
2
2
2
2
2
2
2
2
2
2
2
2
2
2
2
2
2
2
2
2
2
2
2
2
2
2
2
2
2
2
2
2
2
2
2
2
2
2
2
2
2
2
2
2
2
2
2
2
2
2
2
2
2
2
2
2
2
2
2
2
2
2
2
2
2
2
2
2
2
2
2
2
2
2
2
2
2
2
2
2
2
2
2
2
2
2
2
2
2
2
2
2
2
2
2
2
2
2
2
2
2
2
2
2
2
2
2
2
2
2
2
2
2
2
2
2
2
2
2
2
2
2
2
6
133
7
135
2
137
137
137
137
137
24
143
34
145
52
147
53
149
78
151
153
153
153
153
153
153
2
160
160
160
160
160
165
160
167
160
169
2
171
2
173
173
173
173
173
173
173
173
173
173
173
173
173
173
173
173
173
188
191
2
193
193
193
193
193
193
193
193
2
202
202
202
202
202
202
202
202
202
202
209
213
146
216
217
217
217
217
217
217
217
217
217
226
226
226
226
226
1
232
232
232
232
232
232
232
232
232
232
232
232
232
232
232
232
232
232
232
232
232
232
242
246
216
257
257
257
260
260
260
260
260
260
260
260
260
257
270
270
270
270
270
270
270
270
270
257
280
280
280
280
280
280
280
280
270
290
291
291
291
291
291
291
291
291
291
291
291
291
291
291
291
291
291
291
291
305
311
298
1
315
315
315
315
315
315
315
315
315
315
315
315
315
315
315
315
315
320
333
332
335
332
146
332
332
169
167
165
298
298
298
298
309
294
294
294
294
69
224
224
46
46
46
46
46
48
212
212
212
212
126
127
121
134
134
110
201
201
201
201
201
308
328
328
328
328
328
45
113
57
327
327
327
327
327
327
327
136
87
87
87
79
79
79
79
253
253
253
253
253
253
253
253
322
322
322
32
32
32
32
32
32
32
32
310
310
310
310
118
244
186
186
186
186
186
186
186
186
186
186
186
186
186
186
186
128
128
42
129
129
243
266
266
266
90
90
90
90
90
90
237
49
49
225
111
68
41
285
198
198
198
198
198
248
248
248
93
222
84
84
30
30
221
221
251
251
251
251
251
251
251
251
187
187
116
288
267
80
297
75
223
332
332
332
332
307
157
157
157
120
31
31
31
31
31
31
31
31
31
31
67
53
53
53
53
53
53
53
53
53
53
53
53
312
60
97
97
122
76
38
38
38
35
35
35
190
249
249
249
249
72
268
268
268
240
240
240
300
300
330
330
330
330
330
106
107
303
303
89
99
25
25
25
25
25
27
27
286
286
286
209
209
209
209
209
209
33
103
103
103
103
304
304
304
321
321
321
78
78
52
52
52
52
52
52
52
52
52
52
52
52
52
52
52
278
278
278
278
278
210
210
210
210
61
61
61
24
24
24
24
112
82
172
172
211
123
324
324
324
324
324
302
81
81
105
301
301
269
219
219
296
158
241
70
100
306
306
114
63
63
63
252
329
329
329
329
329
329
329
329
329
329
130
130
28
28
66
115
146
146
86
86
86
86
86
86
86
86
86
86
86
86
86
86
86
86
37
37
37
37
37
37
37
299
299
299
299
299
299
92
92
92
119
247
44
44
44
29
29
254
254
254
254
254
254
254
254
287
287
287
242
144
277
277
277
277
277
200
230
326
91
91
91
62
305
305
36
36
36
36
125
334
334
109
250
250
56
71
259
259
132
132
132
132
323
323
323
131
131
131
131
131
73
73
74
229
229
34
34
265
265
265
265
64
189
54
54
54
54
54
54
54
54
54
54
54
54
54
279
199
199
199
199
47
47
47
117
59
83
83
83
83
58
235
235
102
104
95
51
51
51
51
51
246
108
220
220
88
239
239
239
188
188
238
238
238
238
238
238
284
43
43
43
43
85
85
258
258
231
231
205
320
182
183
316
162
162
184
22
22
163
163
6
10
196
194
203
7
8
161
161
3
21
21
215
215
255
256
314
314
314
289
