2
3
4
5
6
7
8
9
10
11
12
13
14
15
16
17
18
19
20
21
22
23
24
25
26
27
28
29
30
31
32
33
34
35
36
37
38
39
40
41
42
43
44
45
46
47
48
49
50
51
52
53
54
55
56
57
58
59
60
61
62
63
64
65
66
67
68
69
70
71
72
73
74
75
76
77
78
79
80
81
82
83
84
85
86
87
88
89
90
91
92
93
94
95
96
97
98
99
100
101
102
103
104
105
106
107
108
109
110
111
112
113
114
115
116
117
118
119
120
121
122
123
124
125
126
127
128
129
130
131
132
133
134
135
136
137
138
139
140
141
142
143
144
145
146
147
148
149
150
151
152
154
155
156
157
158
159
160
161
162
163
164
165
166
167
168
169
170
171
172
173
174
175
176
177
178
179
180
181
182
183
184
185
186
187
188
189
190
191
192
193
194
195
196
197
198
199
200
201
202
203
204
205
206
207
208
209
210
211
212
213
214
215
217
218
219
220
221
222
223
224
225
226
227
228
229
230
231
232
233
234
235
236
237
238
239
240
241
242
243
244
245
246
247
248
249
250
251
252
253
254
255
256
257
258
259
260
261
262
263
264
265
266
267
268
269
270
271
272
273
274
275
276
277
278
279
280
281
282
283
284
285
286
287
288
289
291
292
293
294
295
296
297
298
299
300
301
302
303
304
305
306
307
308
309
310
311
312
314
315
316
317
318
319
320
321
322
323
324
325
326
327
328
329
330
331
332
333
334
335
336
337
338
339
340
160
160
160
94
293
2
313
293
300
295
293
292
14
217
217
49
47
48
12
11
13
203
202
2
202
20
23
12
116
2
18
10
194
193
2
193
307
74
326
132
60
2
14
18
13
74
58
326
132
60
317
2
2
92
63
11
88
84
10
163
97
252
248
95
247
234
233
2
318
317
319
62
131
44
108
3
2
2
137
309
308
293
2
18
242
201
13
14
196
177
184
176
12
179
178
11
185
182
183
2
22
2
11
22
2
242
267
262
264
41
184
181
208
3
21
238
50
13
218
18
14
12
282
212
197
195
196
2
236
234
233
17
218
85
160
32
2
217
217
250
236
248
95
249
234
233
2
174
175
18
283
264
15
294
13
218
91
326
323
2
313
155
154
156
18
47
48
131
14
12
11
3
2
2
137
66
51
9
18
13
14
184
12
11
21
2
2
137
2
13
97
94
12
13
89
2
2
2
137
2
177
236
237
94
2
13
261
262
263
244
243
241
116
2
74
57
129
54
2
16
16
293
2
12
12
26
41
3
2
2
28
2
283
282
281
205
204
207
208
206
2
3
205
184
21
2
120
293
2
318
317
319
77
13
51
84
63
9
18
13
14
184
12
11
161
21
2
2
137
274
275
273
271
276
203
204
207
208
190
13
21
72
41
2
2
18
82
89
2
204
11
57
132
2
2
2
306
15
3
16
293
2
262
218
226
294
156
236
14
9
293
2
18
64
10
13
236
74
325
58
326
57
323
324
132
320
2
22
2
29
2
12
18
29
2
92
64
65
81
82
164
12
13
11
14
16
162
163
161
3
160
131
12
13
11
14
137
2
300
88
295
293
292
2
41
17
3
18
246
45
46
14
32
2
97
252
248
95
247
234
233
2
283
282
281
236
2
272
274
275
273
271
195
227
325
184
208
21
129
293
2
9
18
10
137
19
56
2
18
249
2
23
14
270
270
23
184
206
21
58
2
2
186
23
184
21
206
77
13
13
227
228
2
2
261
262
263
264
65
174
51
55
50
9
18
14
184
12
11
21
2
2
137
272
197
195
196
194
18
13
14
33
13
20
19
16
15
13
234
233
18
16
94
205
184
181
21
2
236
15
218
217
12
244
243
241
175
185
244
240
239
245
243
241
282
197
15
183
21
86
160
260
260
227
228
2
2
193
193
315
160
167
202
2
21
160
169
2
137
202
193
202
2
2
160
165
2
173
173
179
178
236
236
94
2
313
271
