1
2
2
2
2
2
2
2
2
2
2
2
2
2
2
2
2
2
2
2
2
2
2
2
2
2
2
2
2
2
2
2
2
2
2
2
2
2
2
2
2
2
2
2
2
2
47
47
47
47
47
47
47
47
47
47
47
47
60
61
62
62
62
62
62
62
62
62
62
62
62
62
62
62
62
62
62
62
62
62
62
62
62
62
62
62
62
62
62
62
62
62
62
62
62
62
62
62
62
62
74
103
74
105
74
107
62
109
77
1
112
112
112
112
112
112
112
112
112
112
112
112
112
112
112
112
112
112
112
112
112
112
112
112
112
112
138
138
138
138
138
144
1
145
145
145
145
145
145
145
145
145
145
145
145
145
145
145
145
145
145
145
145
145
145
145
145
145
145
145
145
145
145
145
145
145
145
145
145
145
145
145
145
145
145
145
145
145
145
145
145
145
145
145
145
145
145
145
145
145
145
145
145
145
145
145
145
145
145
145
145
196
214
216
218
220
205
222
206
224
212
226
145
228
228
230
230
228
233
228
235
215
215
215
215
215
215
1
243
243
243
243
243
243
243
243
243
243
243
243
243
243
243
243
243
243
243
243
243
243
243
243
243
243
243
243
243
243
243
243
243
276
276
276
276
276
276
276
284
1
285
285
285
285
285
285
285
285
285
285
285
285
285
285
285
285
285
285
285
285
285
285
285
285
285
285
285
285
285
285
285
285
285
285
285
285
285
285
285
285
285
285
285
285
285
285
285
285
285
285
285
285
285
285
285
285
285
285
285
285
285
285
285
285
285
285
285
352
352
352
352
352
352
352
352
352
352
352
352
352
352
352
352
352
352
352
352
352
352
352
352
377
378
379
379
379
379
379
379
379
379
379
379
379
379
379
379
379
379
379
379
389
398
388
43
43
43
43
43
43
43
43
43
269
269
269
269
269
269
269
174
177
177
177
156
156
156
156
257
257
257
27
27
27
27
263
263
193
193
133
133
133
133
133
32
176
176
267
267
267
267
267
267
267
40
40
40
40
40
40
40
40
40
40
40
40
334
80
80
80
80
343
343
343
343
343
343
343
343
343
343
343
343
343
343
343
343
343
343
343
343
343
343
343
343
343
57
57
57
57
57
57
57
57
57
70
70
70
70
70
70
70
70
70
70
70
70
70
70
70
70
70
70
70
70
70
70
70
70
70
70
70
70
316
316
316
290
132
132
132
132
132
99
25
25
25
79
79
194
194
194
119
119
119
253
253
253
332
332
332
128
128
12
12
12
272
272
272
272
90
90
90
318
318
318
221
88
88
88
88
88
88
87
87
87
87
87
87
282
282
282
282
282
26
26
26
26
327
327
327
397
397
397
395
395
395
196
196
196
89
135
135
135
135
135
265
265
149
312
312
312
30
30
30
30
30
30
30
30
30
30
30
44
11
274
328
328
328
45
306
306
306
387
387
192
192
10
10
10
162
18
18
18
295
295
295
134
134
134
134
134
152
152
95
95
266
266
8
313
313
313
85
85
85
85
85
85
374
374
374
374
374
374
374
374
374
374
374
374
374
374
374
374
374
374
374
374
374
341
341
323
323
323
166
307
307
307
376
311
311
311
215
215
215
281
281
281
281
275
275
324
324
324
13
13
13
330
330
330
344
344
344
344
344
344
344
344
344
344
344
344
344
344
344
344
344
344
344
344
344
344
344
344
344
183
129
388
388
388
22
22
22
59
19
19
19
299
299
299
151
151
151
315
315
315
117
283
294
294
294
268
268
268
268
268
268
268
308
308
308
187
187
33
33
33
33
33
36
36
164
164
168
92
92
92
127
143
195
195
195
46
46
325
325
325
14
14
14
160
297
297
297
120
120
120
137
15
15
15
96
96
96
96
96
96
98
98
98
185
185
58
58
58
58
58
58
58
58
58
58
304
304
304
301
301
301
296
296
296
322
322
322
157
157
157
157
20
20
20
76
76
249
249
389
23
23
23
142
142
142
291
291
38
38
38
38
38
38
38
38
38
38
38
38
333
333
333
252
252
252
338
41
101
158
158
158
29
262
154
155
155
155
155
298
298
298
169
255
255
255
319
319
319
184
300
300
300
347
91
91
91
335
346
346
346
346
346
346
346
346
346
346
346
346
346
346
346
346
346
346
346
346
346
346
346
346
346
16
16
16
273
39
39
39
39
39
39
39
39
39
39
39
39
251
251
251
317
317
317
303
303
303
178
24
24
24
329
329
329
69
69
69
69
69
69
351
351
310
310
310
375
375
375
375
375
375
375
375
375
375
375
375
375
375
375
375
375
375
375
375
375
375
78
78
125
125
125
125
248
254
254
254
292
292
292
118
118
21
21
21
331
331
331
170
170
345
345
345
345
345
345
345
345
345
345
345
345
345
345
345
345
345
345
345
345
345
345
345
345
345
121
121
121
17
17
17
204
72
72
72
93
93
256
256
256
293
293
293
326
326
326
86
86
86
86
86
86
74
74
74
74
386
386
386
348
348
348
348
348
348
348
348
348
348
348
348
348
348
348
348
348
348
348
348
348
260
260
260
260
260
260
396
396
339
339
339
81
305
305
305
314
314
314
9
9
309
309
309
83
83
83
83
75
75
270
270
270
270
270
270
270
153
350
349
141
141
35
35
35
35
35
336
336
336
336
336
336
336
336
336
336
336
336
336
336
336
336
336
336
336
336
336
336
336
186
37
37
37
37
37
37
37
37
37
37
37
37
122
122
122
131
131
71
71
71
71
94
250
250
250
42
42
264
321
321
321
340
340
28
302
302
302
342
342
342
229
130
130
150
172
320
320
320
34
34
114
245
287
4
381
241
