2
3
4
5
6
7
8
9
10
11
12
13
14
15
16
17
18
19
20
21
22
23
24
25
26
27
28
29
30
31
32
33
34
35
36
37
38
39
40
41
42
43
44
45
46
47
48
49
50
51
52
53
54
55
56
57
58
59
44
62
63
64
65
66
67
68
69
70
71
72
73
74
75
76
77
78
79
80
81
82
83
84
85
86
87
88
89
90
91
92
93
94
95
96
97
98
99
100
101
102
103
104
105
106
107
108
109
110
111
112
113
114
115
116
117
118
119
120
121
122
123
124
125
126
127
128
129
130
131
132
133
134
135
136
137
138
139
140
141
142
143
137
145
146
147
148
149
150
151
152
153
154
155
156
157
158
159
160
161
162
163
164
165
166
167
168
169
170
171
172
173
174
175
176
177
178
179
180
181
182
183
184
185
186
187
188
189
190
191
192
193
194
195
196
197
198
199
200
201
202
203
204
205
206
207
208
209
210
211
212
213
214
215
217
219
221
222
223
224
225
226
227
228
229
230
231
232
233
234
235
236
237
238
239
240
241
242
243
244
245
246
247
248
249
250
251
252
253
254
255
256
257
258
259
260
261
262
263
264
265
266
267
268
269
270
271
272
273
274
275
276
277
278
279
280
281
282
283
273
285
286
287
288
289
290
291
292
293
294
295
296
297
298
299
300
301
302
303
304
305
306
307
308
309
310
311
312
313
314
315
316
317
318
319
320
321
322
323
324
325
326
327
328
329
330
331
332
333
334
335
336
337
338
339
340
341
342
343
344
345
346
347
348
349
350
351
352
353
354
355
356
357
358
359
360
361
362
363
364
365
366
367
368
369
370
371
372
373
374
375
376
349
379
380
381
382
383
384
385
386
387
388
389
390
391
392
393
394
395
396
397
398
399
401
10
20
24
22
12
26
16
18
14
209
277
280
279
278
145
276
175
200
198
201
158
157
145
145
280
246
245
5
4
56
145
173
145
196
228
209
139
140
145
138
7
200
198
209
277
280
279
278
145
276
209
39
50
51
49
55
52
54
56
53
145
47
334
101
99
65
64
209
343
355
367
360
366
369
358
363
368
354
359
370
362
373
356
357
361
365
371
364
353
372
145
352
50
51
49
55
52
54
56
48
53
96
83
79
91
86
94
78
90
77
88
93
85
73
98
80
81
92
76
87
95
82
71
72
74
68
67
63
66
288
365
287
288
209
139
140
145
138
65
5
55
4
65
64
196
228
233
139
115
114
246
245
278
373
288
287
173
145
49
5
4
250
256
252
254
67
66
64
288
366
287
236
89
99
84
67
66
64
89
99
84
67
66
64
277
280
279
278
276
5
6
4
56
288
287
370
383
385
384
383
385
384
235
228
233
67
209
139
140
145
138
266
145
145
288
363
287
49
56
48
50
51
55
52
54
53
47
47
5
5
246
288
371
287
5
288
360
287
379
379
229
228
5
4
48
201
5
52
4
288
287
354
209
139
140
145
138
145
145
65
64
173
145
5
288
363
287
89
99
84
67
66
64
355
367
360
366
369
358
363
368
354
359
370
362
373
356
357
361
365
371
364
353
372
342
145
288
368
287
201
288
360
287
352
362
288
287
152
229
145
277
280
279
278
246
243
288
369
287
49
5
4
288
287
372
209
343
355
367
360
366
369
358
363
368
354
359
370
362
373
356
357
361
365
371
364
353
372
145
352
200
145
389
380
400
5
4
54
47
5
52
4
356
288
287
147
145
145
288
364
287
115
276
288
287
354
209
277
280
279
278
145
276
288
361
287
202
203
33
209
175
145
2
35
145
171
201
201
67
66
64
116
138
196
235
228
5
2
288
369
287
50
5
4
201
288
355
287
139
115
114
115
50
5
4
102
97
68
67
66
64
67
66
64
202
203
50
51
49
55
52
54
56
48
53
47
288
287
359
357
288
287
288
355
287
288
368
287
229
145
145
228
5
4
53
99
66
246
245
400
5
4
54
139
140
138
288
287
209
37
50
51
49
55
52
54
56
53
145
47
373
288
287
246
245
278
289
41
100
229
145
228
29
247
147
207
156
205
145
356
288
287
171
279
246
245
288
366
287
185
357
288
287
347
67
66
64
335
209
345
355
367
360
366
369
358
363
368
354
359
370
362
373
356
357
361
365
371
364
353
372
145
352
51
5
4
246
209
39
50
51
49
55
52
54
56
53
145
47
277
246
245
288
365
287
288
358
287
200
5
55
4
288
371
287
68
65
67
63
66
64
288
285
362
288
287
355
367
360
366
369
358
363
368
354
359
370
362
373
356
357
361
365
371
364
353
372
352
65
64
139
140
138
138
246
279
246
245
288
287
353
115
114
5
4
53
288
287
372
171
201
209
345
355
367
360
366
369
358
363
368
354
359
370
362
373
356
357
361
365
371
364
353
372
145
352
115
140
114
51
5
4
205
99
66
64
65
64
280
246
245
288
287
353
288
287
370
89
99
84
67
66
64
75
101
63
64
381
379
379
308
296
322
318
300
306
326
328
314
332
330
312
304
298
310
302
292
294
324
316
320
277
280
279
278
276
276
383
384
339
173
145
65
288
287
359
288
364
287
5
4
288
361
287
68
67
66
64
110
109
209
277
280
279
278
145
276
147
288
288
139
140
209
42
36
145
2
367
366
368
370
362
356
357
355
360
369
358
363
354
359
373
361
365
371
364
353
372
352
352
185
209
37
50
51
49
55
52
54
56
53
145
47
115
140
114
173
145
100
99
65
64
64
277
246
245
35
145
145
288
367
287
340
145
28
288
358
287
341
173
145
145
131
145
147
173
288
367
287
34
145
138
276
352
47
388
145
