2
3
4
5
6
7
8
9
10
11
12
13
14
15
16
17
18
19
20
22
23
24
25
26
27
28
29
30
24
32
33
34
35
36
37
38
39
40
41
42
43
44
45
46
47
48
49
50
51
52
53
54
55
56
57
58
59
60
61
62
63
64
65
66
67
68
69
70
71
68
73
12
11
47
49
48
50
62
51
8
7
43
17
7
3
5
4
10
12
6
11
46
51
44
45
68
69
51
59
62
64
60
61
47
43
52
51
54
24
49
44
48
50
42
53
23
18
16
7
9
3
28
34
24
9
59
54
24
53
34
35
56
26
27
68
54
24
22
24
54
24
22
