2
3
4
5
6
7
8
9
10
8
12
13
14
15
16
17
18
19
20
18
22
23
23
25
26
27
28
29
30
31
32
33
31
35
36
37
38
39
40
41
42
43
44
39
46
47
48
49
50
51
52
53
54
51
58
59
60
61
62
63
64
65
66
67
68
69
70
71
72
73
68
69
77
58
55
58
22
58
22
22
58
74
22
22
22
58
38
37
50
49
50
48
47
35
49
48
47
17
30
58
7
35
26
60
30
58
7
66
65
67
38
37
36
17
59
30
58
17
66
65
67
36
7
68
49
48
47
66
65
67
58
37
68
