1
2
2
2
2
2
2
2
10
11
11
11
11
11
11
11
11
11
11
11
11
11
11
11
11
11
11
11
11
11
11
11
11
11
11
11
11
11
11
11
11
11
11
11
11
11
11
11
11
11
11
11
11
11
11
11
11
11
11
11
11
11
11
11
11
11
11
11
11
11
11
11
11
11
11
11
11
11
11
11
11
11
11
11
11
11
11
11
11
11
11
11
11
11
11
11
11
11
11
11
11
11
11
11
11
11
11
11
11
11
11
11
11
11
58
60
37
37
37
37
37
37
37
37
37
37
37
37
37
37
108
108
95
95
49
56
6
78
78
78
65
65
86
72
72
72
72
72
72
99
80
80
80
80
80
80
80
80
80
87
67
28
35
35
110
5
100
61
61
96
96
54
44
44
44
44
44
44
44
44
44
52
52
52
52
52
52
52
52
73
73
73
73
113
113
82
82
82
82
82
82
82
82
82
82
82
82
98
51
77
77
77
77
114
114
114
114
114
114
57
57
57
57
57
57
57
74
74
74
74
64
92
34
106
55
62
30
93
94
94
29
32
32
32
32
59
83
27
112
69
48
50
31
41
41
41
41
41
41
45
84
101
101
101
101
101
101
101
101
101
36
36
36
76
76
76
76
76
76
76
76
42
42
42
42
42
42
42
42
42
68
68
91
109
33
89
89
89
89
90
90
79
79
79
103
104
71
71
71
107
107
111
85
70
70
66
66
66
53
53
53
53
102
116
116
116
116
8
8
75
75
75
75
75
81
81
43
97
97
97
97
97
97
97
88
88
88
88
88
88
88
105
3
13
