2
3
4
5
6
7
8
9
10
11
12
13
14
15
16
17
18
19
20
21
22
23
24
25
26
27
28
29
30
31
32
33
34
35
36
37
38
39
40
41
42
43
44
45
46
47
48
49
50
51
52
53
54
55
56
57
58
59
60
61
62
63
64
65
66
67
68
69
70
71
72
73
74
75
76
77
78
79
80
81
82
83
84
85
86
87
88
89
90
91
92
93
94
95
96
97
98
99
100
101
102
103
104
105
106
107
108
109
110
111
112
113
114
115
116
117
118
119
120
121
122
123
124
125
126
127
128
129
130
131
132
133
134
135
136
137
138
139
140
141
142
143
144
145
146
147
148
149
150
151
152
153
154
155
156
157
158
159
160
161
163
165
167
169
171
173
175
177
179
181
183
185
187
188
189
190
191
192
193
194
195
196
197
198
199
200
201
202
203
204
205
206
207
208
209
210
211
212
214
215
216
217
218
219
220
221
222
223
224
225
226
89
22
27
109
82
86
18
155
49
11
18
112
199
6
19
26
26
56
84
112
49
28
55
15
16
88
24
23
112
16
18
85
112
90
19
58
53
37
62
7
8
21
215
49
19
216
76
24
112
199
16
160
112
18
45
21
215
201
202
200
199
18
91
216
217
19
26
54
37
62
7
8
50
19
27
22
29
86
84
27
18
28
206
2
87
24
23
112
62
58
155
108
16
18
62
55
73
221
72
216
217
49
25
18
18
24
20
3
17
16
22
23
199
112
17
112
24
112
199
201
202
200
16
18
91
220
16
19
21
215
18
208
2
27
17
112
24
201
20
202
200
112
199
18
25
26
16
18
19
6
26
27
49
41
88
200
199
44
16
22
55
15
16
19
155
18
112
112
112
194
194
215
112
112
2
2
2
112
112
199
112
112
112
2
2
112
49
49
49
28
49
