1
2
2
2
2
2
2
2
10
11
12
12
12
12
12
12
15
16
17
18
1
23
23
23
27
11
28
28
28
28
28
28
28
28
28
28
28
28
28
28
28
28
28
31
32
34
35
36
37
38
38
39
40
45
18
43
42
41
11
61
61
61
61
61
61
15
16
17
18
11
72
72
72
72
72
72
15
16
17
18
1
83
83
83
87
1
88
88
89
11
92
92
92
92
92
92
15
16
17
18
1
103
103
103
107
1
108
108
108
108
108
108
108
116
1
117
117
117
117
117
117
117
125
11
126
126
126
126
126
126
126
39
42
43
18
66
94
132
95
39
33
26
26
18
76
63
17
30
44
41
97
34
14
129
98
42
67
37
31
45
65
78
133
75
15
35
77
106
106
43
36
131
96
128
16
130
38
74
40
32
86
86
64
89
89
89
91
91
91
56
46
47
48
49
51
79
