2
3
4
5
6
7
8
9
10
11
12
13
14
15
16
17
18
19
20
21
22
23
24
25
26
27
28
29
30
31
32
33
34
35
36
37
38
39
40
41
42
43
44
45
46
47
48
49
50
51
52
53
54
55
56
57
58
59
60
61
62
63
64
65
66
67
68
69
70
71
72
73
74
75
76
77
78
79
80
81
82
83
84
85
86
87
88
89
90
91
92
93
94
95
96
97
98
99
100
101
102
103
104
105
106
107
108
109
110
111
112
113
114
115
116
117
118
119
120
121
122
123
124
125
126
127
128
129
130
131
132
133
134
135
136
137
138
139
140
141
142
143
144
145
146
147
148
149
150
151
152
153
154
155
156
157
158
159
160
161
162
163
164
107
70
69
7
5
32
124
155
36
144
149
161
162
2
36
37
13
139
148
70
149
69
59
5
89
107
3
14
107
80
81
69
29
136
124
120
119
138
66
107
23
13
100
20
69
33
35
30
70
69
5
8
67
72
71
95
92
94
59
60
3
89
2
67
93
153
149
94
69
36
157
96
49
59
7
5
3
62
89
2
97
135
28
124
80
81
69
2
20
156
27
118
124
129
123
122
108
115
116
2
2
80
81
69
122
45
46
40
36
16
11
9
12
122
66
68
137
2
107
119
139
122
108
115
121
116
2
80
81
69
32
5
155
2
2
126
67
93
153
149
69
157
96
95
49
37
59
58
5
8
62
89
2
97
108
115
116
2
33
34
30
99
152
111
117
127
120
128
121
119
125
118
126
124
129
112
113
114
126
127
108
126
80
81
69
159
119
158
67
96
149
59
62
89
97
98
98
99
100
31
24
33
22
38
34
35
16
18
17
14
13
12
19
15
8
10
12
68
137
66
62
2
107
155
144
124
120
128
116
119
2
2
31
153
144
122
108
122
139
136
135
108
119
2
2
32
33
34
35
67
93
153
149
94
69
157
96
49
59
60
7
61
5
3
62
89
2
97
25
40
12
12
15
3
33
124
151
150
26
124
108
4
12
15
2
124
120
128
115
119
2
2
138
145
118
113
160
44
25
46
38
40
36
18
17
9
13
12
36
37
13
15
10
3
12
7
161
162
67
149
94
69
23
141
96
59
7
5
3
62
4
89
2
97
9
67
6
155
67
93
153
149
94
69
157
49
96
59
58
7
5
3
62
89
2
97
37
9
20
17
44
25
18
17
9
12
19
15
2
98
99
100
134
139
133
132
123
134
145
133
132
109
118
108
2
2
2
57
107
32
9
12
