2
3
4
5
6
7
8
9
10
11
12
13
16
17
18
19
20
21
22
23
24
25
26
27
28
29
30
31
32
33
34
35
36
37
38
39
40
41
24
30
45
46
34
36
35
50
51
52
53
54
55
56
57
58
59
60
61
62
63
64
65
66
67
68
69
70
71
72
73
74
75
76
77
65
79
68
69
70
82
83
84
85
86
87
88
89
90
91
92
93
94
95
96
97
98
100
101
102
103
104
105
106
107
108
109
110
111
112
113
116
117
118
119
120
121
122
123
124
125
126
127
128
129
130
131
132
133
134
135
136
137
138
139
140
141
142
143
144
145
146
147
148
149
150
151
152
153
155
156
157
158
159
160
161
162
163
164
165
166
167
168
163
170
171
158
159
174
175
154
143
154
107
163
34
157
159
156
36
75
88
65
56
139
154
149
72
65
66
3
101
102
87
84
100
100
101
144
13
145
3
14
139
89
85
87
90
88
86
64
66
141
71
68
73
21
28
63
63
31
38
157
158
156
65
2
2
35
32
25
23
24
18
17
124
89
88
36
70
74
69
75
157
158
63
25
22
77
66
65
142
150
7
144
113
145
101
103
102
114
87
84
100
100
3
65
120
141
154
72
65
66
157
158
159
16
126
127
124
129
150
3
22
42
68
72
64
66
88
139
25
23
21
29
20
28
27
22
24
18
19
42
2
2
36
21
29
25
26
20
19
101
124
129
163
38
34
157
156
3
56
55
101
103
101
123
3
56
55
16
150
21
29
64
65
66
56
55
83
16
16
83
155
68
21
28
63
35
32
25
23
24
18
17
27
42
65
88
56
55
55
16
72
65
66
77
65
158
156
139
163
34
157
36
163
70
74
69
75
34
157
158
31
38
157
158
156
22
42
36
21
29
68
73
21
