1
2
2
2
2
2
2
2
2
2
11
12
2
14
14
14
14
14
14
14
14
14
14
14
14
10
28
29
29
29
29
29
29
29
29
29
29
29
29
29
29
29
29
29
29
29
29
29
29
29
29
29
29
29
29
29
29
29
38
61
39
63
40
65
29
67
50
70
71
71
71
71
71
71
71
71
71
81
82
82
82
82
82
82
82
82
82
82
82
82
82
82
82
82
82
82
82
82
82
82
82
82
82
82
82
82
82
82
82
82
82
82
82
82
82
82
82
82
103
124
125
125
125
125
125
125
125
125
125
125
125
125
125
125
125
125
125
125
125
125
125
125
125
125
125
125
125
125
125
125
125
125
125
125
125
125
125
125
125
125
125
125
125
125
125
125
125
125
125
125
125
125
125
125
125
125
125
125
125
125
125
125
125
125
125
132
191
125
193
193
193
144
197
125
199
199
125
202
202
202
202
145
207
207
146
210
210
147
213
213
148
216
216
149
219
152
221
154
223
156
225
125
227
227
227
227
231
231
231
231
233
236
227
238
238
238
238
238
238
167
245
168
247
125
249
125
251
251
125
254
254
254
254
254
125
260
125
262
125
264
264
125
267
267
267
267
267
273
201
275
158
260
238
262
231
145
145
37
37
37
37
37
37
37
147
147
115
115
115
115
116
116
116
116
39
153
153
153
114
114
114
114
184
220
212
165
165
209
49
36
36
36
36
36
36
36
10
10
10
10
10
10
10
10
10
10
102
102
102
102
102
102
149
149
144
144
144
144
144
189
168
168
111
111
111
113
113
113
174
57
146
146
40
159
186
272
272
272
198
38
158
182
22
22
46
97
97
97
97
97
97
164
164
164
164
228
228
228
234
45
45
45
45
45
110
110
66
118
118
118
150
150
64
224
148
148
148
101
101
101
101
101
112
112
112
112
206
47
117
117
117
117
122
122
122
122
122
122
151
151
233
51
51
51
51
51
51
244
244
244
35
35
35
35
35
35
35
34
34
34
34
34
34
34
52
52
52
52
52
156
226
256
103
103
103
103
103
103
50
50
50
50
50
50
50
105
54
196
196
196
195
177
96
96
96
96
96
96
154
154
218
218
218
242
242
242
180
108
108
95
95
95
95
95
95
95
95
95
33
33
33
33
33
33
33
185
271
271
271
53
53
53
53
53
32
32
32
32
32
32
55
183
190
190
42
42
42
42
42
42
42
139
176
48
187
119
119
119
24
62
43
43
43
43
43
43
167
167
41
41
41
41
41
41
41
41
41
100
161
161
161
161
161
161
161
161
161
161
152
152
44
44
44
44
44
44
44
104
104
104
104
104
257
120
120
120
143
80
181
175
98
98
98
98
98
98
99
99
99
99
99
99
99
23
23
23
23
23
23
23
23
23
23
109
109
109
109
166
166
166
140
141
141
141
141
135
135
134
134
128
72
136
136
133
133
129
274
123
123
123
69
