2
3
4
5
6
8
9
10
11
12
13
14
15
16
17
18
19
20
21
22
23
24
25
26
27
28
29
30
31
32
33
34
35
36
37
38
39
40
41
42
43
44
45
46
47
48
49
50
51
52
53
54
55
56
57
58
59
60
61
62
63
64
65
66
67
68
69
70
71
72
73
74
75
76
77
78
79
80
81
82
83
84
85
86
87
88
89
90
91
92
93
94
95
96
97
98
99
100
101
102
103
104
105
106
107
108
109
110
111
112
113
114
115
116
117
118
119
120
121
122
123
124
125
126
127
128
129
130
131
132
133
134
135
136
137
138
139
140
141
142
143
144
145
146
147
148
149
150
151
152
153
154
155
156
157
158
159
160
161
162
163
164
165
166
167
168
169
170
171
172
173
174
175
176
177
178
179
180
181
182
183
184
185
186
187
188
189
190
192
193
192
195
196
197
198
199
200
201
202
203
204
205
206
207
208
209
210
211
212
213
214
215
216
217
218
219
220
221
222
223
224
225
226
227
228
229
230
231
232
233
234
235
236
237
238
239
240
241
242
243
244
245
246
247
248
249
250
251
242
253
254
243
256
259
260
261
262
263
264
265
266
267
268
269
270
271
272
273
274
275
276
277
278
279
280
281
282
283
284
285
286
287
288
289
290
291
292
293
294
295
296
297
298
299
300
301
302
303
304
305
306
307
308
309
310
311
312
313
314
315
316
317
318
319
320
321
322
323
324
325
326
327
328
329
330
331
332
333
334
335
336
337
338
339
340
341
342
343
344
345
346
347
348
349
350
351
352
353
354
355
356
357
358
359
360
361
362
363
364
365
366
367
368
369
370
371
372
41
56
333
111
265
260
264
280
276
131
202
167
12
15
40
42
125
324
331
261
276
107
276
50
168
14
12
309
40
50
123
55
278
111
262
281
280
276
39
278
225
202
201
214
204
207
199
206
203
200
257
102
109
111
116
100
276
121
48
326
338
339
109
278
276
267
241
238
326
338
339
109
278
276
267
151
160
166
14
10
12
13
9
15
321
40
114
323
276
59
121
127
125
367
294
40
342
344
283
282
277
357
70
73
85
65
71
79
76
39
276
13
132
315
40
121
122
124
52
277
280
357
316
287
276
48
243
257
257
289
267
121
17
157
14
40
307
40
343
40
152
121
122
121
121
301
113
290
111
278
265
264
268
276
353
210
57
270
271
347
359
359
208
257
299
277
357
265
268
109
276
47
289
265
266
121
367
366
368
289
346
265
58
121
121
268
122
371
311
312
278
279
271
365
44
128
46
314
267
238
257
111
276
304
40
51
103
307
40
295
40
43
121
13
342
283
282
260
264
52
40
120
45
308
40
36
32
46
14
313
278
268
47
214
342
40
120
158
12
120
120
59
129
158
12
58
49
32
279
365
264
269
130
208
128
39
121
263
260
121
121
214
39
56
121
94
318
111
293
96
317
362
322
320
92
98
358
365
54
55
109
291
292
121
44
244
257
257
43
121
45
345
40
267
129
129
302
40
257
257
268
126
121
305
40
235
200
257
237
122
289
265
123
121
131
299
277
357
121
227
257
121
11
15
31
32
121
132
229
215
202
205
213
234
210
41
40
259
211
257
257
140
120
278
302
301
113
290
278
265
264
268
276
353
124
39
279
276
53
130
33
120
268
57
121
366
12
120
49
289
111
268
267
121
127
33
145
121
39
211
230
215
202
209
203
276
39
358
53
121
289
267
12
120
268
276
278
121
301
298
300
342
296
109
105
111
106
336
100
283
260
276
266
263
262
278
281
265
282
264
268
267
271
102
116
266
276
302
40
202
201
3
242
257
257
289
370
325
372
371
84
306
278
279
276
365
198
207
206
121
289
265
54
109
276
198
204
206
51
121
157
12
310
40
358
319
109
278
276
126
300
290
278
264
368
39
257
29
31
257
257
120
257
347
357
259
365
257
257
257
257
207
257
242
243
243
214
39
76
244
202
257
