2
3
4
5
6
7
8
9
10
11
12
13
14
15
16
17
18
19
20
21
22
24
25
26
27
28
29
30
31
32
33
34
35
36
37
38
39
40
41
42
43
44
45
46
47
48
49
50
51
52
53
54
55
56
57
58
59
60
61
62
63
64
65
66
67
68
69
70
71
72
73
46
26
25
28
27
28
46
45
47
44
48
71
46
45
47
44
48
26
25
28
27
21
26
25
28
27
24
46
45
5
45
25
26
4
48
3
46
45
47
44
48
48
69
26
25
28
27
21
47
21
17
21
18
44
44
72
46
45
43
44
48
64
19
26
25
28
27
20
71
64
64
47
27
69
21
26
25
28
27
64
71
44
64
