1
2
2
2
2
2
2
2
2
2
2
2
2
2
2
2
2
2
2
2
2
2
2
2
2
2
2
2
2
2
2
31
33
31
34
37
38
38
38
38
38
38
38
38
38
38
38
38
38
38
38
38
38
38
38
38
38
38
38
38
40
64
65
65
65
65
65
65
65
65
65
65
65
65
65
65
65
65
65
65
65
65
65
65
65
65
65
65
65
65
75
94
96
88
98
65
100
65
102
65
104
65
106
65
108
69
1
111
111
111
111
111
111
111
111
111
111
111
111
111
111
111
119
120
125
119
1
133
133
133
133
133
133
133
133
133
133
133
133
145
145
145
145
145
145
145
145
145
154
155
154
158
159
159
159
159
159
159
159
159
159
159
159
159
159
159
159
164
1
176
176
176
176
176
176
176
176
176
176
176
176
176
176
176
176
176
176
176
176
176
176
176
176
176
176
176
190
190
206
189
37
208
208
208
208
208
208
208
208
208
208
208
69
221
222
223
223
223
223
223
228
228
222
231
231
231
234
236
231
223
32
226
13
13
55
125
125
125
187
187
187
187
187
187
151
151
151
20
20
93
30
30
210
210
210
210
210
210
210
22
22
22
173
17
17
17
45
56
56
10
10
156
156
156
156
156
156
156
156
47
47
233
19
19
27
27
27
72
70
185
185
185
185
95
14
14
46
46
121
43
212
44
188
188
188
21
21
21
53
163
163
163
169
194
25
25
25
170
235
57
57
167
229
31
31
31
28
28
87
166
189
189
189
189
189
189
189
189
150
230
86
211
122
119
58
165
165
165
11
11
152
172
26
26
49
9
9
9
9
52
120
120
120
190
190
190
190
190
190
190
184
184
184
184
184
54
23
23
23
143
143
143
18
18
74
74
12
12
195
24
24
24
186
186
186
186
77
213
213
213
29
29
142
142
142
142
142
142
142
16
16
50
88
88
171
144
144
144
92
118
118
118
118
141
141
141
141
141
15
15
89
164
164
164
51
153
153
153
153
227
83
69
69
69
69
69
69
69
48
40
40
148
110
110
220
220
63
63
175
175
132
35
35
35
204
204
205
129
129
