1
2
2
2
2
2
2
2
10
9
12
13
13
13
13
13
13
13
13
13
16
1
24
24
7
1
28
28
28
28
28
28
28
28
28
38
9
9
12
41
41
41
41
41
41
41
41
41
41
41
41
41
55
56
56
56
56
56
56
56
56
56
56
56
56
56
56
56
56
56
56
56
56
56
56
56
72
73
1
82
82
82
82
82
7
1
89
89
89
89
89
89
89
89
89
89
89
89
89
89
89
89
89
104
55
108
108
108
108
108
108
108
108
117
110
1
119
119
119
119
119
119
119
119
119
119
119
119
119
119
119
119
119
119
119
119
119
119
119
119
119
119
119
144
143
1
149
149
149
149
149
149
149
149
149
149
149
160
143
1
163
163
163
163
168
101
1
170
170
170
170
170
174
175
82
24
70
70
70
70
133
153
135
71
85
85
85
129
159
159
136
52
154
25
77
155
142
87
7
7
7
115
139
112
26
46
46
46
46
86
131
9
9
9
138
53
53
53
100
100
157
78
78
103
103
160
8
141
101
101
101
101
101
101
101
101
101
51
51
51
74
74
74
74
166
166
152
14
14
137
72
72
72
72
72
72
72
72
72
72
72
72
72
72
72
72
72
50
36
36
36
36
36
140
49
49
49
104
104
104
104
106
130
156
175
116
134
102
73
73
73
73
45
45
47
47
132
173
173
66
110
109
169
80
80
80
81
81
81
118
11
11
39
39
39
39
39
88
88
88
88
27
27
27
27
40
40
40
40
