1
2
2
2
2
2
2
2
2
2
2
2
2
2
2
2
2
2
2
2
2
2
2
2
2
2
2
2
2
2
2
2
2
2
2
2
2
2
2
2
2
2
2
2
2
2
2
2
2
2
2
2
2
2
2
2
2
2
2
2
2
2
2
2
2
2
2
2
2
2
2
2
2
2
2
2
2
2
2
2
2
2
2
2
2
2
2
2
2
2
2
2
2
2
2
2
2
2
2
2
2
2
2
2
2
2
2
2
2
2
2
2
2
2
2
2
2
2
2
2
2
2
2
2
2
2
2
2
2
2
2
2
2
2
2
2
2
2
2
2
2
2
2
2
2
2
2
2
2
2
2
2
2
2
2
107
158
159
159
159
159
159
159
159
159
38
169
170
170
170
170
170
170
170
170
170
170
170
170
170
170
170
170
170
170
170
170
170
170
73
151
187
83
83
83
83
83
83
83
83
83
85
85
85
87
87
87
87
92
150
21
21
21
136
136
136
44
44
51
51
123
145
141
90
90
90
90
90
90
90
90
90
58
58
58
58
71
95
55
55
35
86
70
70
70
24
122
77
77
77
77
77
77
77
77
77
77
77
114
114
68
68
189
53
131
64
64
64
102
101
101
101
63
63
36
130
144
37
37
37
37
40
128
129
61
61
61
61
79
79
52
52
137
109
109
109
109
127
45
45
45
45
45
188
188
188
188
188
188
188
188
188
188
188
78
78
78
78
78
78
78
78
78
82
82
50
50
50
50
48
48
107
107
107
107
107
107
107
107
107
107
110
110
110
110
110
138
54
54
112
112
112
112
96
47
47
116
118
118
118
72
93
121
56
18
18
119
119
119
119
119
119
119
119
100
100
100
100
100
100
113
113
113
113
113
91
91
62
62
139
38
38
38
38
38
38
38
38
38
38
38
75
98
88
81
81
81
81
81
81
81
81
81
69
69
42
94
94
67
67
67
67
80
80
80
80
80
80
80
80
84
60
60
66
66
120
27
156
156
156
49
49
49
106
124
59
22
22
22
22
22
22
22
22
22
22
25
190
154
143
125
99
99
104
104
104
191
191
191
191
191
191
191
191
191
191
191
191
103
103
103
103
103
103
103
103
153
20
20
20
32
19
19
19
117
57
57
57
57
97
65
65
166
166
166
166
166
166
23
23
23
23
23
46
89
89
76
142
152
152
152
152
152
155
155
172
3
157
168
192
