2
3
4
5
6
7
8
9
10
11
12
13
14
15
16
17
18
19
20
21
22
23
24
25
26
27
28
29
30
31
32
33
34
35
36
37
38
39
40
41
42
43
44
45
46
47
48
49
50
51
52
53
54
55
56
57
58
59
60
61
62
63
64
65
66
67
68
69
70
71
72
73
74
75
76
77
78
79
80
81
82
83
84
85
86
87
88
89
90
91
92
93
94
95
96
97
98
99
100
101
102
103
104
105
106
107
108
109
110
111
112
113
114
115
116
117
118
119
120
121
122
123
124
125
126
127
128
129
130
131
132
133
134
135
136
137
138
139
140
141
142
143
144
145
146
147
148
149
150
151
152
153
154
155
156
157
159
160
161
162
163
164
165
166
167
168
170
171
172
173
174
175
176
177
178
179
180
181
182
183
184
185
186
187
188
189
190
191
192
69
6
170
151
35
124
115
126
11
7
12
3
38
9
4
56
115
7
3
22
4
11
4
10
151
35
4
14
4
113
52
7
4
80
84
81
113
87
123
22
25
11
17
151
35
56
113
4
95
47
6
11
85
125
126
14
6
6
69
76
125
114
64
115
74
11
4
10
15
131
73
125
14
173
54
15
56
125
7
7
58
89
123
65
11
11
15
4
150
38
6
8
126
5
4
56
125
118
6
80
12
55
4
137
6
7
17
4
5
122
58
113
115
7
177
180
185
178
179
174
182
184
176
181
183
84
81
113
87
123
22
25
11
17
82
4
151
35
113
49
47
4
122
156
56
145
115
83
79
144
13
11
69
116
106
10
15
41
113
55
124
115
4
2
51
151
35
70
76
6
4
71
90
7
52
11
10
76
124
114
61
74
11
10
15
113
6
7
4
10
2
122
150
37
6
4
113
22
35
11
139
21
35
124
114
44
9
11
4
8
5
10
101
58
97
84
82
155
113
123
25
11
17
3
125
14
126
90
115
35
100
2
2
151
35
124
115
126
11
7
3
9
59
106
77
74
10
6
35
156
4
46
6
4
13
11
12
122
35
27
124
125
37
47
113
11
3
10
173
4
16
4
35
3
90
6
7
185
179
174
184
176
172
181
177
175
178
182
183
58
123
115
145
106
144
13
3
4
38
116
2
4
38
116
2
4
46
6
11
4
95
119
74
164
165
162
163
161
160
35
124
47
11
3
35
58
115
4
16
152
151
35
150
4
155
4
170
2
56
162
181
