1
2
2
2
2
2
2
2
2
2
2
2
2
2
2
2
2
2
2
2
2
2
2
2
2
2
2
2
2
2
2
2
2
2
2
2
2
2
2
2
2
2
2
2
2
2
2
2
2
2
2
2
2
2
2
2
2
2
2
2
2
2
2
2
2
2
2
2
2
2
2
2
2
2
2
2
2
2
2
2
2
2
2
2
2
21
91
92
92
92
92
92
92
92
92
92
92
92
92
92
92
92
92
92
92
92
92
92
92
92
92
92
110
118
110
120
112
122
124
125
126
127
127
127
127
127
127
127
127
127
127
127
127
127
127
127
127
127
127
127
127
127
127
127
127
127
127
127
127
127
127
127
127
127
127
127
127
127
127
127
127
127
127
127
127
127
127
127
127
127
127
127
127
127
127
127
127
127
127
127
127
127
127
127
127
127
127
127
127
127
127
127
127
127
127
127
127
127
127
127
127
127
127
127
127
127
127
127
127
127
127
127
127
127
127
127
127
127
127
127
127
127
127
127
127
127
127
127
127
127
127
127
127
127
127
127
127
127
127
127
127
127
127
127
127
127
127
127
127
127
127
127
127
127
127
127
127
127
127
127
127
127
127
127
127
127
127
127
127
127
127
127
127
127
127
127
127
127
127
127
127
127
127
127
127
127
127
127
127
127
127
127
127
127
127
127
127
127
127
127
127
127
127
127
127
127
127
127
127
127
127
127
127
127
127
127
127
127
127
127
127
127
127
127
127
127
127
127
127
127
127
127
127
127
127
127
127
127
127
346
346
347
348
348
348
348
348
348
348
348
348
348
348
348
348
348
348
348
348
348
348
348
348
348
348
348
348
348
348
348
348
348
348
348
348
348
348
348
348
348
348
348
348
348
348
348
348
348
348
348
348
348
348
348
348
348
348
348
348
348
348
348
348
348
348
348
348
348
348
348
348
348
348
348
348
348
348
348
348
348
348
348
348
348
348
348
348
348
348
348
348
348
348
348
348
348
348
348
348
348
348
348
348
348
348
348
348
348
348
348
348
348
348
348
348
348
348
348
348
348
348
348
348
348
348
348
408
473
408
475
408
477
408
479
408
481
408
483
408
485
408
487
408
489
408
491
491
491
491
410
496
496
438
499
410
502
503
503
503
503
503
503
503
503
503
503
503
503
509
516
503
518
518
518
518
518
524
524
524
524
524
524
525
526
347
528
528
528
532
91
533
533
533
533
533
533
533
533
533
533
533
533
533
533
533
533
533
533
533
533
533
533
556
556
557
558
558
558
558
558
558
558
558
558
558
558
558
558
558
558
558
558
558
558
558
558
558
558
558
558
558
558
558
558
558
558
558
558
558
558
558
558
558
558
558
558
558
558
558
558
558
558
558
558
558
558
558
558
558
558
558
558
558
558
558
558
558
558
558
558
558
558
558
558
558
558
558
558
558
558
558
558
558
558
558
558
558
558
558
558
558
558
558
558
576
648
648
590
651
651
651
651
651
651
605
658
622
660
628
662
91
664
664
664
664
664
664
664
664
664
664
664
664
664
664
664
664
664
664
664
664
664
664
664
664
664
664
664
664
664
664
664
664
126
697
697
697
697
697
697
697
697
697
697
697
697
697
697
697
697
697
697
697
697
697
697
697
697
697
697
697
697
697
697
697
697
697
697
697
697
697
697
697
697
697
697
697
697
697
697
697
697
697
697
697
697
697
697
697
697
697
697
697
697
697
697
697
697
697
697
764
91
765
765
765
765
765
765
765
765
765
765
765
765
765
765
765
765
765
765
765
765
765
765
765
765
765
765
765
765
765
765
765
795
797
797
765
800
800
765
803
803
803
803
803
803
803
809
811
811
809
814
817
818
765
765
821
765
22
91
824
824
91
827
827
827
827
827
827
834
834
834
834
834
834
834
126
835
835
837
837
91
840
840
840
840
840
840
840
840
840
840
840
840
853
854
855
855
855
855
855
855
855
856
857
857
857
857
857
857
857
857
857
857
857
857
857
857
857
857
857
857
857
857
857
857
857
857
857
857
857
857
857
887
888
888
888
888
888
891
91
895
895
895
895
895
895
902
903
903
903
903
903
903
903
903
903
903
903
903
903
903
903
903
903
903
914
922
922
903
925
925
925
925
925
925
925
925
925
925
925
925
925
925
925
925
925
925
925
925
925
925
925
925
950
951
951
951
951
951
951
951
951
951
951
951
951
951
951
951
951
951
951
951
951
951
951
951
951
951
951
951
951
951
951
951
951
951
951
951
951
951
951
951
951
951
951
951
951
951
951
951
951
951
951
951
951
951
951
951
951
951
951
951
951
951
951
951
951
951
951
951
951
951
951
951
951
951
951
951
951
951
951
951
951
951
951
951
951
951
951
951
951
951
951
951
951
951
951
951
951
951
951
951
951
951
951
951
951
951
951
951
951
951
21
91
1065
1065
1065
1065
1071
765
320
204
291
1030
1030
1030
1030
1030
1054
825
825
825
825
825
825
825
825
825
825
825
825
825
825
868
467
269
623
623
623
623
786
786
228
282
411
920
920
920
112
112
112
112
112
112
112
112
112
578
578
578
110
110
110
110
110
110
110
110
110
110
110
110
110
110
110
110
110
110
110
110
110
110
110
110
110
110
211
500
500
691
422
1019
913
913
913
913
913
913
913
236
638
806
806
600
600
1031
1031
1031
678
24
24
41
435
435
435
435
435
435
435
435
435
435
435
435
435
435
435
435
435
435
435
435
435
435
869
935
747
747
314
268
415
415
415
415
415
415
582
582
582
582
582
582
582
582
582
582
582
281
341
449
42
42
900
1009
434
1020
439
439
439
439
64
876
876
876
214
426
808
808
808
808
808
808
1014
689
872
872
872
872
872
872
872
1045
221
656
656
656
656
656
934
275
240
79
79
342
606
18
406
877
287
272
1059
1059
1016
212
65
65
251
433
1021
293
1055
432
249
202
248
596
596
336
51
51
51
634
634
226
1017
884
1001
225
630
630
630
630
630
630
945
16
16
16
675
340
462
679
949
1006
639
294
921
224
873
873
873
873
873
409
409
409
409
409
1033
1033
636
661
661
210
577
577
298
646
77
77
44
44
469
874
874
874
874
874
879
879
321
682
222
785
595
621
621
621
693
867
833
833
833
833
1011
870
1036
1043
319
1032
1032
580
580
71
509
509
509
509
509
509
509
1048
412
412
412
412
412
412
412
412
412
412
412
412
412
1000
676
48
48
890
890
1023
514
749
1050
784
216
220
619
619
619
244
598
598
663
315
584
1012
642
551
551
551
551
551
551
551
296
583
583
583
583
809
809
809
809
437
437
437
304
35
35
552
552
313
458
416
309
205
421
421
421
421
421
421
421
421
421
742
677
453
989
510
423
695
695
695
866
866
866
866
866
866
866
866
866
866
866
866
866
866
866
866
866
292
613
657
657
657
1049
626
626
626
626
688
429
585
585
585
585
585
256
993
993
232
436
436
436
436
436
436
405
611
72
203
57
799
76
76
252
58
1002
290
587
444
444
981
981
981
981
981
981
981
981
981
981
981
981
981
981
981
981
1026
789
1044
810
810
810
586
414
899
47
47
1005
588
986
424
424
1041
219
635
53
53
53
255
915
915
915
915
915
915
915
915
915
239
407
529
529
529
529
529
992
994
1038
49
49
49
999
43
43
428
875
875
875
1024
794
794
794
794
794
206
233
242
515
515
515
111
111
628
659
837
837
837
837
837
837
837
837
837
837
837
837
837
837
837
939
940
29
29
311
1027
832
832
832
832
17
17
17
17
17
17
17
17
17
17
17
17
17
17
17
17
17
17
17
783
783
783
783
783
783
783
783
783
783
783
783
783
783
783
325
755
1018
878
878
878
793
793
793
45
45
579
285
81
81
1042
277
593
215
456
456
979
979
979
338
645
237
264
69
615
997
831
831
831
831
831
831
831
831
831
831
831
831
78
78
230
19
46
46
610
610
610
610
610
610
610
610
610
610
610
610
610
610
610
610
610
466
343
459
521
521
60
490
446
549
549
549
549
549
549
549
549
549
549
549
549
549
549
549
549
549
549
549
549
549
549
549
549
627
627
627
892
892
892
892
892
892
892
50
50
50
1004
261
594
594
629
629
629
946
297
886
303
465
61
607
27
27
919
919
452
530
530
530
530
530
530
1013
28
28
987
590
34
34
59
430
914
914
914
914
743
1056
686
425
685
1039
523
30
30
438
438
438
438
438
438
438
438
438
438
438
438
438
438
438
438
438
231
601
601
305
278
1007
279
289
441
441
441
441
441
441
441
441
441
441
441
441
441
441
441
253
250
335
80
80
26
26
36
36
322
631
631
631
22
22
22
22
681
413
744
1053
883
883
25
25
234
328
55
55
302
460
331
788
788
633
262
62
947
82
301
683
511
795
795
942
644
612
612
612
882
882
882
83
471
597
597
507
507
507
508
508
508
508
508
227
696
696
696
696
696
917
917
443
443
923
923
20
20
20
457
457
470
283
741
273
616
265
576
576
576
576
576
229
680
243
805
805
998
885
266
330
880
1066
52
52
52
1034
1034
996
121
983
936
1028
332
608
608
608
608
608
608
608
608
608
608
403
403
403
403
403
403
403
403
403
403
403
403
403
403
403
403
403
403
403
403
403
403
403
403
403
403
403
403
403
403
403
403
403
403
403
403
403
403
403
403
403
403
403
403
990
235
1058
1058
63
258
267
622
637
345
1003
263
339
254
450
455
308
603
603
826
826
826
826
826
826
826
826
826
826
826
826
826
826
826
826
690
408
408
408
408
408
408
408
408
408
408
408
408
408
408
408
408
408
408
408
408
408
408
408
408
408
408
408
408
408
408
408
408
408
408
408
408
408
408
408
408
408
408
408
408
408
408
408
408
318
684
448
991
21
21
21
21
21
21
271
581
575
575
985
640
740
113
113
113
796
66
217
609
609
609
1015
625
937
276
410
410
410
410
494
494
494
617
918
918
918
464
943
995
310
591
591
1046
280
15
15
15
323
419
419
223
259
326
286
632
632
632
632
912
912
1052
589
893
893
893
893
893
893
893
893
893
295
618
618
618
1022
344
602
602
871
871
871
871
871
871
871
871
871
871
871
984
599
599
791
791
791
791
791
791
791
300
73
257
317
901
454
454
614
614
85
85
288
802
802
802
802
1035
31
31
324
1010
420
420
643
440
440
440
440
440
440
440
440
440
440
440
440
218
938
463
941
1057
624
624
624
329
337
988
1040
270
299
334
787
787
445
445
445
948
327
944
1051
1029
333
694
247
417
417
68
752
1008
84
84
517
641
316
312
213
431
260
404
404
307
23
23
245
647
37
37
70
246
306
241
790
604
604
604
605
442
442
442
238
522
522
522
208
980
980
980
274
760
881
881
461
447
550
550
550
550
550
550
550
550
550
550
550
982
982
982
1025
209
620
620
620
807
807
807
807
807
807
898
468
451
1047
54
54
592
427
472
32
32
692
792
792
792
1037
38
38
836
836
33
33
513
284
207
67
687
418
418
561
725
889
773
864
542
655
129
129
541
570
14
728
778
135
724
538
108
144
906
906
105
95
804
540
547
130
130
6
104
133
103
385
978
102
539
176
769
830
4
352
532
532
532
532
532
532
838
839
501
501
524
524
524
1060
1060
1060
1060
1060
1060
1060
1060
1060
1060
1060
86
86
86
86
86
86
86
86
86
86
86
86
1061
1061
1061
1061
1061
87
87
87
87
87
818
818
818
818
819
819
819
819
820
820
821
821
821
821
822
822
822
822
822
823
823
