2
3
4
5
6
7
8
9
10
11
12
13
14
15
16
17
18
19
20
21
22
23
24
25
26
27
28
29
30
32
33
34
35
36
37
38
39
40
41
42
43
44
45
46
47
48
49
50
51
52
53
54
55
56
57
58
59
60
61
62
63
64
65
66
67
68
69
70
71
72
73
74
75
76
77
78
79
80
81
82
83
84
85
86
87
88
89
90
91
92
93
94
95
96
97
98
99
100
101
102
103
104
105
106
107
108
109
110
111
112
113
114
115
116
117
118
119
120
121
122
123
124
125
126
127
128
129
130
131
132
133
134
135
136
137
138
139
140
141
142
143
144
145
146
147
148
149
150
151
152
153
154
155
51
127
128
53
132
160
134
135
162
136
164
165
166
167
125
126
61
170
141
172
67
68
174
107
108
110
142
94
145
146
147
102
103
104
151
152
34
184
154
155
138
57
188
59
71
72
73
74
75
76
77
78
79
80
81
82
83
84
85
86
87
88
89
191
192
193
194
195
196
197
198
199
200
201
202
203
204
205
206
207
208
209
211
212
213
214
215
216
217
218
219
220
221
222
223
224
225
226
227
228
229
230
231
232
233
234
235
236
237
238
239
240
241
242
243
244
245
246
247
248
249
250
251
252
253
254
255
256
257
258
259
260
261
262
263
264
265
266
267
268
269
270
271
272
273
274
275
276
277
278
279
280
281
282
283
284
285
286
287
288
289
290
291
292
293
294
295
296
297
298
299
300
301
302
303
304
305
306
307
308
309
310
311
312
313
314
315
276
216
250
251
252
253
254
255
256
257
258
259
260
261
269
271
324
325
326
327
328
329
330
332
333
334
335
336
337
338
339
340
341
342
343
344
345
346
347
348
349
350
351
352
353
354
355
356
357
358
359
360
361
362
363
364
365
366
367
368
369
370
371
372
373
374
375
376
377
378
379
380
381
382
383
384
385
386
387
388
389
390
391
392
393
394
395
396
397
398
399
400
401
402
403
404
405
406
407
408
409
410
411
412
413
414
415
416
417
418
419
420
421
422
423
424
425
426
427
428
136
390
2
390
136
8
318
319
270
58
310
277
275
272
274
313
217
226
215
213
214
212
295
113
340
227
301
377
195
193
194
192
207
210
227
379
338
141
147
137
138
136
52
137
138
101
91
309
298
331
91
8
27
18
20
84
79
75
277
47
217
224
222
221
270
58
310
276
269
272
227
217
215
213
214
212
318
295
319
389
377
369
387
419
270
58
310
227
217
226
212
295
116
9
13
91
8
8
270
58
310
277
275
272
274
313
217
226
215
213
214
212
295
275
274
215
213
214
212
275
274
87
395
339
26
17
19
270
58
310
276
269
272
227
217
215
213
214
212
318
295
319
358
336
296
14
410
388
399
332
154
52
59
146
155
86
87
136
336
337
335
17
19
20
28
31
105
150
53
336
191
332
296
299
297
52
270
58
310
277
311
275
272
274
313
217
226
215
213
214
212
295
270
58
277
310
275
274
43
313
217
226
212
295
270
58
310
43
313
217
212
295
352
382
270
58
310
277
313
217
226
212
295
270
58
271
310
311
277
275
272
274
217
226
215
213
214
212
295
422
421
420
73
76
74
72
57
59
53
141
147
143
35
38
34
136
53
143
52
8
410
56
335
333
336
337
335
270
58
310
276
269
272
227
217
215
213
214
212
318
295
319
222
332
58
279
277
310
50
47
313
217
212
295
52
148
120
136
270
58
310
315
43
217
227
226
212
295
94
352
354
353
275
274
330
204
325
36
136
92
270
58
311
310
277
275
278
274
43
313
217
226
215
213
214
212
295
352
355
336
335
300
52
270
58
310
311
277
43
217
226
212
295
352
384
115
111
110
106
9
8
52
153
10
38
8
136
38
58
277
50
9
217
212
8
137
91
399
58
277
50
268
274
217
212
8
270
58
310
277
275
272
274
313
217
226
215
213
214
212
295
270
58
310
311
277
275
272
274
217
226
215
213
214
212
295
332
422
421
420
422
421
420
336
8
407
379
338
340
419
154
83
52
59
147
146
73
77
76
74
136
407
378
352
382
389
270
58
310
276
269
272
227
217
215
213
214
212
318
295
319
332
9
293
51
217
14
378
383
191
277
50
217
295
52
312
53
55
143
38
8
352
386
400
39
14
35
36
37
90
48
227
217
226
215
213
214
212
32
52
340
270
58
310
311
277
275
274
313
217
226
213
212
295
385
142
94
301
354
325
191
52
358
270
58
310
276
269
272
227
217
215
216
213
214
212
318
295
319
37
94
93
92
339
336
335
398
270
58
311
277
43
217
226
212
295
277
45
217
58
277
50
274
217
212
319
8
191
377
380
54
92
52
149
37
90
136
270
58
310
43
217
226
212
295
270
58
310
277
313
226
217
212
295
298
296
296
299
297
8
16
117
9
10
8
9
11
12
95
91
96
8
192
270
314
58
310
277
43
313
217
226
212
295
116
369
387
270
58
310
277
43
313
217
226
212
295
400
399
330
204
329
325
270
58
271
57
311
277
273
274
217
226
215
213
214
222
212
295
90
120
9
8
8
192
137
52
82
147
77
86
85
136
71
92
8
203
195
193
194
210
58
277
310
50
41
47
229
313
217
212
221
295
279
41
229
278
223
217
225
224
222
221
391
339
58
38
336
337
335
39
14
385
274
43
217
215
213
214
212
58
277
50
268
274
217
212
8
408
391
409
378
411
392
339
393
339
398
270
58
271
310
277
311
275
272
274
313
217
226
215
213
214
212
295
296
297
52
15
336
337
335
142
107
92
33
38
119
95
91
96
8
394
339
336
335
377
142
107
93
20
298
58
35
38
37
337
335
275
274
215
213
214
212
298
296
270
58
310
311
277
275
272
274
217
226
215
213
214
212
295
352
355
335
81
73
79
76
74
75
78
270
58
310
311
277
275
272
274
217
226
215
213
214
212
295
78
72
180
136
35
36
136
296
299
297
352
270
58
271
310
277
275
309
272
312
274
217
226
215
213
214
212
295
381
380
52
150
53
38
136
101
91
136
142
114
104
94
52
194
332
14
8
191
390
32
14
138
53
143
53
143
107
142
107
150
53
150
53
52
336
335
36
37
90
52
142
107
138
94
93
92
142
94
107
56
147
138
57
59
53
141
147
143
35
38
34
136
154
52
59
146
155
86
87
136
