2
3
4
5
6
7
8
9
10
11
12
13
14
15
16
17
18
19
20
21
22
23
24
25
26
27
28
29
30
31
32
33
34
35
36
37
38
39
40
41
42
43
44
45
46
47
48
49
50
51
52
53
54
55
56
57
58
59
60
61
62
63
64
65
66
67
68
69
70
71
72
73
74
75
76
77
78
79
80
81
82
83
84
85
86
87
88
89
90
91
92
93
94
95
96
97
98
99
100
101
102
103
104
105
106
107
108
109
110
111
112
113
114
115
116
117
118
119
120
121
122
123
124
125
126
127
128
129
130
131
132
133
134
135
136
137
138
139
140
141
142
143
144
145
146
147
148
149
150
151
152
153
154
155
156
157
158
159
160
69
59
53
65
59
42
66
53
59
64
6
43
42
52
59
64
52
61
67
42
61
67
42
52
59
64
42
71
61
53
61
67
42
71
61
52
59
64
7
42
60
37
52
59
64
42
6
42
36
38
37
44
45
5
35
7
43
40
46
3
4
52
61
67
42
50
48
43
42
158
56
65
52
59
42
68
52
59
7
42
71
61
68
52
59
42
66
52
59
42
52
61
67
47
62
55
43
52
61
67
42
71
61
42
52
61
67
7
42
71
52
61
42
15
16
6
9
5
7
8
4
27
23
70
52
59
42
68
52
59
7
42
62
55
43
42
47
54
52
59
58
7
43
42
46
56
71
61
7
42
65
59
42
47
52
59
58
55
43
46
53
70
59
42
69
59
7
42
47
57
43
71
52
61
49
57
43
59
48
61
67
47
52
59
58
55
43
46
47
59
58
55
43
46
52
61
67
42
47
54
59
58
43
46
53
66
59
42
52
59
64
49
62
55
43
52
72
58
46
49
62
55
43
70
61
67
47
54
52
59
58
43
46
49
63
59
58
43
46
70
52
59
42
65
52
59
58
7
42
46
52
61
67
70
50
52
61
67
42
71
52
61
68
52
59
42
68
59
42
68
52
59
47
59
58
55
43
46
72
58
46
47
52
59
58
55
43
46
9
8
20
36
38
40
71
52
61
42
65
52
59
7
42
69
59
7
42
68
52
59
62
43
42
3
49
62
55
43
36
38
42
41
65
52
59
17
18
19
23
18
23
27
71
52
61
42
69
59
42
52
61
67
7
42
53
70
59
42
47
55
43
68
52
59
52
61
67
42
53
70
59
42
49
55
43
66
71
52
61
7
42
52
59
64
7
42
47
54
52
59
43
60
52
72
58
46
61
67
71
61
42
19
20
43
5
42
47
62
55
7
43
42
65
52
59
7
42
71
52
61
42
70
52
59
42
3
49
62
55
43
59
42
52
72
58
46
52
72
58
46
2
2
9
20
17
23
