2
3
4
5
6
7
8
9
10
11
12
13
14
15
16
17
18
19
20
21
22
23
24
25
26
27
28
29
30
31
32
33
34
35
36
37
38
39
40
41
42
43
44
45
46
47
48
49
50
52
53
54
55
56
57
58
59
60
61
62
63
64
65
66
67
68
69
70
71
73
74
75
76
77
78
79
80
81
82
83
84
85
86
87
88
89
90
91
92
93
94
95
96
97
91
99
100
101
102
104
105
106
107
108
109
110
111
112
113
114
115
116
117
118
119
120
121
122
123
124
125
126
127
128
129
130
131
116
133
135
136
137
138
139
140
141
142
143
144
145
139
147
148
8
44
141
142
143
139
140
144
136
57
60
73
116
44
33
73
136
107
121
122
120
106
119
117
116
118
3
42
22
34
33
32
116
10
22
73
26
120
136
94
88
93
87
74
80
77
75
76
7
73
52
119
7
73
75
37
41
36
6
26
90
9
38
52
68
70
71
69
61
57
59
55
56
60
53
58
118
91
92
74
80
77
79
75
78
76
3
40
22
36
10
33
57
59
55
56
62
17
18
20
19
73
7
3
8
61
62
57
59
54
60
31
121
122
52
116
91
91
91
79
139
116
75
116
75
116
136
75
116
136
107
106
