2
3
4
5
6
7
8
9
10
11
12
13
14
15
16
17
18
19
20
21
22
23
24
25
26
27
28
29
30
31
32
33
34
35
36
37
38
39
40
41
42
43
44
45
46
47
48
49
50
51
52
53
54
55
56
57
58
59
60
61
62
63
64
65
66
67
68
69
70
71
72
73
75
76
77
78
79
80
81
82
83
84
76
87
89
90
91
92
93
94
95
96
90
98
99
100
101
102
103
104
105
106
107
108
109
100
111
112
113
114
115
116
117
118
119
120
121
122
123
124
125
126
127
128
129
130
131
132
133
134
135
136
137
138
139
140
141
142
143
144
145
146
147
148
149
150
151
152
153
154
155
156
157
158
159
160
161
162
163
164
165
166
167
168
169
170
171
172
173
174
175
176
177
178
179
180
181
182
183
184
185
186
187
188
189
190
112
113
114
193
194
195
196
197
195
194
200
201
202
203
204
205
206
207
208
209
210
211
212
213
214
215
216
217
218
219
220
221
222
223
224
225
226
227
228
229
230
231
232
233
234
235
236
237
201
239
240
241
242
243
244
246
247
248
249
250
251
252
253
254
255
256
257
258
259
260
261
262
263
264
265
266
267
268
269
270
271
247
273
274
275
276
277
278
279
280
281
282
283
284
285
286
287
288
289
290
291
292
293
294
295
296
297
276
299
300
301
303
304
305
306
307
308
309
310
311
312
313
314
315
316
317
318
310
322
324
325
326
327
328
329
330
331
332
333
334
335
336
337
338
339
340
341
342
343
344
345
346
347
348
349
350
351
352
353
354
355
356
357
358
359
360
361
362
363
364
365
366
367
368
369
370
371
372
373
374
375
376
377
378
379
380
381
382
383
384
385
386
387
388
389
390
391
392
393
394
395
396
397
398
399
400
401
402
403
404
405
406
407
408
409
410
411
412
413
414
415
416
417
418
419
420
421
422
423
424
425
426
427
428
429
430
431
432
433
434
435
436
437
438
439
440
441
442
443
444
445
446
447
448
449
450
451
452
453
454
455
456
457
458
459
460
461
462
463
464
465
466
467
468
469
470
471
472
473
474
475
476
477
478
479
480
481
482
483
484
485
486
487
488
489
490
491
492
493
494
495
496
497
498
499
500
501
502
503
504
505
506
507
508
509
510
511
512
513
514
515
516
517
518
519
520
521
522
523
524
525
526
527
528
529
530
531
532
533
534
535
536
537
538
539
540
541
542
543
544
545
546
547
548
549
550
551
552
553
554
555
556
557
558
559
560
561
562
563
564
565
566
567
568
569
570
571
572
573
574
575
576
577
578
579
580
581
582
583
584
585
586
587
588
589
590
591
592
593
594
595
596
597
598
599
600
601
602
603
604
605
606
607
608
609
610
611
612
613
614
615
616
617
618
619
620
621
622
623
624
625
626
627
628
629
630
631
632
633
634
635
636
637
638
639
640
641
642
643
644
645
646
647
648
649
650
651
652
653
654
655
656
657
658
659
660
661
662
663
664
665
666
667
668
669
670
671
672
673
674
675
676
677
678
679
680
682
683
682
685
686
687
688
689
690
691
692
686
694
695
696
697
698
699
700
701
702
703
704
705
706
707
708
709
710
711
712
713
714
715
716
717
718
719
720
721
722
723
724
725
726
727
728
729
730
731
732
733
734
735
736
737
738
739
740
741
699
743
744
745
746
747
200
200
61
64
111
8
111
211
701
555
672
14
111
544
542
543
136
294
280
282
19
70
111
8
111
161
111
208
231
718
699
23
111
127
111
686
729
731
730
733
715
232
718
712
699
719
233
231
735
111
180
111
138
112
111
170
181
134
180
111
255
254
252
251
201
202
646
128
111
538
226
232
233
248
686
102
101
250
232
231
289
278
19
41
121
42
40
128
193
111
2
232
280
282
601
652
32
111
111
136
700
626
61
68
181
113
114
111
111
709
65
111
111
111
111
197
5
636
124
111
102
28
180
111
111
553
324
550
111
112
111
90
567
67
111
111
662
656
181
185
201
209
210
206
660
47
43
172
172
70
25
111
111
61
64
111
61
34
111
111
147
181
111
666
255
254
17
737
736
195
140
180
111
63
111
111
124
111
112
111
135
111
292
279
551
638
255
254
247
252
251
28
111
111
641
311
667
324
124
111
572
34
111
111
124
111
61
68
181
180
4
113
114
111
58
53
51
54
138
147
181
111
652
194
136
193
2
654
122
111
111
136
127
181
644
692
686
133
111
111
304
58
673
91
734
719
664
249
52
43
560
44
58
57
38
60
56
50
46
45
43
39
55
49
48
4
544
3
542
543
5
61
68
181
180
113
114
111
304
652
30
111
111
734
226
208
206
203
231
225
552
34
73
111
111
19
71
72
111
111
642
722
724
705
706
708
717
712
718
711
710
715
713
716
707
719
714
709
275
685
227
668
672
746
280
278
279
277
281
627
641
77
745
324
565
549
734
737
736
101
571
722
739
95
102
703
736
100
89
735
294
113
112
114
2
540
705
711
710
706
708
707
172
8
37
111
2
303
315
313
252
249
251
648
161
111
111
640
548
8
111
557
91
90
255
254
716
138
65
111
140
68
180
112
113
114
111
147
181
111
196
5
124
111
61
68
181
180
113
114
111
227
34
111
111
554
324
232
233
625
124
111
210
202
206
204
205
203
211
702
140
111
634
170
704
136
23
111
111
556
112
111
25
111
111
8
37
81
111
79
2
303
61
68
181
180
113
114
111
19
111
650
134
111
285
722
723
286
278
276
231
147
181
111
112
124
111
289
290
288
276
281
61
69
181
62
113
114
715
23
111
111
63
112
3
111
111
701
134
111
737
736
61
68
181
180
113
114
111
61
63
62
61
68
181
113
114
111
61
121
64
111
111
304
66
111
111
4
3
5
193
658
181
113
112
111
111
248
14
111
255
254
252
251
8
111
25
111
111
4
3
182
172
180
61
66
114
111
111
111
561
147
181
111
560
255
254
252
251
161
111
59
124
181
111
670
629
133
111
134
111
254
2
275
193
89
99
246
75
200
309
231
698
685
304
136
247
310
76
247
686
686
276
686
276
686
718
699
90
276
699
90
100
276
699
102
100
276
100
276
68
180
112
113
114
