2
3
4
5
6
7
8
9
10
11
12
13
14
15
16
17
18
19
20
21
22
23
24
25
26
27
28
29
30
31
32
33
34
35
36
37
38
39
40
41
42
43
44
45
46
47
48
49
50
51
52
53
54
55
56
57
58
59
60
61
62
63
64
65
66
67
68
69
70
71
72
73
74
75
76
77
78
79
80
81
82
83
85
86
87
88
89
90
91
92
93
94
95
96
98
99
100
101
102
103
104
105
106
107
108
109
110
111
113
114
115
116
117
118
120
121
122
123
124
86
58
6
3
5
9
4
3
11
5
9
47
58
10
12
53
29
44
43
42
58
45
3
11
10
12
5
37
60
3
5
9
10
3
5
9
12
62
10
58
59
3
5
9
50
49
3
59
6
40
5
58
37
59
9
8
52
37
8
5
3
5
9
10
12
7
62
5
59
3
9
12
2
6
11
5
78
11
5
10
12
63
11
5
10
12
33
5
86
5
69
37
2
3
8
6
5
9
7
58
3
9
10
62
37
79
5
8
11
5
9
61
37
61
62
37
3
6
5
9
10
12
7
37
59
58
37
2
37
72
86
9
58
37
61
12
11
5
10
12
52
61
63
11
5
10
12
62
52
85
98
37
