1
2
2
2
2
2
2
2
2
2
2
2
2
2
2
2
2
2
2
2
2
2
2
2
2
2
2
2
2
2
2
2
2
2
2
2
2
2
2
2
2
2
2
2
2
2
2
2
2
2
2
2
2
2
2
2
2
2
2
2
2
2
2
2
2
2
2
2
2
2
2
2
2
2
2
2
2
2
2
2
2
2
2
2
2
2
2
2
2
2
2
2
2
2
2
2
2
2
2
2
2
2
2
2
2
2
2
2
2
2
2
2
2
2
2
2
2
2
2
2
2
2
2
2
2
2
2
2
2
2
2
2
2
2
2
2
2
2
2
2
2
2
2
2
2
2
2
2
2
2
2
2
2
2
2
2
2
2
2
2
2
2
2
2
2
2
2
2
2
2
2
2
75
175
176
176
176
176
176
176
176
176
176
176
176
176
176
176
176
176
176
176
176
180
175
197
197
197
197
197
197
199
205
206
206
206
206
206
206
206
206
206
206
206
206
206
206
206
206
206
206
206
206
206
206
206
206
206
206
206
206
206
206
206
206
206
206
206
206
206
206
206
206
206
206
206
206
206
206
206
206
206
206
206
206
206
206
206
206
206
206
206
206
206
206
206
206
206
206
206
206
206
206
206
206
206
206
206
206
206
206
206
206
206
206
206
206
206
206
206
206
206
206
206
206
206
206
206
206
206
206
206
206
206
206
206
206
206
206
206
206
206
206
206
206
206
206
206
206
206
206
206
206
206
206
206
206
206
206
206
206
206
206
206
206
206
206
206
206
206
206
206
206
206
206
206
206
206
206
206
206
206
206
206
206
206
206
206
206
206
206
206
206
206
206
206
206
206
206
206
206
206
206
206
206
206
206
206
206
206
206
206
206
206
206
206
206
206
206
206
206
206
206
206
206
206
206
206
206
206
206
206
206
206
206
206
206
206
206
206
206
206
206
206
206
206
206
206
206
206
206
206
206
206
206
206
206
206
206
206
206
206
206
206
206
206
206
206
206
206
206
206
206
206
206
206
206
206
206
206
206
206
206
206
206
206
206
206
206
206
206
206
206
206
206
206
206
206
206
206
206
206
206
206
206
206
206
206
206
206
206
206
206
206
206
206
206
206
206
206
206
206
206
206
206
206
206
206
206
206
206
206
206
206
206
206
206
206
206
206
206
206
206
206
206
206
206
206
206
206
206
206
206
206
206
206
206
206
206
206
206
206
206
206
206
206
206
206
206
206
206
206
206
206
206
206
206
206
206
206
206
206
206
206
206
206
206
206
206
206
206
206
206
206
206
206
206
206
206
206
206
206
206
206
206
206
206
206
303
464
464
464
525
525
525
525
525
525
525
525
525
525
252
485
485
485
485
159
24
24
24
385
385
385
394
394
394
394
394
394
394
394
394
394
394
394
394
44
44
44
44
361
167
167
167
471
328
132
573
384
411
562
562
89
400
400
400
400
400
400
297
70
70
173
319
319
319
334
449
454
117
39
84
84
84
84
84
84
84
84
84
84
84
84
482
482
433
480
489
316
316
316
316
316
316
316
322
146
261
136
560
560
85
85
305
398
398
398
398
398
398
398
398
398
398
398
398
398
398
561
452
255
282
436
118
118
118
118
118
118
118
118
118
118
118
118
147
122
122
122
122
52
52
447
348
128
128
128
21
21
241
241
241
263
479
418
91
284
284
284
284
284
284
284
373
356
48
254
520
427
476
30
481
166
166
166
287
287
287
287
337
285
285
285
285
285
285
285
285
285
470
439
133
262
379
379
484
484
484
457
405
233
233
533
533
533
533
533
551
492
492
360
360
360
360
360
552
552
101
101
101
102
242
429
429
448
448
448
448
103
103
51
93
93
288
288
288
288
467
467
467
369
369
369
369
369
369
104
165
165
295
478
286
286
286
286
286
160
260
88
88
88
88
440
390
391
391
391
391
391
391
391
391
391
391
391
391
391
244
490
434
534
456
432
530
43
325
350
72
72
72
397
397
131
383
415
523
326
281
281
475
68
68
68
524
524
488
108
108
108
450
450
444
444
444
444
539
539
539
539
539
539
539
539
539
539
539
40
40
40
40
290
290
290
290
290
290
290
137
138
67
67
67
67
82
82
82
82
82
528
273
250
320
289
289
289
289
425
437
341
569
313
313
313
313
313
313
313
313
53
53
256
438
409
563
468
468
468
468
468
362
362
362
81
81
81
81
81
81
81
81
81
81
81
81
130
340
107
107
107
107
107
107
107
107
107
123
123
123
123
123
421
472
363
363
363
363
363
265
272
408
553
41
521
521
521
521
521
87
66
66
402
402
129
395
581
581
581
581
116
519
519
64
514
514
514
514
134
114
114
114
239
270
550
550
404
414
382
382
382
172
172
172
243
243
243
243
243
243
243
403
403
483
483
483
483
483
483
538
538
515
515
515
515
515
571
557
413
237
493
531
80
513
513
513
513
513
513
499
577
364
145
145
145
412
554
554
231
422
469
150
112
94
94
94
94
94
94
94
94
94
94
168
168
168
323
323
171
366
366
366
366
366
366
366
75
236
60
60
299
170
251
293
229
229
229
317
317
317
245
245
245
545
545
428
544
283
283
283
522
58
140
517
517
517
462
462
462
555
264
312
321
546
546
546
139
367
367
367
367
46
477
474
238
368
368
368
50
50
50
50
50
575
540
540
540
540
540
540
540
540
540
540
540
540
540
540
266
232
232
232
232
232
232
324
339
559
92
406
126
42
42
42
42
42
42
42
42
42
42
97
97
97
97
97
61
63
63
63
458
426
309
423
71
69
69
69
69
69
69
69
380
113
113
113
113
113
113
113
315
359
496
246
246
246
54
54
54
381
381
558
558
556
556
463
463
463
463
463
354
387
387
387
387
387
387
387
486
486
486
486
25
25
25
25
25
25
25
25
25
25
25
28
152
516
516
240
332
106
106
259
342
110
163
253
22
22
22
420
497
497
234
548
548
548
311
396
473
291
401
401
466
466
151
441
441
441
441
441
274
274
532
580
580
580
580
77
307
279
86
86
86
86
86
86
86
86
86
86
86
90
90
90
90
90
90
96
419
416
495
230
230
230
399
377
491
248
56
56
392
154
62
62
62
370
370
370
370
526
99
336
257
386
386
386
386
386
386
386
38
27
318
318
318
124
124
565
579
267
109
344
258
446
446
446
446
169
352
547
547
153
301
410
57
57
461
461
461
461
120
120
120
120
111
111
111
111
111
111
111
111
111
111
111
111
111
578
235
453
55
55
55
55
333
365
487
487
487
487
487
269
269
269
269
269
269
59
59
389
100
424
435
314
76
95
95
95
148
494
494
494
79
498
105
443
268
431
98
98
83
83
83
83
83
83
83
83
83
83
338
346
407
271
164
376
376
518
23
23
23
35
249
127
330
527
393
393
537
537
537
537
537
537
537
537
537
537
26
26
26
26
26
247
500
535
445
417
567
162
162
162
162
162
65
536
208
3
174
