1
2
2
2
2
2
2
2
2
2
2
12
12
2
15
15
2
18
18
18
18
18
18
25
26
26
26
26
26
26
26
26
26
26
26
26
26
26
40
40
40
40
26
45
26
47
47
47
47
47
47
47
47
47
47
47
47
47
47
47
47
39
64
64
64
54
69
70
70
70
70
70
70
70
70
70
70
70
70
73
83
83
83
83
81
88
70
90
73
93
94
94
94
94
94
94
94
94
94
94
94
94
94
94
94
94
94
94
94
94
94
94
94
94
94
94
94
94
94
94
101
125
125
94
128
128
128
128
111
133
113
135
135
114
138
138
115
141
141
116
144
144
117
147
147
119
150
150
123
153
153
153
153
153
153
153
153
94
162
162
162
162
162
162
162
94
170
170
170
170
170
170
94
177
177
180
181
181
181
181
181
181
181
181
187
69
191
191
191
191
191
191
191
191
191
191
191
191
191
191
191
191
191
191
191
191
191
191
191
191
191
191
191
191
191
191
191
191
191
191
191
191
191
191
191
191
191
191
191
214
25
236
236
236
236
236
236
236
236
236
236
236
237
248
243
243
244
183
100
100
100
100
100
100
62
62
105
105
105
105
105
74
123
123
123
123
247
6
106
106
106
106
106
61
61
61
61
132
54
54
107
107
107
107
107
5
5
5
185
120
120
120
120
220
242
242
53
53
53
53
53
130
34
34
34
119
119
119
78
212
76
121
121
121
121
221
225
228
224
33
33
33
240
240
174
174
214
214
214
214
214
214
223
114
114
114
114
114
243
243
80
80
80
175
23
23
23
23
7
116
116
116
77
222
110
110
110
101
101
101
113
113
113
113
113
226
109
109
109
109
109
109
109
109
211
211
211
211
211
211
211
211
211
211
211
211
211
211
246
246
63
234
234
122
122
122
122
184
75
244
244
173
218
218
118
118
118
118
229
57
57
57
245
245
82
187
231
108
108
108
108
108
11
115
115
115
230
213
213
239
239
22
22
22
4
188
111
111
111
111
111
112
112
112
117
117
117
238
238
35
35
35
176
10
79
232
232
232
232
81
81
81
216
38
38
38
38
60
219
219
219
219
55
55
55
241
241
73
17
104
104
104
104
104
217
217
217
217
56
56
56
59
29
237
237
27
52
28
