1
2
2
2
2
2
2
2
2
2
2
2
2
2
2
2
2
2
2
2
2
2
2
2
2
2
2
2
2
2
2
2
2
2
2
2
2
2
2
2
2
2
2
2
25
47
48
48
48
48
48
48
48
48
48
48
58
58
48
61
61
48
64
64
64
64
64
64
1
71
71
71
71
71
71
71
71
71
71
71
71
74
84
84
84
84
82
89
71
91
74
75
37
22
22
22
22
22
22
22
22
22
22
22
22
22
22
45
45
52
76
51
51
51
29
29
31
40
42
83
57
41
24
24
79
23
68
68
68
77
50
32
36
39
35
25
25
25
25
25
25
56
80
34
43
43
43
43
27
81
81
81
82
82
82
69
69
69
69
30
30
30
30
74
53
63
28
28
28
28
78
33
