1
2
2
2
2
2
2
2
2
2
2
2
2
2
2
2
2
2
2
2
2
2
2
2
2
2
2
2
2
2
2
2
32
34
34
2
37
37
2
40
40
40
40
40
40
40
46
48
48
46
51
54
55
56
2
31
2
2
1
61
61
61
61
61
61
61
61
61
61
61
61
61
61
61
61
61
61
61
61
61
61
84
84
85
86
86
86
86
86
86
86
86
86
86
86
86
86
86
86
86
86
86
86
86
86
86
86
86
86
86
86
86
86
86
117
118
118
118
122
1
123
123
123
123
123
123
123
123
123
123
123
123
136
136
136
136
136
136
136
137
138
139
140
140
140
140
140
140
140
140
140
140
140
140
140
140
140
140
140
140
140
140
140
140
140
140
140
140
140
140
140
140
140
140
140
140
140
140
140
140
140
140
140
140
140
140
140
140
140
140
140
140
140
140
140
140
140
140
140
140
140
140
140
140
140
140
140
140
140
140
140
140
140
140
140
140
140
140
140
140
140
140
140
140
140
28
140
1
229
229
229
229
229
229
229
229
229
229
229
229
229
229
229
229
229
229
229
229
229
229
229
229
229
229
229
229
229
229
229
229
262
263
263
263
263
263
263
263
263
263
263
263
263
263
263
263
263
263
263
263
263
263
263
263
263
263
263
263
263
263
263
263
263
263
263
263
263
263
263
263
263
263
263
263
263
263
263
263
263
263
263
263
263
263
263
263
263
263
263
263
263
263
263
263
263
263
263
330
1
331
331
331
331
337
338
339
339
339
339
339
339
339
339
339
339
339
339
345
352
339
354
354
354
354
354
360
360
360
360
360
360
361
362
364
365
365
365
365
365
365
365
365
365
365
365
365
365
365
365
365
365
365
365
365
365
365
365
365
365
365
365
365
365
365
365
365
365
365
365
365
365
365
365
365
365
365
365
365
365
365
365
365
365
365
365
365
365
365
365
365
365
365
365
365
365
365
365
365
365
365
365
365
365
365
365
365
365
365
365
365
365
365
365
365
365
365
365
365
365
365
365
365
365
365
365
365
365
365
365
365
365
365
365
365
365
365
365
365
365
365
365
365
365
28
1
479
479
479
479
479
479
479
479
479
479
479
479
479
479
479
479
479
479
479
479
479
479
479
479
479
497
505
497
507
499
509
511
512
513
514
514
514
514
514
517
262
521
521
523
523
1
526
526
526
526
526
526
533
533
533
533
533
533
533
262
534
534
534
534
534
534
534
534
534
534
534
534
534
534
534
534
534
534
534
534
534
534
534
534
534
534
534
534
534
534
534
534
534
534
534
534
534
534
534
534
534
534
534
534
534
534
534
534
534
534
534
534
534
534
534
534
534
534
534
534
534
534
534
534
534
534
534
534
534
534
534
534
534
534
534
534
534
534
534
534
534
534
534
534
534
534
534
534
534
534
534
534
534
534
534
534
534
534
534
534
534
534
534
534
534
534
534
534
534
534
534
534
534
534
534
534
534
534
534
534
534
534
534
534
534
534
534
534
534
534
534
534
534
534
534
534
534
534
534
534
534
534
534
534
534
534
534
534
534
534
534
534
534
534
534
534
534
534
534
534
534
534
534
534
534
534
534
534
534
534
534
534
534
534
534
534
534
534
534
534
534
534
534
534
534
534
534
534
534
534
534
534
534
534
534
534
534
534
534
534
534
534
534
534
534
534
534
534
534
534
534
534
534
534
534
534
534
534
753
754
755
1
756
756
756
756
756
756
1
763
763
2
727
611
698
444
444
444
444
444
468
97
764
764
764
764
764
764
764
764
764
764
764
764
764
764
23
23
676
635
689
499
499
499
499
499
499
499
499
497
497
497
497
497
497
497
497
497
497
497
497
497
497
497
497
497
497
497
497
497
497
497
497
497
618
256
433
643
43
43
445
445
445
243
162
179
98
313
313
721
675
688
748
180
423
761
434
202
105
105
105
45
45
45
45
45
45
428
621
101
101
101
101
101
101
254
459
628
682
647
217
749
156
106
694
473
473
679
430
619
203
435
658
700
469
656
609
655
743
189
189
431
633
113
415
632
154
154
240
747
244
420
701
631
102
102
102
102
447
447
617
705
215
182
103
103
103
103
108
108
247
728
629
22
258
96
425
532
532
532
532
99
450
457
726
446
446
209
345
345
345
345
345
345
345
462
414
241
186
516
516
437
315
350
464
21
623
627
651
426
722
79
79
79
79
79
79
79
703
46
46
46
46
711
80
80
173
720
716
612
308
242
403
346
260
260
260
95
95
95
95
95
95
95
699
463
253
663
407
407
639
210
610
36
195
214
659
196
416
697
395
395
395
395
395
395
395
395
395
395
395
395
395
395
395
395
440
26
458
760
185
419
400
455
626
191
191
662
646
119
406
408
452
187
187
413
181
104
104
104
438
31
31
31
31
31
351
351
351
613
640
649
498
498
523
523
523
523
523
523
523
523
523
523
523
523
523
523
523
167
441
718
531
531
531
531
155
155
155
155
155
155
155
155
155
155
155
155
155
155
155
155
155
20
20
20
20
20
20
20
20
20
20
20
20
20
20
20
321
732
432
107
107
107
30
30
30
183
692
219
456
684
622
393
393
393
745
644
671
207
411
530
530
530
530
530
530
530
530
530
530
530
530
216
637
157
184
750
357
357
198
77
77
77
77
77
77
77
77
77
77
77
77
77
77
77
77
77
77
77
77
77
77
518
518
518
518
518
518
518
188
188
418
668
704
115
710
199
165
120
120
427
166
401
172
197
309
470
251
250
453
359
168
638
712
685
421
686
696
660
657
742
218
164
174
729
160
160
160
246
310
467
112
112
163
641
735
193
709
738
25
669
200
220
708
248
347
32
32
111
111
111
221
343
343
343
344
344
344
344
344
634
261
261
261
261
261
158
158
158
690
307
680
672
245
636
42
42
650
412
114
673
737
109
332
190
190
448
448
410
397
508
442
739
404
472
472
642
201
665
674
417
752
670
746
661
715
765
765
765
765
765
765
765
765
765
765
765
765
765
765
765
765
255
725
249
405
159
159
159
159
159
678
399
306
33
500
500
500
204
429
624
683
409
460
717
687
153
153
153
730
630
666
733
693
466
519
519
519
519
519
519
519
519
519
436
702
751
100
100
100
100
100
100
100
398
28
28
28
28
28
28
28
707
211
664
724
762
223
223
695
39
39
39
39
449
169
424
731
625
471
402
454
736
744
677
706
741
24
734
465
443
740
259
654
206
318
422
222
222
353
723
719
620
667
714
161
652
175
208
653
713
648
27
358
358
358
645
394
394
394
615
326
681
110
78
78
78
78
78
78
78
78
78
78
396
396
396
439
616
44
44
44
44
44
44
759
461
192
170
257
29
29
29
451
176
522
522
171
349
691
614
205
252
291
515
10
70
536
536
69
152
294
542
290
66
495
551
492
482
41
68
75
537
537
144
491
540
490
392
489
67
583
6
529
122
122
524
525
753
754
55
55
55
55
58
58
59
59
59
59
59
60
60
116
477
477
477
477
477
477
477
477
477
477
477
228
228
228
228
228
228
228
228
228
228
228
228
478
478
478
478
478
56
56
56
56
224
224
224
224
224
57
57
57
57
360
360
360
