2
3
4
5
3
8
9
10
11
12
13
14
15
16
17
18
19
20
18
22
8
25
26
27
28
29
30
31
32
33
34
35
36
37
38
39
40
41
42
43
44
45
46
47
48
49
50
51
52
53
54
55
56
57
58
59
60
61
62
63
64
65
66
67
68
69
70
71
72
73
74
75
76
77
78
79
80
81
82
83
84
85
86
87
88
89
90
91
92
93
94
95
96
97
98
99
100
101
102
103
104
105
106
107
108
109
110
111
112
113
114
115
116
117
118
119
120
121
122
123
124
125
126
127
128
129
130
131
132
133
134
135
136
137
138
139
140
141
142
143
144
145
146
147
148
149
150
151
152
153
154
155
156
157
158
159
160
161
162
163
164
165
166
167
168
169
170
171
172
173
174
175
176
177
178
179
180
181
182
129
184
185
186
188
189
190
191
192
193
194
195
196
197
198
199
200
201
202
203
204
205
206
207
208
209
210
211
212
213
214
215
216
217
218
219
220
221
222
223
224
225
226
227
228
229
230
231
232
233
192
236
237
238
239
240
241
242
243
244
245
246
247
248
249
250
251
252
253
254
255
256
257
258
259
260
261
262
263
264
247
267
268
269
270
271
272
273
274
275
276
277
278
279
280
281
270
283
284
285
286
287
288
289
290
291
292
293
294
295
296
297
298
299
300
301
302
303
304
305
306
307
308
309
310
311
312
313
314
315
316
317
318
319
320
321
322
323
324
325
326
327
328
329
330
331
332
333
334
335
336
337
338
339
340
341
342
343
344
345
346
347
348
349
350
351
352
353
354
355
356
357
358
359
360
361
362
363
364
365
366
367
368
369
370
371
372
373
374
375
376
377
378
379
380
381
382
383
384
385
386
387
388
389
390
391
392
393
394
395
396
397
398
399
400
401
402
403
404
405
406
407
408
409
410
411
412
413
414
415
416
417
418
419
420
421
422
423
424
425
426
427
428
429
430
431
432
433
434
435
436
437
438
439
440
441
442
443
444
445
446
447
448
449
450
451
452
453
454
455
456
457
458
459
460
461
462
463
464
465
466
467
468
469
470
471
472
473
474
475
476
477
478
479
480
481
482
483
484
485
486
487
488
489
490
491
492
493
494
495
496
497
498
499
500
501
502
503
504
505
506
507
508
509
510
511
512
513
514
515
516
517
518
519
520
521
522
524
525
526
527
528
529
530
531
533
534
535
536
537
538
539
540
541
439
447
217
506
284
289
434
288
292
424
433
289
288
292
424
69
55
18
10
9
51
289
288
292
424
433
289
291
288
292
505
248
241
150
151
36
32
35
31
34
33
258
248
238
241
452
289
434
288
292
424
433
513
66
51
54
55
218
208
202
213
220
229
232
210
189
524
138
430
426
424
218
213
220
229
207
201
232
210
189
218
208
202
213
220
229
232
210
189
417
413
178
289
288
292
424
230
533
138
25
151
149
268
25
433
433
514
513
56
25
293
14
17
425
424
62
152
56
51
62
139
286
440
172
434
289
288
424
425
424
424
433
451
451
289
288
292
424
178
51
258
248
238
241
513
513
140
416
417
286
434
433
425
426
440
448
439
447
447
447
505
299
289
292
425
424
424
433
514
513
238
150
152
148
149
25
433
433
230
228
218
233
212
224
230
205
227
215
220
201
232
210
199
204
206
229
219
189
217
433
433
10
9
248
241
514
289
288
292
424
444
440
452
448
443
451
67
66
126
214
216
209
231
415
417
289
434
288
292
424
433
279
269
48
239
238
240
241
514
444
55
25
25
218
212
206
220
229
201
232
210
189
70
68
425
424
12
9
11
295
44
289
286
505
434
433
448
447
150
51
514
258
248
238
241
56
25
433
433
53
239
150
152
148
149
233
189
433
433
433
434
433
258
248
238
241
178
66
69
128
129
127
68
130
126
53
58
63
131
293
289
291
288
292
286
505
214
209
424
69
51
54
55
177
215
214
209
434
433
149
128
178
127
177
222
223
447
447
13
433
433
218
199
211
232
189
208
296
284
289
290
291
288
292
56
25
25
448
51
62
289
286
147
25
444
440
291
292
452
448
451
443
513
513
433
433
433
239
238
237
203
204
200
205
25
412
417
434
215
214
209
423
289
291
417
287
412
415
416
292
413
414
424
411
513
451
451
289
292
269
289
292
289
288
292
506
507
238
240
48
52
30
49
51
60
47
54
64
44
53
40
62
65
50
286
513
513
289
444
440
288
292
452
448
451
443
444
219
189
452
448
451
149
295
258
248
238
241
230
506
507
224
221
227
63
448
447
54
56
55
65
61
25
230
448
425
424
424
433
226
225
433
433
202
425
424
424
433
424
298
296
284
287
289
290
291
288
292
286
412
415
416
417
413
414
171
170
172
171
170
172
207
289
434
288
292
424
433
433
148
149
170
268
212
506
433
433
433
230
51
177
177
514
49
51
50
425
424
425
426
258
248
238
241
279
281
280
269
425
426
189
289
440
288
448
439
447
505
513
129
128
130
417
414
452
434
51
55
433
433
440
425
424
524
507
506
505
513
505
452
448
451
248
241
513
513
200
426
230
189
46
45
162
66
214
209
506
239
434
433
433
289
440
291
292
448
439
447
25
25
126
289
147
129
126
10
9
