2
3
4
5
6
7
8
9
10
11
12
13
14
15
16
17
18
19
20
21
22
24
25
26
27
28
29
30
31
32
33
34
35
36
37
38
39
40
41
42
43
44
45
46
47
48
49
50
51
52
53
54
55
56
57
58
59
60
61
62
63
64
65
66
67
68
69
70
71
72
73
74
75
76
77
78
79
80
81
82
83
84
85
86
87
88
89
90
91
92
93
94
95
96
97
98
99
100
101
102
103
104
105
106
107
108
109
110
111
112
113
114
115
116
117
118
119
120
121
122
123
124
125
126
127
128
129
130
131
132
133
134
135
136
137
138
139
140
141
142
143
144
145
146
147
148
149
150
151
152
153
154
155
156
157
158
159
160
161
162
163
164
165
166
167
168
169
170
171
172
173
174
175
176
177
178
179
180
181
182
183
184
185
186
187
188
189
190
191
192
193
194
195
196
93
28
182
155
157
66
147
60
33
29
34
25
39
63
31
42
26
66
147
83
29
25
39
47
26
33
26
32
182
60
26
63
33
26
39
50
109
42
145
79
29
26
105
134
50
106
145
154
129
109
47
112
33
42
50
109
42
145
60
83
194
98
121
74
28
26
30
33
110
157
156
38
28
28
162
99
93
156
37
81
40
83
156
29
29
84
154
115
36
26
33
50
107
145
154
192
129
191
109
187
33
42
25
40
26
63
181
28
30
157
27
26
150
83
156
28
105
66
34
35
39
82
26
168
28
29
42
26
27
84
153
145
147
29
81
154
192
175
147
191
60
176
138
28
36
26
25
107
26
182
145
76
60
74
26
182
108
188
153
104
175
147
82
176
36
33
26
69
145
82
113
155
147
26
24
78
182
60
94
50
106
145
154
192
129
191
109
47
112
33
42
102
28
26
46
146
155
31
33
38
26
30
27
32
26
106
192
191
116
33
29
79
33
32
145
189
190
28
29
42
26
32
24
62
153
181
28
26
84
192
191
145
129
47
170
64
130
84
121
38
157
147
116
148
129
60
93
31
24
24
182
155
157
66
147
60
33
29
25
39
31
154
192
175
147
191
176
78
138
86
32
28
188
60
26
73
28
26
36
33
34
62
155
153
145
157
52
74
60
156
33
25
32
26
41
26
60
25
116
28
29
133
26
148
63
24
26
148
63
24
26
192
191
122
121
123
122
26
155
74
60
33
25
123
122
60
84
147
26
41
122
182
184
181
60
26
187
26
35
24
98
