1
2
2
2
2
2
2
2
2
2
2
2
2
2
2
2
2
2
2
2
2
2
2
2
2
2
2
2
2
2
2
2
2
2
2
2
2
2
2
2
2
2
2
2
2
2
2
2
2
2
2
2
16
54
28
56
49
58
51
60
2
62
2
64
64
64
64
64
64
64
64
64
64
64
64
2
77
46
46
46
1
82
82
82
82
82
82
82
82
82
82
82
93
85
96
97
97
97
97
97
97
97
97
97
97
97
97
97
97
97
97
97
97
97
97
97
97
97
97
97
97
97
97
97
97
97
97
130
1
131
131
131
131
131
131
131
131
131
131
131
131
131
131
131
131
131
131
131
131
131
131
131
131
131
131
131
131
131
131
131
131
131
131
131
131
131
131
131
131
131
131
131
137
140
142
143
144
145
1
181
181
181
181
181
181
181
181
181
181
181
181
181
181
181
181
181
181
181
181
181
181
181
181
181
181
181
181
181
181
181
181
181
181
181
181
181
181
181
181
181
181
181
181
181
181
181
181
181
181
181
181
181
181
181
181
181
181
181
181
181
181
181
181
181
181
181
181
181
181
181
181
181
181
181
181
181
181
181
181
181
181
181
181
181
181
181
181
181
181
181
181
181
181
181
181
181
181
181
181
181
181
181
181
181
181
181
181
181
181
181
181
181
181
181
181
181
181
181
181
181
181
181
181
181
181
276
308
288
310
290
312
295
314
299
316
299
1
319
319
319
319
319
319
319
319
319
319
319
319
319
319
319
319
319
319
319
319
319
319
319
319
319
319
319
319
319
319
319
319
319
319
319
319
319
319
319
319
319
319
319
319
319
319
319
319
319
319
319
319
319
319
319
319
319
376
376
376
376
376
376
376
376
376
376
376
376
349
389
352
391
393
333
334
334
397
335
336
337
337
340
1
403
403
403
403
403
403
403
403
403
403
403
403
403
403
403
403
403
403
403
403
403
403
403
403
403
403
403
403
403
403
403
403
403
403
403
403
403
403
403
403
403
403
403
403
403
403
403
403
403
403
403
407
455
407
457
407
459
408
461
408
463
409
465
409
467
410
469
410
471
411
473
411
475
411
477
412
479
412
481
483
412
485
413
487
413
489
491
413
493
414
495
414
497
414
499
415
501
420
503
421
505
422
507
422
509
423
511
513
423
515
515
423
518
423
520
424
522
424
524
425
526
425
528
425
530
530
425
533
425
535
426
537
427
539
428
541
429
543
431
545
431
547
432
549
433
551
433
553
434
555
557
434
559
559
434
562
434
564
435
566
568
435
570
570
435
573
435
575
437
577
438
579
438
581
438
583
439
585
585
439
588
439
590
439
592
439
594
440
596
443
598
443
600
443
602
443
604
443
606
444
608
610
445
612
445
614
446
616
446
618
446
620
447
622
447
624
447
626
448
628
448
630
448
632
449
634
450
636
451
638
452
640
642
96
644
644
644
644
644
644
644
644
644
644
644
644
644
644
644
644
644
644
644
644
644
644
644
644
644
644
644
644
644
644
644
644
644
644
644
644
644
644
644
644
644
644
644
644
644
644
644
644
644
644
644
644
644
644
644
644
644
644
644
644
644
644
644
644
644
710
1
711
711
711
711
711
711
711
711
711
711
711
711
711
711
711
711
711
711
711
711
711
711
711
711
711
711
711
711
711
711
711
711
711
711
711
711
711
711
711
711
711
711
711
711
711
711
711
711
711
711
711
711
711
711
711
711
767
711
769
769
769
711
773
773
773
773
773
773
773
773
773
773
773
773
773
773
748
82
97
655
679
671
671
427
776
729
729
729
729
729
729
729
729
261
261
261
261
414
429
429
229
229
229
229
254
254
254
254
447
346
346
346
346
346
346
197
197
197
197
197
197
197
672
672
672
672
672
673
673
91
91
42
42
42
439
439
26
26
140
140
152
152
152
33
33
33
33
33
153
153
153
153
153
153
153
153
153
153
153
153
153
424
424
143
143
677
677
677
677
664
744
744
237
237
237
237
35
35
650
650
357
357
357
357
357
215
215
215
215
243
243
243
243
667
667
667
667
739
739
739
739
739
199
199
199
199
199
199
199
199
199
743
743
434
434
425
425
234
234
234
234
351
351
351
351
351
351
265
167
407
413
722
722
722
722
141
37
61
61
61
61
61
61
61
232
232
232
232
363
363
306
748
748
748
748
748
748
224
327
327
327
327
327
327
327
327
327
32
32
270
270
430
430
301
301
301
732
732
732
732
732
732
732
451
736
736
736
760
39
412
647
647
755
755
342
342
342
342
342
342
342
517
206
238
238
238
238
73
669
669
228
228
228
228
102
102
275
275
275
275
275
41
41
567
233
233
233
233
242
242
242
242
245
245
245
245
450
450
139
731
731
731
16
16
16
16
16
16
446
200
200
200
200
200
200
200
200
214
214
214
214
246
246
246
246
656
670
670
30
735
735
735
735
735
133
133
46
46
46
227
289
289
289
289
772
772
369
369
203
203
203
203
754
754
284
284
284
284
284
284
226
294
666
666
666
158
158
418
721
721
721
721
721
209
209
209
209
89
89
70
70
70
70
70
70
43
43
431
431
304
72
205
205
205
205
241
241
241
241
20
20
217
572
330
330
260
260
260
260
142
142
663
262
262
262
262
532
331
331
331
331
757
757
757
154
409
276
276
276
276
276
276
276
276
276
659
759
219
428
428
273
273
273
273
335
335
335
335
335
335
335
335
335
335
335
335
335
335
371
371
371
51
653
354
354
354
354
19
19
263
274
274
274
274
34
343
343
343
343
47
47
47
648
648
85
85
85
85
53
53
338
338
338
338
338
338
136
136
136
416
416
75
410
38
307
307
307
305
305
255
255
255
255
272
272
660
239
239
239
239
36
194
194
745
333
333
157
157
135
135
135
207
207
207
207
18
198
198
198
198
198
198
198
213
213
213
213
317
156
156
155
155
680
31
31
31
749
749
749
749
329
727
727
727
727
727
727
727
727
727
727
665
366
366
170
250
250
250
250
347
347
347
347
249
249
249
249
419
419
419
285
285
285
17
17
23
23
298
298
298
298
742
742
408
264
264
264
264
651
353
353
353
353
353
353
649
649
162
202
202
202
202
202
202
202
202
202
104
240
240
240
240
283
283
283
512
165
172
172
251
251
251
251
438
332
52
361
751
751
339
339
339
339
339
339
220
668
668
235
235
235
235
100
100
390
390
390
390
390
390
374
374
374
374
374
374
753
753
348
348
348
348
348
348
445
445
147
147
147
147
147
252
252
252
252
236
236
236
236
303
57
57
362
392
392
392
392
392
392
370
370
370
448
287
287
287
287
426
426
138
196
196
372
372
372
267
730
730
730
730
230
230
230
230
86
86
411
724
720
720
720
720
720
24
268
268
268
268
71
71
293
293
293
293
144
144
662
359
359
359
359
204
204
204
204
193
244
244
244
244
151
676
211
211
211
211
433
433
92
368
368
345
345
345
345
345
345
253
253
253
253
299
299
299
299
299
299
299
299
299
657
654
87
87
87
269
269
442
442
358
358
358
358
358
358
358
358
358
358
358
415
415
725
725
725
725
441
441
422
422
247
247
247
247
258
258
258
258
746
746
737
737
737
737
737
737
737
29
29
48
48
48
48
360
360
360
360
360
360
134
134
134
282
282
282
282
282
282
101
101
145
145
218
25
350
350
350
350
350
350
350
350
350
350
350
350
27
27
27
27
761
761
169
444
436
436
436
150
216
216
216
216
734
768
90
90
90
90
90
90
449
160
163
231
231
231
231
420
420
355
355
355
355
355
432
432
740
740
740
367
367
675
675
248
248
248
248
344
344
344
344
344
344
344
344
344
344
344
344
337
337
337
452
674
674
295
295
295
295
295
295
295
295
266
266
266
266
341
341
341
341
341
341
341
341
341
341
341
341
341
341
341
341
341
341
341
341
341
341
341
341
341
281
281
281
281
678
678
334
334
146
146
173
364
364
364
159
78
78
44
421
421
74
652
278
278
278
278
278
45
723
723
723
435
440
137
137
148
148
148
375
375
375
106
174
174
174
174
174
225
208
208
208
208
271
271
94
103
103
103
728
728
728
728
728
728
728
728
356
356
356
356
356
443
443
741
741
288
288
288
288
288
288
288
288
21
21
195
195
561
423
423
149
290
290
290
290
290
290
290
290
168
257
257
257
257
775
201
201
201
201
201
201
201
726
726
726
726
726
726
726
222
373
373
212
212
212
212
437
437
336
336
221
328
328
328
210
210
210
210
259
259
259
259
286
658
76
76
76
76
76
164
164
661
223
340
340
340
340
340
340
340
340
340
340
340
340
340
340
733
733
733
733
733
733
733
733
40
40
166
166
587
365
365
280
280
280
280
84
84
161
161
256
256
256
256
171
171
738
738
738
738
738
747
326
714
15
15
182
325
98
715
323
716
186
65
318
788
788
788
788
394
395
396
398
398
398
398
398
398
398
398
398
398
398
398
398
399
79
400
401
95
402
402
402
402
402
402
402
402
402
402
402
402
402
