2
3
4
5
6
7
8
9
10
11
12
13
14
15
16
17
18
19
20
21
22
23
24
25
26
27
28
29
30
31
32
33
34
35
36
37
38
39
40
41
43
44
45
46
47
48
49
50
51
52
53
54
55
56
57
58
59
60
61
62
63
64
65
66
67
68
69
70
71
72
73
74
75
76
77
78
79
80
81
82
83
84
85
86
87
88
18
9
16
10
6
9
7
16
10
11
6
5
16
15
5
52
79
78
68
67
63
68
82
74
24
18
9
17
16
6
16
5
31
26
27
13
7
12
17
14
37
45
47
49
80
47
62
29
39
38
76
64
66
33
44
47
48
49
62
17
47
48
33
26
29
34
8
14
39
38
15
37
46
47
48
22
17
68
65
26
27
4
13
9
7
12
17
16
11
79
75
64
67
66
80
47
29
34
7
8
14
39
38
15
37
78
65
66
4
80
80
37
80
80
81
81
80
67
63
79
14
37
64
67
75
64
66
80
