2
3
4
5
6
7
8
9
10
11
12
13
14
15
16
17
18
19
20
21
22
23
24
25
26
27
28
29
30
31
32
33
34
35
36
37
38
39
40
41
42
43
44
45
46
47
48
49
50
51
52
53
54
55
56
57
58
59
60
61
62
63
64
65
66
67
68
69
70
71
72
73
74
75
76
77
78
79
80
81
82
83
84
85
86
87
88
89
90
91
92
93
94
95
96
97
98
99
100
101
102
103
104
105
106
107
108
109
110
111
112
113
115
116
117
118
119
120
121
122
123
124
125
126
127
128
129
130
131
132
133
134
135
136
137
138
139
140
141
142
143
144
145
146
147
148
149
150
151
152
153
154
155
156
157
158
159
160
161
162
163
164
165
166
167
168
169
170
171
172
173
174
175
176
177
178
179
180
181
182
183
184
185
186
187
188
189
190
191
192
193
194
195
196
197
198
199
200
201
202
203
204
205
206
207
208
209
210
211
212
213
214
215
216
217
218
219
220
221
222
223
224
225
226
227
228
229
230
231
232
233
234
235
236
237
238
239
240
241
242
243
244
245
246
247
248
249
250
251
252
253
254
255
256
257
258
259
260
261
262
263
264
265
266
267
268
269
270
271
272
273
274
275
276
278
279
280
281
282
283
284
285
286
287
288
289
290
291
292
293
294
295
296
297
298
299
300
301
302
303
304
305
306
307
308
309
310
311
312
313
314
315
316
317
318
319
320
321
322
323
324
325
326
327
328
329
330
331
332
333
334
335
336
337
338
339
340
341
342
343
344
345
346
347
348
350
351
352
353
354
355
356
357
358
359
360
361
362
363
364
365
366
367
368
369
370
371
372
373
374
375
376
377
378
379
380
381
382
383
384
385
386
387
388
389
390
391
392
393
394
395
396
397
398
399
400
401
402
403
404
405
406
407
408
409
410
411
412
413
414
415
416
417
418
419
420
421
422
423
424
425
426
427
428
429
430
431
432
433
434
435
436
437
438
439
440
441
442
443
444
445
446
447
448
449
450
451
452
453
454
455
456
457
458
459
460
461
462
463
464
465
466
467
468
469
470
471
472
473
474
475
476
477
478
479
480
481
482
483
484
485
486
487
488
489
490
491
492
493
494
495
496
497
498
499
500
501
502
503
504
505
506
507
508
509
510
511
512
513
514
515
516
517
518
519
520
521
522
523
524
525
526
527
528
529
530
531
532
533
534
535
536
537
538
539
540
541
542
543
544
545
546
547
548
549
550
551
552
553
554
555
556
557
558
559
560
561
562
563
564
565
566
567
568
569
570
572
573
574
575
576
577
578
579
580
581
582
583
584
585
586
587
588
589
590
591
592
593
594
595
596
598
599
600
601
602
603
604
605
606
607
608
609
610
611
612
613
614
615
616
617
618
619
620
621
622
623
624
625
626
627
628
629
630
631
632
633
634
635
636
638
639
640
641
642
643
644
645
646
647
648
649
650
651
652
653
654
655
656
657
658
659
660
661
662
663
664
665
666
667
668
669
670
671
672
673
674
675
676
677
678
679
680
681
682
683
684
685
686
687
688
689
690
691
692
693
694
695
696
697
698
699
700
701
702
703
704
705
706
707
708
709
710
711
712
713
714
715
717
720
721
722
723
724
725
726
727
728
729
730
731
732
733
734
736
737
738
739
740
741
742
743
744
745
746
747
748
749
750
751
752
753
754
755
756
757
758
759
760
761
762
763
764
765
766
767
768
769
770
771
772
773
774
775
777
778
779
780
781
782
783
784
785
786
787
788
789
790
791
792
793
794
795
796
797
798
799
800
801
802
803
804
805
806
807
808
809
810
811
812
813
814
815
816
817
818
819
820
821
822
823
824
825
826
827
828
829
830
831
832
833
834
835
836
837
838
839
840
841
842
843
844
845
846
847
848
849
850
851
852
853
854
855
856
857
858
859
860
861
862
863
864
865
866
867
868
869
870
871
872
873
874
875
876
877
878
879
880
881
882
883
884
885
886
887
888
889
890
891
892
893
894
895
896
897
898
899
900
901
902
903
904
905
906
907
908
909
910
911
912
913
914
915
916
917
918
919
920
921
922
923
924
925
926
927
928
929
930
931
932
933
934
935
936
937
938
939
940
941
942
943
944
945
946
947
948
949
950
951
952
953
954
955
956
957
958
959
960
961
962
963
964
965
966
967
968
969
970
971
972
973
974
975
976
977
978
857
980
856
855
854
781
780
987
988
989
990
991
992
993
994
995
996
997
998
1000
1001
1002
1004
1005
1006
1007
1008
1009
1010
1011
1012
1013
1014
1015
1016
1017
1018
1019
1020
1021
1022
1023
1024
1025
1026
1027
1028
1029
1030
1031
1032
1033
1034
1035
1036
1037
1038
1039
1040
1041
1042
1043
1044
1045
1046
1047
1048
1049
1050
1051
1052
1053
1054
1055
1057
1058
1059
1060
1061
312
516
516
777
461
454
516
530
38
4
12
7
18
17
10
643
485
312
128
804
1018
1019
14
855
857
912
950
878
861
859
284
777
777
823
444
245
443
445
440
446
441
255
442
424
423
429
430
14
949
80
777
367
157
614
608
613
957
628
629
800
585
584
354
16
214
488
490
463
466
737
739
818
19
443
430
685
682
818
131
932
204
33
852
1013
957
1023
1025
854
951
1029
203
57
1030
30
1005
1009
1010
1007
1008
2
1017
489
799
855
857
914
949
950
878
146
916
147
933
116
116
777
422
237
237
120
155
214
209
413
357
356
400
399
401
351
352
398
795
170
191
312
244
122
855
857
914
978
949
950
972
395
146
976
147
933
974
878
916
156
116
116
777
821
819
480
395
367
397
185
854
148
456
203
159
455
458
158
457
156
116
350
561
562
104
321
312
2
507
503
119
120
140
1004
947
864
212
203
899
527
526
895
463
523
524
782
949
478
269
632
195
1014
185
121
141
124
119
117
128
129
125
142
137
118
127
131
130
126
138
133
143
796
949
118
107
106
80
79
75
74
212
203
897
901
259
260
798
1018
1019
1017
258
101
834
245
255
123
122
870
118
133
167
185
854
148
456
203
159
455
458
158
457
116
4
351
464
462
359
237
352
378
48
7
3
8
797
788
791
551
549
550
548
826
783
824
824
78
75
76
77
315
827
318
504
190
119
312
318
222
338
337
319
211
327
331
328
116
312
465
60
58
203
874
38
487
145
150
465
463
466
2
180
559
490
551
463
548
549
550
554
464
462
466
552
628
627
64
58
4
3
17
10
819
823
778
855
857
914
916
933
116
116
777
48
55
3
9
1018
1019
1017
283
288
281
282
289
11
151
425
431
426
428
427
422
354
786
354
785
809
134
578
575
574
755
753
754
756
100
103
190
99
80
74
816
23
11
6
16
5
15
14
17
10
374
375
351
358
353
354
312
167
949
877
168
203
118
128
129
353
354
266
224
48
203
155
565
852
209
36
499
500
465
463
474
469
466
470
473
560
2
832
24
4
6
5
14
17
10
779
531
532
830
100
102
162
99
353
354
465
903
203
907
510
241
6
19
879
203
905
943
352
353
831
687
802
170
191
312
180
357
784
808
855
857
914
916
79
75
74
116
111
777
493
486
206
207
119
471
203
957
467
468
466
612
607
606
613
791
1038
1037
120
58
52
1021
1005
1007
1017
1042
1036
903
483
203
249
905
943
250
883
242
243
26
248
246
247
117
655
472
465
340
224
48
203
155
852
214
35
209
499
500
465
463
474
469
466
473
2
833
792
127
354
351
815
120
133
2
538
529
703
702
707
804
55
4
15
17
312
312
479
119
1021
2
655
782
11
7
10
120
203
957
467
468
466
149
148
949
203
422
777
790
837
132
10
828
100
103
190
99
74
132
340
480
119
465
538
539
529
587
586
580
575
574
351
800
465
835
99
312
312
416
932
854
877
203
965
872
208
467
465
468
469
474
466
470
116
522
537
547
518
355
336
146
147
330
332
331
116
116
777
180
466
473
39
465
463
474
2
120
378
628
627
843
17
180
559
551
553
549
463
550
548
554
464
466
552
854
203
829
565
729
728
780
203
856
422
786
4
14
17
10
354
300
299
157
283
290
291
293
292
671
242
117
238
834
822
840
127
789
106
80
806
256
257
117
854
203
50
465
466
312
312
2
817
65
652
949
195
508
150
118
119
124
657
657
298
290
291
293
292
46
53
4
11
16
14
541
831
151
335
116
805
25
27
774
748
741
742
793
565
729
728
118
777
855
857
914
867
950
878
916
933
116
1046
777
688
813
855
857
914
867
882
871
906
950
146
147
933
438
439
878
916
880
431
424
423
432
422
116
448
777
450
855
857
912
950
878
861
859
329
777
777
787
503
511
119
117
120
522
802
820
674
656
644
643
650
635
130
297
222
146
147
287
285
286
116
116
777
855
857
914
950
878
916
728
116
547
777
461
496
119
511
119
117
120
300
299
157
283
290
291
282
293
292
800
101
80
140
601
611
505
216
489
188
318
203
271
925
503
319
977
484
846
322
266
312
1020
212
534
535
539
529
841
422
253
253
820
263
261
203
866
117
259
318
338
337
484
489
211
156
327
328
116
312
810
11
12
7
8
949
203
205
856
118
117
643
642
836
639
648
647
796
1019
854
203
466
826
242
825
715
714
703
696
702
697
701
779
416
167
168
483
480
395
943
397
185
854
148
456
203
159
455
458
158
457
944
156
116
350
953
203
925
1019
314
316
315
313
2
815
55
44
46
4
11
12
17
9
698
700
699
697
701
542
541
545
463
25
27
829
788
994
465
463
318
191
312
618
151
620
612
601
608
611
909
118
104
673
656
643
646
657
654
678
989
149
949
203
1050
471
272
274
117
463
31
634
13
12
624
855
914
590
950
587
878
916
583
576
582
575
577
777
1018
1021
2
203
503
885
254
990
55
15
17
312
312
318
480
191
319
193
119
312
217
787
504
119
312
492
119
444
245
443
440
446
441
255
442
424
423
429
430
669
644
643
642
655
645
648
640
647
641
833
992
503
119
1016
1013
1005
761
149
148
949
609
608
842
803
827
1020
626
628
625
801
463
505
38
465
2
836
128
203
844
497
803
191
117
125
1004
191
101
99
80
816
7
10
405
407
404
406
801
530
1045
1044
1039
1036
84
80
78
77
101
80
949
203
110
106
23
84
80
79
74
414
490
407
410
406
408
398
398
566
490
463
563
462
561
562
825
377
358
312
168
502
872
156
118
357
203
935
925
536
213
463
466
529
855
857
912
950
940
878
861
146
859
214
147
609
604
608
603
602
600
610
605
611
116
777
621
932
925
837
17
651
989
817
491
119
840
318
321
191
101
99
80
312
649
1010
116
739
750
832
590
591
925
1058
586
1059
777
838
318
321
191
101
99
80
312
854
949
879
203
975
872
973
905
943
971
351
352
356
353
355
354
116
403
682
926
920
950
713
878
712
703
700
708
699
705
702
704
777
920
586
579
574
777
812
60
212
203
945
911
463
462
466
2
480
266
932
540
203
935
536
957
467
463
468
466
529
537
425
426
465
401
399
400
784
759
760
752
737
753
756
785
810
37
835
270
126
841
752
753
406
843
518
839
245
445
441
442
444
443
440
446
255
424
423
429
430
268
167
197
480
491
267
477
185
207
925
503
977
219
196
121
137
141
118
127
119
117
126
129
120
142
806
191
795
8
830
129
318
504
503
312
151
296
282
116
11
7
10
805
949
977
23
957
631
121
141
119
124
134
128
122
125
129
120
118
123
127
140
130
126
136
135
777
1004
350
233
624
253
258
265
235
237
461
130
624
838
807
813
156
422
461
9
192
321
505
480
850
193
318
504
191
155
319
909
194
119
117
134
129
137
118
131
312
191
512
119
120
149
148
290
284
824
153
155
925
498
137
118
139
119
131
117
129
60
216
38
487
145
188
58
203
874
494
846
150
465
463
466
2
321
773
772
318
319
737
762
769
768
765
766
764
763
767
312
30
624
794
649
105
79
16
220
626
628
627
513
119
253
4
14
17
10
842
465
762
763
316
799
808
191
893
889
891
887
118
781
480
266
106
80
1018
1019
444
176
245
443
445
440
446
441
255
442
424
423
429
430
422
314
146
1054
147
185
1050
18
825
809
119
461
855
857
914
867
916
933
777
949
23
118
117
881
949
877
203
239
243
240
117
550
789
326
327
328
334
333
484
137
119
117
312
949
203
856
118
120
203
872
560
560
318
321
191
101
99
80
312
318
502
156
312
793
1036
266
679
641
681
103
105
80
74
116
265
828
7
358
465
58
362
363
32
52
2
153
155
925
872
501
137
118
139
119
131
117
129
318
191
319
137
312
811
814
537
1027
204
635
1013
957
1023
1025
1029
203
963
925
1005
1006
1009
1010
1007
1008
2
1017
45
43
633
4
13
12
7
8
10
797
839
382
66
432
2
790
480
271
266
581
651
473
794
741
742
995
992
990
191
312
415
211
428
427
422
741
738
742
740
739
761
750
792
821
37
5
374
351
358
354
312
242
480
127
119
781
877
777
203
967
969
961
520
463
519
318
320
485
162
124
119
117
312
854
203
49
465
466
312
2
148
949
203
1050
143
314
315
104
321
101
80
312
465
80
116
911
706
777
116
812
200
202
167
949
476
201
1014
118
119
124
117
128
125
138
652
855
978
974
920
950
587
878
972
976
586
777
777
318
504
119
312
312
131
591
848
497
156
118
132
318
504
119
312
12
7
8
807
101
80
138
509
137
119
117
126
783
120
854
959
626
628
627
629
777
686
265
814
798
822
1018
9
780
778
639
645
647
31
318
321
769
763
765
767
472
811
7
531
532
879
203
117
129
60
54
33
56
38
145
53
47
58
363
41
358
352
464
353
354
359
2
313
15
299
157
283
290
282
293
292
855
857
914
867
916
933
116
111
777
346
312
116
1017
116
253
403
750
258
560
560
529
116
265
116
116
529
761
237
516
516
116
777
624
777
777
237
2
461
560
572
2
777
253
1004
624
777
1017
203
856
203
856
781
855
857
781
855
857
855
857
780
854
203
466
738
780
854
203
352
4
14
4
14
854
627
855
857
855
857
431
855
857
203
856
422
644
648
855
857
855
855
582
854
203
855
857
609
604
603
855
857
854
203
855
857
167
854
203
854
203
1010
855
857
855
857
854
203
208
854
203
466
854
203
466
854
203
466
