2
3
4
5
6
7
8
9
10
11
12
13
14
15
16
17
18
19
20
21
22
23
24
25
26
27
28
29
30
31
32
33
34
35
36
37
38
39
40
41
42
43
44
45
46
47
48
49
50
51
52
53
54
55
56
57
58
59
60
61
62
63
64
65
66
67
68
69
70
71
72
73
74
75
76
77
78
79
80
81
82
83
84
85
86
87
88
89
90
91
92
93
94
95
96
97
98
99
100
101
102
103
104
105
106
107
108
109
110
111
112
113
114
115
116
117
118
119
120
121
122
123
124
125
126
127
128
129
131
132
133
134
135
136
137
139
140
141
142
143
144
145
146
147
148
149
150
151
152
153
154
155
156
157
158
159
160
161
162
163
164
165
166
167
168
169
170
171
172
173
174
175
176
177
178
179
180
181
182
183
184
185
186
187
188
189
190
191
192
193
194
195
196
197
198
199
200
201
202
203
204
205
206
207
208
209
210
211
212
213
148
160
216
217
218
219
220
221
222
223
224
225
226
227
228
229
230
231
232
233
234
235
236
237
238
239
240
241
242
243
244
245
246
28
38
34
28
22
11
35
28
33
22
149
220
12
11
147
28
21
33
21
36
30
11
36
30
11
142
166
198
28
21
33
11
30
40
36
30
22
11
30
40
28
21
33
221
11
29
6
28
21
33
11
198
220
11
5
7
6
13
14
219
4
221
12
9
15
217
218
21
36
30
11
19
17
12
11
127
25
34
28
21
11
28
21
37
221
11
30
40
28
21
37
11
35
28
21
11
141
21
36
30
31
24
16
12
198
21
36
30
11
30
40
11
21
36
30
221
11
21
30
40
11
198
198
198
166
28
21
39
11
139
229
230
220
223
219
221
222
218
241
237
28
21
37
221
11
31
24
12
11
28
21
27
23
16
221
12
11
15
198
25
198
30
40
221
11
34
28
11
198
28
21
27
24
16
12
15
28
22
39
11
28
38
221
11
26
16
12
21
30
40
26
18
12
28
17
36
30
28
21
27
24
16
12
15
28
27
24
16
12
15
21
36
30
11
28
27
23
16
12
15
35
28
22
11
28
21
33
31
18
24
12
21
41
27
15
31
18
24
12
39
198
36
30
198
28
21
27
23
16
12
15
28
18
27
32
12
15
28
21
39
11
34
28
21
27
221
11
15
157
156
160
158
154
135
133
132
134
139
198
21
36
30
198
39
19
21
36
30
11
21
30
40
28
21
37
11
28
37
11
28
21
37
28
27
24
16
12
15
41
27
15
28
21
27
24
16
12
15
152
223
222
234
148
5
7
9
21
30
40
11
151
34
28
21
221
11
28
38
221
11
28
21
37
31
12
11
217
31
18
24
12
5
7
11
10
34
28
21
146
233
231
232
237
232
237
241
21
30
40
11
28
38
11
21
36
30
221
11
28
22
39
11
24
16
12
198
28
21
37
144
21
36
30
11
28
22
39
11
18
24
12
35
21
30
40
221
11
143
28
21
33
221
11
28
21
23
16
12
29
21
41
27
15
145
36
30
30
40
11
12
219
11
233
234
31
24
16
221
12
11
34
28
21
221
11
21
30
40
11
28
21
39
11
198
31
18
24
12
150
217
28
11
21
41
27
15
21
41
27
15
216
216
166
223
234
160
231
237
