2
3
4
5
6
7
8
9
10
11
12
13
14
15
16
17
18
19
20
21
22
23
24
25
26
27
28
29
30
31
32
33
34
35
36
37
38
39
40
41
37
44
45
46
47
48
49
50
51
52
53
54
55
56
57
58
59
60
61
62
63
64
65
66
67
68
69
70
71
72
73
74
75
66
54
47
65
54
47
32
20
19
21
16
18
16
47
52
4
5
6
47
53
51
49
47
50
48
72
71
49
47
13
6
2
47
53
13
2
4
13
6
2
68
54
47
23
16
47
53
69
54
47
40
22
16
20
18
17
19
23
21
22
2
34
2
32
16
2
47
47
47
52
46
47
53
47
53
47
67
54
47
47
46
26
16
17
16
16
16
73
10
2
4
6
5
2
40
13
6
2
71
