2
3
4
5
6
7
8
2
11
12
12
15
16
17
18
19
20
21
22
23
24
25
26
27
28
29
30
31
32
33
34
35
36
37
38
39
40
41
42
43
44
45
46
47
48
49
50
51
52
53
54
55
56
57
58
59
23
61
63
64
65
66
67
68
69
70
71
72
73
74
75
76
77
78
79
80
81
82
83
84
85
86
87
88
89
90
91
92
93
94
95
96
97
98
99
91
101
102
103
104
105
106
107
108
109
110
111
112
113
114
115
116
117
118
119
120
121
122
123
124
125
126
127
128
129
130
131
132
133
134
135
136
137
138
139
140
109
142
143
144
145
146
147
148
149
150
151
152
153
154
155
156
157
158
159
160
161
162
163
164
165
166
167
168
169
170
171
172
173
174
175
176
177
178
179
180
181
182
183
184
185
186
187
188
189
190
191
192
193
194
195
196
197
198
199
200
189
202
101
101
68
85
44
79
44
103
110
44
44
187
188
32
31
8
4
108
110
28
44
67
66
192
44
88
89
44
91
110
195
29
30
104
47
44
44
43
130
110
47
69
194
185
186
4
3
107
116
197
36
33
17
25
23
29
22
189
16
20
19
24
21
184
114
195
46
44
107
44
44
195
11
103
104
107
114
107
110
24
15
47
44
109
134
103
104
105
110
46
44
133
38
195
29
30
110
40
39
191
98
102
65
67
140
190
92
89
67
140
140
187
107
114
110
140
184
197
23
29
189
184
195
11
