1
2
2
2
2
2
2
2
2
2
2
2
2
2
2
2
2
2
2
2
2
2
2
2
2
2
2
2
2
2
2
32
32
32
32
32
32
32
32
32
2
42
42
42
42
42
42
42
26
26
52
1
53
53
53
56
56
56
56
56
56
56
56
56
56
56
56
56
56
56
56
56
56
53
75
53
77
77
77
77
77
77
77
77
77
77
77
77
64
71
23
23
23
23
65
65
65
65
65
65
65
13
13
13
13
13
55
55
70
70
70
70
70
70
70
80
80
84
84
84
84
72
72
72
72
72
72
14
14
14
14
14
14
48
67
67
67
67
67
67
67
85
85
85
85
73
73
73
73
73
83
83
83
83
24
24
24
24
24
24
24
46
46
46
68
68
68
68
68
68
68
68
86
86
86
86
17
49
18
39
41
15
15
15
15
22
54
54
89
89
89
89
63
63
63
63
63
37
37
37
26
26
26
26
64
64
64
64
64
74
71
71
71
71
71
71
82
82
82
82
88
88
88
62
62
62
40
20
76
76
76
76
66
66
66
66
66
66
66
25
69
69
69
69
69
69
69
87
87
87
21
21
21
21
21
21
21
21
21
19
27
47
38
81
3
50
90
