2
3
4
5
6
7
8
9
10
11
12
13
14
15
16
17
18
19
20
21
22
23
24
25
27
15
29
16
17
18
33
20
35
36
37
38
39
40
41
22
43
44
46
47
48
49
50
51
52
53
54
55
56
57
58
59
60
61
62
63
64
65
66
67
68
69
70
71
72
73
74
75
76
77
78
79
80
81
82
83
84
85
86
87
88
89
90
91
92
93
94
95
96
97
98
99
100
101
102
103
104
105
106
107
108
109
110
111
112
113
114
115
116
117
118
119
120
121
122
123
124
125
126
127
128
129
130
131
132
133
134
135
136
137
138
139
140
141
142
143
144
145
146
147
148
149
150
151
152
153
154
155
156
157
158
159
160
161
162
163
164
165
166
167
168
169
170
171
172
173
174
175
176
177
178
179
180
181
182
183
184
185
186
187
188
189
190
191
192
193
194
195
196
197
198
199
200
201
202
203
204
205
206
207
208
209
210
211
212
213
214
215
216
217
218
219
220
221
222
223
224
225
226
227
228
229
230
231
232
233
234
235
236
237
238
239
240
241
242
243
244
245
246
247
248
249
250
251
252
253
254
255
257
258
259
260
261
262
263
264
265
266
267
268
269
270
271
272
273
274
275
276
277
278
279
280
281
282
283
284
285
286
287
288
289
290
291
292
293
294
295
296
297
298
299
300
301
302
303
304
305
306
307
308
309
310
311
312
313
314
315
316
317
318
319
320
323
324
325
326
327
328
329
331
332
333
334
335
336
337
338
339
340
341
342
343
344
345
346
347
348
349
350
351
352
353
354
355
356
357
358
359
360
361
362
363
364
365
366
367
368
369
370
371
372
373
374
375
376
377
378
379
380
381
382
383
384
385
386
387
388
389
390
391
392
393
394
395
396
397
398
399
400
401
402
403
404
405
406
407
408
409
410
411
412
413
414
415
416
417
418
420
421
422
423
424
425
426
427
428
429
430
431
432
434
435
436
437
438
439
440
441
442
443
444
445
446
447
448
449
450
439
452
453
454
455
456
457
458
459
460
461
462
463
464
465
466
467
468
469
470
471
472
473
474
475
476
477
478
479
480
481
482
483
484
485
486
487
488
489
490
491
492
493
494
495
496
498
499
500
501
502
503
504
505
506
507
508
509
510
511
512
513
514
515
516
517
518
519
520
521
522
523
524
525
526
527
528
529
530
531
532
533
534
535
536
537
538
539
540
541
542
543
544
545
546
547
548
549
550
551
552
553
554
555
556
557
558
559
560
561
562
563
564
565
566
567
568
507
571
572
573
574
575
576
577
578
579
580
581
582
583
584
582
575
587
588
589
590
591
592
593
594
595
596
597
598
599
600
601
602
603
604
605
606
607
608
609
610
611
612
613
614
615
616
617
618
619
620
621
622
623
624
625
626
627
628
629
630
631
632
633
634
635
636
637
638
639
640
641
642
643
644
645
646
647
648
649
650
624
629
652
653
654
655
656
657
658
659
660
661
662
663
664
665
666
667
668
669
670
671
672
673
674
675
676
677
678
660
680
681
682
683
684
685
686
687
688
689
690
691
692
693
694
695
696
697
698
699
700
701
702
703
704
705
706
707
708
710
711
712
713
714
715
716
717
718
719
720
721
722
723
724
725
726
727
728
729
730
731
732
733
734
735
736
737
738
739
740
680
263
434
263
263
701
70
46
697
46
402
400
401
398
397
399
2
2
502
503
539
521
87
323
656
145
144
143
146
692
704
693
108
109
107
99
701
322
321
611
613
612
722
723
719
70
599
594
593
621
622
592
595
591
625
598
596
597
619
610
656
655
119
682
681
114
106
297
296
498
97
296
498
110
321
321
91
114
109
59
52
48
695
192
163
107
322
321
656
653
722
723
719
656
675
707
701
322
321
372
380
343
691
247
251
248
249
250
114
484
470
469
471
466
468
466
118
97
498
118
97
498
611
613
612
114
544
523
539
498
435
380
370
340
339
108
681
12
709
51
50
304
138
287
286
284
313
99
117
354
334
401
399
599
594
593
575
572
592
576
595
591
596
573
574
571
185
263
487
50
666
656
653
277
278
611
613
612
610
654
114
435
463
456
452
473
466
258
257
259
82
495
537
522
524
380
694
701
109
656
653
656
654
653
655
382
189
97
97
57
64
65
63
454
456
455
452
495
97
680
236
97
280
383
382
112
112
108
683
359
406
405
396
396
93
55
90
122
138
99
97
97
321
124
97
368
310
313
97
709
528
502
5
709
709
131
148
687
105
114
108
107
110
113
97
236
97
404
404
721
725
466
466
542
309
310
312
313
703
680
676
293
109
117
701
15
114
538
532
534
533
531
9
681
652
709
189
97
368
310
656
653
472
466
284
117
322
321
476
466
112
59
48
16
683
682
681
680
557
374
377
540
521
164
106
109
404
404
603
599
594
621
624
592
591
623
593
622
595
625
598
596
597
619
610
380
379
335
334
336
331
573
12
709
125
97
484
478
479
466
452
351
334
680
695
165
267
690
181
192
182
164
108
109
107
110
112
265
266
264
99
263
321
322
324
230
108
109
107
110
680
236
97
162
230
140
207
228
99
97
97
236
321
289
119
287
117
311
114
55
324
142
141
110
380
369
334
336
337
328
324
425
424
454
455
456
46
703
680
721
722
726
723
728
719
635
682
681
159
695
192
109
107
322
321
97
298
546
536
522
523
525
533
531
105
114
106
236
656
115
322
408
356
404
632
114
558
119
523
542
558
498
110
697
680
119
287
311
117
529
626
624
620
5
709
177
109
556
552
542
553
554
539
572
369
334
336
53
109
315
307
109
110
299
280
287
279
108
282
281
107
288
285
286
97
537
522
502
501
532
600
599
594
593
572
592
576
595
591
596
573
574
571
97
322
97
600
599
594
575
572
576
595
571
658
653
655
545
523
502
498
521
658
109
380
341
396
116
115
112
111
529
502
112
633
84
72
74
435
287
284
117
97
527
502
498
498
111
368
278
288
322
18
17
16
369
334
560
547
523
502
110
463
452
349
355
383
382
334
400
401
397
399
381
542
712
86
73
74
708
109
701
321
322
435
309
308
498
97
308
498
116
689
108
91
215
97
626
622
620
656
634
151
109
97
236
97
610
184
188
106
266
460
452
341
333
599
593
592
591
698
48
147
109
701
560
16
698
110
556
552
553
554
389
353
402
401
399
388
372
380
318
300
298
299
97
47
48
610
113
721
728
128
97
487
713
51
50
109
721
724
720
726
728
727
719
725
114
144
143
230
704
110
108
107
99
97
701
97
322
236
321
166
541
150
108
107
287
117
97
246
425
424
298
302
301
97
681
502
503
539
521
194
197
70
688
108
109
5
2
109
575
656
654
16
709
709
392
721
720
724
722
723
728
727
719
725
626
620
625
355
396
713
690
108
56
47
48
542
540
541
521
82
99
321
600
599
594
575
572
576
595
574
571
177
109
322
532
534
247
251
248
249
250
680
184
150
163
108
107
287
264
117
97
246
310
312
311
322
611
613
612
463
456
452
354
391
393
397
390
392
172
138
106
97
97
321
87
88
76
71
76
95
599
594
593
633
592
635
636
595
634
591
632
596
631
182
368
59
48
527
502
503
688
107
392
701
720
467
466
111
99
688
22
680
2
76
73
259
110
568
542
566
539
105
392
396
333
342
16
380
188
97
97
114
369
334
337
49
118
97
498
541
690
713
681
352
334
470
468
467
469
473
471
472
452
46
323
486
452
375
108
114
125
97
322
321
683
682
681
697
138
113
99
353
387
400
398
386
656
653
88
92
83
72
74
90
680
322
321
722
723
719
128
97
656
653
636
111
463
456
452
67
66
49
50
454
573
89
75
90
353
402
334
400
401
399
287
313
117
228
599
594
593
621
622
592
595
591
625
598
596
597
619
610
560
703
680
528
502
435
574
508
682
681
373
626
620
623
49
165
358
357
404
277
147
155
151
692
693
287
117
97
701
322
300
298
299
302
301
297
702
114
109
110
701
322
321
129
321
406
405
350
109
114
194
576
108
682
621
186
263
537
546
536
522
523
525
530
530
610
680
539
610
680
296
498
498
263
270
308
94
94
521
423
680
263
272
97
322
236
709
680
2
296
498
90
90
97
322
539
97
90
90
521
521
263
268
276
276
521
610
296
539
46
97
498
117
498
680
308
498
680
308
498
709
90
610
97
16
634
631
18
4
18
17
16
18
4
17
18
17
16
16
22
2
599
599
610
16
16
