1
2
2
2
2
2
2
2
2
2
2
2
2
2
2
2
2
2
2
2
2
2
2
2
2
2
2
2
2
2
2
2
2
2
2
2
2
2
2
2
2
23
44
45
45
45
45
45
45
45
45
45
54
55
45
57
57
57
57
57
57
57
57
57
57
57
57
53
71
72
72
72
72
72
72
72
72
72
72
72
72
72
72
72
72
72
72
72
72
72
72
72
72
72
72
72
72
72
72
72
81
104
82
106
83
108
72
110
93
113
114
114
114
114
114
114
114
114
114
124
125
125
125
125
129
129
129
125
133
133
133
133
125
138
138
138
138
138
126
145
146
146
146
146
146
146
146
146
146
146
146
146
146
146
146
146
146
146
146
146
146
146
146
146
146
146
146
146
146
146
146
146
146
146
146
146
146
146
146
146
146
146
146
146
146
146
146
146
146
146
146
146
146
146
146
146
146
146
146
146
146
146
146
146
146
153
212
146
214
214
214
165
218
146
220
220
146
223
223
223
223
166
228
228
167
231
231
168
234
234
169
237
237
170
240
173
242
175
244
177
246
146
248
248
248
248
252
252
252
252
254
257
248
259
259
259
259
259
259
188
266
189
268
146
270
146
272
272
146
275
275
275
275
275
146
281
146
283
146
285
285
146
288
288
288
288
288
294
222
296
179
298
299
299
299
299
299
299
299
299
299
299
299
299
299
299
299
299
299
299
299
299
299
299
299
299
299
299
299
299
315
328
317
330
307
332
321
334
324
336
336
336
336
336
342
342
342
326
346
327
348
348
299
351
351
351
351
351
351
351
360
283
281
259
252
166
166
80
80
80
80
80
80
80
35
35
35
35
174
174
174
329
329
329
329
329
131
34
34
34
34
241
233
230
22
22
22
22
22
22
165
165
165
165
165
318
318
318
210
317
317
195
167
167
293
293
293
219
81
179
203
17
17
17
17
17
17
324
249
249
249
255
88
88
88
88
88
331
169
169
169
21
21
21
21
21
32
32
32
32
254
265
265
265
78
78
78
78
78
78
78
177
93
93
93
93
93
93
93
25
97
216
175
175
239
239
239
263
263
263
356
356
15
15
15
15
15
15
15
15
15
76
76
76
76
76
76
76
206
96
96
96
96
96
126
85
85
85
85
85
85
85
197
137
137
137
208
67
105
20
182
182
182
182
182
182
182
182
182
182
310
24
24
24
24
24
87
87
87
87
87
87
87
123
202
196
66
66
66
66
66
66
66
66
66
66
29
29
29
29
161
341
168
168
36
36
36
36
82
314
205
325
312
186
186
308
326
92
327
79
79
79
79
79
79
79
53
53
53
53
53
53
53
53
53
53
170
170
142
142
142
142
189
189
31
31
31
33
33
33
100
83
180
207
321
321
143
143
143
320
320
316
316
316
65
65
89
185
185
185
185
335
30
30
38
38
38
109
171
171
107
245
227
354
354
90
37
37
37
37
42
42
42
42
42
42
172
172
94
94
94
94
94
94
77
77
77
77
77
77
77
95
95
95
95
95
132
315
315
247
277
23
23
23
23
23
23
217
217
217
136
136
198
16
16
16
16
16
16
201
319
319
28
28
313
292
292
292
75
75
75
75
75
75
98
204
211
211
160
91
350
39
39
39
86
86
86
86
86
86
188
188
84
84
84
84
84
84
84
84
84
173
173
278
40
40
40
128
128
127
127
127
127
127
127
127
164
309
18
18
18
18
18
18
19
19
19
19
19
19
19
311
187
187
187
162
162
162
162
156
156
155
155
149
115
306
157
157
307
139
154
154
150
295
43
43
43
112
