1
2
2
2
2
2
2
2
2
2
2
2
2
2
2
2
2
2
2
2
2
2
18
24
2
26
26
26
26
26
26
33
15
15
15
15
1
38
38
38
38
38
38
38
38
38
38
38
38
38
38
38
38
38
38
38
38
38
38
38
38
38
38
38
38
38
38
38
46
70
49
72
38
74
74
74
74
74
38
80
80
80
80
80
80
80
80
80
80
80
80
80
80
38
95
38
97
97
97
97
97
97
97
60
79
107
66
109
96
2
102
102
77
9
9
51
51
82
16
16
85
85
96
86
86
47
47
47
47
47
47
76
79
83
27
21
18
54
54
54
54
54
64
59
59
59
59
59
59
84
53
53
53
32
49
12
62
62
62
62
104
14
14
14
14
31
90
81
81
78
50
50
50
15
15
15
15
15
75
75
19
57
92
103
55
55
55
55
88
88
22
87
63
89
89
11
29
10
20
20
48
48
60
60
60
60
60
101
101
101
13
39
45
105
105
105
33
106
34
35
35
36
36
37
37
110
