2
3
4
5
6
7
8
9
10
11
12
13
14
15
16
17
18
19
20
21
3
24
25
26
27
28
29
30
31
32
33
34
35
36
37
38
39
40
41
42
43
44
45
46
47
48
49
50
51
52
53
54
55
56
57
58
59
60
61
62
63
64
65
66
67
68
69
70
71
72
73
75
76
77
78
79
80
81
82
83
84
85
86
87
88
89
90
91
92
77
78
79
80
95
96
97
98
99
100
101
102
103
104
105
106
107
108
109
110
111
112
113
114
115
116
117
118
119
120
121
122
123
124
125
126
127
128
129
130
131
132
133
134
135
136
137
138
139
140
141
142
143
144
145
146
147
148
149
150
151
152
153
154
155
156
157
158
159
160
161
162
163
164
166
167
168
169
170
171
172
173
174
175
176
177
178
179
180
181
182
183
184
185
186
187
188
189
190
191
192
193
194
195
196
195
167
168
169
170
200
201
202
203
204
205
206
207
208
209
210
211
212
213
214
215
216
217
218
219
220
221
222
223
224
225
226
227
228
229
230
231
232
233
234
235
236
237
238
239
240
241
242
243
244
245
246
247
248
249
250
251
252
253
254
255
256
257
258
259
260
261
262
263
264
265
266
267
268
269
270
271
272
273
274
275
276
277
278
277
280
281
282
283
284
285
286
287
288
289
290
291
292
293
294
295
296
297
298
299
300
301
302
283
305
306
307
308
309
310
311
312
313
314
315
316
317
318
319
320
321
322
323
324
325
326
327
328
329
330
331
332
333
334
335
336
337
338
339
340
341
342
343
344
345
346
347
348
349
350
351
352
353
354
355
356
357
358
359
360
361
362
363
126
118
128
130
122
114
116
120
124
353
350
282
31
108
107
160
111
31
49
31
143
154
155
153
159
156
158
160
157
151
288
282
330
328
329
351
350
331
309
308
154
155
153
159
156
158
160
152
157
336
347
324
337
338
318
339
323
333
342
326
315
316
332
317
344
341
334
345
325
346
349
343
327
312
311
307
310
297
283
288
282
249
200
309
206
108
159
107
306
308
108
110
2
153
108
107
67
31
64
51
31
311
310
308
62
55
57
61
58
59
60
56
54
63
52
53
30
340
351
335
311
310
308
67
31
246
207
340
351
335
311
310
308
108
109
107
160
297
298
299
283
288
282
67
31
30
30
311
266
267
27
95
153
160
152
154
155
159
156
158
157
151
151
108
108
321
319
320
308
99
250
78
108
246
218
243
207
205
200
2
38
353
350
308
171
31
108
107
152
169
267
38
108
156
107
76
75
309
308
80
273
2
273
2
108
340
351
335
311
310
308
353
322
308
27
95
67
31
31
153
108
107
230
247
207
205
200
207
108
107
158
151
108
156
107
246
207
168
172
187
2
353
350
137
105
297
283
288
282
249
200
139
311
310
308
38
250
108
105
154
108
107
288
287
200
249
200
67
31
353
322
307
308
2
30
2
168
169
172
167
171
154
108
107
354
348
312
311
310
308
311
310
308
353
285
288
246
207
31
83
82
81
80
76
154
155
153
159
156
158
160
152
157
151
353
31
299
286
288
200
200
171
31
108
107
157
351
310
108
107
158
288
284
73
31
211
207
205
200
82
80
170
31
31
82
189
191
188
190
246
207
211
207
350
245
246
243
207
205
200
141
154
155
153
159
156
158
160
157
151
207
205
200
30
207
206
207
205
67
31
145
352
244
243
207
205
200
31
207
205
282
200
67
31
311
310
308
31
31
155
108
107
288
249
200
143
154
155
153
159
156
158
160
157
151
108
159
107
312
309
311
307
310
308
67
31
2
67
31
30
211
207
309
308
207
200
65
31
273
207
245
246
243
207
200
224
200
108
107
157
45
46
31
167
245
244
246
243
207
205
200
155
108
107
81
77
79
211
207
351
306
310
308
309
308
340
351
335
311
310
308
31
31
309
288
73
31
108
107
211
207
73
31
272
273
312
311
310
308
73
31
273
362
361
244
243
207
205
200
100
24
2
206
246
241
219
222
240
242
241
204
207
203
200
248
239
207
31
30
297
298
299
288
282
249
200
31
226
207
200
146
140
105
2
189
191
188
195
190
194
207
353
322
308
245
246
243
207
200
288
245
243
207
141
154
155
153
159
156
158
160
157
151
351
352
309
308
308
139
133
2
73
31
31
99
244
243
73
31
207
31
30
138
95
199
94
200
94
151
199
199
94
199
24
2
199
94
2
200
211
308
108
110
273
2
273
