2
3
4
5
6
7
8
9
10
11
14
16
17
18
19
20
21
22
23
21
26
27
28
29
30
31
32
33
34
35
36
37
38
39
40
41
42
43
44
45
46
47
48
49
50
51
52
53
54
55
56
57
58
59
60
61
62
63
28
66
67
68
69
70
71
72
73
74
75
76
78
79
80
81
82
83
84
85
86
87
90
91
92
93
94
95
96
97
98
99
100
101
102
103
104
105
106
107
108
109
110
111
112
113
114
115
116
117
118
119
120
121
122
123
124
125
126
127
128
129
130
131
132
133
134
135
136
137
138
139
140
141
142
143
103
147
148
149
150
151
152
153
156
157
158
159
160
161
162
163
164
165
166
159
160
162
170
158
155
155
103
94
101
95
161
28
51
103
94
101
95
57
103
94
101
95
103
94
101
95
103
16
161
28
51
103
94
101
95
97
159
157
64
161
28
43
6
3
81
80
161
28
54
103
94
101
95
41
41
161
28
47
132
132
13
13
103
94
101
95
97
103
94
101
95
98
102
49
161
20
18
17
19
103
94
101
95
97
103
94
101
95
45
134
134
89
89
126
20
157
103
94
101
95
124
103
94
101
95
100
95
98
100
97
28
27
61
45
93
95
102
96
16
103
94
101
95
96
59
103
94
101
95
100
161
28
47
162
157
157
158
4
5
4
5
161
28
51
81
80
82
79
128
159
16
24
130
103
94
101
95
161
28
40
149
148
161
28
43
161
28
43
103
94
101
95
103
94
101
95
96
99
164
163
137
16
144
137
16
88
16
154
157
126
130
128
16
12
124
137
137
12
88
159
154
162
157
158
161
28
40
164
163
161
28
43
161
28
43
161
28
43
161
28
47
161
28
47
161
28
51
161
28
51
161
28
51
28
61
161
28
54
