2
3
4
5
6
8
9
10
11
13
14
15
16
17
18
19
20
21
22
23
24
25
26
27
28
29
30
31
32
33
34
35
36
37
38
39
40
41
42
43
44
45
46
47
48
49
50
51
52
53
54
55
56
57
58
59
60
61
62
63
64
65
66
67
68
69
70
71
72
73
74
75
76
77
78
79
80
81
82
83
84
85
86
87
88
89
90
91
92
93
94
95
96
97
98
99
100
101
102
103
104
105
106
107
108
109
110
111
112
113
114
115
116
117
118
119
120
121
122
123
124
125
126
127
128
129
130
131
132
133
134
135
136
137
138
139
140
141
142
143
144
145
146
147
148
149
150
151
152
153
154
155
156
157
158
159
160
161
162
163
164
165
166
167
168
169
170
171
172
173
174
175
176
177
178
179
180
181
182
183
184
185
186
187
188
189
190
192
193
194
195
196
197
198
199
200
201
202
203
203
206
207
208
209
210
211
212
209
214
215
216
217
218
219
220
221
222
222
225
226
227
228
229
230
231
232
233
234
235
236
237
238
239
240
241
242
243
244
245
246
247
248
249
250
251
252
253
254
255
256
256
258
259
260
261
262
263
265
266
267
268
269
270
271
272
273
274
275
276
277
279
280
281
282
283
284
285
286
287
288
289
290
291
292
293
294
295
296
297
298
299
300
301
302
303
304
305
306
307
308
309
310
310
314
315
316
317
318
319
320
321
322
323
324
325
327
328
329
330
331
332
333
334
335
336
332
338
339
341
342
343
344
345
346
347
348
349
351
352
353
354
355
356
357
358
359
360
361
362
363
364
362
368
369
370
371
372
373
374
376
377
379
380
381
382
383
384
385
386
387
388
389
390
391
392
393
394
395
396
397
398
399
400
401
402
403
404
405
406
407
408
409
410
411
412
413
414
415
416
417
419
420
421
422
423
424
425
425
428
429
430
431
432
433
434
435
436
437
438
439
440
441
442
443
444
445
446
447
448
449
450
451
452
453
454
455
456
457
458
459
460
461
462
463
464
465
466
467
468
469
470
471
472
473
474
475
476
477
478
479
480
481
482
483
484
485
486
487
488
489
490
491
492
493
494
495
496
497
498
499
464
455
502
503
504
505
506
507
506
507
512
513
514
515
516
517
518
519
520
521
522
523
524
525
526
527
528
529
530
531
532
533
534
535
536
537
538
539
540
541
542
543
544
545
546
547
548
535
551
552
553
554
555
556
557
558
559
560
561
562
563
564
565
566
567
569
570
571
572
573
574
575
576
577
578
579
580
581
582
583
584
585
586
587
588
589
590
591
592
593
594
595
596
597
598
600
601
602
603
604
605
606
607
608
609
610
611
612
613
614
615
616
618
619
620
621
622
623
624
625
626
627
628
629
630
631
632
633
619
620
621
635
636
637
638
639
640
641
642
643
644
645
646
647
648
649
650
651
652
653
654
655
656
657
658
659
660
662
663
664
665
666
667
668
669
670
671
672
672
675
676
677
678
679
680
681
682
683
684
685
686
687
688
689
690
691
692
693
694
695
696
697
698
699
700
701
702
703
704
705
706
707
708
709
710
711
712
713
714
715
716
717
718
720
722
723
724
725
726
727
728
729
730
731
732
733
734
735
736
737
738
739
740
741
742
743
744
745
746
747
748
749
750
751
752
753
754
755
756
757
758
759
760
761
762
763
764
765
766
767
768
769
771
772
773
774
775
776
777
778
779
780
781
782
783
784
785
786
787
788
789
790
791
793
794
795
796
797
798
799
800
801
802
803
804
805
806
807
808
809
810
811
812
813
814
815
816
817
818
819
820
821
822
823
824
825
826
827
828
829
830
831
832
833
834
835
836
837
838
839
840
841
842
843
844
845
846
847
848
849
850
851
852
853
854
855
856
857
858
859
860
861
862
863
864
865
866
867
868
869
870
871
872
873
874
875
876
877
878
879
880
881
882
883
884
885
886
887
888
889
890
891
892
893
894
895
896
897
898
899
900
901
903
904
905
906
907
908
909
910
911
912
913
915
916
917
918
919
920
921
922
923
924
925
926
927
928
929
930
931
932
933
934
935
936
937
938
939
940
941
942
943
944
945
946
947
948
949
950
951
952
953
954
955
956
957
958
959
960
961
962
963
964
965
966
967
968
969
970
971
972
973
974
975
976
977
978
979
980
981
982
983
984
985
986
987
988
989
990
991
992
993
995
996
997
998
999
1000
1001
1002
1003
1004
1005
1006
1007
1008
1009
1010
1011
1013
1014
1015
1016
1017
1018
1019
1020
1021
1022
1023
1024
1025
1026
1027
1028
1029
1030
1031
1032
1033
1034
1035
1036
1037
1038
1039
1040
1041
1042
1043
1044
1045
1046
1047
1048
1049
1050
1051
1052
1053
1054
1055
1056
1057
1058
1059
1060
1061
1062
1063
1064
1065
1066
1067
1068
1069
1070
1071
1072
1073
1074
1075
1076
1077
1078
1079
1080
1081
1082
1083
1084
1085
1086
1087
1088
1089
1090
1091
1092
1093
1094
1095
1096
1097
1098
1099
1100
1101
1102
1103
1104
1105
1106
1107
1108
1109
1110
1111
1112
1113
1114
1115
1116
1117
1118
1119
1120
1121
1122
1123
1124
1125
1126
1127
1128
1129
1130
1131
1132
1133
1134
1135
1136
1137
1138
1139
1140
1141
1142
1143
1144
1145
1146
1147
1148
1149
1150
1151
1152
1112
1155
1156
1157
1158
1159
1160
1161
1162
1162
1164
1165
1166
1167
1168
1169
1170
1171
1172
1173
1174
1175
1176
1177
1178
1179
1180
1181
1182
1183
1184
1185
1186
1187
1188
1189
1190
1191
1192
1193
1194
1195
1196
1197
1198
1199
1200
1201
1202
1203
1204
1205
1206
1207
1208
1210
1211
1212
1213
1214
1215
1216
1217
1218
1219
1220
1221
1222
1223
1224
1225
1226
1227
1228
1229
1230
1231
1232
1233
1234
1235
1236
1237
1239
1240
1241
1242
1243
1244
1245
1246
1247
1248
1249
1250
1251
1252
1253
1254
1255
1256
1257
1258
1259
1260
1261
1262
1263
1264
1265
1266
1267
1268
1269
1270
1271
1272
1273
1274
1275
1276
1277
1278
1279
1280
1281
1282
1283
1284
1285
1286
1287
1288
1289
1290
1291
1292
1293
1294
1295
1296
1297
1298
1299
1300
1301
1302
1303
1304
1305
1306
1307
1308
1309
1310
1311
1312
1313
1314
1315
1316
1317
1318
1319
1320
1321
1322
1323
1324
1325
1326
1327
1328
1329
1330
1331
1332
1333
1334
1335
1336
1337
1338
1339
1340
1341
1342
1343
1344
1345
1346
1347
1348
1349
1350
1351
1352
1353
1354
1355
1356
1357
1358
1359
1360
1361
1362
1363
1364
1365
1366
1367
1368
1369
1370
1371
1372
1373
1374
1375
1376
1377
1378
1379
1380
1381
1382
1383
1384
1385
1386
1387
1388
1389
1390
1391
1392
1393
1394
1395
1396
1397
1398
1399
1400
1401
1402
1403
1404
1405
1406
1407
1408
1409
1410
1411
1412
1413
1414
1415
1416
1417
1418
1397
1398
1399
1400
1421
1422
1423
1424
1425
1426
1427
1428
1429
1430
1431
1432
1433
1434
1435
1436
1437
1438
1439
1440
1441
1442
1443
1444
1445
1446
1447
1448
1449
1450
1451
1452
1453
1454
1455
1456
1457
1458
1459
1448
1440
1433
1464
1465
1466
1467
1468
1469
1470
1471
1472
1473
1474
1475
1476
1477
1478
1479
1480
1481
1482
1483
1484
1485
1486
1487
1488
1489
1490
1491
1492
1493
1494
1495
1496
1497
1498
1499
1500
1501
1502
1503
1504
1505
1506
1507
1508
1509
1510
1511
1512
1513
1514
1515
1516
1517
1518
1519
1520
1521
1522
1523
1524
1525
1526
1527
1528
1529
1530
1531
1532
1533
1534
1535
1536
1537
1538
1539
1540
1541
1542
1543
1544
1545
1546
1547
1548
1549
1550
1551
1552
1553
1554
1555
1556
1557
1558
1559
1560
1561
1562
1563
1564
1565
1540
1567
1568
1569
1570
1571
1572
1573
1573
1575
1576
1577
1578
1579
1580
1581
1582
1583
1584
1585
1586
1587
1588
1589
1590
1591
1592
1593
1594
1595
1596
1597
1598
1599
1600
1601
1602
1603
1604
1605
1606
1607
1608
1609
1610
1611
1612
1613
1614
1615
1616
1617
1618
1619
1620
1621
1622
1623
1624
1625
1626
1627
1628
1629
1630
1631
1632
1633
1634
1635
1636
1637
1638
1639
1640
1641
1642
1643
1644
1645
1646
1647
1648
1649
1650
1651
1652
1653
1654
1655
1656
1657
1658
1659
1660
1661
1662
1663
1664
1665
1666
1667
1668
1670
1671
1672
1673
1674
1675
1676
1677
1678
1679
1680
1680
1683
1684
1685
1686
1687
1688
1689
1690
1691
1692
1693
1694
1695
1696
1697
1698
1699
1700
1701
1702
1703
1704
1705
1706
1707
1708
1709
1710
1711
1712
1713
1714
1716
1717
1718
1719
1720
1721
1722
1723
1724
1725
1726
1727
1728
1729
1730
1731
1732
1733
1734
1735
1736
1737
1738
1739
1740
1741
1742
1743
1744
1745
1746
1747
1748
1749
1750
1751
1752
1753
1754
1755
1756
1757
1758
1759
1760
1761
1762
1763
1764
1765
1766
1767
1768
1769
1770
1771
1772
1773
1774
1775
1776
1777
1778
1779
1780
1781
1782
1783
1784
1785
1786
1787
1788
1789
1790
1791
1792
1793
1794
1795
1796
1797
1798
1799
1800
1801
1802
1803
1804
1805
1806
1807
1808
1809
1810
1811
1812
1813
1814
1815
1816
1817
1818
1819
1820
1821
1822
1823
1824
1825
1826
1827
1828
1829
1829
1832
1833
1834
1835
1836
1837
1838
1839
1840
1841
1842
1843
352
439
352
438
793
352
327
439
327
352
497
352
722
825
352
735
825
352
439
793
497
477
438
735
438
722
793
825
439
439
439
438
352
352
825
352
352
439
793
649
1220
1231
21
81
79
85
75
77
1013
679
1686
860
859
797
798
858
858
1121
1136
1121
546
1156
1160
596
597
593
592
1013
871
872
870
798
869
869
1337
1338
1318
622
623
625
619
620
626
621
624
960
1339
1309
1318
1038
797
775
774
1253
1247
1078
1095
1013
298
294
290
289
414
413
406
405
404
407
1196
1224
1174
1192
1234
1691
944
960
678
894
1027
1095
1057
1013
1121
371
217
215
220
1261
1257
1260
1258
1242
1253
1686
934
922
920
930
210
211
1531
362
360
1218
779
775
774
1548
1029
69
19
95
154
1686
878
878
1074
1095
1080
1056
1082
1075
1055
1013
14
93
1504
1395
1401
1396
1402
928
1259
1257
1260
1253
1034
1499
1486
1487
1490
1491
429
477
20
107
152
648
657
657
1686
1017
1024
1016
1023
194
1050
1095
1076
1013
353
940
937
936
935
938
942
941
919
922
929
920
923
928
933
934
909
910
1253
1095
1075
1013
517
1013
1531
990
1713
1025
1483
1477
1507
1502
361
362
1686
1257
1253
1259
1257
1260
1253
1254
41
991
625
623
626
624
1833
722
577
578
1096
1063
1013
188
46
768
867
763
731
863
858
757
775
773
774
1013
1013
382
51
1095
1067
1068
1013
468
1121
1499
1486
1487
1490
1491
779
775
774
1511
990
298
295
1121
909
910
905
906
908
907
679
1121
759
757
757
405
878
1074
1095
1080
1056
1082
1075
1055
1013
727
722
404
1090
1095
1013
1686
795
849
1511
479
497
753
478
438
878
1351
1371
1368
1365
1366
1350
1354
1369
1370
1312
1314
1316
1318
1313
1317
601
1095
1062
1013
196
1511
1040
542
849
886
1470
1469
1476
678
1035
1028
1121
1211
1231
1013
603
602
604
1578
1465
1226
1389
1371
1368
1365
1366
1360
1367
1355
1369
1359
1370
1470
1469
1476
310
298
290
292
289
1030
1039
290
289
1045
542
748
746
747
749
750
1024
1016
1674
1675
1670
518
519
1686
1292
764
1259
1261
1257
1260
1253
1408
1412
1406
1220
929
925
926
1465
1686
1429
1435
1531
1686
799
840
1259
1261
1257
1260
1253
794
1450
1429
1036
1713
804
807
801
805
843
885
837
894
753
753
1042
1387
1388
1219
1226
1349
1351
1348
1356
1362
1354
1355
1353
1352
1358
1361
1357
1350
1713
1686
1686
1061
1053
1183
1176
1175
1173
1171
1013
1064
1095
1013
664
663
667
503
504
1021
434
1439
577
242
239
238
1086
1018
1064
1186
1132
1062
1085
1092
1176
1013
1013
1121
1259
1261
1257
1260
1242
1253
1254
1531
1531
1337
1339
1308
1318
1470
1469
1476
1315
1313
871
872
793
1192
960
384
405
1032
1212
363
1337
1338
369
1318
32
1670
1511
767
764
764
1170
1064
1083
1081
1077
1048
1030
1047
1031
1024
1039
1032
1050
1023
1027
1021
1036
1028
1037
1038
1041
1029
1049
1044
1035
1046
1022
1040
441
482
429
438
644
336
641
1288
1290
1283
1286
1287
1289
1285
1291
1294
1013
960
1043
1157
1190
1189
1197
515
519
1686
1686
1686
490
354
1071
1081
1054
1057
1063
1055
1091
1090
1064
1078
1095
1059
1068
1062
1590
1013
878
1470
1469
1476
1340
1316
1047
1121
903
903
647
1212
577
1536
1565
1548
1499
1498
1486
1487
1490
1491
1565
1541
1192
1013
246
245
1001
839
1686
608
606
1121
1115
1114
385
1565
1550
1541
1194
1087
1193
1013
1013
1432
1069
1095
1067
1068
1070
1013
297
294
280
295
296
991
432
1395
1398
1401
1396
1400
1397
1399
1501
170
174
172
168
176
622
625
623
626
353
1095
1590
1013
458
462
1450
1435
1261
1257
1260
1242
1253
1450
272
271
266
267
759
1337
1338
369
1318
1568
1570
1483
1477
1478
1531
1058
1095
1013
944
918
932
825
1531
1671
1672
1670
1676
1670
603
602
1578
253
1244
1246
1253
1252
1249
1251
1245
1247
1250
1254
1248
1590
595
1525
1536
1524
1521
1510
1509
1509
24
17
111
97
109
73
83
764
990
298
299
290
289
990
1684
1685
1683
503
504
614
612
1114
1113
869
990
849
849
1718
50
121
517
519
469
485
1229
1230
1226
1211
1214
1213
1212
909
904
1450
903
903
405
1408
1413
1409
1407
1412
1411
1410
1394
1394
991
272
271
266
267
841
1451
1450
398
470
489
298
294
297
290
289
1447
1064
1095
1013
864
1712
1000
1002
1003
1105
779
775
774
1674
1670
1670
89
779
775
774
440
764
764
731
760
946
928
356
352
584
1561
1559
1563
1560
1565
1555
1553
1562
1557
1554
1546
1542
1543
1544
1547
1545
298
535
540
536
544
548
527
530
529
537
541
545
1253
1254
566
565
960
715
712
1095
1080
1013
837
52
137
119
127
125
123
117
1019
1013
1338
1314
186
322
1450
1442
1565
1541
779
775
774
538
420
422
1686
870
1511
434
1532
1511
1136
1121
1121
1078
1096
135
1686
1502
887
837
894
894
1432
1338
1381
1531
389
403
1041
1000
1002
1003
373
577
1558
1548
1549
1550
1509
1509
1413
1407
1406
894
1565
1541
259
260
199
192
184
1121
1097
1590
1259
1261
1257
1260
1242
1253
864
864
1031
1337
1338
1318
1307
779
775
774
680
678
682
679
683
681
684
715
712
798
809
723
991
849
726
71
1541
1537
1121
467
1531
487
849
859
1089
1121
991
434
678
428
885
1008
1001
1008
1001
999
725
724
726
1455
1451
1421
775
773
774
990
565
1470
1464
1464
1531
148
888
34
35
38
37
36
31
33
809
807
839
841
840
838
842
798
837
837
941
919
920
934
927
1181
1182
1195
1168
1167
1166
1169
268
267
1049
1537
625
626
624
842
793
1338
1309
1318
1001
41
22
15
1046
249
253
779
775
774
1121
886
887
838
798
885
837
885
297
284
281
287
285
286
282
283
288
800
817
1337
1339
1318
363
1095
1072
1013
1565
1409
1411
1410
1406
991
1048
991
680
679
677
4
3
1206
1204
1203
1205
947
793
793
239
298
299
294
290
289
793
1672
1502
1014
1316
482
429
484
1142
1077
1140
1186
1145
1076
1143
1147
1139
1092
1013
1013
1121
1121
1477
1478
1482
942
944
193
201
397
385
384
388
386
387
389
604
480
271
269
849
1024
1108
491
602
1578
745
860
960
1686
150
407
364
1013
1337
1338
369
1318
1121
1261
1260
1242
1253
1251
250
251
249
1124
1386
1385
1129
1128
1390
1379
1365
1369
1375
1347
1371
1367
1370
1373
1351
1368
1372
1374
1366
1376
1354
1346
1380
1364
1350
1377
1378
1363
1013
1121
1121
1421
18
99
640
1220
1211
1212
1234
1121
1565
1541
735
882
883
884
873
869
878
239
1177
1197
1228
1215
1138
1299
1298
1297
1083
1095
1296
1152
1092
1284
1282
1293
1281
1285
1291
1294
1013
684
1531
1218
775
776
773
774
1220
925
926
916
1095
1056
1013
1022
1318
1121
1465
1115
1114
1447
1023
1097
1074
1095
1013
1288
1290
1283
1286
1287
1289
1285
1291
1294
1013
1712
779
775
774
584
1531
725
1037
1121
386
1121
1590
1121
1121
1531
1261
1257
1260
1242
1253
678
625
623
626
624
1044
361
448
450
1707
1026
858
1713
1670
91
1676
498
1531
894
233
229
231
230
227
228
226
232
236
243
459
1827
722
1686
206
209
206
546
1318
178
87
1213
40
30
131
129
115
117
113
1531
1686
1220
1064
1096
146
864
864
41
1214
1231
1442
1671
1676
1220
1231
1095
1071
1013
1105
1121
1095
1063
1013
538
1058
1095
1013
1051
180
182
336
1053
1066
942
944
928
1013
1565
1549
1541
1489
412
388
389
403
399
838
1088
1033
960
216
724
266
269
602
601
1578
1053
364
1222
1152
355
1174
1013
1013
1121
1231
1013
799
796
797
795
798
1095
1068
1013
1259
1261
1257
1260
1253
1243
1688
1121
1121
1108
715
712
654
647
1686
584
1086
1018
757
1565
1541
678
374
591
1225
1053
1095
1211
1013
1013
1234
466
483
430
1013
1499
1486
1487
1490
1491
1095
1055
1013
162
158
156
166
342
345
347
344
343
346
350
1009
1000
997
1003
186
388
403
1486
1487
1095
1076
1013
943
947
932
1499
1498
1486
1487
1490
1491
195
318
1121
1337
1339
1308
1318
1314
406
1257
1253
1502
570
679
796
1261
1257
1260
1242
1253
1019
1013
1259
1261
1257
1260
1242
1253
272
271
266
267
1214
1213
1212
1674
1670
101
1670
1676
103
105
1439
1686
387
40
133
1083
1089
1121
371
334
328
332
333
329
144
142
1078
1095
1013
1210
1210
602
607
1578
1834
577
1565
1541
1095
1071
1013
29
160
164
758
602
1578
990
1450
1300
1501
1482
462
1300
793
352
837
745
869
858
722
1013
885
757
477
817
999
489
537
1570
541
809
438
1097
450
319
837
1676
809
1210
1476
220
1108
1097
320
403
1231
1013
1827
220
201
545
1210
403
1160
1210
422
858
485
1476
1113
1537
1683
837
497
1108
619
620
621
1398
1401
1396
1400
1397
1399
1206
1204
1203
1205
342
345
347
343
350
649
483
430
364
336
332
333
329
775
776
206
1470
1464
1228
1215
1228
1220
926
268
398
1226
1389
1371
1368
1365
1366
1355
1367
1369
1370
1365
334
328
332
333
329
334
328
333
329
336
332
333
329
1226
1355
