1
2
2
2
2
2
2
2
2
2
2
2
2
2
2
2
2
2
2
2
2
2
2
2
2
2
2
2
2
2
31
2
33
35
36
36
36
40
41
42
42
42
42
42
48
40
49
49
49
49
49
49
49
49
49
49
58
57
57
56
56
56
56
55
55
55
58
1
71
71
71
74
77
78
78
78
78
78
78
78
78
78
78
78
78
78
78
78
78
78
78
78
78
78
78
78
78
78
78
78
78
78
78
78
78
78
78
78
78
78
78
78
78
78
78
78
78
78
78
78
78
78
78
78
78
78
78
78
133
133
133
133
78
138
138
138
138
138
1
145
146
146
146
146
146
146
146
146
146
146
146
146
146
146
146
146
163
160
35
166
166
166
166
166
166
166
166
173
175
25
25
166
39
25
25
120
39
123
58
115
115
115
115
112
112
112
112
112
112
72
52
52
103
151
153
153
91
93
93
98
98
132
132
132
132
90
152
152
110
110
94
159
25
25
25
25
25
88
88
88
88
88
118
118
118
118
118
116
116
53
53
50
50
59
59
121
17
92
92
92
92
96
131
113
108
108
150
171
171
171
171
171
16
16
172
172
172
172
19
56
56
56
73
148
117
117
117
117
20
20
106
157
15
15
15
15
15
15
38
102
109
149
124
14
14
14
127
127
13
13
13
13
13
13
13
28
87
87
87
87
87
100
114
114
114
114
114
114
42
18
18
101
173
104
23
23
23
23
23
23
111
161
22
22
22
22
22
86
95
21
105
160
29
154
154
126
99
99
89
89
89
89
89
51
51
51
30
30
55
55
57
27
74
74
74
74
119
119
119
119
119
54
54
97
158
107
170
83
139
139
6
4
61
64
67
75
75
75
70
