2
3
4
5
6
7
8
9
10
11
12
13
14
15
16
17
18
19
20
21
22
23
24
25
26
27
28
29
30
31
32
33
34
35
36
37
38
39
40
41
42
43
44
45
46
47
48
49
50
51
52
53
54
55
56
57
58
59
60
61
62
63
64
65
66
27
27
27
52
48
28
19
28
44
28
52
46
44
28
61
47
52
46
52
44
28
9
16
4
14
19
28
14
13
3
19
17
4
28
61
47
52
46
52
62
63
61
52
46
62
63
61
47
52
46
52
52
51
22
15
4
18
14
24
19
42
49
52
14
3
40
63
42
50
52
4
3
