2
3
4
5
6
7
8
9
10
11
12
13
14
15
16
17
18
19
20
21
22
23
13
25
26
27
28
30
31
32
33
34
35
36
37
38
39
40
41
42
43
44
45
46
47
48
49
50
51
52
53
54
55
56
57
58
60
61
62
63
64
65
66
67
68
69
70
71
72
76
77
78
79
80
81
86
87
88
89
90
91
92
93
94
95
96
97
98
99
100
101
102
103
104
105
106
107
108
109
110
111
112
113
114
115
116
117
118
119
120
121
122
123
124
125
126
127
128
129
130
131
132
133
134
135
136
137
138
139
140
141
142
143
144
145
146
147
148
149
150
151
152
153
154
155
156
157
158
159
160
161
162
163
164
165
166
167
168
169
170
171
172
173
174
175
176
177
178
179
180
181
182
183
184
185
186
187
188
189
190
191
192
193
194
195
196
197
198
199
200
201
202
203
204
205
206
207
208
209
210
211
212
213
214
215
216
217
218
219
220
221
222
223
224
225
226
227
228
229
230
231
232
233
234
235
236
237
238
239
240
241
242
243
244
245
246
247
248
249
250
251
252
253
254
255
256
257
258
259
260
261
262
263
264
265
266
267
268
269
270
271
272
273
274
275
276
277
278
279
280
281
282
283
284
285
286
287
288
289
290
291
292
293
294
295
296
297
298
299
300
301
302
303
304
305
306
307
308
309
310
311
312
313
314
315
316
317
318
319
320
321
322
323
324
325
326
327
328
329
330
331
332
333
334
335
336
337
338
339
340
341
342
343
344
345
346
347
348
349
350
351
352
353
354
355
356
357
358
359
360
361
362
363
364
365
366
367
368
369
370
371
372
373
374
375
376
377
378
379
380
381
382
383
384
385
386
387
388
389
390
391
392
393
394
395
396
397
398
399
400
401
402
403
404
405
406
407
408
409
410
411
412
413
414
415
416
417
418
419
420
421
422
423
424
425
426
427
428
429
430
431
432
433
434
435
436
437
438
439
440
441
442
443
444
445
446
447
448
449
450
451
452
453
454
455
456
457
458
459
460
461
462
463
464
465
466
467
468
469
470
471
472
473
474
475
476
477
478
479
480
481
482
483
484
485
486
487
488
489
490
491
492
493
494
495
496
497
498
499
500
501
502
503
504
505
506
507
508
509
510
511
512
513
514
515
516
517
518
519
520
521
522
523
524
525
526
527
528
529
530
531
532
533
534
535
536
537
538
539
540
541
542
543
544
545
546
547
548
549
550
551
552
553
554
555
556
557
558
559
560
561
562
563
564
565
566
567
568
569
570
571
572
573
574
575
576
577
578
579
580
581
582
583
584
585
586
587
589
590
591
592
593
594
595
596
597
598
599
600
601
602
603
604
605
606
607
608
609
610
611
612
453
481
86
493
509
491
486
387
326
506
490
433
175
493
470
402
280
397
331
315
330
391
389
393
221
491
492
323
141
182
90
486
490
182
175
276
261
567
273
490
182
509
477
313
491
484
558
560
494
315
490
313
274
90
273
90
66
273
509
281
221
86
397
387
391
389
393
402
590
86
408
276
492
465
86
484
486
558
494
315
490
313
226
490
228
510
509
280
505
492
90
73
441
182
324
90
273
484
315
271
273
469
474
493
470
142
86
265
486
271
490
222
230
228
229
505
491
90
92
273
440
486
548
86
455
273
571
273
86
490
182
175
488
177
269
469
480
295
470
484
95
490
315
269
265
323
182
90
63
86
269
49
36
31
273
590
484
179
315
510
489
182
509
437
492
86
302
86
469
480
506
295
37
35
329
486
267
490
37
36
33
34
271
86
486
182
175
488
273
493
184
506
493
509
412
491
492
92
486
261
490
273
86
222
306
273
486
179
499
510
509
437
492
273
486
433
510
509
313
280
491
492
92
323
90
486
484
493
332
280
492
92
273
506
306
317
409
492
92
499
492
315
510
509
280
505
492
469
480
295
470
451
2
510
280
86
382
470
486
433
269
280
486
506
315
493
92
492
491
22
3
12
5
8
10
11
9
434
315
490
332
298
300
90
92
563
464
180
179
493
492
491
486
490
269
180
295
491
492
92
222
230
228
229
505
491
90
92
506
315
325
315
488
21
273
493
323
490
590
86
486
267
490
92
273
505
492
90
92
499
92
484
560
494
315
490
313
274
265
486
490
334
491
92
92
590
493
267
90
329
300
558
90
273
315
492
491
92
86
334
265
486
433
493
280
592
591
590
265
486
433
493
280
182
324
90
504
501
315
273
489
332
298
176
333
492
92
222
472
185
184
506
433
493
486
494
506
490
433
317
280
90
486
277
315
490
493
505
86
599
598
92
68
273
86
225
42
41
32
36
33
31
34
486
490
182
175
222
293
182
493
324
317
90
326
269
493
86
2
273
507
273
585
315
90
89
86
273
492
491
86
273
273
6
12
8
10
11
14
13
315
510
509
280
505
492
493
332
586
92
415
273
323
182
90
326
486
490
263
509
334
491
90
86
326
273
507
273
490
433
570
274
280
462
484
276
510
509
318
492
484
79
63
315
182
493
90
89
86
86
486
387
506
490
433
175
493
329
402
280
397
469
331
315
330
391
389
393
221
492
491
66
507
273
50
49
486
295
493
491
492
441
490
493
486
542
280
90
326
484
558
494
315
490
313
274
90
273
31
315
493
90
92
323
222
293
182
493
317
90
333
92
429
497
486
365
433
493
273
273
590
326
326
329
490
490
182
175
488
315
486
295
493
491
492
493
315
490
433
570
274
280
23
22
12
10
11
7
14
13
32
36
433
510
509
477
281
493
222
86
273
447
486
235
222
408
343
506
493
294
280
408
225
492
295
510
509
407
334
507
273
449
139
86
468
323
182
90
486
506
493
317
458
510
509
92
273
92
486
493
492
506
490
295
470
475
2
73
306
409
491
492
92
6
9
7
13
408
506
317
273
86
599
592
493
225
469
295
470
267
265
486
490
591
590
86
492
491
490
324
91
504
485
501
182
489
176
92
469
138
470
86
182
324
90
289
92
226
273
493
273
493
329
86
592
590
590
86
36
566
42
41
32
36
33
31
34
590
263
273
459
273
6
8
14
13
329
590
68
590
306
276
91
183
486
499
484
95
490
315
315
492
491
92
271
510
281
221
590
505
492
90
92
474
493
86
86
273
35
86
490
182
486
490
486
546
273
138
86
273
490
334
86
469
493
492
585
315
90
89
39
32
34
30
65
273
263
86
599
592
395
484
433
491
486
540
35
506
280
267
490
433
280
493
407
92
315
315
273
313
89
457
484
509
280
329
273
86
68
86
315
585
315
90
89
438
86
277
89
273
493
489
332
298
300
492
90
89
92
86
273
456
469
480
295
470
555
86
261
486
267
433
493
280
269
493
470
492
450
329
556
261
493
86
225
86
469
138
470
86
460
273
222
273
267
86
590
486
494
315
490
493
274
86
558
560
562
461
440
323
182
90
441
225
492
265
86
86
382
273
182
324
90
86
286
277
95
20
2
86
263
273
86
286
304
226
315
505
71
72
70
139
86
495
273
89
289
591
590
505
492
90
66
222
140
86
89
92
92
586
90
267
326
86
273
92
13
13
32
36
12
12
