2
3
4
5
6
7
8
9
10
11
12
13
14
15
16
17
18
19
20
21
22
23
24
25
26
27
28
29
30
31
32
34
35
36
37
38
39
40
41
42
43
44
45
46
47
48
49
50
51
52
53
55
56
57
58
59
60
60
63
64
65
66
67
68
69
70
71
72
73
74
75
76
77
78
79
80
81
82
83
84
60
66
8
36
36
36
35
37
38
81
66
65
65
66
65
29
6
7
3
81
49
36
37
34
66
65
36
35
37
6
66
65
3
6
7
36
37
9
5
3
4
6
7
7
9
3
6
7
36
35
37
37
28
64
66
65
41
38
48
66
65
9
8
6
66
65
66
65
3
6
7
9
3
6
7
6
7
41
3
6
7
66
65
9
5
3
6
4
7
66
8
71
6
50
35
34
6
7
6
