1
2
2
2
2
2
2
2
2
2
2
2
2
2
2
2
2
2
2
2
2
2
2
2
2
2
2
2
2
2
2
2
2
21
1
36
36
36
36
36
36
36
36
36
36
36
36
36
36
36
36
36
36
36
36
36
36
36
53
61
62
62
62
62
62
67
67
67
67
67
67
64
64
64
67
78
79
80
17
56
48
48
48
48
48
49
49
49
49
49
50
50
50
50
43
43
21
21
21
53
53
53
53
53
52
65
65
65
65
65
65
65
65
65
65
19
19
19
19
19
19
19
19
19
19
19
32
32
58
58
58
28
22
22
22
22
22
24
59
59
44
26
55
29
29
29
57
51
27
27
27
47
47
47
47
54
16
72
72
72
72
30
30
30
64
64
64
64
64
20
20
20
20
20
20
20
20
20
20
20
20
20
20
20
20
25
31
31
73
18
45
46
23
37
3
60
60
35
77
77
