2
3
4
5
6
7
8
9
10
11
12
13
14
15
16
17
18
19
20
21
22
23
24
25
26
27
28
29
30
31
32
33
34
35
36
37
38
39
40
41
42
43
44
45
46
47
48
49
50
51
52
53
54
55
56
57
58
59
60
61
62
63
64
65
66
67
68
69
70
71
72
73
74
75
76
77
78
79
80
81
82
83
84
85
86
87
88
89
90
91
92
93
94
95
96
97
98
99
100
101
102
103
104
105
106
107
109
110
111
112
113
114
115
39
39
29
30
91
78
21
100
102
39
19
74
31
2
2
2
71
2
88
2
12
48
79
70
2
39
78
13
39
91
78
74
2
2
74
39
91
21
74
14
16
15
2
2
39
39
16
2
2
14
74
40
78
88
2
39
9
14
5
7
12
13
6
8
15
93
39
95
96
74
97
2
2
39
74
2
2
14
15
77
91
40
21
101
103
14
12
13
16
15
2
39
78
28
71
2
2
106
14
12
13
15
2
100
102
39
91
74
14
16
28
71
2
2
56
39
17
10
39
39
110
111
16
39
86
2
16
14
12
13
15
78
13
2
15
74
12
13
2
104
14
12
13
15
2
35
11
100
102
39
74
14
12
13
4
15
28
2
2
63
39
77
91
66
40
60
2
9
14
5
7
12
13
6
8
15
39
74
39
14
17
39
91
74
2
74
2
65
90
2
11
11
90
91
74
91
73
15
75
77
91
39
78
40
39
74
2
2
11
100
102
39
74
60
28
71
2
2
73
48
33
39
63
90
91
74
2
2
91
60
71
90
80
4
2
10
2
