2
3
4
5
6
7
8
9
10
11
12
13
14
15
16
17
18
19
20
21
22
23
25
26
27
28
29
30
31
32
33
34
35
36
37
38
39
40
41
42
43
44
45
46
47
48
49
50
51
52
53
54
55
56
57
58
59
60
61
62
63
65
66
67
68
69
70
71
69
70
75
76
77
78
71
80
81
82
83
84
85
86
87
88
89
90
91
92
93
94
95
94
95
98
99
100
101
102
103
104
105
106
107
108
109
110
111
112
113
101
102
103
116
104
118
119
120
121
122
123
124
125
126
127
128
129
130
131
132
133
134
135
136
137
138
139
140
141
142
143
144
145
146
147
148
149
150
151
152
153
154
155
156
157
158
159
160
161
162
163
164
165
166
167
168
169
170
171
172
173
142
175
145
177
150
179
120
120
146
120
146
30
12
6
86
12
89
84
85
30
161
72
31
72
33
12
89
84
85
139
31
12
89
84
85
120
12
5
120
33
139
104
6
3
5
8
7
131
120
132
20
21
19
120
11
84
85
12
89
84
85
133
131
43
11
84
85
84
85
86
2
141
120
143
120
154
33
102
150
148
147
100
26
120
56
46
123
148
147
161
13
4
20
21
19
18
155
33
133
32
11
10
84
85
83
131
120
154
132
143
120
138
18
2
2
120
170
120
166
139
72
11
84
85
150
72
104
