1
2
2
2
2
2
2
2
2
2
2
2
2
2
2
2
2
2
2
2
2
2
2
2
2
2
2
2
2
2
2
2
2
2
31
37
38
38
38
38
38
38
38
38
38
38
38
38
38
38
38
38
38
38
38
38
38
38
38
38
38
38
38
38
38
38
64
70
71
71
71
71
71
71
71
71
71
71
71
71
71
71
71
71
71
71
71
71
71
71
71
71
71
71
71
71
71
100
100
100
100
100
100
100
100
100
100
100
100
70
113
113
113
113
113
113
113
113
113
113
113
113
113
113
113
113
113
113
113
132
132
134
70
136
136
136
136
136
136
136
136
136
136
136
136
136
136
136
136
136
136
136
136
136
136
136
136
136
136
136
136
136
136
136
136
136
136
136
136
136
136
136
136
136
136
136
136
136
136
136
136
136
136
136
136
136
136
136
136
136
136
136
136
136
136
136
136
136
136
136
136
136
136
136
136
136
136
136
136
136
136
136
136
136
136
136
136
136
136
136
136
136
136
136
136
136
136
136
136
136
136
136
136
136
136
136
136
136
136
136
136
165
245
167
247
192
249
251
251
251
251
251
251
136
258
258
258
258
258
263
258
265
258
267
136
269
269
269
269
269
269
269
269
269
136
279
70
281
281
281
281
281
281
94
267
265
263
56
56
56
57
57
57
177
80
189
128
128
128
128
128
130
130
169
169
169
169
169
88
88
88
88
88
88
225
196
31
31
31
64
64
64
64
283
59
59
183
110
110
190
91
91
91
173
173
173
173
173
20
20
20
20
280
280
120
203
239
244
67
67
67
94
94
94
94
94
94
204
204
204
204
204
234
60
60
61
61
223
82
82
82
82
82
172
54
55
55
55
66
66
108
108
86
86
86
86
86
194
194
218
226
175
175
175
175
111
111
200
200
200
122
122
256
193
193
193
27
184
162
162
162
162
162
162
162
215
106
106
106
106
85
85
231
274
68
68
21
21
227
179
205
205
213
213
224
182
158
158
180
271
228
246
246
166
166
286
286
243
23
23
24
90
90
90
90
90
208
207
207
232
284
198
198
174
174
174
129
129
129
129
129
129
159
159
84
84
84
84
28
28
125
125
125
161
161
32
32
285
285
285
285
242
242
242
168
168
168
168
168
124
229
167
167
167
167
167
167
19
19
19
19
19
19
19
19
19
19
19
19
19
19
83
83
83
83
53
53
53
206
240
240
240
240
255
255
255
52
52
52
163
30
30
30
233
50
238
160
160
160
160
160
160
160
160
181
222
171
171
171
171
96
99
185
93
93
93
93
93
93
93
93
93
93
212
212
121
235
65
188
188
26
26
26
187
156
156
156
156
156
109
109
165
165
22
22
176
176
176
92
92
35
63
63
219
220
58
58
58
58
58
202
230
98
197
197
197
197
214
134
134
134
134
134
186
62
62
29
29
157
157
164
217
51
126
126
126
210
89
221
25
25
25
25
192
192
201
241
241
241
87
87
87
87
170
170
195
199
199
199
199
199
199
199
199
199
199
199
199
199
199
107
107
107
107
282
72
260
260
74
119
119
261
261
115
115
114
114
118
259
259
137
135
288
288
69
