2
3
4
5
7
9
10
11
12
13
14
15
17
18
19
20
21
22
23
24
25
26
27
28
29
30
31
32
33
34
35
36
37
38
39
40
41
42
43
44
45
46
47
48
49
33
51
53
54
55
56
57
58
59
60
61
62
63
64
65
66
67
68
69
70
71
72
73
74
75
76
77
78
79
80
82
84
85
86
87
88
89
90
91
92
93
94
95
97
98
99
100
101
102
103
105
106
107
108
109
110
111
112
113
115
116
117
118
119
120
121
122
123
124
125
126
127
128
129
130
131
132
133
134
135
136
137
138
139
140
141
142
143
144
145
146
147
148
149
150
151
152
153
154
155
156
157
158
159
160
161
162
163
164
165
166
167
168
169
170
171
172
173
174
175
177
178
179
180
181
184
185
186
187
188
189
190
191
192
193
194
195
196
197
198
199
200
201
202
203
204
205
206
207
208
209
210
211
213
214
215
216
217
218
219
220
223
224
225
226
227
228
229
230
231
232
220
234
235
237
238
239
240
241
242
243
244
245
246
247
248
249
250
251
252
253
254
255
256
257
258
259
260
261
262
263
264
265
267
268
269
270
272
273
274
275
276
277
278
279
281
282
283
284
285
286
287
288
289
290
291
292
293
294
295
296
297
298
299
301
302
303
304
305
306
307
308
309
311
312
313
314
315
316
317
318
319
320
321
322
323
324
325
326
327
328
329
330
331
332
334
336
337
339
341
342
343
345
346
347
348
349
350
351
352
353
354
355
356
357
358
359
360
361
362
363
364
365
366
367
368
369
370
371
372
373
374
375
376
377
378
379
380
381
382
383
384
385
386
387
388
389
390
391
392
393
394
395
396
397
398
399
400
401
402
403
404
405
406
407
408
409
410
411
412
413
415
416
417
418
419
420
421
422
424
425
426
427
428
429
430
431
432
433
434
435
436
437
438
439
440
441
442
443
444
445
446
447
448
449
450
451
452
453
454
455
456
457
458
459
460
461
462
463
465
466
467
468
469
470
471
473
474
475
476
477
478
479
480
481
482
483
484
485
486
487
488
489
490
491
492
493
494
495
496
497
498
499
500
501
502
503
504
505
506
507
508
509
510
511
512
513
514
515
516
517
519
520
521
522
523
524
525
526
527
528
529
530
531
532
533
534
535
536
537
538
539
540
541
542
543
544
545
546
547
548
549
550
551
552
553
554
556
557
558
559
560
561
562
564
565
566
567
568
569
570
571
572
573
574
575
576
577
578
579
580
581
582
583
584
585
587
588
589
590
591
592
593
594
595
596
597
598
599
600
601
602
603
604
605
606
607
608
609
610
611
612
613
614
615
616
617
618
619
620
621
622
623
624
625
626
627
628
629
630
631
632
633
634
635
636
637
638
639
640
641
642
643
644
645
646
649
650
651
652
653
654
655
656
657
658
659
660
661
662
663
664
665
666
667
668
669
670
671
672
673
674
675
676
677
678
679
680
681
682
683
684
685
686
687
688
689
690
691
692
693
694
695
696
697
698
699
700
701
702
703
704
705
706
708
709
710
711
712
713
714
715
716
717
718
719
720
721
722
723
724
725
726
727
728
729
730
732
733
734
735
736
737
738
739
740
741
742
743
744
745
746
747
748
749
750
751
752
753
754
755
756
757
758
759
760
761
762
763
764
765
766
768
769
770
771
772
773
774
775
776
777
778
779
781
782
783
784
785
786
787
788
789
790
791
792
793
794
795
796
797
798
799
800
801
802
803
804
805
806
807
808
809
810
811
812
813
814
815
816
817
818
819
820
821
822
823
824
825
826
827
828
829
830
831
832
833
834
835
836
837
838
840
841
842
843
844
845
846
847
848
849
850
851
852
853
854
855
856
857
858
859
860
861
862
863
864
865
866
867
868
869
870
871
872
873
874
875
876
877
878
879
880
881
882
883
884
885
886
887
888
889
890
891
892
893
894
895
896
897
898
899
900
901
902
903
904
905
906
907
908
909
910
911
912
913
914
915
916
917
918
919
921
922
923
924
925
926
927
929
930
931
932
933
934
935
936
939
940
941
942
943
944
945
946
947
948
949
950
951
952
953
954
955
956
957
958
959
960
961
962
963
964
965
966
967
968
969
970
971
972
973
974
975
976
977
978
979
980
981
982
983
984
985
986
987
988
989
990
991
992
993
994
995
996
997
998
999
1000
1001
1002
1003
1004
1005
1006
1007
1008
1010
1011
1012
1013
1014
1015
1016
1017
1018
1019
1020
1021
1022
1023
1024
1025
1026
1027
1028
1029
1030
1031
1032
1033
1034
1035
1036
1037
1038
1039
1040
1041
1042
1043
1044
1045
1046
1047
1048
1049
1050
1051
1052
1053
1054
1055
1056
1057
1058
1059
1060
1061
1062
1064
1065
1066
1067
1068
1069
1070
1071
1072
1073
1074
1075
1076
1077
1078
1079
1080
1081
1082
1083
1084
1085
1086
1087
1088
1089
1090
1091
1092
1093
1094
1095
1096
1097
1098
1099
1100
1102
1103
1104
1105
1106
1107
1108
1110
1111
1112
1113
1114
1115
1117
1118
1119
1120
1121
1122
1123
1124
1126
1127
1128
1129
1130
649
693
981
981
981
741
981
649
649
668
741
741
693
500
612
611
610
613
443
439
149
801
961
961
443
1040
1041
1042
1034
1014
1013
1012
964
965
962
963
961
976
977
961
87
855
857
868
856
858
962
807
771
770
890
885
565
36
532
533
24
17
612
657
187
915
659
61
1066
1075
31
32
30
24
29
588
591
589
590
587
454
461
445
442
439
222
221
468
466
24
577
605
632
633
615
635
631
630
640
643
642
641
608
636
25
27
28
21
20
24
22
23
26
350
250
248
477
481
476
237
252
250
248
259
237
350
566
565
575
956
942
248
968
977
733
237
961
312
313
185
186
633
627
653
723
722
649
106
660
88
87
803
86
85
802
237
746
767
1042
1039
955
952
886
942
845
350
404
80
70
77
72
79
74
78
76
54
803
802
81
58
881
880
908
909
313
711
425
712
710
424
147
117
36
25
532
533
24
17
189
1014
1013
1012
1028
167
158
169
171
153
156
170
151
152
174
150
168
154
172
157
173
115
166
115
381
436
437
427
435
345
1042
238
350
404
125
130
115
759
591
982
983
1013
1028
560
583
578
566
461
462
287
977
961
1024
1022
1011
1040
724
725
712
835
61
771
770
603
587
620
588
591
589
590
608
65
589
40
161
155
115
1029
1030
1031
1074
582
852
851
902
902
588
128
237
350
1076
1066
250
498
248
481
476
480
478
237
771
770
958
942
59
584
566
237
60
626
588
591
589
590
587
608
746
767
609
588
591
589
590
608
186
650
126
733
581
578
577
579
576
904
903
59
64
250
248
477
481
476
237
498
477
481
479
476
480
478
250
249
248
253
431
426
429
428
649
237
668
220
452
445
439
62
885
158
155
153
156
151
152
159
150
154
157
612
611
610
613
608
451
442
439
439
252
100
99
653
906
865
863
864
896
866
936
937
938
712
809
806
804
805
808
149
894
893
892
854
865
870
859
862
868
847
853
867
848
869
874
863
850
864
849
873
866
899
711
237
350
1003
1005
1004
1006
961
961
1002
500
625
608
608
365
364
961
1014
1013
1012
1028
190
130
825
140
139
138
803
804
174
802
115
1063
1059
249
238
261
239
262
263
240
791
788
789
350
381
687
126
670
36
28
532
533
24
17
875
874
900
461
462
477
481
476
825
806
115
961
961
612
611
610
613
612
611
610
613
1040
828
115
993
981
993
136
161
133
135
1082
1086
138
1088
132
137
1083
131
1090
1091
1089
1084
1076
1075
149
115
1093
64
468
24
963
313
100
99
119
350
404
761
88
87
803
86
85
802
350
607
608
608
346
350
388
806
807
1067
1076
1066
1092
1088
977
1067
1069
1070
1075
1071
1068
964
965
962
963
869
605
606
637
638
639
587
587
608
590
608
443
660
659
1029
880
907
220
445
441
439
951
955
957
954
959
942
1022
1011
1010
1010
1003
964
1005
1004
965
1006
962
963
964
951
955
953
957
952
877
942
845
64
187
420
417
885
887
886
871
862
860
872
121
36
532
533
24
17
59
62
443
926
925
924
313
889
888
1014
1028
191
187
189
185
186
190
188
795
250
248
477
481
476
237
1083
161
1090
1082
1086
1091
1089
1084
1076
149
1093
500
904
903
313
261
263
237
237
260
976
977
835
1029
1030
1031
890
883
480
478
989
988
885
870
1040
1041
1074
1077
1067
1069
1070
1066
1071
1075
1068
1073
1072
1065
951
956
955
953
957
952
958
942
872
845
845
248
237
36
28
532
533
24
17
500
829
828
827
115
679
684
239
500
961
961
248
237
461
457
458
441
456
439
439
120
119
125
124
118
121
122
123
126
999
999
657
578
566
658
238
239
240
824
807
802
350
404
123
36
25
532
533
24
17
350
132
136
1083
161
133
131
1082
1091
1089
134
167
1076
1075
149
1093
115
610
628
627
182
177
186
250
498
248
481
476
480
478
237
627
627
669
885
900
65
61
59
612
611
610
613
803
802
1074
1067
1069
1076
1070
1071
1068
1072
915
845
845
249
238
239
240
397
130
1128
1129
115
41
365
476
628
613
627
968
961
302
806
115
532
533
369
364
59
60
565
670
883
908
790
791
63
685
441
443
1011
252
87
88
268
1011
1010
1010
240
976
977
961
612
611
610
613
237
313
624
587
587
608
443
189
1029
1030
1031
679
795
1041
891
884
875
861
969
970
968
971
961
724
968
725
977
712
961
347
346
254
250
249
251
248
416
237
806
36
532
533
24
17
164
115
118
313
404
802
578
566
941
942
350
395
350
404
188
268
976
977
961
238
239
240
62
440
185
1077
1067
1075
500
953
670
350
404
656
650
240
942
861
869
743
744
742
745
759
237
120
996
981
996
461
441
439
439
313
239
190
1027
122
350
404
188
126
127
652
723
722
711
237
649
611
610
628
608
785
1025
1026
1011
36
28
532
533
24
17
312
313
980
961
961
991
981
988
47
795
164
159
115
827
115
961
668
678
1067
1076
1066
500
250
248
481
476
480
478
499
237
461
220
452
445
439
250
249
248
480
478
237
185
313
118
1012
313
426
427
429
428
237
273
964
965
962
963
1041
126
38
31
41
313
591
589
590
425
710
237
424
161
140
138
809
806
803
804
805
802
808
115
989
961
961
984
128
350
882
908
617
596
616
595
619
618
593
594
587
608
668
875
874
873
14
462
588
591
589
590
1077
1067
1066
1075
1030
1012
248
302
237
312
313
613
287
977
961
611
628
627
364
369
365
500
693
44
578
566
579
829
191
477
476
468
466
24
238
239
240
237
825
140
139
806
803
804
802
834
834
115
466
250
249
248
480
478
237
746
767
976
977
961
118
115
461
220
445
439
677
1040
1041
1042
988
981
988
403
657
63
397
461
462
650
191
184
764
952
27
26
24
138
820
115
115
36
532
533
24
17
253
237
969
970
968
971
961
961
961
807
36
25
532
533
24
17
6
2
965
109
111
110
112
106
961
250
248
481
476
480
478
237
976
977
961
936
191
187
189
185
186
190
188
610
724
980
968
716
977
712
961
258
237
686
686
687
685
31
167
125
124
117
169
171
122
170
123
126
174
120
119
121
168
172
173
248
968
977
273
237
961
400
397
250
249
248
477
481
476
237
49
425
250
248
477
481
476
237
611
612
628
627
449
439
458
441
443
790
417
416
1031
313
878
955
952
942
872
845
790
791
788
789
350
130
825
140
148
138
823
806
804
826
115
115
826
908
164
115
346
124
709
899
18
25
1028
902
581
575
1028
608
149
895
556
556
608
115
115
608
608
115
439
439
742
759
250
861
909
581
578
576
250
250
991
988
250
250
250
250
250
250
220
439
220
439
220
439
220
220
532
533
17
532
533
17
532
533
17
532
533
17
532
533
17
532
533
17
532
533
17
532
533
17
190
532
533
17
532
533
17
250
250
250
1075
220
454
445
442
221
439
222
454
445
442
221
439
222
220
439
613
613
613
1041
263
240
260
240
619
250
668
937
938
