1
2
2
2
2
2
2
2
2
2
2
2
2
2
2
2
2
2
2
2
2
2
2
2
2
2
2
2
2
2
2
18
33
33
18
36
36
18
39
39
39
18
43
43
43
20
47
47
20
50
20
52
2
54
54
54
54
2
59
2
61
61
61
61
61
61
68
69
69
69
69
69
69
69
69
1
78
78
78
78
78
78
78
78
78
78
78
78
78
78
78
78
78
78
78
78
78
91
100
93
102
97
104
98
106
99
108
78
110
110
110
110
110
116
117
118
118
118
118
118
118
118
118
118
118
118
118
118
118
118
118
118
118
118
118
118
118
130
141
130
143
145
146
146
146
146
146
146
146
146
146
146
146
146
146
146
146
146
146
146
146
146
146
146
146
146
146
146
146
146
146
146
146
146
146
146
146
146
146
146
146
146
146
146
146
146
146
146
146
146
146
146
146
146
146
146
146
146
146
146
146
146
146
146
146
146
146
146
146
146
146
146
146
146
146
146
146
146
146
146
146
146
146
146
146
146
146
146
146
146
146
146
146
146
146
146
146
146
146
146
146
146
146
198
248
198
250
198
252
198
254
198
256
198
258
198
260
198
262
198
264
224
266
68
268
268
268
268
268
268
268
268
268
268
268
268
268
268
268
268
268
268
268
268
268
268
268
268
268
268
268
268
268
268
268
268
268
268
268
268
268
268
268
268
268
268
268
268
268
268
301
301
301
301
319
320
320
320
320
320
320
320
320
320
320
320
320
320
320
320
320
320
320
320
320
320
2
133
133
133
199
199
199
199
199
199
199
199
199
199
199
300
300
65
57
73
73
73
73
73
73
132
242
140
281
335
335
279
279
279
129
129
129
129
129
129
129
265
302
336
229
304
304
29
295
295
283
283
283
267
75
75
75
75
75
75
247
208
206
206
309
280
280
280
223
223
72
72
72
72
72
72
53
241
203
235
207
207
207
207
207
207
207
18
18
18
18
18
18
18
18
221
221
221
221
221
221
221
221
221
221
221
221
221
221
221
221
326
326
131
131
131
289
236
332
332
25
284
284
209
202
202
202
202
237
237
93
232
67
136
216
64
71
71
71
71
71
71
215
107
211
328
220
224
224
224
224
224
224
224
224
224
224
224
297
297
297
113
113
222
222
222
58
58
307
307
307
195
87
87
298
298
298
298
246
299
299
299
60
212
291
74
74
74
74
74
227
32
200
286
286
286
70
70
70
70
228
228
196
98
98
98
201
76
76
76
76
21
21
21
21
21
243
210
210
219
66
288
204
204
218
330
293
22
313
217
194
27
197
285
285
285
285
314
51
51
51
51
138
97
294
294
301
301
301
301
137
226
240
101
115
214
245
327
325
325
325
325
96
96
96
305
305
305
23
334
334
139
134
282
114
114
114
244
230
92
92
92
308
17
130
130
130
130
130
130
130
130
333
89
89
331
331
99
99
234
135
193
193
193
193
193
193
193
193
193
193
193
193
193
193
193
193
193
193
193
193
193
193
193
193
193
193
193
193
193
193
193
213
20
20
20
20
20
20
20
20
20
225
225
225
225
225
225
225
225
225
225
19
310
341
341
28
91
91
91
90
90
239
239
329
337
337
311
312
233
238
287
287
287
287
287
292
296
296
296
30
306
303
31
198
198
198
198
198
198
198
198
198
198
198
198
198
198
198
198
198
198
198
198
198
198
198
198
198
198
198
198
198
198
290
290
290
231
205
205
84
84
315
315
316
316
316
317
318
