2
3
4
5
6
7
8
9
10
11
12
13
14
15
16
17
18
19
20
21
22
23
24
25
26
27
28
29
30
31
32
33
34
35
36
37
38
39
40
41
42
43
44
45
46
47
48
49
50
51
52
53
54
55
56
57
58
59
60
61
62
63
64
65
66
67
69
70
71
72
73
74
75
76
77
78
79
80
81
82
83
84
85
86
87
88
89
90
91
92
93
94
95
96
97
98
99
100
101
102
103
104
105
106
107
108
109
110
111
112
113
114
115
86
118
119
120
121
122
123
124
125
126
127
128
129
130
131
132
133
134
135
136
137
138
139
140
141
142
143
144
146
147
148
149
150
151
152
153
154
155
156
157
158
159
160
161
162
163
164
165
166
167
168
169
170
171
172
173
174
175
176
177
178
179
180
181
182
183
184
185
186
187
188
189
190
191
192
193
194
195
196
197
198
199
200
201
202
203
204
205
206
207
208
209
210
211
212
213
214
215
216
217
218
219
220
221
222
223
224
225
226
227
228
229
230
231
232
233
234
235
236
237
238
239
240
241
242
243
244
245
246
247
248
249
250
251
252
253
254
255
256
257
258
259
260
261
262
263
264
265
266
267
268
269
270
271
272
273
274
275
276
277
278
279
280
281
282
283
284
285
286
287
288
289
290
291
292
293
294
295
296
297
298
299
300
301
302
303
304
305
306
307
308
309
310
311
312
313
314
315
316
317
318
320
321
322
323
324
325
326
327
328
329
330
331
332
333
334
335
336
337
338
339
340
341
78
122
127
125
187
179
177
159
184
183
186
185
182
180
176
301
277
89
55
288
299
306
308
307
268
125
179
128
282
340
322
272
273
275
126
120
123
124
128
121
119
210
274
341
165
282
273
99
292
276
284
273
274
225
288
306
298
302
307
268
192
178
203
171
276
273
270
274
150
151
301
288
306
303
307
268
96
179
178
175
205
204
206
169
170
149
171
19
3
6
8
5
7
9
4
222
191
174
154
179
183
158
167
185
180
178
182
156
160
175
166
322
321
120
127
125
274
176
340
322
13
269
274
178
150
148
163
175
147
176
95
183
89
123
157
89
288
306
303
304
307
268
153
93
162
341
163
225
191
174
178
180
160
179
158
175
166
167
284
282
271
112
111
223
150
166
55
56
272
276
274
151
81
80
284
282
273
269
190
301
278
276
90
155
274
288
306
304
307
268
181
8
189
287
276
274
288
306
307
268
150
153
170
81
79
82
189
311
288
297
268
6
8
11
5
10
244
147
178
160
89
287
203
169
159
341
289
12
277
180
150
97
171
272
273
269
274
277
7
61
54
59
125
82
293
277
302
273
270
274
124
181
241
94
110
154
190
341
339
322
323
321
93
79
82
284
302
269
8
340
322
125
120
274
88
115
111
166
168
93
79
82
276
2
131
126
122
123
127
125
121
2
341
113
84
340
322
79
80
174
121
194
246
195
174
154
163
161
168
162
151
169
170
159
155
152
153
192
172
191
147
181
158
150
164
156
160
175
157
166
171
173
156
19
6
11
5
7
9
10
4
13
223
194
226
228
150
174
178
168
166
188
7
278
340
322
98
85
79
83
91
92
147
177
341
338
324
274
273
169
177
289
272
273
275
274
289
289
269
274
9
274
301
12
199
154
163
187
179
161
151
169
170
184
153
188
172
147
181
183
186
158
167
189
150
185
156
178
180
182
175
171
166
2
289
273
274
183
203
170
110
110
302
273
273
270
274
274
270
