1
2
2
2
2
2
2
2
6
10
4
13
14
14
14
14
14
14
14
14
14
14
14
14
14
14
14
14
14
14
14
14
14
14
14
14
14
14
14
14
14
14
14
14
14
14
14
14
14
14
14
14
14
14
14
14
14
14
14
14
14
14
14
14
14
14
14
14
14
14
14
14
14
14
14
14
78
78
78
78
78
78
78
78
29
87
26
90
91
91
91
91
91
91
91
91
91
91
91
91
31
31
31
31
31
98
85
85
85
45
45
45
45
45
45
45
45
45
45
45
45
45
49
49
74
100
82
83
58
58
58
58
33
46
46
46
46
46
25
47
47
53
72
65
99
28
28
51
51
59
76
62
48
48
57
54
55
30
4
4
4
4
4
68
71
66
69
73
84
27
27
27
34
86
101
96
61
70
50
50
75
35
64
67
32
32
26
26
26
26
26
26
26
26
26
26
63
