2
3
4
5
6
7
8
9
10
11
12
13
14
15
16
17
18
19
20
21
22
23
24
25
26
27
28
29
30
31
32
33
34
35
36
37
38
39
40
41
43
44
45
46
47
48
49
50
51
52
53
54
55
56
57
58
59
60
61
62
63
64
65
66
67
68
69
70
71
72
73
74
75
76
77
78
79
80
81
82
83
84
85
86
87
88
89
90
91
92
93
94
95
96
97
98
99
100
101
102
103
104
105
106
107
108
109
110
111
112
113
114
115
116
117
118
119
120
121
122
123
124
125
126
127
128
129
130
131
132
133
134
135
136
137
138
139
140
141
142
143
144
145
146
147
148
149
150
151
152
153
154
155
156
157
158
159
160
161
162
163
164
165
166
167
168
169
170
171
172
173
174
175
176
177
178
179
180
181
182
183
184
185
186
187
188
189
190
191
192
193
194
195
196
197
198
199
200
201
202
203
204
205
206
207
208
209
210
211
212
213
214
215
216
217
218
219
220
221
222
223
224
225
226
227
228
229
230
231
232
233
234
235
236
237
238
239
240
241
242
243
244
245
246
247
248
249
250
251
252
253
254
255
256
257
258
259
260
261
262
263
264
266
267
268
269
270
271
272
273
274
275
276
277
278
279
280
281
282
283
284
285
286
287
288
289
290
291
292
293
294
272
272
272
157
86
157
144
145
134
133
129
134
148
156
157
155
158
169
104
100
101
87
94
91
165
210
76
43
43
78
158
120
116
157
124
89
91
189
188
190
156
155
63
62
58
52
216
150
128
161
167
168
111
123
110
89
94
91
256
162
156
164
161
194
33
165
89
94
90
91
115
158
119
116
122
89
92
87
90
159
151
160
165
157
151
150
150
17
86
120
116
193
221
155
134
131
268
27
212
113
26
4
13
9
7
12
17
16
274
11
150
215
212
275
69
158
235
185
192
177
151
150
150
154
117
119
116
118
92
91
208
214
18
9
16
10
6
150
150
165
284
9
7
16
10
11
6
5
150
150
68
54
31
150
165
157
162
151
207
283
165
158
175
150
156
284
165
175
150
150
150
103
79
151
66
53
66
100
101
94
88
91
163
163
151
165
29
106
219
34
26
8
14
39
38
15
150
37
79
213
272
165
157
158
141
145
130
133
132
146
176
150
126
89
93
91
29
106
113
34
7
8
14
39
38
15
150
150
37
59
56
144
131
132
176
150
75
76
109
106
83
79
257
156
155
156
157
155
158
150
140
165
102
210
24
18
9
17
16
6
150
16
5
150
150
106
27
113
26
13
7
12
17
14
86
150
37
154
165
164
152
168
169
51
52
50
53
54
48
49
45
56
44
47
46
55
57
125
89
93
91
162
218
217
150
150
267
266
268
151
73
74
72
43
165
166
177
189
188
156
155
158
150
150
194
165
186
187
165
158
112
91
158
109
180
190
89
117
119
118
90
150
150
223
226
128
194
205
157
53
54
56
157
203
157
151
150
150
119
116
150
150
219
16
15
5
150
150
66
53
157
150
150
108
150
59
160
160
156
178
91
167
166
160
159
156
103
109
106
146
86
157
29
86
54
44
172
150
39
38
150
86
151
160
142
130
132
223
88
159
52
54
56
55
205
157
156
218
150
150
33
150
100
101
94
91
99
98
22
17
164
159
208
276
193
210
221
208
156
157
155
158
160
274
273
151
272
4
117
119
116
118
150
86
86
150
272
279
150
115
147
147
272
281
146
146
37
86
146
146
150
150
146
86
272
277
150
14
37
83
