1
2
2
2
2
2
2
2
2
2
2
2
2
2
2
2
2
2
2
2
2
2
2
2
2
2
2
2
2
2
2
17
34
35
35
36
1
40
40
40
40
40
40
40
40
40
40
40
40
40
40
40
40
40
40
40
40
40
40
40
40
40
40
40
40
40
40
40
40
40
40
40
40
40
40
40
40
40
40
40
40
40
40
40
40
40
40
40
40
40
40
40
40
40
40
40
40
40
40
40
40
40
40
40
40
40
40
40
40
40
40
40
40
40
40
17
120
121
121
121
121
121
121
121
121
121
121
131
121
133
130
135
125
125
139
127
127
142
126
126
145
125
128
148
128
150
151
151
154
154
154
155
156
156
156
156
156
156
156
156
156
156
156
156
156
156
156
156
156
156
156
156
156
156
178
178
178
178
178
178
174
175
176
173
174
191
192
192
192
192
192
192
192
192
192
192
192
201
120
207
207
207
207
207
207
207
207
207
207
207
207
207
220
207
222
207
224
207
226
207
228
228
228
120
232
232
232
232
232
232
232
232
232
232
232
232
232
232
241
244
248
246
155
251
251
251
251
251
251
251
258
259
258
261
251
263
263
263
263
263
263
269
270
269
1
274
274
274
274
274
279
274
281
274
283
274
285
274
287
274
289
274
291
274
293
274
295
278
298
120
299
299
299
299
299
299
299
299
299
309
307
307
40
2
5
182
182
182
182
182
96
52
52
83
83
84
84
216
216
216
53
53
53
55
55
55
166
166
166
166
166
166
166
166
166
124
124
124
124
124
124
124
124
65
65
65
11
171
171
171
93
174
174
174
174
26
26
172
172
172
79
79
50
50
87
87
246
183
183
183
94
88
88
18
86
86
17
17
110
110
14
28
28
116
116
234
109
109
257
257
257
257
257
8
8
91
91
212
212
212
212
118
169
169
169
15
175
175
175
25
25
67
67
67
176
176
176
176
66
66
66
105
105
105
105
170
170
170
4
108
108
49
49
12
19
19
58
58
58
57
57
95
99
173
173
173
173
173
267
267
37
10
114
114
217
217
217
217
217
217
54
54
54
277
107
107
47
42
117
13
75
75
75
21
21
103
69
69
69
92
111
111
125
125
125
125
125
276
62
62
62
215
215
215
45
102
74
74
81
81
90
90
78
27
27
63
63
63
29
29
64
64
64
168
168
153
113
113
104
104
104
22
22
31
31
112
112
30
30
72
89
89
56
56
56
201
201
201
201
20
20
24
46
200
200
200
200
200
80
127
127
127
127
127
127
73
269
275
275
275
275
275
275
106
106
60
60
60
71
214
268
268
23
68
68
68
70
70
70
82
82
61
115
115
126
126
126
126
126
126
126
16
16
307
307
307
307
307
307
307
59
59
51
85
85
219
219
219
128
128
128
128
128
128
177
177
177
177
177
278
36
122
122
138
138
138
141
141
141
142
142
142
144
144
144
145
145
145
145
147
147
147
148
148
148
149
149
149
39
297
273
189
190
185
204
186
187
310
310
310
310
310
310
310
311
