1
2
2
2
2
2
2
2
2
2
2
2
2
2
2
2
2
2
2
2
6
23
24
27
28
28
28
28
28
28
28
28
28
28
28
40
41
41
41
41
41
41
41
41
41
41
41
41
41
41
41
41
41
41
41
41
41
41
41
41
41
41
41
41
41
41
41
41
41
41
41
41
41
41
41
41
41
41
41
41
41
41
41
41
41
41
41
41
41
41
41
41
41
41
41
41
41
41
41
41
41
41
41
41
41
41
41
41
41
41
41
41
41
41
41
41
41
41
41
41
41
41
41
41
41
41
41
41
41
41
41
41
41
41
41
41
41
41
41
41
41
41
41
41
41
41
41
41
41
41
41
41
41
41
41
41
41
41
41
41
41
41
41
41
41
41
41
41
41
41
41
41
41
41
41
41
41
41
41
41
41
41
41
41
41
41
41
41
41
41
41
41
41
41
41
41
41
41
41
41
41
41
41
41
41
41
41
114
116
199
125
125
125
125
125
125
125
125
125
125
125
127
127
127
127
129
129
129
129
129
129
135
198
63
63
63
184
184
184
83
83
83
83
206
206
206
95
95
171
193
189
151
133
133
133
133
133
133
133
133
133
133
207
207
207
101
101
101
210
114
138
99
99
209
82
77
128
111
111
111
66
170
163
163
109
109
212
97
179
107
107
107
148
147
147
147
156
208
78
123
123
123
123
123
123
123
123
123
123
123
123
178
192
79
79
79
79
85
176
177
35
106
106
106
106
121
121
121
121
121
96
96
185
159
159
159
159
175
89
89
89
89
89
150
150
150
150
150
150
150
150
150
150
150
150
150
124
124
94
94
94
94
92
92
157
157
157
157
157
157
157
157
157
157
157
157
186
98
98
131
161
161
161
161
139
91
91
165
120
120
120
120
120
120
120
120
120
120
120
120
167
167
167
81
81
81
81
81
81
81
81
81
81
115
136
136
136
136
136
169
100
60
60
146
146
146
146
146
146
146
146
146
162
162
162
162
162
102
102
102
134
134
134
187
80
118
38
144
130
110
87
137
137
108
108
108
108
108
108
108
37
36
36
122
122
122
122
122
122
122
122
122
122
126
152
152
152
152
152
152
152
105
105
168
69
205
205
205
93
93
93
155
172
103
64
64
64
64
64
64
64
64
64
64
64
67
203
191
173
34
34
145
145
153
153
153
149
202
62
62
62
74
61
61
61
166
33
33
33
33
140
140
140
141
211
211
211
65
65
65
65
65
142
142
90
132
132
119
190
143
201
201
201
201
201
204
204
104
42
213
39
