1
2
2
2
2
2
2
2
11
12
12
12
12
12
12
12
12
12
12
12
12
12
12
12
12
12
12
12
12
12
25
25
36
37
37
37
37
37
37
37
37
37
37
37
46
49
49
49
49
49
49
49
49
37
58
58
58
58
46
46
36
65
65
65
65
65
65
65
65
74
75
76
76
76
76
76
76
76
76
76
76
76
76
76
76
76
76
76
76
76
76
76
76
76
76
76
76
76
76
76
76
76
76
76
76
76
76
76
76
76
76
76
76
76
76
76
76
76
76
76
76
76
76
106
129
129
109
132
132
132
110
136
136
136
111
140
140
140
36
144
144
144
144
144
144
144
144
149
153
154
151
157
158
158
158
158
158
158
158
158
158
158
158
158
158
158
158
158
158
158
158
158
158
158
158
158
158
158
158
158
158
158
188
158
191
192
192
192
192
192
192
192
192
194
201
203
204
204
204
204
204
204
211
212
212
213
214
215
215
218
219
219
219
219
219
219
219
219
219
219
219
219
219
232
232
232
232
229
239
240
241
241
241
241
241
241
241
241
249
249
249
249
249
249
249
249
241
259
260
260
260
260
260
260
260
260
260
260
260
260
260
260
260
260
260
260
279
280
280
280
280
280
280
280
283
283
283
283
75
292
292
292
292
292
292
292
292
292
292
292
292
292
292
292
292
292
292
292
292
292
292
292
292
292
292
292
292
292
292
292
292
292
292
292
292
292
292
292
292
292
292
292
292
292
292
292
292
292
292
292
292
292
292
292
292
292
292
292
292
292
292
292
292
292
292
292
292
292
292
292
292
292
292
292
292
292
292
292
292
292
292
292
292
292
292
292
292
371
381
292
383
379
385
292
387
292
389
389
389
389
389
389
389
389
389
292
399
399
399
399
399
399
399
399
399
292
409
292
411
411
411
411
411
292
417
417
417
417
417
417
417
417
203
426
279
428
428
428
428
428
428
428
428
428
428
428
428
428
428
428
443
428
36
446
446
446
446
446
446
450
453
450
455
450
457
451
459
451
461
451
463
452
465
452
467
452
469
451
36
472
472
472
472
472
472
472
472
472
472
472
472
472
472
472
472
472
472
472
472
472
472
472
472
472
472
472
495
500
496
502
472
504
504
504
504
504
472
510
510
510
510
510
510
510
510
510
510
521
70
25
25
115
115
115
115
115
115
498
498
268
268
71
384
119
119
119
119
119
16
210
404
404
404
404
517
517
517
517
517
43
43
18
9
270
270
368
348
142
142
142
117
117
117
117
117
116
116
116
116
116
226
226
17
416
269
269
14
199
406
98
491
491
491
491
101
229
229
229
229
229
229
424
102
102
151
151
151
151
151
151
151
151
427
275
275
274
274
46
46
46
46
46
46
46
46
46
46
509
509
509
152
152
152
152
44
44
395
495
495
253
253
181
341
439
439
439
439
439
439
439
439
13
197
125
125
125
125
125
125
7
507
507
507
353
353
353
353
353
353
353
353
353
24
414
367
367
367
367
367
367
367
367
499
499
499
499
72
361
361
441
441
441
32
6
396
450
450
450
450
450
450
450
450
450
450
450
450
450
450
246
246
246
246
26
55
195
187
264
272
252
252
252
363
363
363
363
363
363
149
149
149
149
149
149
356
518
518
518
518
198
198
231
231
231
386
183
196
92
255
255
23
23
73
73
73
73
96
186
425
224
224
276
276
422
422
422
184
520
520
107
107
107
107
107
107
107
179
519
339
339
339
339
339
339
339
339
339
339
339
339
339
339
339
339
339
339
339
339
339
339
339
339
339
339
118
118
118
118
118
377
377
452
452
452
452
452
452
452
388
388
388
359
359
359
359
359
373
373
373
373
373
113
113
113
113
113
113
114
114
114
114
114
114
123
123
123
123
123
407
19
357
357
357
346
346
346
346
346
346
346
346
346
346
346
346
489
489
489
489
489
489
489
489
489
489
489
489
148
148
148
185
227
227
91
91
91
91
91
126
126
126
126
126
245
245
247
247
423
105
105
105
105
105
105
105
105
105
105
29
379
379
379
379
379
379
379
379
379
379
379
209
493
283
283
283
283
342
342
342
342
342
342
342
342
342
111
111
111
111
111
111
420
420
451
451
451
451
451
451
451
494
494
494
494
494
494
494
494
494
494
494
494
494
494
494
494
494
494
494
494
108
108
108
108
108
265
122
122
122
122
122
256
415
99
408
440
267
508
508
508
273
15
358
358
21
351
351
351
351
351
351
351
351
351
236
236
236
354
354
354
354
354
354
354
488
442
442
442
178
178
178
178
178
178
178
178
178
178
178
352
352
352
352
352
352
352
405
20
340
340
340
106
106
106
106
106
106
106
106
106
106
106
22
271
271
350
350
350
350
350
350
350
150
150
150
150
150
150
150
150
150
110
110
110
110
110
110
496
496
496
496
257
69
69
69
90
90
90
90
90
90
90
90
90
90
90
90
90
90
90
90
100
127
127
127
127
127
154
154
266
56
56
56
56
56
56
56
56
56
360
360
360
360
360
360
360
360
360
360
360
360
360
360
360
360
360
360
45
45
45
112
112
112
112
112
112
365
365
365
365
365
421
421
109
109
109
109
109
371
371
371
371
371
380
47
47
47
120
120
120
120
120
343
343
349
349
349
349
349
349
349
349
349
410
410
97
103
103
370
370
370
394
394
394
95
121
121
121
121
121
492
492
490
62
62
62
254
207
207
207
207
104
104
104
104
104
104
124
124
124
124
124
124
31
413
248
248
372
372
372
372
372
372
372
364
364
364
364
208
208
208
208
362
362
397
355
355
355
355
376
278
225
225
230
230
230
230
398
398
398
180
30
366
366
366
70
70
8
282
282
345
347
347
347
347
347
347
347
182
57
57
57
503
503
503
503
503
503
503
503
438
438
251
505
506
59
59
59
59
511
312
312
312
66
328
328
325
50
244
60
324
324
68
315
313
313
313
445
190
213
213
213
214
214
214
258
258
155
155
63
63
64
238
238
238
238
238
471
522
522
522
522
211
212
