2
3
4
5
6
7
8
9
10
11
13
14
15
16
17
18
19
20
21
22
23
24
25
26
27
28
29
30
31
32
33
34
35
36
37
38
39
40
41
42
43
44
45
46
47
48
49
50
51
52
53
54
55
56
57
58
59
60
61
62
63
64
65
66
67
68
69
70
71
72
73
74
75
76
77
78
79
80
81
82
83
84
85
86
87
88
89
90
91
92
93
94
95
96
97
98
99
100
101
102
103
104
105
106
107
108
109
110
111
112
113
114
115
116
117
118
119
120
121
122
123
124
125
126
127
128
129
130
131
132
133
134
135
136
137
138
139
140
141
142
143
144
145
146
147
148
149
150
151
152
153
154
155
156
157
158
159
160
161
162
163
164
165
166
167
168
169
170
171
172
173
174
175
176
177
178
179
180
181
72
93
67
72
93
94
96
77
107
108
100
86
147
149
22
20
132
37
59
62
64
54
77
111
112
84
91
97
94
95
96
22
20
126
167
163
37
114
70
71
92
75
11
94
37
3
70
71
75
140
37
39
75
131
120
130
114
116
73
140
34
37
38
55
56
110
97
104
95
34
95
85
156
171
170
175
73
96
152
160
145
143
142
74
84
87
163
83
75
104
121
130
115
95
114
116
61
62
64
63
32
54
97
115
127
161
37
5
3
165
168
22
20
162
156
163
70
75
73
20
20
127
34
37
35
38
60
37
55
56
89
90
127
89
91
75
67
115
67
55
56
22
20
34
41
21
22
95
3
114
75
170
170
104
110
141
143
95
144
140
52
50
21
20
32
68
58
34
37
36
38
54
122
77
103
107
108
100
86
123
22
20
113
97
159
151
150
145
141
143
95
144
140
159
160
133
139
140
146
154
9
8
7
10
6
81
88
110
97
94
95
96
74
36
171
175
37
77
103
107
108
100
86
22
20
93
171
170
178
32
67
133
154
154
54
54
32
