1
2
2
2
2
2
2
2
2
2
2
2
2
2
2
2
2
2
2
2
2
2
2
2
2
2
2
2
29
29
29
29
29
29
29
29
29
29
29
29
29
29
29
29
29
29
29
29
29
29
29
29
29
29
29
29
29
29
28
1
61
61
61
61
61
61
61
61
61
61
61
61
61
61
61
61
61
61
61
61
61
82
82
82
82
82
82
82
82
82
82
82
82
82
82
82
82
82
82
82
82
82
82
82
82
82
82
28
110
111
111
111
111
111
111
111
111
111
111
111
111
111
111
111
111
111
111
111
111
111
111
111
111
111
111
111
111
111
111
111
111
111
111
111
111
111
111
111
111
111
111
111
111
111
111
111
159
160
160
160
160
160
160
160
160
160
160
160
160
160
160
160
175
176
169
181
182
182
182
182
182
182
182
182
182
182
182
193
193
193
193
193
193
193
193
193
193
193
193
193
182
207
207
207
207
207
207
207
207
207
207
193
56
56
74
74
104
104
43
43
43
43
43
43
43
43
43
43
43
43
43
185
185
185
185
185
185
185
206
206
206
206
206
206
206
206
206
206
206
206
77
59
59
59
59
59
59
59
59
59
59
59
59
59
59
59
59
59
59
59
59
59
59
59
59
59
59
59
59
59
22
51
51
51
25
25
25
25
27
27
27
21
21
44
44
107
107
136
46
46
103
103
81
81
81
189
130
149
167
54
54
157
169
169
97
97
23
23
23
23
23
23
23
23
23
23
23
23
23
23
23
154
154
53
53
53
53
53
53
105
105
188
129
137
137
137
137
137
137
137
137
79
79
79
79
79
79
79
132
55
55
138
138
187
187
187
187
187
187
164
57
57
78
153
153
153
153
95
95
158
158
158
158
158
166
42
102
102
102
168
175
28
28
28
28
28
100
100
165
152
173
101
101
156
76
76
80
139
139
139
139
139
139
139
139
139
139
24
24
24
24
171
131
99
99
141
141
141
141
141
141
141
141
163
47
47
52
52
19
19
58
58
58
58
108
108
108
108
108
108
108
108
108
108
108
108
108
108
108
108
108
108
108
108
108
108
108
108
133
174
49
49
148
148
148
45
45
98
98
145
145
145
106
106
140
140
140
140
140
140
140
134
184
184
184
184
184
184
26
26
48
48
172
135
217
217
217
217
217
217
217
144
144
144
50
50
96
96
161
3
60
109
218
218
