1
2
2
2
2
2
2
7
7
11
12
12
12
12
12
12
12
12
12
12
12
12
12
12
12
12
12
12
12
32
33
33
34
36
34
38
35
40
35
42
33
32
45
45
45
45
45
45
45
45
45
45
45
45
45
45
45
45
45
45
45
45
45
45
45
45
45
45
45
45
45
45
45
45
45
45
45
45
45
71
83
74
85
45
87
87
87
87
71
26
26
62
63
63
25
25
24
24
75
56
30
30
90
77
19
89
81
23
23
27
27
57
66
22
22
20
20
29
29
53
53
53
53
53
21
21
35
6
4
4
91
31
31
31
82
82
82
82
82
82
34
79
54
76
78
5
61
80
