1
2
2
2
2
2
2
2
2
2
2
2
2
2
2
16
16
16
16
16
16
16
16
16
16
16
16
16
16
16
16
16
2
34
34
36
37
34
39
41
42
42
42
42
42
42
42
42
42
42
42
42
42
42
42
42
42
42
42
42
62
62
62
62
62
51
68
54
70
70
70
42
74
74
74
74
74
74
74
74
74
74
83
1
86
86
86
86
86
86
86
86
86
86
86
86
86
86
86
86
86
86
86
105
105
108
109
109
109
109
109
109
109
109
109
109
109
109
109
109
109
109
109
109
109
109
129
129
129
129
109
134
134
134
134
134
134
134
127
143
144
144
144
144
144
144
144
144
144
144
144
144
144
144
144
144
144
144
144
144
144
144
144
144
144
144
144
144
144
144
144
144
144
144
144
144
144
144
144
144
144
144
144
144
144
144
144
144
144
144
144
144
144
144
144
144
144
144
144
144
144
144
144
144
144
144
144
144
144
144
144
144
144
144
144
144
144
144
144
144
144
144
144
144
144
144
144
144
144
144
144
144
144
144
144
144
144
144
144
144
144
144
144
144
144
144
144
144
144
144
144
144
144
144
144
144
144
144
144
144
144
144
144
144
144
144
144
144
144
144
144
144
148
277
149
279
144
281
281
281
169
285
179
287
182
289
197
291
197
293
221
295
297
297
297
297
297
297
144
304
304
304
304
304
309
304
311
304
313
144
315
144
317
317
317
317
317
317
317
317
317
317
317
317
317
317
317
317
317
317
317
317
337
338
144
340
34
313
311
309
200
261
183
183
183
139
139
266
50
50
273
180
180
180
180
180
180
180
180
12
12
257
98
98
98
93
82
82
82
82
239
204
189
189
189
141
141
141
247
9
9
263
177
177
177
177
177
177
177
177
177
29
29
29
29
29
28
28
216
216
218
228
172
172
332
332
332
332
332
332
332
332
332
332
332
332
332
332
332
56
56
56
56
224
224
333
81
81
81
221
221
270
57
181
181
181
181
275
269
269
278
278
234
334
334
334
254
198
198
198
198
198
198
198
198
198
198
198
83
83
83
249
249
227
227
80
80
80
80
133
133
133
133
316
316
10
10
10
339
339
339
30
30
302
38
38
236
236
236
236
236
236
233
233
233
240
209
243
243
170
170
170
170
170
94
267
186
13
13
13
13
13
128
128
128
128
197
197
197
197
197
197
197
197
197
197
197
197
252
51
51
51
265
132
132
132
193
107
97
250
250
250
250
250
253
235
274
8
8
286
52
52
214
55
55
272
14
14
14
84
84
84
84
215
101
101
101
101
101
103
103
264
206
206
241
210
58
58
31
31
212
336
336
336
336
336
336
336
336
336
336
336
25
25
26
26
262
95
95
199
182
182
182
182
182
182
182
182
182
182
223
61
187
222
222
222
222
211
288
288
33
33
33
33
33
33
33
33
33
33
27
27
27
54
54
175
175
341
341
191
191
191
191
191
191
191
256
207
225
102
102
102
102
102
242
213
140
140
140
140
258
268
268
7
7
7
188
188
188
246
255
11
11
11
15
201
251
203
226
226
226
226
178
127
127
127
127
238
238
238
126
126
126
126
126
126
126
126
126
126
126
126
126
173
173
179
179
219
60
60
60
60
60
60
169
169
169
169
176
176
176
176
176
176
176
176
176
176
176
301
301
301
259
202
59
59
276
174
174
192
192
192
237
99
99
99
217
194
194
190
337
196
196
196
196
196
125
125
125
125
125
125
260
280
306
306
307
307
152
130
77
92
92
326
117
115
116
149
327
44
44
88
88
43
165
165
305
305
145
87
87
150
47
91
148
85
