1
2
2
2
2
2
2
2
2
2
2
2
2
2
2
2
2
2
2
2
2
2
2
2
25
8
33
34
34
34
34
34
34
34
34
34
34
34
34
34
34
34
34
34
34
34
34
34
34
34
34
50
57
61
62
62
62
62
62
62
1
69
69
69
69
69
69
69
69
69
69
69
69
69
69
69
69
69
69
69
69
69
69
69
69
69
69
69
69
69
69
69
69
69
69
69
69
69
69
69
69
69
69
69
69
69
69
69
69
69
69
69
69
69
69
69
69
125
125
125
125
125
125
125
125
125
125
125
125
125
125
121
122
142
143
143
143
143
143
143
33
150
150
150
150
11
11
11
11
11
110
110
110
115
22
17
17
17
17
17
17
17
136
136
109
109
109
109
109
109
109
109
109
109
109
109
109
109
109
109
109
51
51
51
51
51
118
118
67
145
20
46
46
46
123
123
123
123
8
8
8
8
8
8
8
8
8
8
8
146
57
57
56
56
44
44
44
66
64
116
116
116
116
14
14
14
14
14
14
53
53
68
12
12
12
12
12
12
12
12
12
54
54
54
54
54
135
135
117
117
117
117
10
10
10
10
10
10
10
10
10
10
10
45
47
47
47
49
49
49
111
111
111
111
112
112
112
112
112
112
112
112
19
133
133
133
9
9
9
9
9
9
9
9
9
48
48
48
48
48
21
18
18
18
18
18
65
108
108
108
108
108
108
108
108
43
43
148
148
50
50
50
138
138
114
114
114
114
114
114
114
114
114
114
132
132
132
137
137
13
13
13
13
13
52
52
58
58
58
55
55
55
55
55
134
134
60
32
32
