1
2
2
2
6
7
7
7
7
7
7
14
15
17
18
18
18
18
18
18
18
18
18
18
18
18
18
18
18
18
18
30
37
38
39
39
39
39
39
45
46
46
46
46
46
46
46
46
46
46
46
46
46
46
46
46
46
46
46
46
46
46
46
46
46
46
46
46
46
46
46
46
46
46
46
46
46
46
46
46
46
46
46
46
46
46
46
46
46
46
46
46
46
46
46
46
46
46
46
46
46
46
46
46
46
46
46
46
46
46
46
46
46
46
46
46
46
46
46
46
46
46
46
46
46
46
46
46
46
46
46
46
46
46
46
46
46
46
46
46
46
46
46
46
46
46
46
46
46
46
46
46
46
46
46
46
46
46
46
46
46
46
46
46
46
46
46
46
46
46
46
46
46
46
46
46
46
46
46
46
46
46
46
46
46
46
46
46
46
46
46
46
46
46
46
46
46
46
46
46
46
46
46
46
46
46
46
46
46
46
46
114
219
220
220
220
220
220
220
220
220
220
220
220
220
220
220
220
220
220
220
220
220
220
220
220
220
220
220
220
220
220
220
220
220
220
220
220
220
220
220
220
220
220
220
220
220
220
220
220
220
220
220
220
220
220
220
274
274
274
274
279
280
280
283
284
284
284
284
284
283
290
290
290
290
290
290
290
290
290
290
290
290
290
290
290
290
290
290
290
290
290
290
290
290
290
290
290
290
290
290
290
290
290
290
290
290
290
290
290
290
290
331
331
331
331
331
331
331
331
331
331
331
283
343
343
343
343
343
343
343
343
343
343
343
283
355
355
358
359
360
360
360
360
361
365
365
362
368
368
371
372
372
372
372
372
372
372
372
372
372
372
372
372
372
372
372
372
372
372
372
372
372
372
372
372
372
372
372
372
372
372
372
372
372
372
372
372
372
372
372
372
372
372
372
372
372
372
372
395
422
423
423
426
427
427
283
430
430
430
430
430
430
430
430
430
430
430
430
359
443
443
446
447
447
359
450
450
450
450
450
450
450
450
459
460
460
463
464
464
464
464
464
464
464
464
473
474
476
477
479
480
480
483
484
485
486
6
488
488
488
488
488
488
488
488
497
498
498
498
498
498
498
498
498
507
508
508
508
508
508
508
508
508
508
508
508
508
508
508
508
508
508
508
508
508
508
508
508
531
531
531
531
531
531
531
531
531
531
531
531
515
515
515
515
283
548
548
551
552
552
552
552
552
552
552
552
552
552
552
552
552
552
552
552
552
552
552
552
552
552
552
552
552
552
552
552
552
580
583
584
584
587
588
588
588
588
588
588
588
588
588
588
588
588
588
588
588
588
588
588
588
588
588
588
588
588
588
588
588
606
616
615
618
613
613
622
623
623
623
623
623
623
623
623
623
623
623
623
623
623
623
56
640
641
641
641
641
641
641
641
641
641
641
641
652
643
654
645
656
651
658
651
660
6
662
662
662
662
662
662
662
662
662
662
662
662
662
662
662
668
678
668
680
671
682
671
684
671
686
671
688
690
691
693
694
695
695
695
695
700
701
701
701
701
701
701
701
701
701
701
701
701
701
701
701
701
701
701
717
720
722
723
723
723
723
723
723
723
723
723
723
723
723
723
723
723
723
723
723
723
723
723
723
723
723
723
723
723
723
723
723
723
723
723
723
723
723
723
723
723
723
723
723
723
723
723
769
770
771
771
771
771
771
771
771
771
771
771
771
782
779
784
771
786
788
789
791
792
794
795
795
795
795
795
795
795
795
803
805
806
806
806
806
806
806
806
806
806
806
806
806
806
806
806
806
806
806
806
806
806
806
806
806
806
806
821
283
834
834
834
834
837
839
838
841
843
844
844
283
847
6
849
849
321
321
321
823
803
803
803
803
824
393
393
393
393
393
393
393
203
394
394
394
394
394
394
394
394
394
394
394
394
68
68
68
306
88
88
88
88
88
252
580
580
580
580
580
580
580
580
33
211
211
211
211
675
576
176
520
395
395
395
395
395
230
230
230
354
354
578
229
538
846
133
114
114
217
217
399
399
517
517
517
415
757
831
161
83
128
128
128
128
128
128
128
128
128
128
128
128
245
345
190
180
260
260
649
567
567
648
246
400
400
400
400
400
400
129
129
609
802
802
802
409
409
258
258
162
162
162
162
162
162
162
162
162
162
162
162
191
420
166
166
166
166
614
614
614
747
35
35
96
96
240
172
172
172
172
65
65
322
777
777
417
539
135
454
44
44
44
44
92
13
74
403
403
210
210
210
414
401
407
407
493
514
514
177
346
346
346
801
801
518
518
518
740
439
439
410
410
231
676
851
227
227
227
145
145
145
413
146
521
521
521
848
848
147
147
95
698
698
698
137
137
342
603
819
819
819
4
313
270
314
314
314
34
148
569
569
605
605
605
209
209
602
602
602
602
602
602
602
602
602
602
602
5
204
768
257
257
132
132
132
132
543
543
541
320
405
405
827
527
23
452
651
522
456
529
746
749
818
818
818
818
818
818
818
674
604
604
604
825
340
340
87
774
116
116
116
307
175
251
416
112
112
112
152
152
152
526
303
633
84
84
84
84
312
181
182
111
111
111
111
126
126
126
126
126
391
391
744
341
341
341
97
97
449
799
799
799
259
259
249
249
790
3
125
125
125
125
125
125
125
125
125
125
125
125
272
174
151
151
151
151
151
151
151
151
151
389
389
389
389
167
167
167
167
167
645
455
575
85
571
350
350
351
672
131
586
110
110
173
748
396
396
396
396
396
396
396
396
396
160
28
28
568
568
568
568
568
568
568
568
568
568
568
108
502
502
238
242
606
178
318
25
25
25
158
158
158
650
234
501
501
501
425
216
216
216
577
412
412
269
269
124
267
267
235
612
612
530
613
613
613
613
613
613
673
189
189
189
743
500
500
579
685
344
565
565
194
156
138
138
138
138
138
138
138
138
138
138
212
212
212
821
821
821
821
215
119
104
104
826
828
214
630
570
397
397
397
397
397
397
397
566
566
566
566
637
102
184
411
411
392
392
183
398
398
398
398
398
398
398
398
398
398
398
398
398
90
491
773
632
632
632
632
800
800
390
406
406
94
94
94
94
94
742
136
778
778
778
778
778
170
408
408
86
86
86
86
86
86
86
86
86
86
86
141
141
141
141
141
105
481
572
107
107
107
536
388
388
669
115
113
113
113
113
113
113
157
157
157
157
157
157
157
681
535
535
98
98
98
611
611
611
611
760
471
471
69
69
69
69
69
69
69
69
69
69
69
72
829
608
196
150
150
154
207
66
66
66
643
750
26
26
26
299
470
617
617
617
22
349
349
349
349
515
515
515
195
489
328
121
636
636
428
130
130
130
130
130
130
130
130
130
130
130
130
134
134
134
134
134
134
629
140
619
442
631
631
631
741
237
244
100
100
198
228
228
228
441
31
635
106
106
106
820
820
820
820
820
820
820
820
820
820
820
143
419
226
226
469
534
534
832
256
256
718
82
71
168
168
348
348
348
348
525
638
638
29
29
153
451
213
213
581
197
574
574
574
574
101
101
281
250
164
164
164
164
776
155
155
155
155
155
155
155
155
155
155
155
155
155
634
323
798
798
798
99
99
99
99
542
404
404
12
30
30
103
103
647
144
120
830
139
139
139
192
123
310
540
149
573
418
601
142
142
402
127
127
127
127
127
127
127
127
127
127
127
745
537
236
607
278
278
468
468
208
315
243
253
253
67
67
67
79
317
317
317
453
437
171
27
27
327
458
239
356
70
70
70
70
70
779
779
499
499
499
499
241
436
436
519
309
206
206
206
206
206
109
528
599
835
377
374
642
225
375
560
376
373
9
47
620
621
421
421
804
804
582
582
582
833
833
639
639
