2
3
4
5
7
8
9
10
11
12
13
15
16
18
19
20
21
22
23
24
25
26
27
28
29
30
31
32
33
34
35
36
30
39
40
41
42
43
44
46
47
48
49
50
51
52
53
54
55
56
57
58
59
60
61
62
63
64
65
66
67
68
69
70
71
72
73
74
75
76
77
78
79
80
81
82
83
84
85
86
87
88
89
90
91
92
93
94
95
96
97
98
99
100
101
102
103
104
105
106
107
108
109
110
111
112
113
114
115
116
117
118
119
120
121
122
123
124
125
126
127
128
129
130
131
132
133
134
135
136
137
138
139
140
141
142
143
144
145
146
147
148
149
150
151
152
153
154
155
156
157
158
159
160
161
162
163
164
165
166
167
168
169
170
171
172
173
174
175
176
177
178
179
180
181
182
183
184
185
186
187
188
189
190
191
192
193
194
195
196
197
198
199
200
201
202
203
204
205
206
207
208
209
210
211
212
213
214
215
216
217
218
220
221
222
223
224
225
226
227
228
229
230
231
232
233
234
235
236
237
238
239
240
241
242
243
244
245
246
247
248
249
250
251
252
253
254
255
256
257
258
259
260
261
262
263
264
265
266
267
268
269
270
271
272
273
274
275
276
277
278
280
281
282
284
285
286
287
288
289
290
291
292
293
294
295
296
297
298
299
300
301
302
303
304
305
306
307
308
309
310
311
312
313
314
315
316
317
318
319
320
321
322
323
324
325
326
327
328
329
330
331
332
333
334
335
336
337
338
339
340
341
342
343
344
345
346
347
348
349
350
351
352
353
354
355
356
357
356
360
361
362
363
364
365
366
367
368
369
370
372
373
374
375
376
377
378
379
380
381
382
383
384
385
386
387
388
389
390
391
392
393
394
395
396
397
398
399
400
401
402
403
404
405
406
407
408
409
410
411
412
413
414
415
416
417
418
419
420
421
423
424
425
427
428
429
430
431
432
433
434
435
436
437
438
439
440
441
442
443
444
445
447
448
449
450
451
452
453
454
455
456
457
458
460
461
462
464
465
466
467
468
469
470
471
472
474
475
477
478
480
481
482
481
485
486
487
488
489
490
491
492
493
494
495
496
498
499
500
501
502
503
504
505
506
508
509
510
511
512
513
514
515
516
517
518
519
520
521
522
523
524
525
526
527
528
529
530
531
532
533
534
535
536
537
538
539
540
541
542
543
544
545
546
547
548
549
550
552
553
554
555
556
557
558
559
560
561
562
563
564
565
566
567
568
569
570
571
572
573
574
575
576
577
578
579
580
581
582
584
585
586
588
589
590
591
592
593
594
595
596
597
598
599
600
601
602
603
604
605
606
607
608
609
610
611
612
613
614
615
616
617
618
619
620
621
623
624
625
626
627
628
629
630
631
632
633
634
635
636
637
638
639
641
642
643
644
645
646
647
648
649
650
651
652
653
654
655
656
657
658
659
660
661
662
663
664
665
666
667
668
669
670
671
672
673
674
675
676
677
678
679
680
681
682
683
684
685
686
687
688
689
691
692
692
695
696
697
698
699
701
702
703
704
705
706
707
708
709
710
711
712
713
714
715
716
717
718
719
720
721
723
724
725
726
727
728
729
730
731
732
733
734
735
736
737
738
739
740
741
742
743
744
745
746
747
748
749
750
751
752
753
754
755
756
757
758
759
760
761
762
763
764
765
766
767
768
726
771
772
773
774
775
776
777
778
779
780
781
782
783
784
785
786
787
789
790
792
793
795
796
797
798
799
800
801
802
803
804
806
807
808
809
810
811
812
813
814
815
816
817
818
819
820
821
822
823
824
825
826
827
828
829
830
831
832
833
834
835
836
837
838
839
840
841
842
844
845
846
847
848
849
850
851
322
295
296
807
692
796
797
691
807
405
409
407
411
381
372
372
48
395
394
413
393
397
385
380
379
381
383
386
372
55
48
54
297
85
281
55
48
61
253
557
562
560
559
555
554
556
553
30
585
72
131
64
665
557
51
510
394
377
375
374
376
231
233
225
178
46
561
224
531
845
132
178
115
354
59
385
384
512
511
513
379
755
815
58
55
167
213
151
209
176
214
72
131
129
55
64
47
224
346
190
49
225
224
652
558
554
646
224
413
400
377
375
374
376
129
48
590
281
796
797
376
372
255
224
198
169
175
197
204
126
104
130
210
58
55
48
91
381
169
177
48
46
596
593
597
725
24
20
204
82
241
848
124
50
48
55
54
323
778
772
380
531
143
458
42
40
41
43
179
11
50
373
372
82
210
48
378
386
375
372
493
512
513
55
211
82
347
281
796
509
510
511
725
438
433
376
372
232
676
850
230
255
257
213
214
144
378
143
508
531
508
178
46
145
144
82
699
696
697
169
106
341
588
814
815
812
2
294
271
315
295
296
20
144
562
553
598
597
590
209
48
610
606
614
609
599
592
593
594
600
597
590
3
50
744
225
224
85
53
64
48
508
508
531
319
374
372
809
513
19
458
652
508
458
511
725
725
820
822
816
811
809
808
807
674
599
597
590
808
338
339
52
489
179
178
60
308
50
253
379
105
178
51
137
176
106
512
302
625
85
203
50
52
313
49
48
105
172
178
50
88
127
56
57
61
385
381
724
339
331
331
96
48
623
796
797
795
225
224
261
225
289
3
69
167
213
128
176
151
214
72
134
131
55
64
273
51
167
211
212
50
51
64
48
54
46
373
385
381
372
175
84
203
50
48
646
458
557
86
557
348
46
353
676
53
585
108
160
54
724
396
413
377
385
379
381
375
374
376
58
29
27
569
564
563
561
558
557
559
555
554
556
553
56
505
503
244
244
598
48
320
28
27
623
138
50
51
652
244
502
501
504
424
145
144
48
557
377
372
278
274
48
277
274
244
591
599
511
608
607
599
594
595
590
674
204
82
48
744
505
503
557
676
346
557
554
127
156
167
69
128
176
151
72
134
131
55
64
72
131
64
692
808
807
691
216
120
96
50
808
809
48
625
568
377
385
381
375
374
376
372
563
564
557
554
626
103
62
377
372
394
385
62
398
413
378
377
385
380
379
384
381
375
374
386
376
179
491
774
626
625
627
624
796
797
381
374
372
167
169
175
106
51
724
135
489
779
781
3
782
116
375
372
168
177
281
68
53
55
60
48
52
49
54
213
128
214
138
55
101
482
557
213
214
106
531
392
391
668
60
151
170
115
82
46
46
198
213
169
197
176
214
100
670
532
531
95
50
48
591
599
594
590
762
472
465
179
167
177
175
96
178
84
82
74
55
47
54
814
589
63
82
47
155
48
85
170
46
644
725
21
20
18
293
468
608
613
607
19
212
86
46
46
509
510
511
63
489
292
115
635
626
429
179
169
177
204
88
82
55
51
56
47
61
623
105
169
88
51
47
61
627
69
590
432
626
625
624
724
244
244
167
101
48
230
255
257
432
30
625
167
105
82
821
819
816
811
810
809
817
813
808
812
807
143
381
227
221
466
533
531
815
255
257
717
55
50
121
184
212
86
46
46
512
626
625
32
19
51
458
550
48
557
48
557
555
556
553
104
48
281
253
50
51
64
48
776
198
213
169
197
160
176
214
103
82
50
58
48
47
625
319
796
797
795
167
204
98
82
531
373
372
10
19
20
167
104
645
100
48
814
167
69
151
192
152
311
531
106
557
380
588
169
138
386
179
169
177
204
88
82
55
51
47
61
623
724
531
224
589
274
274
469
465
48
316
244
225
224
85
170
46
48
318
295
296
458
433
48
31
19
328
457
241
357
177
96
82
55
47
780
786
502
506
501
504
224
431
432
509
307
206
204
203
82
48
57
513
588
834
372
372
641
220
372
552
372
372
7
46
595
608
394
374
692
691
562
554
553
692
691
626
624
