1
2
2
2
2
2
2
2
2
2
2
2
2
2
2
2
2
2
2
2
2
2
2
2
2
2
2
2
2
2
2
2
2
2
2
2
2
2
2
2
2
2
2
2
2
2
47
47
47
47
47
47
47
2
55
55
2
58
58
58
58
63
63
15
44
66
67
67
67
67
67
67
67
67
67
67
67
67
67
67
67
67
67
67
67
67
67
67
67
67
67
67
67
67
67
67
67
67
67
67
67
67
67
67
67
67
67
67
67
55
58
105
105
105
54
54
99
99
99
99
87
87
87
87
88
88
88
88
51
82
82
82
82
52
52
79
79
79
79
70
70
70
91
91
91
108
108
108
108
77
77
77
77
77
77
42
42
38
38
38
38
100
100
100
10
75
75
75
89
89
89
89
76
76
76
76
76
17
44
44
44
44
44
44
44
44
44
44
18
81
81
81
81
22
22
22
22
46
46
62
85
85
85
85
97
97
97
13
13
95
95
95
83
83
83
74
74
74
110
110
110
110
12
12
12
19
19
26
26
27
27
27
27
27
96
96
96
28
53
109
109
109
109
15
15
71
71
71
29
29
30
30
102
102
102
20
20
25
25
93
93
93
9
9
9
9
9
98
98
98
98
104
104
104
21
84
84
84
84
94
94
94
16
16
43
43
43
43
43
43
43
86
86
86
86
92
92
92
11
11
40
40
40
80
80
80
80
90
90
90
90
101
101
101
34
24
24
61
35
35
60
31
31
36
72
72
72
72
73
73
73
39
39
39
39
23
23
106
106
106
106
32
32
33
37
103
103
103
14
14
41
41
78
78
78
107
107
107
107
7
64
65
65
65
65
65
