2
3
4
5
6
7
8
9
10
11
12
13
14
15
16
17
18
19
20
21
22
23
24
25
26
27
28
29
30
31
32
33
34
35
36
37
38
39
40
41
42
43
44
45
46
47
48
49
50
51
52
53
54
55
56
57
58
59
60
61
62
48
49
64
65
67
68
69
70
71
72
73
74
75
76
77
78
79
80
81
82
83
84
85
86
87
88
89
90
91
92
93
94
95
96
97
98
99
100
101
102
103
104
105
106
107
108
109
110
47
47
40
24
2
50
49
40
30
20
2
40
16
23
2
40
20
24
2
49
40
23
20
2
50
49
40
23
20
2
40
20
2
40
24
2
40
20
24
2
40
16
41
10
24
2
43
3
39
7
47
47
40
20
2
6
40
23
2
40
20
24
2
40
41
10
24
2
17
45
50
59
49
48
47
47
47
55
58
22
40
20
24
2
38
48
47
55
47
47
59
40
23
20
2
40
20
2
14
3
40
24
2
40
20
2
40
23
2
40
16
20
2
5
7
47
21
3
28
3
38
6
48
47
58
40
20
2
28
49
40
29
20
2
17
3
40
16
2
33
3
33
3
40
24
2
22
3
28
3
40
24
2
3
8
6
7
4
40
20
24
2
40
24
2
21
40
23
20
2
40
24
2
18
3
44
53
50
49
6
7
47
40
23
20
2
41
24
2
12
3
43
3
6
40
23
29
2
40
16
24
2
40
24
2
28
27
3
59
36
3
59
34
3
8
40
16
20
2
40
23
2
4
7
47
47
27
3
40
20
24
2
34
3
27
8
40
24
2
12
5
43
6
40
23
2
40
20
24
2
47
22
45
50
49
48
47
