2
3
4
5
6
7
8
9
10
11
12
13
14
15
16
17
18
19
20
21
22
23
24
25
26
27
28
29
30
31
33
34
35
36
37
38
39
40
41
42
43
44
45
46
47
48
49
50
51
52
53
54
55
56
57
58
59
60
61
62
63
64
65
67
68
69
70
71
72
73
74
75
76
77
78
79
80
80
85
86
87
88
89
90
91
92
93
94
95
96
97
98
99
100
101
102
103
104
105
106
107
108
109
110
111
112
113
114
115
116
117
118
119
120
121
122
123
124
125
126
127
128
129
130
131
132
133
134
135
136
137
138
139
140
141
142
143
144
145
146
147
148
93
151
152
153
154
155
156
157
158
127
101
161
162
163
164
165
166
167
168
169
170
171
172
173
174
175
176
177
178
180
181
182
183
184
185
186
187
188
189
190
191
192
193
194
195
196
197
198
199
200
201
202
203
204
205
206
207
208
209
210
211
212
213
214
215
216
218
219
220
221
222
223
224
225
226
227
228
229
230
231
232
233
234
235
236
237
238
239
240
241
242
243
244
245
246
124
118
139
105
103
102
93
140
94
139
139
202
192
200
203
201
199
191
202
197
192
200
203
194
195
201
198
193
196
199
34
35
34
95
121
118
134
128
138
131
81
118
128
81
118
88
89
230
97
111
128
112
85
81
118
97
111
129
81
85
118
165
97
111
129
112
81
85
118
188
34
119
124
118
139
233
95
97
111
129
112
81
85
118
227
120
118
114
165
188
34
34
97
111
128
112
85
81
118
207
209
208
210
206
205
35
36
34
34
122
118
234
220
219
93
144
145
142
141
87
143
139
149
139
111
100
88
89
92
124
118
139
227
167
165
167
165
166
35
36
34
128
129
81
118
34
34
36
34
128
79
118
34
129
81
118
165
165
123
140
122
124
119
121
85
85
139
230
123
118
139
34
88
91
90
94
122
125
120
93
89
126
86
123
124
119
87
121
118
118
99
86
123
118
139
234
234
144
145
142
141
143
139
139
123
118
139
234
101
93
91
92
95
90
87
104
144
145
142
141
143
139
149
139
234
220
219
34
35
36
34
165
166
34
167
165
166
128
79
118
234
220
219
126
125
118
165
202
192
200
203
201
191
34
211
207
209
208
212
210
206
234
112
100
88
89
92
88
89
97
129
81
85
83
82
118
167
165
166
114
139
139
139
114
139
144
139
144
145
142
143
139
119
144
139
195
201
97
129
81
85
83
82
118
93
91
124
125
118
92
145
142
141
143
139
145
142
143
139
93
94
105
103
102
140
139
87
114
