1
2
2
2
2
2
2
2
2
2
2
2
2
2
2
2
2
2
2
2
2
2
2
2
2
2
2
2
2
2
2
2
2
2
2
2
23
38
23
41
42
42
42
42
45
47
45
49
46
51
42
53
55
56
59
60
61
62
62
62
62
62
62
62
62
71
72
62
56
20
26
26
26
25
31
17
17
17
21
32
32
32
67
67
69
39
18
18
18
18
24
24
24
24
24
24
24
24
24
24
24
24
45
45
35
48
70
70
70
22
23
23
23
23
27
27
34
34
46
46
36
36
36
36
36
36
36
52
29
29
29
29
66
66
68
68
28
28
28
28
37
37
43
4
73
