2
3
4
5
6
7
8
9
10
11
12
13
14
15
16
17
18
19
20
21
22
23
24
25
26
27
28
29
30
31
32
33
34
35
36
37
38
39
41
42
42
45
46
47
48
49
49
52
53
54
55
56
57
58
59
60
61
62
63
64
65
66
67
68
69
70
71
72
73
74
75
76
77
78
79
80
81
82
83
82
87
88
89
90
91
92
93
94
95
96
97
98
99
100
101
102
103
104
105
106
107
108
109
110
111
112
113
115
117
118
119
120
121
122
123
124
125
126
127
128
129
130
131
132
133
134
135
136
137
138
139
140
141
142
143
144
145
146
147
148
149
137
141
152
153
154
155
156
157
158
159
160
161
162
163
164
165
166
167
168
169
170
171
172
173
174
175
176
177
178
179
180
181
182
183
184
185
186
187
188
189
190
191
192
193
194
195
196
197
198
199
200
201
202
203
204
205
206
207
208
209
210
211
212
213
214
215
216
217
218
219
220
222
224
226
228
229
230
231
232
233
234
235
236
237
238
239
240
241
242
243
244
245
246
247
248
249
250
246
252
253
254
248
250
245
258
259
260
261
262
263
264
265
266
267
268
269
268
262
272
261
274
275
276
277
278
277
276
281
282
283
284
285
286
287
288
289
290
291
292
293
294
274
70
45
70
281
182
205
206
203
28
28
164
165
152
152
33
16
87
87
28
2
201
235
268
205
203
87
4
6
3
5
71
12
89
286
78
77
281
97
267
99
106
19
87
244
87
10
3
5
8
201
235
240
87
98
92
275
87
274
87
242
235
240
245
89
2
152
3
30
31
29
98
13
19
21
89
236
235
87
206
87
152
152
75
281
281
245
269
87
112
94
113
87
244
16
3
28
206
217
22
23
27
21
30
31
152
28
45
236
159
152
87
14
87
205
154
152
152
264
6
91
275
274
128
207
208
281
206
178
206
123
74
284
285
201
242
235
206
102
19
108
87
2
25
89
87
207
208
122
87
109
159
88
89
152
281
281
236
152
152
235
281
281
87
157
258
274
93
265
87
93
266
87
87
87
286
83
281
71
286
83
281
8
23
106
20
89
236
152
235
6
28
4
6
3
5
2
154
163
212
210
152
178
30
31
29
28
245
278
98
99
87
87
274
91
275
96
87
274
192
87
7
75
244
244
92
87
87
4
59
281
205
289
293
72
46
73
87
87
281
45
2
74
283
284
282
285
285
281
89
2
250
244
71
30
31
29
286
83
281
85
101
99
87
152
41
87
41
98
94
46
87
45
8
49
19
244
206
178
210
7
283
281
281
34
4
6
5
28
30
31
29
284
6
29
28
6
28
87
87
26
89
97
93
87
154
101
87
152
124
4
6
4
91
94
46
45
192
20
89
13
89
244
87
98
87
87
5
152
154
281
105
87
180
128
107
107
274
28
2
10
268
4
93
4
2
98
21
89
27
30
31
89
28
41
75
244
245
245
245
