2
3
4
7
8
9
11
12
13
14
15
16
17
18
19
20
21
22
23
24
25
26
28
29
30
31
32
33
34
35
36
37
38
39
40
41
42
37
46
48
49
50
51
52
53
54
55
56
57
58
59
60
61
62
63
64
65
66
67
68
70
71
72
73
74
75
76
77
78
79
80
81
82
83
84
85
86
87
88
89
90
91
92
94
95
96
97
98
99
100
101
102
103
104
105
106
107
108
109
110
111
112
113
114
115
117
118
119
120
121
122
123
124
125
126
127
129
130
131
132
133
134
135
136
137
138
139
49
77
108
44
20
22
23
21
49
122
108
140
64
62
65
53
54
83
89
81
87
91
85
130
75
52
108
140
53
37
36
95
14
19
32
30
32
55
108
6
15
108
6
63
50
54
61
121
51
54
55
116
18
20
22
23
21
96
55
31
120
119
79
140
108
6
6
108
6
96
95
14
19
108
44
116
52
140
108
140
108
140
