2
3
4
5
6
7
8
9
10
11
12
13
14
15
16
17
18
20
21
22
23
24
25
26
27
28
29
30
31
32
33
34
35
36
38
39
40
41
42
43
44
45
46
47
48
49
50
51
52
53
54
55
56
57
59
60
61
62
63
64
65
66
67
68
69
70
71
72
73
74
75
76
77
78
79
80
81
82
83
84
85
86
87
88
89
90
91
92
93
94
95
96
97
98
99
83
94
44
41
23
22
85
94
77
50
48
45
39
41
13
96
97
95
60
61
2
94
3
22
63
60
15
14
60
6
14
22
77
60
22
40
13
7
67
60
62
2
22
83
13
60
2
94
85
22
2
77
22
3
60
65
64
60
13
2
71
94
22
88
13
4
2
2
8
2
46
44
41
2
3
72
74
73
75
66
86
80
76
67
60
62
94
84
94
60
43
41
2
3
22
22
2
87
89
41
13
43
41
2
79
59
20
2
38
7
2
2
2
2
2
2
