1
2
2
5
1
6
6
6
8
10
12
13
13
13
13
13
13
13
13
13
13
1
24
1
26
26
26
26
26
26
26
26
29
29
1
37
38
1
40
1
42
38
1
45
38
1
48
38
1
51
12
53
53
53
53
53
53
53
53
53
53
53
53
53
53
53
53
53
53
53
70
1
74
38
6
24
2
51
40
29
29
29
29
29
29
30
30
70
70
33
33
38
38
64
68
68
68
68
68
68
68
68
68
68
68
68
15
19
46
46
18
22
32
43
43
71
71
71
71
71
75
75
16
17
20
49
49
67
67
21
31
31
65
72
72
72
72
14
23
66
28
28
28
50
50
39
39
44
44
73
35
36
47
47
76
76
