2
3
4
5
6
7
8
9
10
11
12
13
14
15
16
17
18
19
20
21
22
23
24
25
26
27
28
29
30
31
32
33
34
35
36
37
38
39
40
41
42
43
44
45
46
47
48
49
50
51
52
53
54
55
56
57
58
59
60
61
62
63
64
65
66
67
68
69
43
71
72
40
44
41
76
50
78
79
80
42
82
83
84
85
86
87
88
89
90
91
92
93
94
95
96
97
98
99
101
102
103
104
105
106
107
108
109
110
111
112
113
114
115
116
117
118
119
120
121
122
123
124
125
126
127
128
129
130
131
132
133
134
135
136
137
138
139
140
141
142
143
144
145
146
147
148
149
150
151
152
153
154
155
156
157
158
159
160
161
162
163
164
165
166
167
168
169
170
171
172
174
175
176
177
178
179
180
181
182
183
184
185
186
187
188
189
190
191
192
193
194
195
196
197
198
199
200
201
202
203
204
205
206
207
208
209
210
211
212
213
214
215
216
217
218
219
221
222
223
224
225
226
227
228
229
230
231
232
233
234
235
236
237
238
239
240
241
242
243
244
245
246
247
248
249
250
251
252
253
254
95
255
105
106
142
124
252
254
253
248
181
179
176
175
180
174
174
174
174
141
135
137
136
134
181
179
176
178
177
175
180
145
181
179
176
175
180
174
174
174
246
254
247
227
228
229
226
174
130
105
106
95
90
83
252
244
254
253
245
28
26
27
225
224
86
174
171
145
169
142
59
51
53
230
231
255
178
177
160
174
43
44
47
50
51
48
53
143
124
252
254
253
245
188
178
163
147
126
142
101
181
179
176
175
180
174
174
174
144
26
11
159
155
156
157
179
177
174
174
232
233
225
227
228
229
226
255
96
28
26
27
175
2
11
84
21
20
99
95
5
6
40
2
174
178
176
175
85
59
139
149
125
126
128
223
174
251
254
227
228
229
226
174
136
134
176
178
177
175
140
125
127
144
224
255
11
163
174
161
126
145
161
101
5
6
40
2
131
105
181
179
176
175
180
174
174
174
11
105
106
142
124
20
11
111
132
224
174
26
11
159
155
145
156
157
142
140
125
105
104
135
5
6
41
2
4
2
95
148
126
105
101
124
254
42
253
52
50
51
53
49
47
46
54
179
176
175
180
174
174
174
46
47
48
145
143
144
124
236
235
58
52
21
46
51
174
132
105
251
188
178
60
54
49
130
105
101
101
4
2
131
105
188
181
40
87
43
44
52
47
50
51
48
11
135
137
255
95
238
237
89
145
176
175
255
163
60
52
54
49
150
126
105
43
44
42
140
139
149
125
126
128
178
133
133
11
142
124
33
33
221
221
101
142
124
142
124
124
178
177
174
5
41
6
5
40
42
43
44
42
47
3
50
51
5
40
5
6
40
