1
2
2
2
2
2
2
2
2
2
2
2
2
2
2
2
2
2
2
2
2
2
2
2
2
2
2
2
2
2
2
2
2
2
2
2
2
2
2
2
2
2
2
2
2
2
2
2
2
2
2
2
2
2
2
2
17
58
2
60
60
60
60
60
60
60
2
68
2
70
70
70
2
74
74
74
74
74
74
2
81
81
81
81
81
81
81
81
81
2
91
91
91
91
91
91
91
91
91
91
91
91
2
104
104
104
104
104
104
111
113
113
40
40
51
51
118
119
120
120
120
120
120
120
120
120
120
120
120
120
120
120
120
120
120
120
120
120
120
120
120
120
120
120
120
120
120
120
120
120
120
120
120
120
120
120
120
120
120
120
120
120
120
120
120
120
120
120
120
120
120
120
120
120
120
120
120
120
120
120
120
120
120
120
120
120
120
120
120
120
120
120
120
120
120
120
120
120
120
120
120
120
120
120
120
120
120
120
120
120
120
120
120
120
120
120
120
120
120
120
120
120
120
120
120
120
120
120
120
120
120
120
120
120
120
120
120
120
120
120
120
120
120
120
120
120
120
120
120
120
120
120
120
120
120
120
120
120
120
120
120
120
120
120
120
120
120
120
120
120
120
120
120
120
120
120
120
120
120
120
120
120
120
120
120
120
120
120
120
120
120
120
120
120
120
120
120
120
120
120
120
120
120
120
120
120
120
310
311
311
311
311
311
311
311
311
311
311
311
311
311
311
311
311
311
311
311
311
323
332
325
334
329
336
330
338
331
340
311
342
342
342
342
342
330
349
350
350
350
350
350
350
350
350
350
350
350
350
350
350
350
350
350
350
350
350
350
350
350
350
350
350
350
350
350
350
350
350
350
350
350
350
350
350
350
350
350
350
350
350
350
350
350
350
350
350
350
350
350
350
350
350
350
350
350
350
350
350
350
350
350
350
350
350
350
350
350
350
350
350
350
350
350
350
350
350
350
350
350
350
350
350
350
350
350
350
350
350
350
350
350
350
350
350
350
350
350
350
350
350
350
350
350
350
350
350
350
350
350
350
350
350
350
350
350
350
350
350
350
350
350
350
350
350
350
350
350
350
350
350
350
350
350
350
350
350
350
350
350
350
350
350
350
350
350
350
350
350
350
350
350
350
350
350
350
350
74
81
70
287
407
18
18
429
486
64
49
466
26
427
236
477
53
270
458
492
215
304
498
31
31
31
31
435
258
185
259
290
278
29
212
234
509
30
465
219
476
267
45
45
294
260
108
108
339
77
77
77
77
77
291
198
430
220
500
473
256
474
235
65
484
207
450
109
109
109
109
109
109
109
272
190
447
413
420
470
439
42
42
42
42
433
482
296
296
296
497
28
28
28
28
244
286
223
99
99
99
99
274
459
285
448
200
488
264
35
35
35
35
35
265
279
405
496
24
101
101
101
101
101
101
101
101
101
101
101
101
261
269
425
288
424
184
426
300
333
478
203
228
298
257
462
428
489
442
43
43
43
43
43
43
43
43
43
43
43
183
248
423
217
463
67
67
36
36
36
191
41
41
41
41
41
41
41
41
21
201
38
204
230
324
324
324
292
187
307
202
493
227
48
434
19
19
19
455
72
464
302
222
308
218
421
460
192
451
33
44
44
503
54
40
40
40
40
40
40
40
40
239
186
224
299
240
251
255
84
84
468
266
237
56
56
56
247
416
197
415
20
20
20
419
443
210
297
25
471
510
211
280
226
491
505
475
23
422
85
85
85
456
195
481
499
213
490
508
52
188
271
504
229
408
17
17
17
17
17
17
17
17
17
17
17
100
55
55
205
495
454
59
59
325
242
487
483
51
51
51
281
453
102
102
102
102
102
102
102
102
102
102
102
283
50
431
194
345
345
301
417
232
253
319
319
406
89
245
189
276
303
449
467
206
209
485
309
494
27
27
39
284
246
330
330
330
57
57
57
88
293
225
238
268
418
446
196
243
73
73
73
452
507
46
46
438
250
457
502
22
305
329
444
78
306
347
263
445
501
249
440
409
432
441
437
214
328
328
328
411
469
86
86
86
86
346
346
346
506
262
231
241
412
199
295
321
321
331
331
221
252
208
277
480
472
47
414
193
275
323
323
323
273
289
322
322
34
216
233
66
66
436
254
461
479
410
87
87
87
87
282
15
15
11
82
355
83
317
317
8
9
16
16
111
111
111
348
348
114
115
116
117
118
118
118
