1
2
2
2
2
2
2
2
2
2
2
2
2
2
2
2
2
2
2
2
2
2
2
2
2
2
2
2
2
2
2
2
2
2
2
2
2
2
2
2
2
2
2
2
2
2
2
2
2
2
2
2
2
2
2
2
2
2
2
2
2
2
2
2
2
2
2
2
2
2
2
2
2
2
2
2
2
2
2
2
2
2
2
2
2
2
2
2
2
2
2
2
2
2
2
2
2
2
2
2
2
2
2
2
2
2
2
2
2
2
2
2
2
2
2
2
2
2
2
2
2
2
2
2
2
2
2
2
2
2
2
2
2
2
2
7
137
8
139
2
141
141
141
141
141
25
147
35
149
2
151
151
151
151
151
151
151
83
159
161
161
161
161
161
161
2
168
168
168
168
168
173
168
175
168
177
2
179
2
181
181
181
181
181
181
181
181
181
181
181
181
181
181
181
181
181
196
199
2
201
201
201
201
201
201
201
201
201
201
201
2
213
213
213
213
213
213
213
213
213
213
220
224
228
229
229
229
229
229
229
229
229
229
229
229
229
229
229
229
229
229
229
229
229
229
229
229
252
252
236
1
256
256
256
256
256
256
228
263
263
263
263
263
263
263
263
263
263
263
263
263
263
263
263
263
280
280
280
263
284
284
284
284
284
284
284
292
292
263
295
295
295
295
295
301
302
302
302
302
302
302
302
302
302
302
302
302
302
302
302
302
302
302
302
302
302
302
302
325
325
325
325
325
325
325
325
302
334
334
334
334
334
334
334
334
334
334
334
302
346
346
346
346
346
346
346
346
346
346
324
323
321
320
319
319
317
317
316
366
366
1
367
367
367
367
367
367
367
367
367
367
367
367
367
367
381
381
381
381
381
381
381
381
381
381
381
381
381
381
381
381
381
381
381
367
401
401
401
401
401
401
404
408
401
410
1
412
412
412
412
412
412
412
412
412
412
412
412
412
412
412
412
412
412
412
412
412
422
434
1
436
436
436
436
436
436
436
436
436
436
436
436
436
436
436
436
436
436
436
436
456
456
456
436
460
460
463
464
464
464
464
464
464
464
464
464
464
464
476
469
469
469
469
469
463
482
482
482
482
482
482
482
482
482
482
482
482
482
482
482
482
482
482
482
482
482
166
301
505
505
505
505
505
505
505
505
505
505
505
505
505
519
520
228
521
521
521
521
521
521
521
521
521
530
530
530
521
534
534
534
534
534
534
534
534
534
545
546
547
286
549
541
551
541
284
554
541
285
291
290
285
291
285
291
285
564
565
565
565
565
565
565
565
565
565
565
565
565
565
565
565
565
565
565
565
565
565
565
565
565
565
565
565
565
565
565
565
565
565
565
565
565
565
565
565
565
565
565
565
565
565
565
565
565
565
565
615
615
615
615
565
620
565
622
565
624
565
626
589
628
565
630
630
630
630
630
630
630
565
638
638
638
638
604
643
608
645
611
647
647
647
647
647
653
653
653
565
657
657
657
657
657
657
657
593
593
521
175
482
173
177
534
401
256
436
530
637
637
637
637
637
637
527
527
258
452
74
235
377
377
582
582
582
582
582
582
582
582
582
582
278
47
47
47
47
47
47
47
47
47
47
47
47
47
47
448
448
448
332
332
332
495
495
495
443
49
49
49
49
49
468
321
321
321
321
321
321
321
321
321
321
321
321
321
321
223
223
223
223
237
237
130
131
279
279
125
125
138
138
459
114
212
212
212
212
212
46
46
128
342
342
342
242
458
117
62
354
55
55
55
55
140
330
428
428
428
92
92
92
92
92
92
244
244
494
494
494
241
241
84
84
84
84
374
374
52
52
52
52
605
605
605
158
158
158
158
158
158
315
315
315
315
604
604
122
396
396
396
396
396
395
395
132
132
133
133
333
333
333
282
404
51
51
51
115
283
542
469
603
603
603
603
73
43
43
533
533
585
585
585
585
585
585
644
644
208
208
208
208
208
318
420
420
424
424
95
95
95
95
95
95
95
95
98
581
581
581
581
316
316
316
316
316
316
316
316
316
316
316
316
316
89
89
497
497
31
31
405
429
246
246
246
406
297
195
195
245
331
331
331
331
425
425
120
467
80
375
375
375
397
397
499
499
499
499
499
499
499
499
165
165
165
124
409
409
32
32
32
32
32
32
32
32
32
32
32
32
32
32
72
58
58
58
58
58
58
58
613
662
662
276
276
65
243
243
209
209
209
209
274
102
102
234
234
234
234
444
618
126
126
81
526
526
39
39
39
378
378
378
378
378
378
378
378
378
36
36
36
36
198
77
516
251
251
619
619
541
541
541
621
498
498
498
498
498
498
498
498
498
110
111
345
345
345
588
588
94
94
298
104
104
642
642
642
642
642
462
462
462
421
421
421
26
26
26
26
26
26
28
28
596
219
219
219
447
34
34
294
324
324
324
324
324
324
324
324
324
528
528
528
83
83
83
56
56
56
56
56
56
56
56
56
56
56
56
501
501
591
591
373
373
157
157
157
157
157
157
57
57
57
57
57
57
57
57
57
57
220
220
220
220
221
221
221
221
288
288
329
329
329
254
379
379
379
66
66
66
587
587
587
587
587
587
275
275
25
25
25
25
25
25
317
317
317
317
317
317
317
317
317
317
317
317
317
451
451
451
451
455
455
116
87
601
529
529
529
529
180
180
598
426
426
222
250
250
398
398
127
127
623
277
503
54
54
60
60
390
390
391
391
86
86
109
273
427
427
540
540
540
166
445
445
75
543
105
269
269
269
269
625
625
608
608
538
609
607
607
40
40
40
118
602
602
602
68
68
68
319
319
319
319
319
319
319
319
319
319
319
319
319
319
319
319
319
592
592
612
612
612
612
612
612
513
430
134
134
299
299
299
579
579
400
400
400
400
400
400
400
400
400
400
400
400
532
532
29
29
392
392
392
392
392
646
71
119
580
580
150
150
150
150
270
91
91
91
91
91
91
91
91
91
91
91
91
91
91
91
91
91
91
91
91
261
38
38
38
38
38
38
38
38
33
33
33
33
33
33
33
33
33
33
135
135
135
135
135
268
268
268
268
97
97
97
123
259
259
247
247
586
586
586
586
586
453
453
453
453
453
453
286
106
106
45
45
45
496
496
496
610
600
600
600
600
30
30
248
248
260
260
660
660
356
372
372
372
372
287
287
500
500
500
500
500
500
44
272
272
355
376
376
376
50
50
50
50
50
50
50
148
380
423
423
423
423
211
514
454
454
454
578
578
578
578
578
578
96
96
96
67
37
37
37
37
238
320
320
320
320
320
320
320
320
320
320
320
320
320
320
129
160
629
629
629
352
113
289
289
61
76
267
267
475
515
136
136
136
136
271
271
344
344
344
606
78
78
525
525
511
599
599
599
79
194
194
194
194
194
194
194
194
194
194
194
194
194
194
194
194
422
322
322
322
322
322
322
322
322
322
322
322
322
322
343
343
343
35
35
35
431
323
323
323
323
323
323
323
323
236
236
236
69
590
590
590
197
59
59
59
59
59
59
59
59
59
59
210
210
210
210
210
210
48
48
48
48
48
48
48
121
121
641
641
240
64
583
589
589
589
88
88
88
88
63
107
108
353
449
449
449
100
472
53
53
53
53
517
112
595
93
93
196
196
196
539
539
539
597
597
341
90
90
339
152
338
187
190
170
170
192
442
442
577
186
171
171
7
7
11
524
154
202
522
438
438
8
8
9
437
437
169
169
22
22
337
191
369
23
23
12
204
13
214
531
441
340
4
361
363
363
558
560
255
548
548
552
553
357
358
556
556
556
559
559
561
561
561
563
563
563
