1
2
2
2
2
2
2
2
2
2
2
2
2
2
2
2
2
2
2
2
2
2
2
2
2
2
2
2
2
2
2
2
2
2
2
2
2
2
28
40
31
42
2
44
44
44
44
28
50
51
51
51
51
51
51
51
51
51
51
51
51
51
51
51
51
51
51
51
51
51
51
51
51
51
51
75
78
51
80
80
80
80
80
80
80
80
80
80
80
80
80
84
94
84
96
93
98
93
93
102
103
103
103
103
103
103
108
108
112
113
113
113
113
113
113
113
113
113
113
113
124
124
124
124
118
129
128
128
133
134
134
134
134
134
134
134
134
134
134
134
134
141
1
148
148
149
151
149
153
150
155
150
157
148
160
161
161
161
161
161
161
161
161
161
161
161
161
161
161
161
161
161
161
161
161
161
161
161
161
161
161
161
161
161
161
161
161
161
161
161
161
161
161
161
161
161
161
161
161
161
161
161
161
161
161
161
161
161
161
161
161
161
161
161
161
161
161
161
161
161
161
161
161
161
161
161
196
234
235
235
235
235
235
235
235
235
235
235
235
235
235
235
235
235
235
235
235
160
255
255
255
255
255
255
255
255
255
255
255
255
255
255
255
255
255
255
255
255
255
255
255
255
255
255
255
255
255
255
255
255
255
255
255
255
288
292
289
294
290
296
299
196
141
141
141
179
204
248
248
213
213
182
285
196
196
181
194
71
220
269
212
212
250
250
198
277
277
277
277
245
245
243
243
72
266
266
266
127
180
227
227
227
150
75
284
284
70
70
70
70
70
39
39
39
39
39
39
36
189
189
288
35
184
178
64
92
92
286
209
247
247
197
275
275
275
275
253
253
47
186
138
73
205
267
267
34
140
46
246
246
63
276
276
276
276
23
265
88
271
10
10
10
10
10
116
187
225
225
225
61
142
142
278
139
203
202
62
99
287
208
207
214
272
32
93
93
93
93
93
82
216
242
77
38
283
283
206
74
273
222
105
105
254
254
254
128
128
128
128
149
218
231
11
33
219
188
270
200
249
249
290
19
183
20
20
226
226
199
13
279
193
280
280
280
280
79
223
223
215
229
229
229
221
221
268
274
14
191
65
87
87
87
87
228
228
228
228
201
211
252
252
118
118
281
281
281
281
210
244
244
117
117
117
117
84
84
84
107
289
83
48
60
60
60
224
224
224
185
282
282
282
282
264
192
106
195
18
37
163
169
170
174
257
166
173
168
176
175
165
177
167
233
300
300
302
303
303
304
305
305
305
