2
3
4
5
6
7
8
9
10
12
13
14
15
16
17
18
19
21
22
24
25
27
28
29
30
31
32
33
34
35
36
38
39
40
41
42
43
44
45
46
47
48
49
50
51
52
53
54
55
56
57
58
59
61
62
63
64
65
66
67
68
69
70
71
72
73
74
75
76
77
78
79
80
81
38
38
38
46
51
78
77
39
39
55
47
78
42
80
44
39
53
48
3
11
35
36
57
78
49
42
48
57
44
78
80
48
39
47
55
42
23
78
79
48
39
53
48
3
11
44
78
48
35
36
41
51
78
80
48
44
35
36
44
47
78
78
55
80
48
58
78
52
77
35
36
39
42
3
11
41
39
78
80
48
51
78
80
48
79
51
78
79
48
46
35
36
58
35
36
78
77
49
39
52
53
48
3
11
47
78
42
80
39
3
11
39
3
11
39
55
23
39
3
11
39
55
23
39
3
11
39
3
11
39
3
11
39
39
39
3
11
39
3
11
39
3
11
39
3
11
39
42
3
11
