1
2
2
2
2
2
2
2
2
2
2
2
2
2
2
2
2
2
2
2
2
2
2
2
2
2
2
2
2
2
2
2
2
2
2
2
2
2
2
2
2
2
2
2
2
2
2
2
2
2
2
2
2
2
2
2
2
2
2
2
2
2
2
2
2
2
2
2
2
2
2
2
2
2
2
2
2
2
2
2
2
2
2
2
2
2
2
2
2
2
2
2
2
2
2
2
2
2
2
2
101
101
2
104
104
104
104
104
104
104
2
112
112
112
2
116
116
116
25
120
122
2
124
124
124
124
124
124
124
124
124
124
124
124
124
124
124
124
124
124
124
124
124
124
124
124
124
124
124
124
124
124
124
124
124
124
124
124
124
124
150
163
153
165
154
167
162
169
2
171
173
141
175
143
142
178
140
162
139
162
138
162
137
154
128
188
25
190
153
99
150
92
144
196
197
197
197
197
197
197
197
197
197
206
198
199
200
201
205
99
99
76
93
91
140
152
137
155
82
144
63
78
100
100
162
162
162
162
162
162
162
162
162
162
162
162
162
162
162
158
67
67
67
95
89
126
160
146
81
98
132
170
149
149
135
97
145
83
128
128
85
92
161
143
115
115
66
66
134
153
153
72
77
79
118
148
148
94
127
127
90
90
156
87
130
129
154
154
86
157
70
136
80
119
60
60
60
60
84
69
142
73
138
147
147
64
65
75
88
159
123
123
114
114
62
68
139
133
96
121
61
61
131
74
141
151
71
30
113
25
53
53
31
31
31
7
52
52
180
180
182
187
