2
3
4
5
6
7
8
9
10
11
12
13
14
15
16
17
18
19
20
21
22
23
24
25
26
27
28
29
30
31
32
33
34
35
36
37
38
39
40
41
42
43
44
45
46
47
48
49
50
51
52
53
54
55
56
57
58
59
60
61
62
63
64
65
66
67
68
69
70
71
72
73
74
75
76
77
78
79
80
81
82
83
84
85
86
87
88
89
90
91
92
93
94
95
96
97
98
100
101
102
103
104
105
106
107
108
109
110
111
112
113
114
115
116
117
118
119
120
121
122
123
124
125
126
127
128
129
130
131
132
133
134
135
136
137
138
139
140
141
142
143
144
145
146
147
148
149
150
151
152
153
154
155
156
157
158
159
160
161
162
163
164
165
166
167
168
169
170
171
172
173
174
175
176
177
178
179
180
181
182
183
184
185
186
187
188
189
190
191
192
193
194
195
196
197
198
199
200
201
202
203
204
205
206
207
208
209
210
211
212
213
214
215
216
217
218
219
220
221
222
223
224
225
226
227
228
229
230
231
232
233
234
235
236
237
238
239
240
241
242
243
244
245
246
247
248
249
250
251
252
253
254
255
256
257
258
259
260
261
262
263
264
265
266
267
268
269
270
271
272
273
274
275
276
277
278
279
280
281
282
283
284
285
286
287
288
289
290
291
292
293
294
295
296
297
298
299
300
301
302
303
304
305
306
307
308
309
310
311
312
313
314
315
316
317
318
319
320
321
322
323
324
325
326
327
328
329
330
331
332
333
334
335
336
337
338
339
340
341
342
343
344
345
346
347
348
349
350
351
352
353
354
355
356
357
358
359
360
361
362
363
364
365
366
367
368
369
370
371
372
153
281
330
237
162
352
162
163
47
17
335
162
333
162
163
331
162
336
162
320
237
162
349
162
53
14
17
297
162
371
162
146
50
52
86
2
96
2
163
348
162
78
265
198
205
188
275
149
146
329
237
162
63
49
15
89
90
88
357
162
365
162
66
15
199
283
297
289
199
223
173
230
264
275
160
158
162
146
146
122
104
107
146
146
343
162
149
103
107
146
146
350
162
132
351
162
73
15
231
199
290
228
162
16
307
162
89
90
65
15
146
146
334
162
101
107
22
2
89
90
88
299
162
361
162
163
64
15
88
88
86
185
32
30
175
232
159
164
156
157
146
146
288
173
162
146
163
29
19
15
16
14
18
17
96
165
71
15
353
162
364
162
163
358
162
327
230
165
162
146
287
173
162
285
314
164
162
163
146
146
284
164
162
163
107
366
162
56
15
116
102
101
107
146
318
237
162
156
153
49
62
15
195
292
162
237
189
89
88
185
193
32
218
175
153
146
149
119
122
105
108
107
146
310
162
309
162
259
198
205
119
116
117
201
228
102
101
107
146
344
162
199
296
162
204
322
202
324
237
162
283
215
187
230
264
275
165
161
160
158
146
29
97
19
18
57
15
293
162
61
15
301
237
162
164
162
17
163
2
359
162
74
15
146
2
182
58
15
69
15
308
162
306
162
259
215
323
199
205
303
264
265
317
238
188
237
162
340
162
294
162
339
162
360
162
163
116
102
101
148
107
146
368
162
163
332
162
305
162
55
49
15
295
237
162
163
311
162
199
149
107
108
107
54
15
346
162
356
162
164
146
146
68
15
89
90
298
162
370
162
291
162
328
162
146
174
281
107
146
354
162
119
116
117
186
199
201
228
101
107
146
347
162
337
162
286
162
342
162
325
237
162
367
188
162
146
146
341
162
27
164
149
106
107
146
185
186
199
182
275
201
362
162
163
201
275
89
90
132
126
67
15
15
60
15
312
162
70
15
355
162
303
237
162
319
237
162
321
237
162
236
279
297
228
162
2
72
15
345
162
300
237
162
372
162
162
369
162
321
319
318
203
316
204
193
185
320
322
202
324
325
188
237
162
203
316
237
162
338
162
363
162
163
200
205
264
302
237
162
59
15
193
303
237
201
162
326
237
162
96
2
146
146
149
281
185
193
32
218
175
153
146
156
153
