1
2
2
2
2
2
2
2
2
2
2
2
2
2
2
2
2
2
2
2
2
2
2
2
2
2
2
2
2
2
2
2
2
2
2
2
2
2
2
2
2
2
2
2
2
2
2
2
2
2
2
2
2
2
2
2
2
2
2
2
2
2
2
7
65
65
2
68
68
68
68
68
68
68
68
2
77
77
77
77
2
82
82
82
82
82
82
82
82
82
82
82
82
82
82
82
82
82
82
52
1
102
102
102
102
102
102
102
102
102
102
102
102
102
102
102
102
102
102
102
102
102
102
102
102
102
102
102
102
102
102
102
102
102
102
102
102
102
102
102
102
102
102
102
102
102
102
102
102
102
102
102
102
102
102
102
102
102
102
102
102
102
102
102
102
102
102
102
102
102
102
102
102
102
102
102
102
102
102
102
102
102
102
102
102
102
102
102
102
102
102
102
102
102
102
102
102
102
152
152
149
149
150
150
151
151
1
208
208
208
208
208
208
208
209
209
210
210
211
211
212
212
213
213
214
214
215
215
1
230
230
230
230
230
230
230
230
230
230
230
230
230
230
230
230
230
230
230
230
230
230
230
230
230
230
230
230
230
230
230
230
233
233
1
265
265
265
265
265
265
265
265
265
268
268
268
102
265
230
208
177
177
109
109
150
150
115
115
238
238
239
239
75
191
191
21
22
25
25
25
25
25
123
123
134
134
92
258
258
213
213
175
175
182
182
214
214
172
172
130
130
242
242
178
178
149
149
114
114
190
190
142
142
95
122
122
135
135
273
273
13
31
74
74
181
181
245
245
211
211
246
246
103
103
173
173
252
252
89
244
244
131
131
20
20
272
272
156
156
113
113
179
179
34
198
198
72
9
197
197
189
189
262
262
256
256
76
121
121
271
271
91
136
136
188
188
170
170
180
180
19
19
104
104
120
120
26
87
81
146
146
40
40
112
112
55
37
37
171
171
196
196
266
266
137
137
33
33
33
212
212
187
187
169
169
260
260
23
80
232
232
90
270
270
66
255
255
105
105
241
241
129
129
243
243
257
257
111
111
29
153
153
159
159
250
250
138
138
195
195
127
127
249
249
42
42
42
251
251
155
155
254
254
269
269
32
186
186
168
168
236
236
73
85
166
166
231
231
106
106
267
267
209
209
118
118
148
148
58
248
248
110
110
199
199
52
52
261
261
160
160
139
139
194
194
126
126
128
128
154
154
86
167
167
27
27
27
27
27
27
210
210
185
185
145
145
237
237
165
165
176
176
119
119
107
107
147
147
240
240
38
38
38
38
38
38
38
117
117
94
94
152
152
108
108
259
259
161
161
53
53
141
141
193
193
125
125
132
132
10
10
88
184
184
144
144
234
234
57
57
57
164
164
174
174
247
247
157
157
151
151
116
116
233
233
192
192
140
140
124
124
133
133
36
36
36
36
36
30
30
30
30
30
183
183
235
235
215
215
143
143
253
253
162
162
268
268
54
54
163
163
158
158
274
274
