1
2
2
2
2
2
2
2
2
2
2
2
2
2
2
18
19
19
19
19
19
19
19
19
19
19
19
19
19
19
19
19
19
19
19
19
19
19
32
25
26
18
45
45
45
45
45
45
45
45
45
45
45
56
58
59
59
59
59
59
59
59
59
59
59
59
59
59
59
59
59
59
59
59
59
59
59
59
59
59
59
59
59
59
59
59
59
59
59
59
59
59
59
59
59
59
59
59
59
59
59
59
59
59
59
59
59
59
59
59
59
59
59
59
59
59
59
59
59
59
59
59
59
127
127
59
130
130
130
130
130
130
83
138
139
139
139
139
139
139
139
139
139
139
139
145
152
153
153
153
153
153
153
153
153
153
153
153
153
153
153
153
153
153
153
153
153
153
153
153
153
153
153
153
153
153
153
153
153
153
153
153
153
153
153
153
153
153
153
153
153
153
153
153
153
153
153
153
153
153
153
153
153
31
149
149
39
103
103
150
150
150
147
33
99
99
99
99
121
121
97
97
97
97
97
97
97
97
97
97
97
97
97
97
97
15
15
15
15
15
15
15
15
15
15
15
106
135
135
20
94
94
94
94
94
94
207
207
207
176
176
176
176
193
193
193
193
193
145
145
22
124
124
26
40
35
208
208
208
180
180
34
107
120
98
98
183
197
204
204
96
96
105
194
179
179
179
179
179
21
188
188
188
36
101
101
101
101
173
173
29
28
41
30
177
177
38
109
116
111
100
114
122
122
143
143
186
186
186
27
95
178
178
178
178
178
198
24
108
108
206
206
206
37
209
115
192
123
123
113
113
113
113
113
113
113
119
23
110
110
112
148
148
195
195
32
200
25
190
136
136
136
136
136
189
189
146
117
104
104
104
104
104
118
175
175
175
175
175
175
175
175
144
144
144
133
83
83
83
17
17
137
