1
2
2
2
2
2
2
2
2
2
2
2
2
2
2
2
2
2
2
2
2
2
2
2
2
2
2
2
2
2
2
2
2
2
2
36
36
36
36
41
42
43
43
43
43
43
43
43
43
43
43
43
43
43
43
43
43
43
43
43
43
43
43
43
43
43
43
57
71
72
72
72
72
72
72
72
72
72
72
72
72
72
72
72
72
72
72
72
72
72
72
72
72
72
72
72
72
72
72
72
72
72
72
72
72
93
109
88
113
114
114
114
114
114
114
114
114
114
114
121
121
113
127
127
127
127
127
127
127
127
127
127
127
127
127
127
127
127
127
127
127
127
127
127
127
127
127
127
127
127
127
127
127
127
127
127
127
127
127
127
127
127
127
127
127
127
127
127
127
127
127
127
127
127
127
127
127
127
127
127
127
127
127
127
127
127
127
127
127
127
190
190
190
191
184
187
187
203
204
204
204
204
204
204
204
210
210
214
215
215
215
215
215
215
215
215
215
215
215
215
215
215
215
215
215
223
233
233
225
237
238
238
238
238
238
238
238
238
238
238
238
238
238
238
238
238
238
238
258
259
259
259
259
259
259
259
266
259
259
113
270
270
270
270
270
270
270
270
270
270
270
270
270
270
270
270
270
270
270
270
270
270
270
270
270
270
270
270
270
270
270
303
304
304
304
304
304
304
304
304
304
304
304
304
304
304
304
304
304
304
304
304
304
304
304
304
304
304
304
304
304
304
304
304
304
304
304
304
304
304
304
304
304
304
304
304
304
304
304
304
304
304
304
304
304
304
304
304
304
304
304
304
304
304
304
304
304
304
304
304
339
373
364
375
370
377
370
379
371
381
372
383
372
385
304
387
356
237
390
390
390
390
390
390
390
390
390
390
390
390
390
390
390
390
390
390
390
390
390
390
390
390
390
390
390
390
390
390
390
390
390
390
390
390
390
390
390
390
390
390
390
390
390
390
437
420
113
439
439
439
439
439
439
439
439
439
439
439
439
439
439
38
455
258
456
456
456
456
60
60
463
464
464
464
464
464
464
464
464
464
464
464
464
464
464
464
464
464
464
464
464
464
464
464
464
464
464
464
464
464
464
464
464
464
464
464
464
464
489
503
504
504
504
504
504
504
504
513
514
514
514
514
514
514
514
514
514
514
514
514
514
514
514
514
514
514
514
514
514
514
514
514
514
514
514
514
514
514
514
514
514
514
514
514
514
514
514
514
514
514
514
514
514
514
514
514
514
514
514
514
514
514
514
514
514
514
514
514
514
514
514
514
514
518
582
583
584
585
585
585
585
585
585
585
585
585
585
585
585
585
585
585
585
585
585
585
585
585
585
585
585
585
585
585
585
585
585
585
585
585
585
585
585
585
585
585
585
585
585
585
585
585
585
585
585
585
585
585
102
62
231
231
231
254
254
170
61
61
61
61
61
61
61
524
524
524
524
179
179
94
94
94
94
94
94
94
94
94
94
147
554
554
554
160
230
230
550
550
550
99
99
99
99
122
122
122
537
537
537
537
290
290
290
290
498
430
434
103
103
103
332
146
190
190
329
329
329
329
553
553
553
553
528
528
528
528
57
57
414
155
155
150
500
534
534
534
534
123
206
225
416
416
416
416
416
330
556
556
556
556
299
175
545
545
545
545
530
530
530
530
426
24
24
24
24
24
152
402
402
409
566
566
566
566
495
495
451
451
451
289
289
289
289
328
34
34
278
284
378
540
540
540
153
188
188
188
188
188
576
576
576
576
356
356
356
356
335
89
536
536
536
536
169
168
526
526
526
526
562
562
562
562
90
300
174
546
546
546
546
180
285
433
368
368
368
368
529
529
529
529
338
338
182
105
105
255
255
255
403
403
371
371
371
489
489
296
449
449
449
263
263
25
88
88
88
88
286
398
185
185
428
339
374
374
561
561
561
561
340
543
543
543
543
422
98
98
107
107
107
107
107
107
107
535
535
535
535
224
532
532
532
532
154
283
166
527
527
527
527
417
573
573
573
523
523
523
523
341
341
355
355
209
189
189
497
496
496
496
496
496
496
496
429
525
525
525
326
565
565
565
565
610
292
248
248
159
256
256
256
360
251
251
186
186
334
501
192
192
192
192
184
287
397
397
411
96
538
538
538
538
577
577
577
577
578
578
578
578
366
366
366
210
354
354
167
177
459
579
579
579
579
450
450
450
95
95
95
95
294
294
294
294
447
176
351
336
424
542
542
542
542
183
100
100
100
100
551
551
551
97
97
97
362
362
362
362
362
362
362
362
362
91
250
145
337
148
533
533
533
533
249
298
333
365
365
162
162
415
435
435
522
522
522
522
331
282
345
178
178
265
247
247
164
568
568
568
568
346
445
349
349
349
349
482
482
297
425
425
446
229
66
401
401
401
350
350
350
350
350
350
350
350
350
484
484
484
484
484
484
521
521
521
521
144
427
427
121
361
560
560
560
560
163
288
288
288
288
31
31
569
569
569
569
541
541
541
106
431
119
171
280
280
68
246
246
421
421
557
557
557
557
30
38
38
38
38
38
38
494
494
494
494
494
494
494
552
552
552
552
420
208
574
574
574
574
510
207
399
399
399
120
291
63
370
370
370
370
370
370
558
558
558
558
348
87
87
87
458
26
26
26
26
69
69
69
69
405
423
531
531
531
531
549
549
549
549
353
173
400
400
264
64
65
490
490
490
490
490
490
490
490
490
226
92
460
460
357
93
93
93
93
570
570
570
570
352
352
352
352
352
352
352
352
567
567
567
567
172
571
571
571
571
27
27
27
27
27
27
27
448
448
359
359
359
359
572
572
572
518
518
539
539
539
539
58
58
58
58
58
58
58
58
58
327
547
547
547
547
406
406
432
194
194
194
452
452
452
149
29
67
165
35
35
564
564
564
564
613
613
110
60
60
575
575
575
575
293
293
293
293
544
544
544
544
118
609
609
181
252
252
281
157
369
369
486
404
372
555
555
555
555
191
191
191
191
191
23
32
32
32
223
223
223
223
223
223
223
223
223
410
205
412
563
563
563
563
364
364
367
367
559
559
559
509
253
253
187
187
33
548
548
548
548
151
222
295
295
295
295
277
407
108
108
158
161
136
74
142
133
16
16
16
135
116
140
318
318
141
131
143
76
129
138
4
272
267
267
132
139
306
319
319
467
22
22
134
260
637
581
581
438
213
302
199
199
