2
3
4
5
6
7
8
9
10
11
12
13
14
15
16
17
18
19
20
21
22
23
24
25
26
27
28
29
30
31
32
33
34
35
36
37
38
39
40
22
43
44
45
46
47
48
49
50
51
52
53
54
55
56
57
58
59
60
61
62
63
64
65
66
67
68
69
70
72
73
74
75
76
77
78
79
80
81
82
83
84
85
86
87
88
89
90
91
92
93
94
95
96
97
98
99
100
101
102
103
104
105
106
107
108
109
110
111
114
115
116
117
118
119
120
121
122
123
124
125
126
127
128
129
130
131
132
133
134
135
136
137
138
139
140
141
142
143
144
145
146
147
148
149
150
151
152
153
154
155
156
157
158
159
160
161
162
163
164
165
166
167
168
169
170
171
172
173
174
175
176
177
178
179
180
181
182
183
184
185
186
187
188
189
190
191
192
193
194
195
196
197
198
199
200
201
202
204
205
206
207
208
209
210
211
212
213
215
216
217
218
219
220
221
222
223
224
225
226
227
228
229
230
231
232
233
234
235
236
238
239
240
241
242
243
244
245
246
247
248
249
250
251
252
253
254
255
256
259
260
261
262
263
264
265
266
267
268
269
270
271
272
273
274
275
276
277
278
279
280
281
282
283
284
285
286
287
288
289
290
291
292
293
294
295
296
297
298
299
300
301
304
305
306
307
308
309
310
311
312
313
314
315
316
317
318
319
320
321
322
323
324
325
326
327
328
329
330
331
332
333
334
335
336
337
338
339
340
341
342
343
344
345
346
347
348
349
350
351
352
353
354
355
356
357
358
359
360
361
362
363
364
365
366
367
368
369
370
371
372
373
374
375
376
377
378
379
380
381
382
383
384
385
386
387
388
389
390
391
392
393
394
395
396
397
398
399
400
401
402
403
404
405
406
407
408
409
410
411
412
413
414
415
416
417
418
419
420
421
422
423
424
425
426
427
428
429
430
431
432
433
434
435
436
394
438
439
440
441
442
443
444
445
446
447
448
449
450
451
452
453
454
447
456
457
458
459
460
461
462
464
465
466
467
468
469
470
471
472
473
474
475
476
477
478
479
480
481
482
483
484
485
486
487
488
489
490
491
492
493
494
495
496
497
498
499
500
501
502
504
505
506
507
508
509
510
511
514
515
516
517
518
519
520
521
522
523
524
525
526
527
528
529
530
531
532
533
534
535
536
537
538
539
540
541
542
543
544
545
546
547
548
549
550
551
552
553
554
555
556
557
558
559
560
561
562
563
564
565
566
567
568
569
570
571
572
573
574
575
576
577
578
579
581
519
520
585
586
587
588
589
590
591
592
593
594
595
596
597
598
599
600
601
602
603
604
605
606
607
608
609
610
611
612
613
614
615
616
617
618
619
620
621
622
623
624
625
626
627
628
629
630
631
632
633
634
635
636
104
50
216
218
217
256
242
289
50
54
52
56
51
55
53
519
517
515
516
297
140
103
107
95
106
83
79
82
86
84
85
134
520
517
516
137
216
217
520
517
516
101
108
79
86
123
117
116
520
517
515
516
287
273
276
274
479
431
435
104
108
79
324
133
129
130
315
313
316
314
520
517
515
516
520
517
515
516
58
43
408
278
149
138
478
520
517
515
516
123
210
220
405
418
155
408
395
324
520
517
515
516
273
294
520
517
515
516
520
517
515
516
427
6
7
5
8
2
141
397
390
408
520
517
515
516
496
481
441
442
439
287
273
276
274
304
39
22
273
273
367
520
517
516
142
448
144
277
445
129
520
517
515
516
147
308
307
319
325
183
520
517
515
516
288
287
519
517
515
516
520
517
515
516
79
273
293
520
517
515
516
149
273
398
349
372
348
313
520
517
515
516
339
312
149
79
82
147
245
243
393
238
370
313
316
472
467
273
451
446
444
267
259
2
76
80
81
74
273
147
447
129
429
312
349
348
520
517
515
516
319
520
517
515
516
423
108
86
93
83
79
78
82
77
74
520
517
515
516
228
520
517
515
516
143
273
284
520
517
515
516
408
520
517
516
519
517
515
516
323
320
356
306
210
149
281
478
497
474
475
471
476
469
478
431
519
517
516
304
520
517
515
516
587
273
256
240
137
147
245
244
321
255
241
145
129
335
494
446
193
145
129
129
273
398
396
408
79
520
517
515
516
520
517
515
516
520
517
515
516
367
313
320
204
366
311
286
296
457
520
517
515
516
451
446
444
100
99
79
80
292
273
276
274
452
295
321
313
425
520
517
515
516
149
101
108
80
86
520
517
516
86
85
75
352
363
365
364
350
366
313
323
319
84
252
132
318
135
520
517
515
516
251
273
325
318
312
279
149
408
418
433
519
517
515
516
332
273
368
297
140
262
255
240
282
520
517
515
516
368
446
350
320
317
316
490
464
273
398
408
447
230
54
397
392
390
365
351
364
366
353
313
320
309
314
485
155
486
488
467
469
519
517
515
516
131
418
431
122
362
520
517
515
516
280
287
273
276
274
38
22
520
517
515
516
520
517
516
79
398
117
290
285
275
56
245
390
418
425
520
517
515
516
15
21
12
19
13
20
37
474
475
471
476
469
478
480
520
517
515
516
421
210
520
517
515
516
508
210
396
392
390
117
273
51
352
367
324
313
318
312
520
517
515
516
320
88
79
81
457
9
10
11
2
50
54
56
51
393
425
520
517
515
516
520
517
515
516
314
292
396
390
261
52
53
491
493
492
470
473
477
479
469
478
221
84
459
456
358
104
88
79
74
520
517
515
516
361
365
364
366
353
313
321
314
520
517
515
516
291
520
517
515
516
30
29
21
19
20
17
18
451
446
362
358
366
322
520
517
516
517
516
520
517
515
516
59
44
46
47
45
48
49
43
43
304
520
517
515
516
408
393
433
449
447
129
441
442
439
136
14
55
283
40
22
520
517
515
516
614
610
93
57
43
520
517
515
516
292
273
276
274
520
517
515
516
117
611
610
149
256
241
273
137
370
312
487
391
325
520
517
515
516
122
448
144
129
127
2
38
149
22
225
227
226
229
232
231
228
216
219
408
210
408
520
517
515
516
315
313
318
312
520
517
516
507
255
242
144
129
18
520
517
515
516
139
219
292
273
276
274
273
408
79
86
137
137
188
72
192
186
2
150
2
144
114
189
387
387
191
184
194
448
127
448
2
270
259
259
185
190
304
387
387
464
36
36
187
259
585
517
516
394
204
270
122
127
