1
2
2
2
2
4
7
7
5
10
5
12
12
3
17
18
18
18
18
18
18
18
18
18
18
18
18
18
18
18
18
18
18
18
18
18
18
18
18
18
18
18
18
17
47
47
47
47
47
47
47
47
47
47
47
47
47
47
47
47
47
47
47
47
47
47
47
47
47
47
47
47
47
47
47
47
47
47
47
47
47
47
47
47
47
47
47
47
47
47
47
47
47
47
47
47
47
47
47
47
47
47
47
47
47
47
47
47
47
47
47
47
47
47
47
47
47
47
47
47
47
47
47
47
47
47
47
47
47
47
47
47
47
47
47
47
47
47
47
47
47
47
47
47
47
47
47
47
47
47
47
47
47
47
47
47
47
47
47
47
47
47
47
47
47
47
47
47
47
47
47
47
47
47
47
47
47
47
47
48
183
60
185
185
48
188
47
190
190
47
193
193
193
193
193
199
200
200
200
200
200
200
200
200
209
210
210
213
213
213
209
214
214
214
214
214
214
214
214
214
214
214
214
214
214
214
214
214
214
214
214
214
214
214
214
214
214
214
214
214
214
214
214
214
214
214
214
214
214
214
214
254
237
256
256
256
239
260
260
260
239
264
264
264
264
269
269
272
272
221
274
275
275
275
275
275
275
275
275
275
275
275
275
275
275
275
275
275
275
275
275
275
275
275
275
275
275
275
275
275
275
275
275
275
275
275
275
275
275
275
275
275
275
275
275
275
275
275
275
275
275
275
275
275
275
275
275
275
275
275
275
275
275
275
288
339
339
295
342
342
342
342
295
347
347
347
347
296
352
352
352
352
297
357
357
357
357
362
362
362
362
362
362
362
362
362
299
372
372
372
372
300
377
377
377
377
301
382
382
382
382
302
387
387
303
390
390
390
303
394
394
394
305
398
305
400
400
400
400
306
405
306
407
407
407
407
306
412
412
412
412
307
417
417
417
417
275
422
422
422
422
422
422
422
275
430
430
430
430
275
435
435
435
435
275
440
440
440
440
275
445
445
445
445
275
450
450
450
450
308
455
308
457
457
457
457
309
462
309
464
464
464
464
310
469
469
469
469
311
474
474
474
474
312
479
479
479
479
313
484
484
484
484
314
489
489
489
489
315
494
494
494
494
315
499
499
499
499
275
504
504
504
504
504
504
504
275
512
512
512
512
512
316
518
518
521
521
521
524
525
525
525
525
530
530
530
530
530
530
322
537
324
539
325
541
541
541
541
326
546
546
546
546
327
551
551
327
554
554
554
554
328
559
559
328
562
562
562
562
330
567
567
330
570
570
570
570
335
575
575
579
580
580
580
580
580
580
580
580
580
580
590
590
590
590
590
596
597
597
597
597
17
602
602
602
602
602
602
602
602
602
602
602
602
602
602
602
602
602
602
602
602
602
274
624
624
624
624
624
624
624
624
624
624
624
624
624
624
624
624
624
624
624
624
624
624
624
624
624
624
624
624
624
624
624
624
631
657
632
659
632
661
635
663
663
640
666
666
641
669
643
671
644
673
649
675
675
649
678
678
653
681
681
656
684
684
684
684
684
631
639
275
210
18
200
440
450
624
367
296
296
296
296
296
296
296
296
179
179
198
198
198
198
314
314
314
314
314
300
300
300
300
300
300
523
656
298
298
298
298
298
298
630
630
630
313
313
313
313
313
399
399
452
242
336
88
333
524
524
524
524
524
524
524
524
448
647
647
318
318
318
456
456
456
456
456
259
643
643
250
258
290
290
134
514
129
654
178
178
370
334
334
167
304
304
304
304
620
620
294
212
212
490
490
369
535
168
325
325
325
325
536
315
315
315
315
315
622
128
128
244
359
359
459
459
133
517
263
350
350
353
353
76
76
76
76
368
316
316
316
316
316
316
316
316
316
316
84
3
3
415
415
635
635
632
632
632
599
528
322
322
322
322
310
310
310
310
310
310
310
310
252
32
32
544
293
175
633
633
233
174
307
307
307
307
307
307
307
208
208
618
317
317
621
299
299
299
85
85
85
158
309
309
309
309
309
309
309
309
309
444
471
471
471
636
636
636
123
90
37
510
510
20
20
20
20
540
476
476
5
82
240
240
94
306
306
306
306
306
306
40
40
139
169
385
131
289
289
289
289
289
289
289
509
627
241
470
470
465
465
543
236
236
247
83
617
629
629
235
516
230
230
245
429
429
21
87
87
615
447
165
454
463
463
463
463
434
529
612
612
612
612
612
612
612
612
612
612
612
628
628
628
186
378
378
39
39
44
207
232
428
24
23
23
23
23
23
406
406
406
406
159
159
243
243
482
43
587
587
587
587
203
329
329
38
38
330
330
330
330
330
330
330
238
238
225
301
301
301
301
305
305
305
305
348
348
320
320
320
66
219
130
145
616
501
637
585
291
291
651
651
651
651
532
160
160
166
443
36
576
576
324
324
324
324
297
297
297
262
312
312
312
312
312
312
426
426
401
401
433
380
380
425
425
396
292
292
292
292
534
534
623
31
31
31
31
31
31
161
161
641
187
239
148
594
594
295
295
295
295
295
295
331
515
533
533
438
648
648
224
151
126
140
35
584
584
584
584
358
358
595
595
487
526
526
418
418
645
645
645
645
645
146
453
614
228
228
25
147
75
75
631
631
631
458
458
500
500
95
508
508
303
303
303
303
303
303
303
303
303
303
303
413
413
154
419
218
218
218
383
383
327
327
327
327
327
321
321
321
321
321
201
105
105
99
432
491
302
302
332
332
323
323
323
634
655
655
655
655
655
480
480
644
644
181
619
619
34
211
251
449
650
650
650
650
234
234
427
180
180
475
475
288
288
288
288
288
288
288
288
288
288
288
288
288
288
132
202
202
237
102
319
319
319
527
527
527
527
22
22
220
652
652
403
176
221
223
41
68
311
311
311
311
311
311
231
231
246
485
485
586
127
646
86
137
328
328
328
328
328
328
328
229
229
371
4
439
80
80
80
80
80
80
80
466
466
466
222
222
511
326
326
326
326
89
124
355
355
355
308
308
308
308
308
308
308
603
280
215
582
284
65
65
16
16
273
