2
3
4
5
6
7
8
9
10
11
12
13
14
16
18
19
20
21
22
23
24
25
26
27
28
29
30
31
32
33
34
35
36
37
38
39
40
41
42
43
44
45
46
47
48
49
50
51
52
53
54
55
56
57
58
59
60
61
62
63
64
65
66
67
68
69
70
71
72
73
74
75
76
77
78
79
80
81
82
83
84
85
86
87
88
89
90
91
92
93
94
95
96
97
98
99
100
101
102
103
104
105
106
107
108
109
110
111
112
113
114
115
116
117
118
119
120
121
122
123
124
125
126
127
128
129
130
131
132
133
134
135
136
137
138
139
140
141
142
143
144
145
146
147
148
149
150
151
152
153
154
155
156
157
158
159
160
161
162
163
164
165
166
167
168
169
170
171
172
173
174
175
176
177
178
179
180
181
182
183
184
185
186
187
188
189
190
191
192
193
194
195
196
197
198
200
201
202
203
204
205
206
207
208
210
211
212
210
211
212
214
215
216
217
218
219
220
221
222
223
224
225
226
227
228
229
230
231
232
233
234
235
236
237
238
239
240
241
242
243
244
245
246
247
248
249
250
251
252
253
254
255
256
257
258
259
260
261
262
263
264
265
266
267
268
270
271
219
220
273
275
276
277
278
279
280
281
282
283
284
285
286
287
288
289
290
291
292
293
294
295
296
297
298
299
300
301
302
303
304
305
306
307
308
309
310
311
312
313
314
315
316
317
318
319
320
321
322
323
324
325
326
327
328
329
330
331
332
333
334
335
336
337
338
339
340
341
342
343
344
345
346
347
348
349
350
351
352
353
354
355
356
357
358
359
360
361
363
364
365
366
367
368
369
370
371
372
373
374
375
376
377
378
379
380
381
382
383
384
385
386
387
388
389
390
391
392
393
394
395
396
397
398
399
400
401
402
403
404
405
406
407
408
409
410
411
412
413
414
415
416
417
418
419
420
421
422
423
424
425
426
427
428
429
430
431
432
433
434
435
436
437
438
439
440
441
442
443
444
445
446
447
448
449
450
451
452
453
454
455
456
457
458
459
460
461
462
463
464
465
466
467
468
469
470
471
472
473
474
475
476
477
478
479
480
481
482
483
484
485
486
487
488
489
490
491
492
493
494
495
496
497
498
499
500
501
502
503
504
505
506
507
508
509
510
511
512
513
514
515
516
517
518
519
520
522
523
524
525
526
527
528
529
531
532
533
534
535
536
537
538
539
540
541
542
543
544
545
546
547
548
549
550
551
552
553
554
555
556
557
558
559
560
561
562
563
564
565
566
567
568
569
570
571
572
573
574
575
576
577
580
581
582
583
584
585
586
587
588
589
590
591
592
593
594
595
597
598
599
600
601
602
603
604
605
606
607
608
609
610
611
612
613
614
615
616
617
618
619
620
621
622
623
624
625
626
627
628
629
630
631
632
633
634
635
636
637
638
639
640
641
642
643
644
645
646
647
648
649
650
651
652
653
654
655
656
657
658
659
660
661
662
663
664
665
666
667
668
669
670
671
672
673
674
675
676
677
678
679
680
681
682
683
684
685
686
687
688
689
690
691
47
47
47
47
435
445
47
363
175
276
280
431
279
284
422
430
178
193
196
195
197
194
280
283
279
284
504
253
280
431
279
422
430
522
221
137
280
283
279
284
578
218
214
214
236
280
279
284
422
423
422
451
248
92
137
175
92
97
522
506
505
504
512
504
446
97
175
337
175
278
175
441
436
440
450
257
642
92
248
257
291
214
97
513
128
637
179
193
365
175
280
170
280
279
284
422
615
614
175
220
175
512
512
366
175
170
280
279
284
504
97
137
289
280
278
504
606
127
63
248
431
430
446
445
52
513
261
431
430
430
430
79
81
58
59
366
92
97
290
280
283
279
284
278
578
504
85
219
15
431
430
642
637
642
637
175
598
505
250
175
280
278
441
436
283
284
451
446
450
440
216
33
19
175
175
175
642
637
234
175
137
97
280
281
283
284
422
55
57
608
280
284
607
253
280
279
79
175
59
159
280
441
436
279
284
451
446
450
440
441
451
446
450
642
97
637
92
62
39
505
506
95
97
32
19
97
446
445
15
59
240
226
91
280
431
279
284
422
430
41
32
140
170
430
50
219
222
287
285
276
214
214
505
625
248
450
450
450
450
175
236
226
249
83
611
630
214
248
513
248
249
249
423
424
19
61
54
608
446
170
451
175
436
435
445
431
97
615
155
604
605
606
611
607
609
603
610
608
629
625
214
70
430
430
32
37
32
101
248
424
21
21
32
20
26
19
423
422
422
430
160
161
243
226
430
44
589
588
594
582
175
137
280
32
37
137
290
175
284
278
504
214
238
226
217
280
279
284
422
280
279
284
422
430
430
250
175
280
53
220
128
147
610
512
638
582
289
214
92
97
628
214
531
161
160
170
441
37
137
336
337
175
278
578
280
279
422
261
137
231
280
279
284
422
423
424
430
430
431
431
430
423
424
504
250
294
280
284
513
512
609
155
30
29
27
46
156
161
160
642
69
248
146
591
592
280
431
279
284
422
430
175
513
512
512
436
175
647
214
107
92
64
19
581
582
583
590
430
430
592
591
430
512
512
430
430
642
92
637
175
647
144
451
607
248
249
21
146
181
47
642
637
175
445
445
512
512
92
505
506
97
290
91
253
276
280
282
283
279
284
214
430
430
65
430
222
221
214
430
430
290
284
278
504
214
250
137
175
280
278
175
106
104
98
431
512
280
284
97
175
337
175
278
637
137
638
175
656
625
430
430
642
92
182
606
607
19
220
216
446
642
97
637
175
234
226
422
193
193
445
445
92
250
287
97
291
293
276
280
283
279
281
282
284
278
51
175
161
248
106
250
280
278
92
97
513
512
20
19
56
642
637
430
177
219
214
32
53
280
436
279
446
435
445
226
231
249
430
430
588
92
647
59
138
137
290
175
284
278
504
214
229
226
364
15
436
88
81
90
82
87
59
58
451
446
450
214
214
505
290
277
284
504
62
123
175
431
430
280
436
283
284
446
435
445
602
214
214
590
214
190
190
219
15
219
