2
3
4
5
6
7
8
9
10
11
12
13
14
15
16
17
18
19
20
21
22
23
24
25
26
27
28
29
30
31
32
33
34
35
36
37
38
39
40
41
42
43
44
45
46
47
48
49
50
51
52
53
54
55
56
57
58
59
60
61
62
63
64
65
66
67
68
69
70
71
72
73
74
75
76
77
78
79
80
81
82
83
84
85
86
87
88
89
90
91
92
93
94
95
96
97
98
99
100
101
102
103
104
105
106
107
108
109
110
111
112
113
114
115
116
117
118
119
120
121
122
123
124
125
126
127
128
129
130
131
132
133
134
135
136
137
138
139
140
141
142
143
144
145
146
147
148
149
150
151
152
153
154
155
156
157
158
159
160
161
162
163
164
165
166
167
168
169
170
171
172
173
174
175
176
177
178
179
180
181
182
183
184
185
186
187
188
189
190
191
192
193
194
195
196
197
198
199
200
201
23
203
204
205
206
207
208
209
210
211
212
213
214
215
216
217
218
219
220
221
222
223
224
225
227
228
229
230
231
232
233
234
235
236
237
238
239
240
241
242
243
244
245
246
247
248
249
250
251
252
253
254
255
256
257
258
259
260
261
262
263
264
265
266
267
268
269
270
271
272
273
274
275
276
277
278
279
280
281
282
283
284
285
286
287
288
289
290
291
292
293
294
295
296
297
298
299
300
301
302
303
304
305
306
307
308
309
310
311
312
313
314
315
316
317
318
319
320
321
322
323
324
325
326
327
328
329
330
331
332
333
334
335
336
337
338
339
340
341
342
343
344
345
346
347
348
349
350
351
352
353
354
355
356
357
358
359
360
361
362
363
364
365
366
367
368
369
370
371
372
373
374
375
376
377
378
379
380
381
382
383
384
385
386
387
388
389
390
391
392
393
394
395
396
397
398
399
400
401
402
403
292
399
258
21
26
7
15
6
377
381
378
370
21
6
24
21
7
19
6
21
6
24
21
7
19
6
320
24
258
21
7
13
6
21
23
6
245
270
229
24
258
21
7
13
15
6
56
21
58
6
11
6
346
380
377
381
370
298
248
235
21
6
21
26
8
5
6
258
21
26
7
15
6
290
230
24
21
6
21
26
6
264
56
57
21
6
238
21
23
6
271
317
380
377
381
372
369
370
21
6
299
380
377
381
372
369
370
56
57
21
6
231
21
6
310
21
6
56
21
58
6
236
21
23
6
361
363
363
348
21
6
268
380
377
381
372
374
369
370
25
379
229
290
236
56
21
58
6
56
57
21
6
21
6
268
21
23
6
375
370
309
21
26
9
11
8
5
6
56
21
58
6
263
19
6
13
11
350
7
20
17
18
14
8
16
10
5
15
4
12
21
6
279
229
21
26
6
263
375
369
371
372
374
370
368
258
21
7
13
14
6
227
7
17
18
16
12
56
57
21
6
21
6
56
57
21
6
320
21
6
21
6
21
6
56
57
21
6
21
6
230
56
21
58
6
380
377
381
370
292
242
380
377
381
372
369
370
21
6
21
6
56
57
21
6
21
6
232
362
359
360
351
352
350
353
273
272
24
21
6
56
57
21
6
278
280
21
6
245
21
6
298
235
21
6
238
25
56
57
21
6
24
258
21
7
13
6
21
23
6
299
243
379
377
381
378
370
21
6
21
6
238
21
6
24
21
7
19
6
258
232
272
365
56
57
21
6
21
6
21
6
312
24
21
6
349
348
351
11
352
6
346
353
354
106
293
21
6
21
6
262
228
231
21
6
346
377
370
264
21
6
239
298
248
380
377
381
372
369
370
24
258
21
7
13
15
6
56
21
58
6
230
239
298
231
278
21
23
6
24
21
6
56
57
21
6
247
56
57
21
6
241
248
21
6
278
280
242
380
377
381
373
375
372
369
370
365
364
347
354
24
21
6
380
377
381
372
369
370
273
272
317
274
264
377
381
378
370
21
6
261
247
365
354
348
380
377
381
370
232
24
21
7
19
6
345
345
21
6
106
21
6
106
21
106
21
106
21
106
21
106
21
6
106
21
6
106
21
6
106
21
6
106
21
6
106
21
6
106
21
106
58
21
6
106
21
106
21
6
106
24
21
6
106
24
21
6
106
21
23
106
21
26
6
106
21
6
106
21
6
106
21
6
106
21
6
106
21
23
106
21
23
106
21
23
106
21
6
106
21
6
106
21
6
106
21
6
106
24
21
6
106
24
21
6
106
7
19
7
20
7
7
21
26
6
106
24
21
6
106
24
21
6
106
24
21
6
106
24
21
6
106
268
7
7
12
7
25
21
23
106
21
23
106
21
6
106
21
6
106
7
7
12
25
21
26
6
106
21
26
6
106
21
26
6
106
21
6
106
21
6
106
