1
2
2
2
2
2
2
2
2
2
2
2
2
2
2
2
2
2
2
2
2
2
2
2
2
2
2
2
2
2
2
2
2
2
2
2
2
2
2
2
2
2
2
2
2
2
2
2
2
2
2
2
2
2
2
2
2
2
2
2
2
2
2
2
2
2
2
2
2
46
71
71
74
75
76
77
78
79
80
81
82
82
82
82
82
82
82
82
82
82
82
82
82
82
82
82
82
82
82
82
94
103
96
105
100
107
101
109
102
111
82
113
113
113
113
113
104
81
120
120
120
120
120
120
120
120
120
120
120
120
120
120
120
120
120
120
120
120
120
120
120
120
120
120
120
120
120
120
120
120
120
120
120
120
120
138
158
158
138
161
161
140
164
164
140
167
140
169
120
171
171
171
171
171
171
120
178
120
180
180
180
180
180
186
187
187
187
187
187
187
187
187
187
187
187
187
187
187
187
187
187
187
187
187
187
187
187
187
187
187
187
187
187
187
187
187
187
187
187
187
187
187
187
187
187
187
187
187
187
187
187
187
187
187
187
187
187
187
187
187
187
187
187
187
187
187
187
187
187
187
187
187
187
187
187
187
187
187
187
187
187
187
187
187
187
187
187
187
187
187
187
187
187
208
277
212
279
1
281
281
281
281
281
281
281
281
281
281
281
281
281
281
281
281
281
281
281
281
281
281
281
281
281
281
281
281
281
281
281
281
281
281
281
281
281
281
281
281
281
281
281
281
281
281
281
281
281
281
281
281
281
281
281
281
281
281
281
281
281
281
281
281
281
281
281
281
281
281
281
281
281
281
281
281
281
281
281
281
281
281
281
281
281
281
281
281
281
281
281
319
373
373
376
378
379
380
381
382
383
384
384
384
384
384
384
384
384
384
384
384
384
384
384
384
384
384
384
384
384
384
384
384
384
384
384
384
384
384
384
384
384
384
384
384
384
384
384
384
384
384
384
384
384
384
384
384
384
384
384
384
384
384
384
384
384
384
384
384
384
384
384
384
384
384
384
384
384
384
384
384
384
384
384
384
384
384
384
384
384
384
384
384
402
468
417
470
417
472
417
474
417
476
417
478
120
316
316
232
232
432
432
432
432
39
39
39
226
349
264
264
458
273
273
424
424
424
364
364
434
434
251
460
153
153
153
153
20
20
33
51
51
51
310
15
15
223
223
360
360
416
416
416
416
55
55
55
55
55
55
252
423
445
14
14
43
43
43
463
435
435
435
435
447
62
62
204
204
429
429
429
429
429
429
429
429
429
429
429
429
429
429
436
436
26
26
325
325
330
437
437
258
151
151
151
151
175
314
314
67
365
365
37
37
41
352
352
110
245
245
257
145
184
184
234
234
44
44
208
208
59
59
354
246
56
56
56
56
56
56
56
177
168
168
168
324
324
334
334
334
334
334
334
334
334
334
431
326
50
50
50
244
366
235
235
170
274
274
465
465
465
241
224
117
117
117
305
305
327
327
181
218
218
430
430
430
255
255
441
441
339
339
339
276
18
311
311
331
331
331
331
140
140
140
140
140
140
21
21
21
459
319
319
319
319
319
319
319
319
319
319
319
319
319
319
319
319
64
206
206
206
206
206
451
63
313
455
455
455
455
455
156
479
48
53
53
268
205
148
148
148
148
148
148
148
148
148
148
148
34
332
332
332
332
332
332
332
38
104
372
362
157
452
452
452
452
351
351
351
351
351
243
269
269
444
221
221
328
328
462
336
61
61
61
222
222
267
361
361
249
262
262
342
342
342
342
95
95
95
356
278
278
29
29
272
272
357
428
428
442
442
32
198
346
456
315
315
142
142
142
142
142
142
320
454
454
454
454
454
454
146
146
146
146
256
256
464
464
464
242
242
182
182
253
253
427
427
427
427
427
427
427
427
149
149
149
149
149
149
149
149
149
149
340
450
450
317
338
421
421
421
421
141
141
141
141
141
141
141
141
201
229
229
449
308
323
350
417
417
60
60
259
259
348
370
370
370
370
370
220
220
23
23
23
270
270
466
347
347
47
47
318
321
321
199
199
199
199
207
207
173
344
440
440
52
52
52
266
209
209
209
209
209
337
337
337
219
219
202
147
147
147
147
147
147
96
236
236
49
49
413
413
413
413
413
413
413
413
413
413
413
413
413
413
413
197
312
312
312
196
196
196
196
196
412
363
363
363
363
363
363
363
363
363
363
144
144
144
144
144
144
90
90
227
227
217
217
27
240
461
45
66
233
216
216
280
152
155
54
101
101
101
225
19
19
250
420
420
420
420
420
304
304
467
358
358
358
24
24
24
183
183
185
185
374
374
374
374
374
30
137
343
343
343
42
457
457
25
25
25
375
100
138
138
138
138
174
116
116
261
261
419
419
419
448
448
439
439
439
439
439
46
46
46
46
422
422
422
422
238
238
228
69
248
58
99
99
99
438
438
438
438
65
329
329
239
425
57
57
57
57
57
57
57
57
57
57
57
57
57
57
70
118
254
254
369
322
247
247
453
453
179
446
307
307
203
203
353
92
92
102
102
230
230
367
22
22
22
335
335
335
335
335
335
335
335
335
335
335
335
335
335
335
335
335
335
335
335
426
418
341
341
341
341
213
213
368
368
368
16
31
94
94
94
443
212
28
28
28
28
28
28
28
28
93
93
68
143
215
215
211
211
150
150
150
150
359
359
359
237
237
263
263
154
309
265
265
371
231
231
275
176
200
333
306
40
260
260
17
17
17
345
127
131
10
88
88
395
295
119
