2
3
4
5
6
7
8
9
10
11
12
13
14
15
16
17
18
19
20
21
22
23
24
25
26
27
28
29
30
31
32
33
34
35
36
37
38
39
40
41
42
43
44
45
46
47
48
49
50
51
52
53
54
55
56
57
58
59
60
61
62
63
64
65
66
67
68
69
70
71
72
73
9
28
45
49
56
57
61
82
83
84
85
86
87
88
89
90
91
92
93
94
95
96
97
98
99
100
101
102
103
104
105
106
107
108
109
110
111
112
113
114
115
116
117
118
119
120
121
122
123
124
125
126
127
128
129
130
131
132
133
134
135
136
137
138
139
140
141
142
143
144
145
146
147
148
149
150
151
152
153
154
155
156
157
158
159
160
161
162
163
164
165
166
167
168
169
170
171
172
173
174
175
176
177
178
179
180
181
182
183
184
185
187
188
189
190
191
192
193
194
195
196
197
198
199
200
201
202
203
204
205
206
207
208
209
210
211
212
213
214
215
216
217
218
219
220
221
222
223
224
225
226
227
228
229
230
231
232
233
234
235
236
237
238
239
240
241
242
243
244
245
246
247
248
249
250
251
252
253
254
255
256
257
258
259
260
261
262
263
264
265
266
267
268
269
270
271
272
273
274
275
276
277
278
279
280
281
282
283
284
285
286
287
288
289
290
291
292
293
294
295
296
297
298
299
300
301
302
303
304
305
306
307
308
309
310
311
312
313
314
315
316
317
318
319
320
321
322
323
324
325
326
327
328
329
330
331
332
333
334
335
336
337
338
339
340
341
342
343
344
345
346
347
348
349
350
351
352
353
354
355
356
357
358
359
360
361
362
363
364
365
366
367
368
369
370
371
372
373
374
375
377
294
334
335
347
367
384
385
386
387
388
389
390
391
392
393
394
395
396
397
398
399
400
401
402
403
404
405
406
407
408
409
410
411
412
413
414
415
416
417
418
419
420
421
422
423
424
425
426
427
428
429
430
431
432
433
434
435
436
437
438
439
440
441
442
443
444
445
446
447
448
449
450
451
452
453
454
455
456
457
458
459
460
461
462
463
464
465
466
467
468
469
470
471
472
473
474
475
476
477
478
479
82
458
295
195
191
258
386
395
397
18
12
13
191
298
195
191
396
195
191
368
392
281
295
384
392
391
191
402
175
174
127
171
18
13
7
458
18
10
311
3
7
195
191
340
289
417
201
199
418
462
457
229
449
10
4
253
392
392
6
4
37
4
5
397
202
392
393
391
392
3
8
195
191
241
433
414
415
434
242
392
385
398
386
395
397
400
391
392
386
44
4
461
295
299
438
392
191
102
147
142
136
172
458
295
9
295
384
31
4
13
458
295
96
195
191
191
129
144
92
195
191
45
4
191
384
4
13
288
191
437
39
435
10
4
3
9
172
123
180
178
466
295
437
359
435
294
288
295
287
289
301
397
300
458
18
10
191
294
195
191
99
195
191
198
392
395
191
191
91
118
114
287
290
461
295
92
195
191
392
389
391
195
191
438
391
340
425
295
191
9
458
295
358
288
287
297
123
124
135
125
128
134
458
18
10
390
321
320
322
286
303
302
283
282
289
285
296
288
287
298
300
284
12
207
208
190
191
384
401
12
288
63
317
392
281
2
136
424
4
55
4
191
206
149
174
176
127
122
129
130
121
132
131
171
4
462
457
229
333
449
288
295
13
97
301
288
133
453
425
218
395
454
353
352
295
289
191
195
191
405
195
191
458
295
406
288
458
18
10
195
191
191
340
289
191
195
191
422
288
295
289
96
83
86
288
210
209
4
13
195
191
289
432
392
386
393
7
191
301
397
458
295
176
122
127
121
126
171
294
348
343
345
392
386
281
147
100
142
136
195
191
371
392
281
189
191
144
92
195
191
224
430
431
386
408
395
400
401
177
174
176
127
122
124
123
121
126
171
289
451
400
300
299
453
457
392
389
142
176
127
133
135
125
128
171
191
195
191
400
292
297
298
402
387
18
12
260
191
289
256
457
353
242
295
195
191
458
18
10
195
191
407
458
295
28
48
300
461
295
200
194
189
192
210
191
172
289
386
391
458
18
10
191
208
209
449
189
384
288
289
299
195
191
191
148
149
174
176
127
171
98
195
191
46
48
200
395
389
406
407
403
404
388
394
405
386
396
402
387
187
191
425
295
289
195
193
191
192
120
384
466
357
353
288
295
291
289
298
300
301
176
122
127
121
126
171
85
84
195
191
195
191
28
191
404
46
11
234
195
191
214
133
134
12
85
83
86
191
18
12
191
426
385
398
386
400
288
293
394
349
297
289
458
18
10
144
92
144
92
321
325
324
327
326
13
120
288
287
297
4
395
187
458
18
10
321
86
123
133
125
134
172
114
115
195
191
425
392
391
451
400
225
386
395
389
400
29
18
4
11
427
428
386
399
195
191
191
5
191
4
96
83
86
439
385
386
399
11
458
295
191
429
58
436
42
59
416
13
9
6
12
10
4
3
11
8
13
113
195
191
289
297
195
191
411
397
93
391
287
292
195
191
288
116
88
83
84
195
191
294
458
18
10
362
436
338
337
339
422
336
444
416
293
289
296
290
301
294
288
287
295
300
298
397
389
422
288
295
289
214
191
369
288
301
17
4
89
83
87
393
191
31
29
33
32
18
4
11
7
95
94
9
136
195
191
212
213
147
101
142
136
320
289
300
195
191
195
191
129
292
195
191
301
195
191
191
172
191
288
292
13
195
191
458
18
10
300
171
139
384
113
113
187
384
83
