2
3
4
5
6
7
8
9
10
11
12
13
14
15
16
17
18
19
20
21
22
23
24
25
26
27
28
29
30
31
32
33
34
35
36
37
38
39
40
41
42
43
44
45
46
47
48
49
50
51
52
53
54
55
56
57
58
59
60
61
62
63
64
65
66
67
22
70
71
72
73
74
75
76
77
78
79
80
81
82
83
84
85
86
87
88
89
90
91
92
93
94
95
96
97
98
99
100
101
102
103
104
105
106
107
108
109
110
111
112
113
114
115
116
117
118
119
120
121
122
123
124
125
126
127
128
129
130
131
132
133
134
135
136
137
138
139
140
141
142
143
144
145
146
147
148
149
150
151
152
153
154
155
156
157
158
159
160
161
162
163
164
165
166
167
168
169
170
171
172
173
174
175
176
177
178
179
180
181
182
183
184
185
186
187
188
189
190
191
192
193
194
195
196
197
198
199
200
201
202
203
204
205
206
207
208
209
210
211
212
213
214
215
216
217
218
219
220
221
222
223
224
225
226
227
228
229
230
231
232
233
234
235
236
237
238
239
240
241
242
243
244
245
246
247
248
249
250
251
252
253
254
255
256
257
258
259
260
261
262
263
264
265
266
267
268
269
270
271
272
273
274
275
276
277
278
279
280
281
282
283
284
285
286
287
288
289
290
291
292
293
294
295
296
297
298
299
300
301
302
303
304
305
306
307
308
309
310
311
312
313
314
315
316
317
318
319
320
321
322
323
324
325
326
327
328
329
330
331
332
333
334
335
336
337
338
325
46
45
47
74
2
2
97
98
269
268
84
220
98
98
98
231
87
84
86
165
72
93
70
86
215
98
98
87
98
97
90
92
84
86
90
93
85
97
72
87
32
98
90
123
72
98
2
52
4
86
216
60
55
5
2
96
186
189
269
276
143
199
148
85
72
98
86
205
122
70
98
52
236
140
164
93
70
96
86
54
5
2
94
86
195
196
87
86
98
96
98
189
143
98
122
70
213
203
6
4
85
72
84
86
270
70
254
90
195
196
87
326
86
327
314
325
98
305
302
299
301
300
294
61
59
60
209
208
90
141
98
90
96
98
130
84
86
85
164
85
72
93
58
59
98
86
138
41
41
12
6
86
135
270
90
70
97
2
90
325
325
132
165
158
90
295
292
293
262
95
94
44
270
217
72
326
84
70
96
145
90
70
98
165
86
98
61
96
93
70
61
59
60
90
72
86
98
326
98
315
148
85
72
314
98
256
164
270
70
270
302
299
301
300
90
70
291
86
2
90
2
149
209
208
262
95
94
276
231
86
195
72
326
327
329
329
325
88
98
84
85
98
86
96
98
98
86
98
98
98
97
61
58
59
60
165
326
327
2
2
98
330
50
46
45
47
231
85
84
98
89
326
93
28
6
2
2
2
115
229
89
86
90
100
93
35
18
4
34
4
86
57
57
98
86
137
8
7
135
90
97
164
98
13
317
90
139
216
330
90
139
85
72
301
84
90
298
137
105
70
70
219
277
229
98
95
86
86
93
86
86
188
191
276
187
199
85
98
86
32
32
87
88
98
92
84
95
86
90
94
93
100
85
97
87
72
99
96
70
70
98
211
96
72
90
146
143
98
90
152
85
147
86
92
98
85
84
98
330
72
212
208
98
98
76
98
78
80
83
79
16
29
30
4
2
2
190
85
276
85
72
84
165
262
95
94
97
72
87
86
90
85
92
84
98
135
105
270
95
86
90
94
96
93
70
97
98
98
295
292
294
293
98
276
86
136
301
90
298
147
90
53
53
2
291
70
