2
3
4
5
6
7
8
9
10
11
12
13
14
15
16
17
18
19
20
21
22
23
24
25
26
27
28
29
30
31
32
33
34
35
36
37
39
40
41
42
43
45
46
47
48
49
51
52
53
54
55
57
58
59
60
61
63
64
65
66
67
69
70
71
72
73
75
76
77
78
79
81
82
83
84
85
86
87
89
90
91
92
93
95
96
97
98
99
101
103
105
107
109
110
111
112
113
115
117
119
121
123
124
125
126
127
129
130
131
132
133
135
136
137
139
140
141
142
143
145
146
147
148
149
151
152
153
154
155
157
158
159
160
161
163
164
165
166
167
168
169
171
172
173
174
175
176
177
179
180
181
182
183
184
185
187
188
189
190
191
192
193
195
196
197
199
200
201
203
204
205
206
207
208
209
210
211
5
7
6
3
7
3
3
3
3
3
3
3
3
3
3
3
3
3
3
3
3
3
3
3
3
3
3
3
3
