2
3
4
5
6
7
8
9
10
11
12
13
14
15
16
17
18
19
20
21
22
23
24
25
26
27
28
29
30
31
32
33
34
35
36
37
38
39
40
42
43
44
42
43
44
47
48
49
50
51
52
53
54
55
58
59
60
61
62
64
65
66
67
68
69
70
71
72
73
74
75
76
77
78
79
80
81
82
83
84
85
86
87
88
89
90
91
92
93
94
95
96
97
98
99
100
101
102
67
68
105
106
107
108
109
79
80
81
82
83
86
85
113
78
117
118
119
120
121
122
123
124
125
126
127
129
130
131
132
133
134
135
136
137
138
139
140
142
143
144
145
146
147
148
149
150
151
152
153
154
155
156
157
158
159
160
161
162
163
164
165
166
168
169
168
169
173
174
175
176
177
178
179
181
182
183
184
185
186
187
188
189
190
191
192
193
194
195
196
197
198
199
200
201
202
203
204
205
206
207
208
209
210
211
212
213
214
215
216
217
218
219
220
221
222
223
224
225
226
227
228
229
230
231
232
233
234
235
236
237
238
239
240
241
242
243
244
245
246
247
248
249
250
251
252
253
254
255
256
257
258
259
260
261
262
263
264
265
266
267
268
269
270
271
275
276
208
278
279
280
249
283
284
285
286
287
288
289
290
291
292
293
294
295
296
297
298
299
300
301
302
303
304
305
306
307
308
309
310
311
312
313
314
315
316
317
318
319
320
321
322
323
324
325
326
327
328
329
330
331
332
333
334
335
336
337
338
339
340
341
342
343
344
345
346
347
348
349
350
351
352
353
354
355
356
357
358
359
360
361
362
363
364
365
366
367
368
326
371
372
373
374
375
376
377
378
379
380
381
382
383
384
385
386
387
388
389
390
391
392
393
394
395
396
397
398
399
400
401
402
403
404
405
406
407
408
409
410
411
412
413
414
415
416
417
418
419
420
421
422
423
424
425
426
427
428
429
430
431
432
433
434
435
436
437
438
439
440
441
442
443
444
445
446
447
448
449
450
451
452
453
454
455
456
457
458
459
460
461
462
463
464
465
466
467
468
469
470
471
472
473
474
475
476
477
478
479
480
481
482
483
484
485
486
487
488
489
490
491
492
493
494
495
496
497
498
499
500
501
502
503
504
505
506
507
508
509
510
511
512
513
514
515
516
517
518
519
520
521
522
523
524
525
526
527
528
529
530
531
532
533
534
535
536
537
538
539
540
541
542
543
544
545
546
547
548
549
550
551
552
553
555
556
557
558
559
560
561
562
563
564
565
566
567
568
569
558
572
561
562
575
576
577
578
579
580
563
564
583
585
586
587
588
589
590
591
592
593
594
595
596
597
589
599
600
590
593
607
608
609
610
611
612
613
610
617
618
619
620
621
622
623
624
625
626
627
628
629
630
631
633
634
635
636
637
638
639
640
641
642
643
644
645
646
647
648
649
650
651
652
653
654
655
656
657
658
659
660
661
662
663
664
665
666
667
668
669
670
671
672
673
674
675
676
677
678
679
680
681
682
683
684
685
686
687
688
689
690
691
692
693
694
695
696
697
698
699
700
701
702
703
704
705
706
707
708
709
710
711
712
713
714
715
716
717
718
719
720
721
722
723
724
725
726
727
728
729
730
731
732
733
734
735
736
737
738
739
740
741
742
743
744
745
746
747
748
749
750
751
752
753
754
755
756
757
758
759
760
761
762
763
766
767
768
769
770
771
772
773
774
775
776
777
778
779
780
781
782
783
784
785
786
787
788
789
790
791
792
793
794
795
796
797
798
799
800
801
802
803
804
805
806
807
808
809
810
811
812
813
814
815
816
817
818
819
820
821
822
823
824
825
826
827
828
829
830
831
832
833
834
835
836
837
838
839
840
841
842
843
844
845
846
847
830
831
832
833
839
840
841
842
843
844
845
846
847
856
857
858
859
860
861
862
863
864
865
866
867
868
869
870
871
872
873
874
875
876
877
878
879
880
881
882
883
884
885
886
887
888
889
890
891
892
893
894
895
896
897
900
886
902
903
904
887
906
907
908
909
910
911
912
913
914
915
916
917
918
919
920
921
922
923
924
925
926
927
928
929
930
931
932
933
934
935
936
937
938
939
940
941
942
943
944
945
946
947
948
949
950
951
952
953
954
955
956
957
958
959
960
961
962
963
964
965
966
967
968
969
970
971
963
974
975
976
977
978
979
980
981
982
983
984
985
986
987
988
989
990
991
992
993
994
995
996
997
993
999
1000
999
1000
1004
1005
1006
1004
1006
1011
1013
1014
1015
1016
1017
1018
1019
1020
1021
1022
1023
1024
168
999
607
974
168
999
293
907
422
409
965
948
283
5
912
911
910
909
560
564
562
229
214
346
184
907
274
397
373
404
602
602
602
21
842
844
846
189
188
184
274
829
776
775
632
911
419
550
714
49
43
907
665
102
84
83
148
382
568
193
214
191
274
912
22
250
294
907
328
919
869
710
678
661
641
674
666
670
673
645
654
672
667
665
669
643
647
671
662
680
653
556
570
814
813
149
429
48
397
203
342
344
359
185
190
182
784
191
184
187
245
907
445
439
637
635
650
662
764
405
88
114
670
764
1015
1014
213
294
907
999
650
965
948
283
682
715
464
637
764
907
965
948
283
163
144
299
556
417
642
414
271
169
208
269
267
168
384
157
375
262
294
194
293
657
764
407
399
421
19
294
181
390
647
410
291
289
287
861
283
283
646
389
423
697
945
946
948
947
555
972
214
191
274
389
227
907
341
253
294
907
406
386
709
626
627
460
686
817
822
490
493
738
818
492
620
621
769
618
619
797
633
632
633
371
294
295
181
677
764
1021
1020
1019
1023
1024
1022
22
3
193
413
386
3
90
114
151
23
92
114
227
907
182
192
419
587
633
401
194
260
294
6
4
217
294
4
412
190
346
241
184
907
274
965
948
283
907
999
101
431
168
182
186
297
911
569
674
666
664
646
671
670
673
672
669
667
663
882
555
907
221
294
18
815
832
229
924
214
184
907
274
416
224
346
184
907
274
414
387
214
191
274
205
429
919
859
194
400
342
184
779
767
472
637
638
134
131
133
130
132
424
244
294
907
428
666
907
21
665
764
426
422
693
694
692
656
657
636
658
793
663
764
665
410
192
38
14
36
10
32
28
8
30
34
26
268
877
267
266
16
79
907
229
228
924
214
184
907
274
342
190
182
191
184
640
383
594
682
717
702
462
700
732
696
586
587
602
918
927
933
912
910
909
380
470
711
462
492
637
653
191
638
1015
300
423
295
259
294
911
393
23
295
409
185
907
668
74
919
858
185
274
274
593
676
220
294
840
184
168
829
923
860
634
665
415
160
159
144
145
341
224
294
907
394
378
658
764
965
945
950
948
949
972
283
222
333
294
216
294
641
919
860
919
861
420
380
376
907
907
198
89
114
223
294
907
907
427
909
285
796
709
633
831
189
188
218
294
391
264
294
213
402
417
634
664
907
194
382
395
303
2
606
602
700
732
586
587
602
186
261
294
377
907
5
355
234
235
232
934
228
236
233
938
937
810
923
342
344
231
924
367
936
211
359
874
799
191
861
184
878
865
907
274
274
907
219
294
25
39
33
888
31
696
27
29
884
866
883
899
283
16
1015
48
666
296
698
93
114
652
247
346
184
907
838
847
843
845
839
841
837
42
907
829
1004
168
341
250
294
907
214
191
245
346
184
907
379
400
144
145
146
411
907
298
151
194
832
224
294
907
563
567
876
799
875
662
134
131
133
965
948
283
237
294
907
907
47
907
965
948
283
189
274
2
274
923
869
243
294
907
296
644
129
801
649
585
286
224
294
907
714
552
678
661
666
645
654
637
665
667
647
680
662
653
764
214
191
377
20
424
403
161
147
149
797
907
403
408
912
470
719
717
711
462
548
450
492
637
661
665
655
653
675
764
393
390
263
294
223
294
907
246
294
907
253
346
184
907
204
294
676
800
6
253
294
907
907
381
411
735
148
191
274
385
884
633
298
301
392
614
830
168
70
841
356
837
68
66
67
65
114
907
87
78
829
82
168
833
194
936
937
942
348
193
184
907
274
301
907
214
191
274
406
907
668
779
767
293
732
907
404
20
963
558
945
946
799
186
399
395
184
187
293
373
923
861
376
937
925
907
907
570
732
586
587
396
907
47
341
223
294
907
563
561
289
567
876
875
865
283
964
558
945
946
948
947
283
555
96
100
98
839
101
97
229
228
230
214
225
226
357
351
924
942
183
184
907
274
470
504
683
528
682
737
472
500
530
502
661
641
650
648
655
649
638
656
657
646
642
639
640
679
659
678
634
668
645
637
651
643
647
662
644
653
658
660
371
585
764
129
909
134
131
133
130
381
20
299
918
880
1015
374
396
185
274
830
168
385
919
881
394
199
656
764
664
764
426
214
191
480
490
476
484
687
478
516
482
532
498
641
650
674
666
648
638
656
657
671
680
640
675
659
634
668
670
673
645
654
676
637
672
643
665
667
669
662
658
653
764
431
670
764
201
294
84
83
87
907
398
202
293
181
190
774
809
799
302
185
191
184
416
2
911
245
907
623
625
402
761
758
759
186
679
185
182
427
154
155
156
868
867
146
405
779
767
293
691
658
17
19
20
18
22
21
412
149
374
432
38
36
32
28
30
26
342
346
191
184
274
16
407
227
346
184
907
413
17
923
858
950
777
949
214
191
566
809
289
291
806
567
565
287
862
283
214
191
274
150
392
300
383
430
634
663
232
192
911
408
565
556
240
294
907
907
194
470
682
717
715
464
711
462
450
716
492
637
764
732
587
415
91
114
677
764
49
346
244
184
907
285
398
147
401
17
474
637
640
907
432
134
131
133
130
923
19
94
114
910
388
691
656
303
818
490
682
712
711
462
621
633
633
907
1005
1015
190
430
428
950
421
134
131
133
130
667
379
637
371
425
633
286
215
294
611
866
1015
1014
607
2
965
948
283
194
387
247
294
907
297
388
425
375
224
346
184
907
717
653
764
378
709
418
251
250
921
1000
342
942
866
182
184
865
907
999
274
151
384
826
923
859
653
602
910
655
18
418
229
924
214
184
907
274
249
830
907
999
661
907
252
294
965
948
283
184
643
241
294
907
907
1015
1014
965
948
283
79
248
294
907
831
242
294
907
833
391
420
302
691
657
293
274
825
274
274
764
764
114
114
765
633
371
633
342
770
769
773
764
764
604
764
632
632
114
114
555
764
811
114
114
274
764
898
797
824
764
1007
1007
764
764
114
114
772
771
2
633
114
114
777
168
764
449
632
764
274
633
797
114
114
114
114
585
803
765
274
764
87
274
764
570
764
181
765
371
764
129
839
16
39
883
39
883
586
602
830
249
294
831
832
832
696
29
884
888
31
27
696
29
884
899
283
83
39
883
39
883
39
883
68
67
68
82
168
841
67
78
83
839
912
911
910
909
861
856
833
833
208
168
840
842
844
846
189
188
274
1004
168
847
843
845
841
42
907
17
19
20
18
22
21
865
856
1000
169
