1
2
3
4
3
7
8
9
11
12
12
12
12
14
17
15
19
16
21
14
15
16
26
27
27
27
27
31
7
33
9
36
37
37
37
37
37
37
7
44
9
47
48
48
48
48
48
48
48
48
48
48
48
48
48
48
48
48
48
48
48
48
48
48
48
48
48
48
48
48
48
48
48
48
48
48
48
48
48
48
48
48
48
48
48
48
48
48
48
48
48
48
48
48
48
48
48
48
48
48
48
48
48
48
48
48
48
48
48
48
48
48
48
48
48
48
48
48
48
48
48
48
125
130
131
131
131
131
131
133
137
133
134
135
3
135
117
74
66
66
66
66
62
62
62
62
85
96
126
126
119
81
87
87
87
87
87
87
87
87
87
110
127
127
61
61
61
61
60
60
60
60
78
78
106
106
59
59
59
97
97
83
95
73
45
94
112
125
125
125
125
68
80
80
70
120
71
71
71
71
71
71
114
109
101
101
101
101
65
72
76
76
122
105
105
105
105
34
42
107
107
107
107
107
82
113
136
111
84
84
40
63
128
128
128
128
128
128
9
102
102
102
102
79
79
123
100
69
103
103
103
75
75
124
124
124
124
124
124
124
124
124
124
86
86
93
93
64
99
99
134
67
121
121
77
77
104
104
104
104
98
108
108
108
108
108
108
115
118
132
13
129
46
35
10
