1
2
2
2
2
2
2
2
2
2
2
2
2
2
7
16
11
18
20
21
21
21
21
23
27
28
28
28
29
32
29
34
34
29
37
27
39
39
39
27
43
43
43
43
27
48
48
48
48
48
48
48
48
48
48
48
48
48
48
48
19
19
19
29
29
29
35
35
35
73
29
29
19
22
22
30
30
84
19
86
87
47
89
90
90
90
90
91
92
93
94
94
94
95
96
97
98
99
56
101
102
102
102
102
102
102
102
102
102
102
102
102
102
102
102
102
102
102
102
102
102
102
102
102
102
102
102
102
102
122
132
102
134
134
134
134
134
134
134
39
43
139
63
130
11
124
131
131
131
128
29
29
29
29
29
29
29
29
62
126
118
123
123
127
47
47
47
125
129
59
58
30
61
57
42
38
38
38
38
38
38
121
140
140
140
140
140
140
140
140
13
9
120
137
137
122
122
122
122
122
122
122
60
138
138
138
138
138
14
41
115
115
12
10
10
35
119
119
119
119
36
46
46
46
19
45
64
65
65
65
86
67
69
69
89
89
89
70
90
90
91
79
95
96
97
98
99
85
85
85
85
85
85
