2
3
4
5
6
7
8
9
10
11
12
13
14
15
16
17
18
19
20
21
22
23
24
25
26
27
28
29
30
31
32
33
35
36
37
38
39
40
41
42
43
44
45
46
47
48
49
50
51
52
53
54
55
56
57
58
59
60
61
62
63
64
65
66
67
68
69
70
71
72
73
74
75
76
77
78
79
80
81
82
83
84
85
86
87
88
89
90
91
92
93
94
95
96
97
98
99
100
101
102
103
104
105
106
107
108
109
110
111
112
113
114
115
116
117
118
119
120
121
122
123
124
125
126
127
128
129
130
131
132
133
134
135
136
137
138
139
140
141
142
143
144
145
146
147
148
149
150
151
152
153
154
155
156
157
158
159
160
161
162
163
164
165
166
167
168
169
170
171
172
173
174
175
176
177
178
179
180
181
182
183
184
185
186
187
188
189
190
191
192
193
194
195
196
197
198
199
200
201
202
203
204
205
206
207
208
209
210
211
212
213
214
215
216
217
218
219
220
221
222
223
224
225
226
227
228
229
230
231
232
233
234
235
236
237
238
239
240
241
242
243
244
245
246
247
248
249
250
252
253
254
255
256
257
258
259
260
261
262
263
264
265
266
267
268
269
270
271
272
273
274
275
276
277
279
280
281
282
283
284
285
286
287
288
289
290
291
292
293
294
295
296
297
298
299
300
301
302
303
304
305
306
307
308
309
310
311
312
313
314
315
316
317
318
319
320
322
323
324
325
326
327
328
329
330
331
332
333
334
335
336
337
338
339
340
341
342
343
344
345
346
347
348
349
350
351
352
353
354
355
356
357
358
79
57
168
309
282
280
281
292
261
53
52
112
342
326
322
117
325
325
324
55
342
326
322
79
241
240
239
238
108
326
101
306
301
299
300
294
82
83
80
81
113
94
101
57
52
108
241
240
239
186
325
326
325
325
326
322
322
83
82
160
102
96
109
116
116
139
325
352
351
312
313
138
105
106
3
11
4
5
12
6
326
332
325
261
106
166
186
54
169
109
264
28
21
22
27
23
29
141
82
19
17
9
10
6
145
136
98
99
132
109
254
325
161
114
186
238
292
106
326
325
102
108
312
313
128
106
111
112
253
108
261
170
254
255
160
96
109
116
263
266
260
137
145
98
99
37
349
349
61
133
109
117
35
112
118
61
43
102
96
116
61
43
49
44
313
56
49
108
16
3
7
20
79
244
91
342
326
322
352
351
322
322
58
50
51
261
145
141
184
304
305
307
282
280
296
281
260
292
106
108
121
143
295
296
293
294
138
145
155
156
259
46
254
255
325
115
108
313
83
108
8
114
110
92
107
106
112
113
238
186
107
186
167
114
113
186
3
9
6
60
50
106
108
267
258
170
106
109
111
253
50
46
47
312
298
311
351
121
143
295
293
294
326
108
246
91
71
86
73
82
54
80
81
50
52
79
88
117
117
107
186
114
110
241
240
186
238
108
115
116
299
295
296
300
298
297
294
296
300
293
294
106
108
261
325
21
22
109
97
116
83
82
80
55
49
79
299
300
308
296
293
298
294
132
35
125
138
105
106
76
49
79
109
332
325
326
322
19
17
7
8
25
28
9
10
6
27
26
24
23
29
20
342
326
322
121
75
69
72
60
158
63
73
161
101
95
97
48
53
42
57
40
47
50
37
52
108
313
79
186
91
186
323
322
233
233
20
91
186
238
186
253
91
91
97
186
186
186
186
91
91
186
186
292
35
186
306
299
312
311
332
325
