1
2
2
2
2
2
7
9
10
11
1
12
12
12
12
12
12
12
12
21
6
1
23
23
23
23
23
23
23
23
23
23
23
23
35
36
38
39
39
39
39
39
39
39
39
39
39
39
39
39
39
39
39
39
39
39
39
39
39
39
39
39
39
39
39
39
39
39
39
39
39
39
39
39
39
39
39
39
39
39
39
39
39
39
39
39
39
39
39
39
39
39
39
39
39
39
39
39
39
39
39
39
39
39
39
39
39
39
39
39
39
39
39
39
39
39
39
39
39
39
39
39
39
39
39
39
39
39
39
39
39
39
39
39
39
39
39
39
39
39
39
39
39
39
39
39
39
39
39
39
39
39
39
39
39
39
39
39
39
39
39
39
39
39
39
39
39
39
39
39
39
39
39
39
39
39
39
39
39
39
39
39
39
39
39
39
39
39
39
39
39
39
39
39
39
39
39
39
39
39
39
39
39
39
39
39
39
39
39
39
39
39
39
39
39
39
39
39
39
39
39
39
39
39
39
39
39
39
39
39
39
39
39
39
39
39
39
39
39
39
39
39
39
39
39
39
39
39
39
39
39
39
39
39
39
39
39
39
39
39
39
39
39
39
39
39
39
39
39
39
39
39
39
39
39
39
39
39
39
39
39
39
39
39
39
39
39
39
39
39
39
39
39
39
39
39
39
39
39
39
39
39
39
39
39
39
39
39
39
39
39
39
39
39
39
39
39
39
39
39
39
39
39
39
1
327
327
1
330
330
330
330
330
1
336
336
336
336
336
336
336
336
336
336
336
336
336
336
336
336
336
336
336
336
336
336
336
356
358
362
358
358
352
366
366
366
367
336
369
354
358
358
354
376
358
1
378
378
378
378
378
378
378
378
378
378
378
378
390
390
390
390
390
390
390
386
386
386
386
387
385
385
384
385
383
408
409
409
409
409
409
409
409
409
409
409
409
409
409
409
409
409
409
409
427
428
428
409
431
431
431
431
431
437
438
421
421
421
421
423
421
422
446
447
447
447
447
447
447
447
447
447
447
447
447
447
447
447
447
447
447
447
447
467
467
447
470
470
473
474
474
474
477
477
477
477
477
474
483
483
483
483
483
474
489
489
489
489
497
497
1
498
500
1
501
501
501
501
501
501
5
509
510
6
5
1
513
513
516
2
489
483
477
501
330
336
420
420
420
420
420
420
420
420
384
384
384
384
384
384
384
32
289
383
383
383
383
383
383
383
383
383
383
292
20
20
30
350
350
350
350
333
333
314
356
356
453
453
453
453
453
295
306
482
482
297
303
422
422
422
422
422
422
422
422
424
424
505
505
505
357
357
357
514
396
396
396
7
334
318
298
37
419
419
17
17
17
17
17
436
436
323
351
351
351
351
426
33
296
316
387
387
387
387
387
387
387
387
387
300
305
507
507
457
457
457
457
457
381
381
381
381
416
416
515
435
435
288
324
324
455
455
455
455
348
348
348
348
16
16
16
16
454
454
454
454
454
311
317
308
6
460
460
460
460
460
466
395
359
359
486
486
417
491
491
347
347
347
347
347
347
487
487
452
452
452
452
452
459
459
459
459
459
307
506
506
458
458
458
458
325
325
504
504
5
5
310
481
481
481
481
302
386
386
386
386
386
386
386
299
286
385
385
385
385
385
385
385
385
385
385
349
349
349
349
430
388
312
294
355
355
320
425
415
421
421
421
421
421
421
421
421
421
421
418
418
354
354
354
354
354
354
354
335
451
451
451
451
451
18
34
290
461
461
461
461
293
462
462
462
462
476
476
476
476
476
476
476
476
476
434
313
321
319
472
291
301
397
397
397
397
322
287
382
450
4
469
456
456
456
456
456
358
358
358
358
358
358
358
358
358
315
326
353
353
492
304
309
423
29
29
29
29
29
24
345
479
448
15
337
412
379
380
414
475
26
340
410
342
363
364
398
398
398
398
400
400
402
402
405
405
405
406
406
443
445
445
445
22
407
407
365
366
366
367
367
