1
2
2
2
2
3
7
3
9
4
11
4
13
5
15
6
17
2
19
19
19
19
2
25
26
6
6
16
1
30
30
30
30
30
30
30
30
30
30
30
30
30
30
30
30
30
30
30
30
30
30
30
30
30
30
30
30
30
30
30
30
30
30
30
30
30
56
68
59
70
30
72
72
72
72
30
77
77
57
79
82
83
83
83
83
83
83
83
83
83
83
83
83
92
96
83
98
98
98
83
102
102
102
83
95
112
113
89
89
89
47
48
48
105
90
90
60
41
22
75
56
101
104
62
92
92
92
100
74
66
88
88
88
42
51
93
38
38
38
38
38
4
76
67
67
67
67
67
67
3
91
91
91
6
6
6
64
95
95
95
39
61
63
5
5
5
46
65
26
110
28
28
107
