1
2
2
2
2
2
2
2
2
2
2
2
2
2
2
2
2
2
2
2
2
2
2
2
2
2
2
2
2
2
2
2
2
2
2
2
2
2
2
2
2
2
2
2
2
2
2
2
2
2
2
2
2
2
2
2
2
2
2
2
2
2
2
2
2
2
2
2
2
2
2
2
2
2
2
2
2
2
2
2
2
2
2
2
2
2
2
2
2
2
2
2
2
2
2
2
2
2
2
2
2
2
2
2
2
2
2
2
2
2
2
2
2
2
2
116
116
116
116
116
2
122
122
122
122
122
122
12
130
131
131
131
131
131
131
131
131
131
131
131
131
131
131
131
131
131
131
130
150
150
150
150
150
150
149
148
130
159
159
159
159
159
159
159
159
148
169
130
170
170
170
170
170
170
148
130
178
178
178
178
178
178
178
178
178
178
178
178
190
130
192
192
192
192
148
130
198
198
198
198
198
198
198
198
148
208
130
209
209
209
209
209
209
148
150
209
170
198
159
192
18
121
121
145
34
34
34
34
12
12
153
153
153
153
153
16
16
39
39
39
39
39
39
49
49
49
49
49
49
114
56
56
140
23
23
23
23
23
23
124
124
32
32
32
32
32
32
32
8
44
44
44
44
57
26
37
37
37
37
37
37
25
184
214
214
214
214
214
167
167
167
167
51
51
51
51
51
51
195
195
195
195
47
47
47
47
47
47
38
38
38
38
38
38
187
58
58
58
58
58
58
58
58
46
46
46
46
46
46
46
67
67
67
67
67
67
67
67
67
67
139
139
139
139
139
24
65
65
65
65
65
65
14
14
14
14
14
14
14
14
14
183
183
183
183
60
35
35
35
35
35
35
174
43
43
43
43
43
43
147
175
175
175
175
175
48
48
48
48
48
48
125
125
10
10
10
10
13
13
63
63
63
63
63
63
63
165
17
61
61
61
28
206
206
206
206
69
166
166
166
166
166
186
146
66
66
66
66
66
66
27
190
204
11
11
142
45
45
45
45
45
45
205
205
205
205
205
9
9
9
9
53
53
53
53
53
53
68
68
68
68
68
68
68
68
68
68
68
19
19
19
19
19
19
19
22
22
22
50
50
50
50
50
50
55
55
55
55
54
54
54
54
213
31
21
21
21
29
29
29
29
29
29
29
29
29
29
29
144
128
128
30
143
36
36
36
36
36
36
36
59
52
52
52
52
52
52
33
33
20
20
20
154
154
154
154
15
15
15
15
15
15
15
15
126
141
41
41
41
41
41
41
40
40
40
40
40
40
42
42
185
115
115
193
6
5
171
160
210
199
3
197
168
216
157
207
158
129
129
191
177
