2
3
4
5
6
7
8
9
10
11
12
13
14
15
16
17
18
19
20
21
22
23
24
25
26
27
28
29
30
31
32
33
34
35
36
37
38
39
40
41
42
43
44
45
46
47
48
49
50
51
52
53
54
55
56
57
58
59
60
61
62
63
64
65
66
67
68
69
70
71
72
73
74
75
76
77
78
79
80
81
82
83
84
85
86
87
88
89
90
91
92
93
94
95
96
97
98
99
100
101
102
103
104
105
106
107
108
109
110
111
112
113
114
115
116
117
118
119
120
121
122
123
124
125
126
127
128
129
131
132
133
134
135
136
137
138
139
140
141
142
143
144
145
146
147
148
149
150
151
152
153
154
155
156
157
158
159
160
161
162
163
164
165
166
167
168
163
170
171
172
173
174
175
176
177
178
179
180
181
182
183
184
185
186
187
188
189
190
191
192
193
194
195
196
197
198
199
200
201
202
203
204
205
206
207
202
209
210
211
212
213
214
215
216
131
178
178
131
131
178
3
118
117
135
58
119
117
116
15
3
140
155
156
145
151
15
116
28
32
119
117
3
116
28
32
119
117
3
116
5
17
3
132
28
32
119
117
3
116
117
116
28
119
6
120
3
7
116
4
58
119
117
116
58
3
58
35
119
117
120
116
3
179
190
187
211
212
210
142
144
164
162
28
32
119
117
3
116
190
184
187
193
45
58
119
117
120
116
37
58
119
117
120
116
182
28
119
6
120
3
7
116
116
45
44
58
119
117
120
116
72
71
19
28
70
32
119
117
3
116
135
132
138
133
137
3
19
30
117
120
3
116
19
15
17
118
4
119
120
3
116
181
182
180
179
3
34
58
119
117
120
116
173
28
32
119
117
3
116
136
190
187
171
172
173
47
58
119
117
120
116
4
2
72
15
28
4
15
3
28
32
64
119
117
3
116
164
3
63
64
3
3
142
144
203
201
3
140
162
161
160
163
181
136
18
19
117
120
3
116
3
180
203
14
3
138
44
58
119
117
120
116
140
199
202
200
201
72
15
28
4
28
32
119
117
3
116
72
71
19
28
70
32
118
119
117
3
116
118
119
6
120
3
7
116
117
3
116
28
32
119
117
3
116
119
117
3
116
114
28
32
55
212
4
18
19
3
72
71
28
70
11
118
119
117
120
3
116
134
117
116
3
134
34
58
35
119
117
120
116
3
28
32
119
117
3
116
17
3
19
17
3
142
144
147
151
14
19
17
118
4
120
3
116
67
133
28
32
119
117
3
116
28
32
119
117
3
116
61
63
180
63
70
192
116
122
170
159
209
198
116
190
163
190
147
202
145
14
3
180
190
