1
2
2
2
2
2
2
2
9
10
1
12
12
12
12
12
12
12
12
12
12
12
12
12
12
26
12
28
12
30
12
32
12
34
12
36
36
12
39
39
12
42
12
44
12
46
46
49
50
51
52
53
54
55
1
56
56
56
56
56
56
56
56
56
56
56
56
56
56
56
56
56
56
56
56
56
56
56
56
56
56
56
56
56
56
56
56
56
56
56
56
56
56
56
56
96
56
98
56
100
56
102
56
104
56
106
106
56
109
109
109
56
113
56
115
56
117
117
117
117
117
117
117
117
117
117
117
56
129
72
131
133
134
134
134
134
134
134
134
134
134
134
134
134
134
134
134
134
134
134
134
134
134
134
134
134
134
134
134
134
134
134
134
134
134
134
134
134
134
155
172
156
174
157
176
158
178
159
180
162
182
168
184
163
165
166
167
168
169
115
113
22
22
22
82
82
82
81
81
81
85
85
85
20
20
20
23
23
23
95
95
95
95
95
95
119
130
130
7
7
40
18
18
18
125
125
75
75
75
75
94
94
94
94
94
94
38
74
74
74
74
164
164
37
126
126
168
168
168
168
112
72
72
72
72
72
72
72
6
132
111
123
4
4
124
166
166
166
166
166
128
128
128
128
91
91
91
91
91
91
88
88
88
88
88
88
162
162
162
162
162
162
162
162
162
162
47
83
83
83
127
127
127
127
76
76
76
76
17
17
17
80
80
80
29
77
77
77
77
77
120
84
84
84
122
79
79
79
121
89
89
89
89
5
5
92
92
92
92
73
73
73
73
93
93
93
93
24
24
24
33
90
90
90
169
169
169
169
169
165
165
165
165
165
48
87
87
87
87
87
87
87
19
19
19
163
163
21
21
21
167
167
167
167
167
170
170
86
86
86
14
14
14
15
15
15
16
16
16
78
78
78
160
160
160
160
160
160
160
160
160
160
66
61
157
62
158
156
63
60
64
64
49
49
49
53
53
53
