2
3
4
5
6
7
8
9
10
11
12
13
14
15
16
17
18
19
20
21
22
23
24
25
26
27
28
29
30
31
32
33
34
35
36
37
38
39
40
41
42
43
44
45
46
47
48
14
26
30
34
23
42
44
56
57
58
59
60
61
62
63
64
65
66
67
68
69
70
71
72
73
74
75
76
77
78
79
80
81
82
83
84
85
86
87
88
89
90
91
92
93
94
95
96
97
98
99
100
101
102
103
104
105
106
107
108
109
110
111
112
113
114
115
116
117
118
119
120
121
122
123
124
125
126
127
128
129
130
131
132
134
135
136
137
138
139
140
141
142
143
144
145
146
147
148
149
150
151
152
153
154
155
156
157
158
159
160
161
162
163
164
165
166
167
168
169
170
171
172
173
174
175
176
177
178
179
180
181
182
183
184
185
186
187
188
189
190
191
109
109
6
4
36
66
58
59
66
58
59
66
69
70
6
4
36
6
4
39
66
67
58
59
68
71
118
120
129
9
8
26
6
4
32
104
104
66
58
59
60
66
67
58
59
68
71
34
66
58
59
60
160
152
30
106
106
160
151
146
145
110
66
59
69
65
71
70
117
3
117
110
100
2
2
102
160
161
146
144
145
119
64
115
115
66
58
59
68
71
62
66
58
59
68
71
70
154
139
138
136
153
142
143
140
141
137
42
66
58
59
119
64
113
113
66
58
59
60
6
4
28
66
58
59
26
66
58
59
61
65
118
66
58
59
98
66
58
59
96
66
58
59
63
7
3
66
67
58
59
59
61
63
60
66
67
58
59
4
13
46
30
66
58
59
160
171
146
148
145
160
161
151
146
145
44
66
58
59
68
63
71
70
6
4
32
146
145
6
4
36
160
151
154
146
145
160
144
66
58
59
6
4
25
6
4
28
6
4
28
66
58
59
158
155
154
151
159
135
152
156
153
157
117
98
135
102
135
135
100
96
117
117
6
4
25
6
4
39
