1
2
2
4
4
4
4
4
4
4
4
4
4
4
4
4
4
4
2
20
20
20
2
24
24
24
2
28
28
28
28
28
28
28
28
28
28
28
28
28
28
28
28
28
28
47
48
49
49
49
49
49
49
49
49
49
49
49
49
49
63
64
64
64
64
64
64
64
64
64
64
64
64
64
64
64
64
64
64
64
64
64
64
64
64
64
64
64
64
64
93
93
93
93
93
93
100
100
100
100
100
48
101
101
101
101
101
101
101
101
101
101
101
101
101
101
101
101
101
117
119
101
121
121
121
121
121
121
121
121
121
121
121
121
121
121
121
136
136
136
101
140
140
140
140
140
140
140
101
148
148
148
54
54
54
54
135
54
158
159
159
159
159
159
159
159
159
159
159
159
159
159
159
159
159
159
159
159
159
159
159
159
159
159
163
185
165
188
189
189
189
189
189
189
189
189
189
189
189
189
189
189
189
189
189
189
189
189
189
204
212
213
213
213
213
213
213
213
213
213
213
213
213
213
213
213
213
213
213
213
213
213
213
213
213
213
213
213
213
213
213
213
213
213
213
213
213
213
213
213
213
213
213
213
213
213
213
259
259
63
262
262
262
262
262
262
262
262
262
262
262
262
262
262
262
262
262
262
262
262
262
262
262
262
262
262
262
262
262
262
292
292
295
63
296
296
296
296
296
296
296
296
296
296
296
296
296
296
296
296
296
296
296
296
303
317
316
319
321
304
316
63
324
324
324
324
324
324
324
324
324
324
324
324
324
324
324
324
324
324
324
324
324
324
324
324
324
324
324
333
352
334
354
335
356
324
358
49
296
324
81
81
33
332
332
332
332
332
332
31
83
83
207
198
287
9
232
232
232
236
241
196
205
251
45
278
281
281
192
312
312
312
203
54
54
54
311
311
311
311
145
145
145
230
230
163
306
306
306
306
306
34
99
99
99
99
99
209
253
333
35
247
247
111
111
111
111
111
111
111
173
84
84
340
340
340
340
294
294
128
128
114
150
150
13
238
238
261
113
226
226
226
226
226
226
244
244
62
62
62
62
39
12
330
330
330
330
330
229
229
229
109
109
291
291
316
316
345
345
345
345
345
345
347
165
165
165
165
165
165
165
165
165
165
165
118
235
250
250
250
250
250
250
112
252
252
252
252
252
252
252
252
151
151
151
25
43
80
80
194
228
228
328
328
328
328
328
328
115
82
82
82
82
82
82
82
82
202
293
293
293
293
293
293
293
293
293
255
117
117
117
117
117
117
58
58
58
58
58
58
58
58
58
58
58
314
314
161
161
337
337
337
337
337
337
44
227
227
227
38
11
353
206
339
339
339
339
339
339
41
88
88
88
88
88
88
88
88
88
88
131
131
131
131
131
131
131
305
305
305
305
305
179
179
180
144
144
32
237
237
116
116
116
116
116
116
116
315
315
193
193
193
193
56
56
56
56
56
135
146
146
197
129
129
129
280
208
334
18
85
85
85
85
85
85
85
85
85
254
59
59
59
59
59
149
149
149
231
231
110
110
110
110
110
110
110
110
282
282
166
344
276
276
276
331
331
331
331
331
331
248
120
120
89
89
335
210
36
242
242
239
239
239
40
14
313
313
313
313
313
313
313
6
134
134
134
134
201
341
195
272
272
272
272
272
272
272
272
277
277
246
246
246
199
57
57
57
57
288
289
289
245
245
245
357
61
61
355
286
274
274
274
92
92
92
92
92
92
92
92
92
92
92
127
127
284
342
346
346
346
346
346
285
273
273
273
273
273
273
273
273
273
329
329
329
329
329
329
19
87
87
87
87
310
304
304
304
304
304
290
290
200
275
240
225
243
243
79
79
79
79
79
79
79
30
16
234
327
327
327
327
327
37
283
10
343
130
130
279
279
279
338
338
338
338
338
338
336
336
336
336
336
336
336
336
60
8
147
147
55
55
55
42
133
204
132
233
233
233
233
233
233
233
3
3
3
17
249
249
249
249
249
249
7
191
15
160
297
65
141
141
78
74
263
263
75
50
125
211
187
322
322
322
155
157
152
153
154
156
