2
3
4
5
6
7
8
9
10
11
12
13
14
15
16
17
18
19
20
21
22
23
24
25
26
27
28
29
30
31
32
33
34
35
36
37
38
39
40
41
42
43
44
45
46
47
48
49
50
51
52
53
54
55
56
57
58
59
60
61
62
63
64
65
66
67
68
9
10
71
72
74
75
76
77
78
79
80
81
82
83
84
85
86
87
88
89
90
91
92
93
94
95
96
97
98
99
100
101
102
103
104
105
106
107
108
109
110
111
112
113
114
115
116
117
118
119
120
121
122
123
124
125
126
127
128
129
130
131
132
133
134
135
136
137
138
139
140
141
142
143
144
145
146
147
148
149
150
151
152
153
154
155
156
157
158
159
160
161
162
163
164
165
166
167
168
169
170
171
172
173
174
175
176
177
178
179
180
181
182
183
184
185
186
187
188
189
190
191
192
193
194
195
196
197
198
199
200
201
202
203
204
205
206
207
208
209
210
211
212
213
214
215
216
217
218
219
220
221
222
223
224
226
227
228
229
230
231
232
233
234
235
236
237
238
239
240
241
242
243
244
245
246
247
248
249
250
251
252
253
254
255
256
257
258
259
260
261
262
263
264
265
266
267
268
269
272
273
274
275
276
277
278
279
280
281
282
283
284
285
286
287
288
289
290
291
292
293
294
295
296
297
298
299
300
301
302
303
304
305
306
307
308
309
310
311
312
313
314
315
317
318
319
320
321
322
323
324
325
326
327
328
329
330
331
332
333
334
335
336
337
338
339
340
341
342
343
344
345
346
347
348
349
350
351
352
353
354
355
356
357
359
360
361
362
363
364
365
182
182
182
49
123
121
175
129
225
143
319
77
78
121
267
231
239
21
23
287
275
282
283
279
107
28
24
269
267
231
227
239
236
237
270
36
14
13
5
16
15
11
17
25
12
64
9
275
321
320
326
324
323
322
319
325
358
9
326
323
325
320
326
358
146
148
121
124
225
225
61
275
282
316
276
279
96
109
113
75
81
76
103
147
225
2
238
121
104
163
123
251
269
268
230
239
233
228
232
91
77
219
220
225
193
192
121
189
190
300
276
77
78
105
175
352
12
148
224
121
221
120
219
220
225
225
50
28
48
47
46
26
7
3
267
231
239
237
181
121
124
174
342
320
323
358
358
349
350
352
351
358
145
123
121
124
225
209
207
208
206
225
337
275
283
265
249
68
16
25
64
145
152
123
121
124
225
111
81
103
123
53
54
55
3
4
148
217
209
121
206
207
208
212
122
120
124
210
225
320
323
238
232
77
78
75
82
79
68
15
25
64
311
80
79
225
80
78
82
79
81
2
335
275
157
61
60
158
223
123
121
132
127
124
128
131
218
2
176
177
121
120
124
225
230
231
227
234
239
233
236
235
232
270
181
198
125
121
126
124
174
195
123
77
80
78
123
77
80
78
75
79
81
103
104
105
107
106
275
283
319
77
78
65
66
64
10
129
225
105
295
297
298
299
310
311
316
106
125
126
124
184
2
93
77
80
75
82
81
79
103
231
227
236
270
351
339
338
336
352
350
351
358
320
319
358
68
17
25
64
65
66
336
318
321
358
325
358
358
130
162
161
231
227
354
357
339
355
340
341
318
320
324
319
349
358
123
157
61
60
158
123
121
132
127
124
131
2
296
297
60
37
40
36
39
38
41
42
44
43
21
20
19
24
18
18
196
174
275
282
278
277
276
280
279
316
8
267
239
277
273
316
20
10
106
68
16
15
25
64
19
46
77
78
125
126
124
123
324
358
225
267
239
123
78
75
196
197
225
174
77
80
79
123
68
14
25
64
325
349
358
125
123
126
127
132
124
128
188
225
195
205
184
230
231
227
238
270
208
225
124
131
230
239
11
24
310
311
218
218
48
123
121
132
217
209
211
207
121
208
206
212
122
124
210
225
225
123
45
113
77
80
78
75
82
81
79
103
237
195
233
294
282
316
123
124
131
279
50
199
314
313
301
297
299
275
273
280
316
309
78
75
269
267
231
227
239
228
236
237
270
300
302
316
13
107
186
121
185
123
124
269
267
249
231
239
233
228
238
232
239
123
323
188
267
239
282
276
316
267
231
239
237
238
310
9
227
231
270
180
179
197
174
10
227
236
78
252
227
231
234
229
228
233
237
238
232
20
18
22
279
316
309
267
231
239
233
228
232
21
104
124
256
227
231
236
37
40
42
44
36
39
38
41
43
21
20
24
130
276
88
115
89
77
80
75
82
79
81
103
176
177
293
47
77
78
248
227
231
227
238
350
358
104
105
107
106
203
199
200
121
225
225
225
225
270
358
225
225
64
218
358
225
174
225
103
316
358
64
225
358
225
174
316
225
316
225
64
182
182
358
64
10
9
75
