2
3
4
5
6
7
8
9
10
11
12
13
14
15
17
18
19
20
21
22
23
24
25
26
27
28
29
30
32
33
34
36
37
38
40
41
42
44
46
47
48
50
51
52
54
55
56
57
58
59
61
62
63
64
65
66
68
69
70
71
72
74
75
76
77
78
79
80
81
83
84
85
86
87
88
89
90
91
92
93
94
95
96
97
99
101
102
103
104
105
106
107
108
109
110
111
112
113
114
115
116
117
118
119
120
121
122
123
124
125
126
127
128
129
130
131
132
133
134
135
136
137
138
139
140
141
142
143
144
145
146
147
148
149
150
152
153
154
155
156
158
159
160
161
162
163
164
165
166
167
168
169
170
171
172
173
174
175
176
177
178
179
180
181
182
183
184
185
186
187
188
189
190
191
193
194
195
196
197
198
199
200
201
202
203
204
205
206
207
208
209
210
211
212
213
214
215
216
217
218
219
220
221
222
224
225
226
227
228
43
43
43
45
45
45
197
197
207
206
205
183
98
197
54
197
208
200
201
197
55
54
197
204
185
212
181
210
197
139
135
194
207
206
29
205
212
184
210
17
197
197
197
200
201
17
200
170
169
212
210
55
54
200
197
70
69
68
104
143
147
144
146
145
125
123
126
120
124
135
102
200
55
197
200
201
134
61
197
200
201
138
135
197
170
200
201
169
194
200
201
180
104
105
184
197
140
135
136
135
200
201
207
206
29
204
205
21
184
17
197
185
88
84
87
85
179
177
74
78
79
77
75
76
208
206
204
205
199
198
197
197
170
169
88
84
83
86
87
85
212
210
61
62
137
135
79
78
75
201
197
207
206
205
184
197
169
200
201
197
178
200
201
197
106
121
140
137
138
139
141
136
122
131
132
101
127
101
220
197
197
201
62
197
207
206
29
205
212
184
210
197
17
170
169
105
170
24
25
27
26
197
171
173
70
69
68
103
61
62
197
103
113
103
125
123
122
133
131
120
132
118
103
104
105
201
185
21
212
207
206
29
205
184
210
17
197
133
197
178
130
197
197
129
180
121
197
206
205
206
205
206
205
204
199
198
206
205
98
197
207
206
205
197
206
205
206
205
207
197
206
205
