1
2
2
2
2
2
2
2
2
2
2
2
2
2
15
15
18
19
19
19
19
19
19
19
19
19
19
19
19
19
19
19
19
19
19
19
19
19
19
19
19
19
19
19
19
19
19
19
19
19
19
19
19
19
19
19
19
19
19
19
19
19
19
19
19
19
19
19
19
19
19
19
19
19
19
19
19
19
19
19
19
19
19
19
19
19
19
19
19
19
19
19
19
19
19
19
19
19
19
19
19
19
19
19
19
19
37
109
109
51
112
112
112
112
112
112
66
119
83
121
89
123
125
126
126
126
126
126
126
126
126
126
126
126
126
126
126
126
126
126
126
126
126
126
126
126
126
126
126
126
126
126
126
126
126
126
126
126
126
126
126
126
126
126
126
126
126
126
126
126
126
126
126
126
126
126
126
126
126
126
126
126
126
126
126
126
126
126
126
126
126
126
126
126
126
126
126
126
126
126
126
126
126
126
126
126
126
126
126
126
126
126
126
126
126
126
126
126
126
126
126
126
126
126
126
126
126
126
126
126
126
207
235
207
237
207
239
234
241
126
243
126
245
126
247
247
247
247
247
247
247
247
247
247
247
247
247
247
247
126
263
263
263
263
126
268
268
268
268
268
268
126
275
275
275
275
275
275
275
275
275
282
282
1
287
287
287
287
287
287
287
287
287
287
298
297
300
301
301
301
301
301
301
301
301
301
301
311
311
170
203
71
71
71
71
71
71
71
71
71
71
84
84
84
229
283
283
283
39
39
39
88
88
266
266
55
55
90
90
194
194
194
244
174
199
68
99
178
61
61
225
215
43
43
43
43
43
43
43
51
179
179
186
186
224
217
217
232
240
168
205
218
62
62
158
158
158
158
158
158
158
158
158
158
158
158
158
158
158
158
158
158
158
158
158
210
271
271
271
271
273
181
181
181
208
208
208
208
207
207
117
117
117
117
117
92
92
67
289
258
94
294
198
57
57
172
172
95
95
105
73
73
58
58
6
91
91
91
91
91
228
77
37
37
37
37
100
176
176
176
176
176
176
278
310
281
295
291
257
257
97
182
182
195
195
122
122
38
38
107
69
69
69
69
69
69
69
69
212
212
212
83
98
157
157
157
157
157
157
157
157
157
157
157
157
157
157
157
157
157
157
157
155
171
256
256
256
256
256
255
255
255
255
56
82
82
219
64
64
154
154
154
154
154
154
154
154
154
154
154
154
154
154
154
154
154
154
154
154
154
154
154
154
214
223
216
234
41
41
167
167
167
167
167
167
167
167
167
167
167
167
169
209
209
42
161
161
161
161
161
161
161
161
161
36
101
196
70
70
70
231
86
164
221
80
80
267
165
59
59
124
45
103
78
305
52
52
190
308
177
183
44
204
280
93
93
8
3
50
79
79
63
63
166
60
60
206
206
260
260
260
260
260
292
184
184
184
201
201
201
75
75
293
180
74
118
118
118
87
87
87
87
160
277
46
46
46
46
9
162
162
162
162
162
162
162
162
162
104
193
193
72
254
254
254
85
85
188
279
279
48
265
265
265
159
159
159
159
159
47
227
303
49
307
96
262
189
189
102
187
187
187
187
213
10
192
192
192
108
156
156
156
156
156
156
156
156
156
156
156
65
65
230
66
197
191
191
191
89
226
120
282
282
282
282
282
173
290
220
163
163
163
200
272
272
272
272
272
222
81
81
81
185
185
185
185
211
211
211
211
233
284
40
53
304
304
304
304
304
304
54
288
261
106
202
259
259
175
76
132
133
131
136
285
285
286
