1
2
2
2
2
2
2
2
2
2
2
2
2
2
2
2
2
2
2
2
2
2
2
2
2
2
2
2
2
2
2
2
2
2
2
2
2
2
2
2
20
42
42
20
45
45
22
48
48
22
51
22
53
2
55
55
55
55
55
55
2
62
2
64
64
64
64
64
65
71
72
72
52
35
75
76
77
78
79
80
79
83
84
84
84
84
84
84
84
84
84
93
93
93
93
93
93
93
93
93
93
93
93
106
107
107
107
107
107
107
107
107
107
83
117
117
117
117
117
117
117
117
117
117
117
117
117
117
117
117
117
117
117
117
117
117
117
117
117
117
117
117
117
117
117
117
117
117
117
117
117
117
135
135
106
158
158
158
158
158
158
158
158
158
158
158
158
158
158
158
158
158
158
158
158
158
158
158
158
158
158
158
158
158
158
158
158
158
158
158
158
158
158
158
158
158
158
158
158
158
158
191
191
207
208
208
208
208
208
208
208
208
208
208
208
208
208
208
208
208
208
208
208
208
208
208
208
208
208
208
208
208
208
208
208
208
208
208
208
208
208
208
208
208
208
208
208
208
208
208
208
208
208
208
208
208
208
208
208
208
208
208
208
208
208
208
208
208
208
208
208
208
208
208
208
208
208
208
208
208
208
208
208
208
208
208
208
208
208
208
208
208
208
208
208
208
208
208
208
256
304
256
306
256
308
256
310
256
312
256
314
256
316
256
318
280
320
208
323
324
324
324
324
324
324
324
324
324
324
324
324
324
324
324
324
324
324
324
324
324
342
346
340
340
350
341
341
341
106
354
354
354
354
354
354
354
354
354
354
354
354
354
367
367
367
367
367
367
367
367
367
367
367
367
367
367
367
367
366
323
385
385
385
385
385
385
385
385
385
385
385
385
385
385
385
385
385
385
385
385
385
385
385
340
323
410
410
410
410
413
416
416
414
414
77
419
421
92
67
298
174
174
36
36
36
36
187
187
187
319
285
127
182
194
194
321
192
265
398
204
400
400
178
155
155
397
89
202
87
291
191
191
191
191
277
277
277
277
277
277
277
277
277
277
277
277
277
277
277
34
34
34
59
382
382
260
260
260
260
288
272
114
114
114
114
114
114
268
27
336
336
336
336
276
280
280
280
280
280
280
280
280
280
280
280
69
40
61
52
52
52
68
375
269
184
184
362
362
362
362
362
362
362
362
362
362
362
362
258
334
334
334
334
334
255
116
116
116
116
116
116
299
185
185
275
22
22
22
22
22
22
274
176
176
176
197
197
197
38
102
201
282
31
31
31
31
31
31
31
31
31
31
31
296
193
181
301
39
189
189
189
408
408
408
408
408
408
408
408
175
175
175
175
115
115
115
115
115
115
115
333
333
333
333
333
333
333
333
333
333
333
190
190
340
340
340
340
340
340
196
252
252
252
252
252
252
252
252
252
252
252
252
252
252
252
252
252
252
252
252
252
252
252
252
252
252
252
252
252
396
396
396
396
396
396
396
396
183
199
24
24
24
24
24
24
381
381
381
29
29
29
289
294
195
195
195
256
256
256
256
256
256
256
256
256
256
256
256
256
256
256
256
256
256
256
256
256
256
256
256
256
256
287
373
32
32
32
32
32
32
32
32
32
32
179
257
257
257
257
257
257
257
257
257
257
169
169
169
169
103
377
23
23
23
23
23
23
23
23
85
374
200
303
342
342
342
342
342
342
342
342
342
342
413
413
413
413
413
365
365
365
401
279
279
407
203
150
99
297
261
264
264
264
264
264
343
343
343
343
343
57
332
332
332
332
406
292
361
405
379
266
172
293
293
402
402
402
402
402
402
402
402
402
30
30
30
30
30
30
101
337
337
337
337
337
337
337
337
337
337
271
188
188
188
188
180
180
180
104
378
341
341
341
341
341
26
26
26
26
26
26
278
278
278
41
404
105
254
136
380
302
335
335
335
335
335
335
283
35
284
284
37
259
364
364
364
364
267
267
414
414
414
414
414
414
262
262
383
383
383
88
198
19
376
273
253
20
20
20
20
186
186
186
58
177
177
177
177
177
177
270
399
399
399
399
139
170
170
170
66
339
339
339
339
339
339
100
300
372
372
286
113
113
113
113
113
171
347
290
98
281
281
281
281
281
281
281
281
281
281
295
295
25
363
33
33
33
173
173
173
28
60
366
366
366
366
366
366
366
366
366
366
366
91
263
263
9
165
108
330
13
358
357
415
415
415
417
418
418
418
322
322
322
73
384
384
205
205
205
409
409
409
348
348
349
352
353
