2
3
4
5
6
7
8
9
10
11
12
13
14
15
16
17
18
19
20
21
22
23
24
25
26
27
28
29
30
31
32
33
34
35
36
37
38
39
40
41
42
43
44
45
46
47
48
49
50
51
52
53
54
55
56
57
58
59
60
61
62
63
64
65
66
67
68
69
70
9
11
12
73
74
64
65
78
79
80
81
82
84
85
86
87
88
89
90
91
92
93
94
95
96
97
98
99
100
101
102
103
104
105
107
108
109
110
111
112
113
114
115
116
117
118
119
120
121
122
123
124
125
126
127
128
129
130
131
132
133
134
135
136
137
138
139
140
141
142
143
144
145
146
147
148
149
150
151
152
153
154
155
156
157
158
159
160
161
162
163
164
165
166
167
168
169
170
171
172
173
174
175
176
177
178
179
180
181
182
183
184
185
186
187
188
189
190
191
192
193
194
195
196
197
198
199
200
201
202
203
204
205
206
208
209
210
211
212
213
214
215
216
217
218
219
220
221
222
223
224
225
226
227
228
229
230
231
232
233
234
235
236
237
238
239
240
241
242
243
244
245
246
247
248
249
250
251
252
253
254
255
256
257
258
259
260
261
262
263
264
265
266
267
268
269
270
271
272
273
274
275
276
277
278
279
280
281
282
283
284
285
286
287
288
289
290
291
292
293
294
295
296
297
298
299
300
301
302
303
304
305
306
307
308
309
310
311
312
313
314
315
316
317
318
319
320
321
322
324
325
326
327
328
329
330
331
332
333
334
335
336
337
338
339
340
341
342
343
344
345
346
347
348
349
341
351
352
353
354
355
356
357
358
359
360
361
362
363
364
365
366
367
368
369
370
371
372
373
374
375
376
377
378
379
380
381
382
383
384
385
386
387
388
389
390
391
392
393
394
395
396
397
398
399
400
401
402
403
404
405
406
407
408
409
410
411
412
413
414
415
411
412
417
418
419
420
420
149
26
239
159
164
59
58
9
55
172
174
161
267
226
128
179
172
163
281
164
238
395
167
391
395
177
152
153
392
127
163
93
235
192
163
160
164
278
250
234
216
239
243
219
228
244
240
238
242
221
235
227
24
30
18
56
369
368
212
210
224
235
243
218
197
196
193
178
108
158
223
11
401
330
331
385
224
281
250
234
238
240
221
239
219
235
227
228
26
11
56
5
64
62
26
369
217
183
167
377
373
363
375
379
357
356
355
358
360
359
367
248
406
335
330
331
385
231
197
196
178
194
108
158
300
182
166
221
5
6
17
7
10
16
220
177
166
164
166
164
162
18
96
164
241
32
60
58
9
4
11
12
3
14
13
55
297
191
164
249
15
191
166
168
403
392
387
389
390
394
395
388
163
159
164
162
197
196
189
178
198
108
158
398
405
401
397
327
330
328
329
325
326
385
191
167
397
341
402
325
385
385
164
302
253
254
234
216
224
222
229
223
213
230
231
220
217
214
215
251
232
250
209
241
219
212
225
221
235
218
227
233
392
387
391
393
388
394
390
395
179
166
60
4
9
3
8
55
369
368
367
24
30
18
230
237
192
174
159
257
129
216
224
246
239
222
213
230
231
215
247
232
241
243
245
219
228
248
212
244
238
240
242
235
227
243
368
60
61
58
9
4
6
5
3
8
55
164
246
239
243
245
237
244
242
240
220
236
163
165
162
354
96
370
24
60
9
15
17
7
10
55
123
368
168
251
406
405
400
330
327
328
329
331
385
385
401
402
411
412
385
363
366
355
392
212
213
395
167
151
94
239
238
263
262
230
231
211
405
399
400
326
385
56
327
328
329
326
395
236
360
395
371
238
164
209
236
403
386
387
391
389
395
390
394
388
32
60
31
58
9
55
95
405
406
404
407
408
338
330
331
326
385
215
172
174
163
159
179
163
164
97
370
342
325
326
385
385
60
4
9
3
8
55
279
212
227
18
395
97
213
137
371
249
401
330
325
331
385
385
241
15
212
215
16
248
357
371
355
367
209
238
408
401
402
411
412
385
261
230
369
368
367
93
166
2
369
240
212
5
15
7
16
179
159
164
56
362
179
163
165
164
162
216
386
392
395
394
140
163
160
164
26
406
341
338
340
325
385
95
227
369
368
229
197
196
178
108
158
172
343
234
94
253
284
279
282
212
234
238
229
227
247
209
237
18
354
24
30
18
174
163
164
11
56
373
380
363
375
379
357
355
358
360
359
367
122
261
231
55
354
107
385
21
367
367
411
412
385
412
411
412
385
212
209
227
64
363
355
163
160
164
386
391
395
397
325
402
325
325
