1
2
2
2
2
2
2
2
2
2
2
2
2
2
2
2
2
2
2
2
2
2
2
2
2
2
2
2
2
2
2
2
2
2
21
37
38
38
38
38
38
38
38
38
38
38
38
38
38
38
38
38
38
38
38
38
38
38
38
38
38
38
38
38
38
38
55
70
71
71
71
75
75
75
75
76
77
77
77
77
77
77
77
77
77
77
77
77
90
91
91
91
91
91
91
91
91
91
91
101
101
101
95
31
56
56
56
57
57
57
24
24
24
64
64
64
64
59
59
19
19
19
19
19
19
19
19
19
88
53
53
53
22
22
22
52
52
52
50
100
100
29
29
29
29
67
67
67
26
26
26
26
26
60
60
61
61
23
23
23
23
98
98
98
98
98
98
98
54
55
55
55
66
66
17
17
17
17
17
65
33
33
33
33
74
68
68
27
27
27
63
63
25
25
25
25
25
25
25
25
58
58
58
58
58
34
34
34
34
34
34
34
34
35
35
35
35
99
99
99
99
99
99
99
28
28
28
62
62
20
20
20
20
20
20
20
20
32
32
32
32
32
32
32
32
32
32
51
104
104
30
30
18
18
18
18
21
21
21
21
21
21
21
21
21
21
21
21
21
21
21
21
95
5
4
36
36
69
69
69
105
105
