2
3
4
5
6
7
8
9
10
11
12
13
14
15
16
17
18
19
20
21
22
23
24
25
26
27
28
29
30
31
32
33
34
35
36
38
39
40
41
42
43
44
45
46
47
48
49
50
51
52
53
54
55
56
57
58
59
60
61
62
63
64
65
66
67
68
69
71
72
73
74
71
73
72
74
77
78
79
80
81
82
83
84
85
86
87
88
89
91
92
93
94
95
96
97
98
99
100
101
102
103
104
105
13
60
48
41
59
48
41
33
8
11
66
65
43
41
41
47
12
8
15
13
9
16
10
14
11
89
62
48
41
8
16
4
63
48
41
41
103
101
13
9
7
11
41
46
40
32
12
8
6
11
41
47
41
47
22
25
2
2
100
102
94
95
93
96
101
41
61
48
41
41
40
18
16
5
4
2
67
6
7
14
11
73
41
46
32
12
8
41
47
34
30
31
33
8
11
4
2
45
43
41
44
42
19
15
16
14
5
4
2
2
5
4
2
2
102
103
94
95
93
96
101
32
8
14
41
47
26
29
22
25
8
9
11
2
30
34
33
8
3
6
9
7
10
11
41
102
103
32
8
19
6
7
10
26
27
29
35
19
25
28
12
8
15
9
16
14
11
5
2
101
2
2
28
14
61
48
41
97
101
