1
2
2
2
2
2
2
2
2
2
2
2
2
2
2
2
2
2
2
20
20
20
20
20
20
2
27
27
27
27
27
27
27
27
27
27
27
27
27
27
27
27
27
27
27
27
27
27
27
27
27
27
27
27
27
56
56
56
9
46
46
63
63
42
49
66
66
46
9
46
46
9
72
73
74
9
76
9
78
9
45
81
45
45
9
45
9
45
9
45
9
45
45
93
94
94
45
96
97
98
98
96
101
101
101
101
101
101
101
101
101
101
101
101
101
101
101
116
117
120
121
122
122
123
124
125
126
110
110
115
116
118
116
133
111
135
136
136
136
136
136
136
136
136
136
136
136
136
136
136
136
136
152
152
152
152
152
152
152
152
136
161
161
161
143
143
27
20
159
25
118
11
11
11
11
43
112
18
18
50
50
52
55
55
55
55
55
149
149
149
110
110
98
98
98
98
98
116
116
116
10
10
10
12
12
12
12
12
49
41
41
41
41
41
41
41
41
41
41
41
41
45
45
45
45
45
45
45
160
160
160
160
160
111
111
111
143
143
143
143
143
143
143
143
143
143
143
51
51
40
148
148
148
148
148
148
148
148
148
9
14
14
14
46
46
46
46
46
109
109
109
44
44
24
24
24
24
142
142
142
142
158
151
113
47
47
47
47
115
115
16
53
53
19
114
26
26
13
13
13
141
104
104
139
140
60
60
68
165
165
165
165
165
166
166
166
166
166
99
99
82
129
130
131
131
132
87
92
134
134
134
66
70
71
71
75
77
79
79
127
128
128
84
84
84
86
88
90
90
