1
2
2
2
2
2
2
2
2
8
13
14
14
14
14
14
18
18
18
24
25
25
25
29
30
30
30
30
34
34
34
34
33
40
41
41
41
41
41
41
41
41
41
41
41
41
41
41
41
41
41
58
58
58
58
50
50
50
50
24
67
67
67
67
67
67
67
67
67
71
71
71
50
50
50
50
50
50
50
50
38
32
32
70
70
70
73
73
73
51
6
6
48
72
72
7
7
49
62
62
62
57
57
57
57
8
75
75
75
5
5
5
46
46
19
9
9
17
18
18
47
71
71
71
31
45
63
63
63
63
65
78
12
79
21
22
