1
2
2
2
2
2
2
2
2
2
2
2
2
2
2
2
2
2
2
2
2
23
2
25
25
25
25
25
25
25
25
25
25
25
25
25
25
25
25
25
25
25
25
25
25
25
25
25
25
25
25
25
25
25
25
25
25
25
25
25
25
25
25
25
25
25
25
25
25
25
25
25
25
25
25
25
25
25
25
25
25
25
25
25
25
25
25
25
25
25
25
25
25
25
25
25
25
25
25
25
25
25
25
25
25
25
25
25
25
25
25
25
114
114
117
118
118
118
118
118
118
118
118
118
118
129
130
130
130
130
130
130
130
130
130
130
130
130
130
130
130
130
142
148
144
143
152
153
153
153
153
153
159
159
152
160
160
160
160
160
160
160
160
160
160
170
172
172
172
172
172
170
170
129
175
175
175
175
175
175
175
175
175
175
185
186
186
186
186
186
186
180
180
180
129
196
196
196
196
196
196
196
196
196
196
196
196
196
196
196
196
196
196
196
215
215
218
219
209
210
222
223
224
225
129
226
226
226
226
226
226
226
226
226
235
236
236
239
241
242
242
242
242
242
242
242
242
242
242
242
242
242
242
242
242
242
242
242
242
242
242
242
242
242
242
242
242
242
242
242
242
242
242
242
242
242
242
242
242
242
242
242
242
286
286
242
129
290
290
290
290
290
290
290
290
290
290
290
290
290
290
290
294
129
308
308
308
308
308
308
308
308
308
308
308
308
318
317
316
324
325
326
327
328
328
328
328
328
328
328
328
336
336
328
339
334
152
342
342
342
342
342
342
342
342
342
342
353
353
353
353
353
353
354
350
356
129
357
357
357
358
362
363
363
363
363
363
363
363
363
363
363
363
363
363
363
327
378
378
378
378
380
129
384
384
384
384
384
384
391
391
152
392
392
392
392
392
392
392
392
392
392
392
392
405
406
407
407
407
407
408
350
350
327
411
411
411
411
411
411
415
129
419
419
419
419
419
419
419
419
419
419
419
419
419
419
419
144
142
142
438
1
440
440
440
440
440
440
440
440
440
440
440
440
440
440
440
440
456
456
456
459
459
440
462
462
462
440
466
466
466
466
440
471
471
471
471
471
471
471
471
471
471
471
471
471
471
471
471
440
488
488
488
440
492
492
440
495
495
440
498
498
498
498
440
503
503
503
503
440
508
508
508
440
512
512
512
512
512
512
440
519
519
519
440
523
440
525
525
525
440
529
531
531
129
532
532
532
532
532
532
532
532
532
532
532
532
532
532
532
532
532
532
532
532
551
294
555
129
557
557
557
557
557
557
557
557
557
557
327
568
568
568
568
568
568
568
568
568
568
568
568
568
568
568
568
568
568
568
568
568
568
568
568
568
593
593
593
593
593
593
593
593
593
593
593
593
605
605
588
152
609
609
609
609
609
609
609
609
609
619
619
619
620
620
170
622
622
129
623
623
623
358
5
11
95
95
95
212
212
60
60
60
182
182
182
182
182
182
603
55
55
55
417
61
61
61
585
585
585
585
56
56
56
181
181
429
429
429
13
303
303
303
105
105
105
18
107
123
123
21
434
318
318
607
146
180
180
180
180
180
180
180
180
180
180
180
180
180
180
180
180
180
180
586
99
99
99
39
145
545
545
545
432
562
562
207
94
94
94
20
403
403
403
403
157
33
33
33
565
565
565
565
565
16
104
104
104
59
59
59
312
301
301
301
301
301
301
301
301
606
606
606
606
606
606
606
606
606
401
401
401
401
65
65
65
106
106
106
125
125
546
546
546
546
546
213
213
91
91
91
52
52
52
567
567
567
567
567
567
376
376
376
376
376
376
376
376
12
333
333
78
78
78
359
359
359
17
360
360
360
360
360
360
360
360
360
360
414
57
57
57
57
258
6
551
551
551
551
551
551
551
430
430
32
32
32
108
108
108
102
102
102
402
402
402
402
19
90
90
90
382
335
335
335
335
127
110
110
110
284
36
36
36
10
144
618
618
618
618
618
618
618
618
618
352
352
352
352
211
211
211
313
313
96
96
96
257
381
381
4
143
143
143
143
143
143
143
143
143
143
109
109
109
287
235
315
315
315
400
400
400
400
400
400
400
400
400
400
400
400
30
30
30
209
124
124
624
624
624
624
142
142
587
31
31
31
288
592
592
433
64
64
64
126
126
58
58
58
35
35
35
543
543
543
626
626
626
626
626
626
626
626
626
50
50
50
101
101
101
317
375
28
28
28
563
563
563
563
563
563
563
563
563
563
238
128
625
625
625
29
29
29
89
89
89
51
51
51
184
184
184
184
566
566
566
566
566
566
332
332
332
332
332
332
332
604
604
604
604
604
604
604
604
79
79
79
14
66
66
66
351
351
351
351
351
358
358
358
358
588
588
158
314
314
340
340
256
542
542
542
542
542
542
542
542
542
27
93
93
93
316
552
552
552
552
552
552
54
54
54
73
73
73
320
380
302
302
404
404
404
404
103
103
103
183
183
183
183
183
183
141
141
141
319
589
589
589
589
589
589
589
589
589
589
589
589
589
589
100
100
100
334
390
390
390
390
92
92
92
305
305
9
210
350
350
350
350
350
350
350
350
350
350
350
350
379
379
379
590
590
590
590
590
590
590
590
590
170
170
170
170
170
112
112
112
34
34
34
15
82
82
82
564
564
564
564
564
431
431
431
431
431
431
431
431
431
8
8
8
8
67
67
67
446
449
455
399
448
535
441
443
559
559
452
427
229
229
458
372
450
537
536
299
447
454
445
539
233
295
538
347
560
560
132
453
444
294
451
442
3
230
147
171
173
321
322
323
150
324
324
324
174
174
325
325
326
326
409
409
409
409
410
410
410
410
410
410
435
553
219
355
355
355
355
355
355
355
355
355
621
621
621
621
621
627
627
361
361
193
193
194
194
195
195
223
608
608
437
