2
3
4
5
6
7
8
9
10
11
12
13
14
15
16
17
18
19
20
21
22
24
25
26
27
28
29
30
31
32
33
34
35
36
37
38
39
40
41
42
43
44
45
46
47
48
49
50
51
52
53
54
55
56
57
58
59
60
61
62
63
64
65
66
67
68
69
70
71
72
73
74
75
76
77
78
79
80
81
82
83
84
85
86
87
88
89
90
91
92
93
94
95
96
97
98
99
100
101
102
103
104
105
106
107
108
109
110
111
112
113
114
115
116
118
119
120
121
122
123
124
125
126
127
128
130
131
132
133
134
135
136
137
138
139
140
141
142
143
144
145
146
147
132
150
151
153
154
155
156
157
158
155
156
160
161
162
163
164
165
166
167
168
169
170
171
164
165
166
167
169
173
174
175
176
177
178
179
180
181
182
183
184
185
186
187
188
189
190
191
192
193
194
195
196
197
198
199
200
201
202
203
204
205
206
207
208
209
210
211
212
213
214
215
216
217
212
210
220
221
208
207
199
197
226
227
228
229
230
231
232
233
234
235
236
237
238
229
242
243
244
245
246
247
248
249
250
251
252
253
254
255
256
257
258
259
260
261
262
263
264
265
266
267
268
269
270
271
272
273
274
275
276
277
278
279
280
281
282
283
284
285
286
287
288
289
290
291
292
293
294
295
296
297
298
299
300
301
302
303
304
305
306
308
309
310
311
312
313
314
315
316
317
318
319
320
321
322
323
315
314
313
328
329
330
331
332
333
334
335
336
337
338
339
340
341
342
343
344
345
346
347
348
349
350
351
352
343
344
345
346
347
348
352
355
350
357
358
359
360
361
363
364
365
366
367
368
369
370
371
372
373
374
375
376
377
378
379
380
381
382
383
384
385
386
387
388
389
390
385
386
392
393
394
395
396
397
398
399
400
401
402
403
404
404
400
393
394
395
396
401
409
410
411
412
413
414
415
416
417
418
419
420
421
422
423
424
425
426
427
428
429
430
431
432
433
434
435
436
437
427
440
441
442
443
444
445
446
447
448
449
450
451
452
453
454
455
456
457
458
459
460
461
462
463
464
465
466
467
468
469
470
471
472
473
474
475
476
477
478
479
480
481
482
483
484
485
486
487
488
489
490
491
492
493
494
495
496
497
498
499
500
501
502
503
504
505
506
507
508
509
510
511
512
513
514
515
516
517
518
519
520
521
522
523
524
525
526
527
528
529
530
506
507
532
533
534
535
536
537
538
539
540
541
542
543
544
545
546
547
548
549
550
551
552
553
554
535
557
558
559
560
561
562
563
564
565
566
567
568
569
570
571
572
573
574
575
576
577
578
579
580
581
582
583
584
585
586
587
588
589
590
591
592
593
594
595
596
597
598
599
600
601
602
603
604
605
606
607
608
609
610
611
612
613
614
615
616
617
618
613
614
615
617
616
621
611
612
623
624
625
626
627
4
3
522
451
440
215
215
468
442
440
542
180
181
176
178
532
594
478
444
440
411
442
469
440
592
591
586
568
467
442
440
185
176
432
426
425
3
305
297
204
484
444
440
3
440
121
122
3
419
210
311
593
419
426
538
176
178
537
535
536
131
539
427
540
132
534
532
532
419
130
118
568
444
477
440
7
146
550
549
551
427
542
559
198
451
521
440
3
170
398
397
399
156
515
450
440
563
235
560
559
226
3
444
486
440
483
444
440
310
305
302
303
297
298
292
293
294
597
596
595
600
599
598
601
602
593
170
398
397
399
505
448
440
444
485
440
128
121
550
549
551
547
548
202
206
453
527
440
446
497
440
542
563
235
560
559
226
377
367
368
369
365
364
370
371
3
334
339
511
449
440
141
358
130
3
142
358
134
139
136
135
133
138
137
130
568
481
444
114
440
290
3
126
539
535
533
534
536
215
431
427
517
450
440
463
443
440
444
474
440
170
398
397
399
3
453
526
440
378
587
414
415
330
121
443
465
440
160
518
450
440
3
132
612
610
615
613
611
155
614
156
168
618
347
348
346
201
215
215
208
310
476
444
440
226
382
416
3
145
144
134
139
136
135
138
133
131
137
443
464
440
286
231
208
311
310
166
165
396
398
395
164
394
393
397
399
167
160
444
473
440
200
121
122
427
426
419
419
143
132
571
444
472
440
242
569
571
434
504
448
440
128
121
444
482
440
514
450
440
540
533
215
430
624
423
420
422
425
424
421
419
490
445
440
454
494
440
210
373
457
441
440
558
230
560
233
229
232
559
231
226
226
390
120
624
429
419
513
450
440
528
453
440
496
446
440
552
180
178
532
542
563
235
560
559
226
337
416
333
329
330
568
336
597
596
600
595
599
601
598
602
510
449
440
3
506
448
440
618
347
345
348
346
132
131
130
130
577
575
154
208
310
593
605
609
543
546
549
544
545
538
537
540
215
26
520
451
440
210
126
539
533
534
536
204
470
442
440
509
449
440
212
415
390
299
170
396
398
399
444
475
440
542
180
181
176
178
532
144
133
131
212
574
572
580
577
575
578
584
581
579
582
583
573
576
570
454
493
440
603
388
387
385
386
487
444
440
127
295
3
205
611
612
347
344
345
343
614
615
348
346
613
609
588
414
568
577
575
578
581
582
583
573
576
593
166
161
165
164
167
530
455
440
516
450
440
3
452
524
440
563
235
560
559
226
432
433
426
423
420
422
425
424
421
460
461
3
459
448
507
440
495
508
529
160
503
556
456
462
532
532
523
439
215
240
459
118
512
419
556
384
498
492
488
118
384
118
130
609
384
384
149
525
471
307
519
466
440
532
132
161
161
210
210
210
132
208
311
310
165
161
208
310
208
310
398
399
167
160
166
165
164
393
399
160
427
535
205
611
612
347
614
343
615
348
613
609
155
156
168
153
160
427
419
132
130
535
532
132
130
427
419
198
577
575
427
