2
3
4
5
6
7
8
9
10
11
12
13
14
15
16
17
18
19
20
21
22
23
24
25
26
27
28
29
30
31
32
33
34
35
36
37
38
39
40
41
42
43
44
45
46
47
48
49
50
51
52
53
54
55
56
57
58
59
60
61
62
63
64
65
66
67
68
69
70
71
72
73
74
75
76
77
78
79
80
81
82
83
84
85
86
87
88
89
90
91
92
93
94
95
96
97
98
99
100
101
102
103
104
105
106
107
108
109
110
111
112
113
114
115
116
117
118
119
120
121
122
123
124
125
126
127
128
129
130
131
132
133
134
135
136
137
138
139
140
141
142
143
144
145
146
147
148
149
150
151
152
153
154
155
156
157
158
159
160
161
162
163
164
165
166
167
168
169
170
171
172
173
174
175
176
177
178
179
180
181
182
183
184
185
186
187
188
189
190
191
192
193
194
195
196
197
198
199
200
201
202
203
204
205
206
207
208
209
210
211
212
213
214
215
216
217
218
219
220
221
222
223
224
225
226
227
228
229
230
231
232
233
234
235
236
237
238
239
240
241
242
243
244
245
246
247
248
249
250
251
252
253
254
255
256
257
258
259
260
261
262
263
264
265
266
267
268
269
270
271
272
273
274
275
276
277
278
279
280
281
282
283
284
285
286
287
288
289
290
291
292
293
294
295
296
297
298
299
300
301
302
303
304
305
306
307
308
309
310
311
312
313
314
315
316
317
318
319
320
321
322
323
324
325
326
327
328
329
330
331
332
333
334
335
336
337
338
339
340
341
342
343
344
345
346
347
348
349
350
351
352
353
354
355
356
357
358
359
360
361
362
363
364
365
366
367
368
369
370
371
372
373
374
375
376
377
378
379
380
381
382
383
384
385
386
387
388
389
390
392
393
394
395
396
397
398
399
400
401
402
403
404
405
406
407
408
409
410
411
412
413
414
415
416
417
418
419
420
421
422
423
424
425
426
427
428
429
430
431
432
433
434
435
436
437
438
439
440
441
442
443
444
445
446
316
315
92
165
188
166
6
48
2
2
239
71
92
29
185
393
127
65
80
6
82
251
250
143
81
65
71
65
220
88
6
95
80
49
75
189
92
213
231
6
71
112
314
163
162
254
161
103
189
174
239
211
71
127
80
6
83
121
124
170
171
125
122
114
126
27
108
75
40
82
9
66
97
98
47
26
60
105
100
83
11
20
96
107
36
68
65
39
69
45
13
34
23
77
24
37
17
92
101
14
76
22
81
43
46
80
95
111
102
104
70
85
44
67
94
87
38
84
112
35
93
7
18
109
89
28
12
78
106
79
41
10
19
25
29
99
103
16
30
21
31
42
32
88
71
86
8
110
15
33
344
127
80
6
83
157
239
143
81
65
27
62
227
230
205
72
71
212
127
80
146
61
60
189
371
197
65
108
80
106
48
103
67
87
71
6
86
92
133
237
239
156
30
422
395
189
225
203
157
148
253
81
67
94
71
92
85
239
143
81
65
102
201
200
234
6
71
75
127
80
237
127
231
239
238
196
65
11
190
72
6
71
81
97
71
314
68
71
6
83
87
6
49
167
2
178
425
428
424
423
412
414
406
408
407
404
403
402
409
405
398
342
346
345
368
144
145
316
315
110
142
127
71
6
80
239
23
65
141
71
49
80
6
84
148
256
65
332
330
336
331
333
334
71
35
337
329
421
6
189
239
233
208
143
81
172
104
113
71
422
425
424
423
2
208
234
77
76
80
241
296
394
75
202
229
71
112
195
198
81
127
65
426
427
403
405
400
393
402
2
63
397
239
79
20
71
370
254
214
132
133
232
81
71
175
173
140
189
210
211
6
6
396
4
240
365
350
356
351
355
352
357
358
349
354
362
366
360
364
367
359
353
363
361
157
239
143
81
65
26
189
259
143
81
65
98
6
71
74
189
209
239
172
239
254
28
341
426
427
403
195
239
143
81
65
71
6
74
18
127
80
95
404
213
112
65
250
100
320
136
173
140
138
137
175
223
139
134
65
73
130
67
71
80
6
111
413
403
410
295
225
226
203
148
294
256
164
65
332
336
330
331
335
333
94
334
71
33
337
329
93
239
143
81
65
25
143
81
71
49
348
346
368
425
423
420
235
75
239
38
109
410
189
243
147
245
244
72
6
71
75
112
77
71
76
262
10
6
83
65
127
80
127
181
65
113
65
430
426
435
436
406
401
399
402
132
6
100
99
239
143
159
81
65
71
6
17
239
190
191
6
40
79
19
340
341
249
127
81
71
80
229
141
87
151
150
6
5
237
239
238
196
231
248
65
9
424
423
420
168
323
225
203
155
148
256
332
336
331
338
335
333
31
94
334
71
6
337
329
233
143
81
239
143
81
65
71
15
205
71
96
421
81
198
189
371
400
402
234
65
239
21
6
79
83
260
8
92
296
225
239
88
71
6
89
36
320
371
78
108
80
79
111
102
82
88
37
87
6
71
83
84
92
93
109
239
78
22
132
185
133
81
112
203
190
80
6
239
238
196
231
65
12
195
239
143
81
65
72
71
6
14
99
93
415
430
402
127
80
217
219
218
135
216
207
215
68
65
95
41
91
97
94
88
6
90
96
107
112
402
405
393
239
238
196
231
65
13
63
64
6
82
402
405
392
71
69
6
110
426
415
430
428
436
434
408
407
399
403
402
256
336
71
6
16
333
329
174
157
239
143
81
334
332
330
71
336
331
335
338
333
337
329
329
399
160
242
226
256
253
34
334
71
6
336
331
337
333
329
206
234
6
75
199
237
204
177
231
149
239
156
152
259
190
236
158
113
80
70
66
105
7
65
72
86
6
71
101
95
292
32
427
399
410
407
221
222
42
44
47
43
45
46
6
95
415
434
408
407
399
402
409
405
153
81
80
71
49
153
133
81
80
71
6
239
143
81
65
24
71
339
339
392
2
344
422
399
402
