1
2
2
2
2
2
2
2
2
2
2
2
2
14
16
16
17
13
13
20
21
21
21
21
21
21
21
21
21
21
21
21
21
21
21
21
21
21
21
21
21
21
21
44
27
52
53
53
53
53
53
53
20
60
60
60
60
60
60
60
60
60
60
60
60
60
60
60
60
60
60
60
60
60
60
60
60
60
60
60
60
60
60
60
60
60
60
60
60
60
60
60
60
60
60
60
60
60
60
60
60
60
60
60
60
60
60
60
60
116
116
116
116
116
116
116
116
116
116
116
116
116
116
112
113
30
30
30
30
30
101
101
101
106
41
36
36
36
36
36
36
36
127
127
100
100
100
100
100
100
100
100
100
100
100
100
100
100
100
100
100
109
109
12
12
58
39
114
114
114
114
27
27
27
27
27
27
27
27
27
27
27
57
55
107
107
107
107
33
33
33
33
33
33
59
31
31
31
31
31
31
31
31
31
126
126
108
108
108
108
29
29
29
29
29
29
29
29
29
29
29
102
102
102
102
103
103
103
103
103
103
103
103
38
124
124
124
28
28
28
28
28
28
28
28
28
40
37
37
37
37
37
56
14
14
14
99
99
99
99
99
99
99
99
129
129
105
105
105
105
105
105
105
105
105
105
123
123
123
128
128
32
32
32
32
32
125
125
11
11
15
15
51
51
