2
3
4
5
6
7
8
9
10
11
12
13
14
15
16
17
18
19
20
21
22
23
24
25
26
27
28
29
30
31
32
33
34
35
36
37
38
39
40
41
42
43
44
45
46
47
48
49
50
51
52
53
54
55
56
57
58
59
60
61
62
63
64
65
66
67
68
69
70
71
72
73
74
75
76
77
78
79
80
81
82
83
84
85
86
87
88
89
90
91
92
93
94
95
96
97
98
99
100
101
102
103
104
105
106
107
108
109
110
111
112
113
114
115
116
117
118
119
120
121
122
123
124
125
126
127
128
129
130
131
132
133
134
135
136
137
138
139
140
141
142
143
144
145
8
147
148
149
150
151
152
153
154
155
156
157
158
159
160
161
162
163
164
165
166
167
168
151
170
171
172
173
174
175
176
177
178
179
180
181
182
183
184
185
186
187
188
189
190
191
192
193
194
195
196
197
198
199
200
201
202
203
204
205
206
207
208
209
210
211
212
213
214
215
216
217
218
219
220
221
222
223
224
225
226
227
228
229
230
231
232
233
234
235
236
237
238
239
240
241
242
243
244
245
246
247
248
249
250
251
252
253
254
255
256
257
258
259
260
261
262
263
264
265
266
267
268
269
270
271
272
273
274
275
276
277
278
279
280
281
282
283
284
285
286
287
288
289
290
291
292
293
294
295
296
297
298
299
300
301
174
303
304
305
306
307
308
309
310
311
312
313
314
315
316
317
318
319
320
321
322
323
324
325
326
327
328
329
330
331
332
333
334
335
336
337
338
339
340
341
342
343
344
345
346
347
348
349
350
351
352
353
354
355
356
357
358
359
360
361
362
363
364
365
366
367
368
369
370
371
372
373
374
375
376
377
378
344
380
381
382
383
384
385
386
387
388
389
390
391
392
393
394
395
396
397
398
399
400
401
402
403
404
405
406
407
408
409
410
411
412
413
414
415
416
417
418
419
420
421
422
423
424
425
426
427
428
429
430
431
432
433
434
435
436
437
438
439
440
441
442
443
444
445
446
447
448
449
450
451
452
453
454
455
456
457
458
459
460
461
462
463
464
465
466
467
468
469
470
471
472
473
474
475
476
477
478
479
480
481
427
483
484
485
486
487
488
489
490
491
492
493
494
495
496
497
498
499
500
501
502
503
504
505
506
507
508
509
510
511
512
513
514
515
516
490
518
504
507
521
522
523
524
525
526
527
528
529
530
531
532
533
534
535
536
537
538
539
540
541
542
543
544
545
546
547
548
549
550
551
552
553
554
555
556
557
558
559
560
561
562
563
564
565
566
567
568
569
570
571
572
573
574
560
147
523
147
523
79
538
529
540
530
528
527
78
7
55
148
523
523
454
332
172
173
174
170
454
332
172
173
174
170
454
332
172
173
174
170
427
172
173
174
177
171
175
312
306
314
145
144
380
535
527
4
7
332
314
312
306
307
314
303
148
313
315
454
332
172
173
174
170
380
320
308
332
172
170
454
332
172
173
174
170
523
427
344
172
173
174
177
171
175
303
468
335
461
464
436
425
423
418
454
332
172
173
174
170
170
499
484
523
380
313
484
454
332
172
173
174
170
534
94
530
527
7
80
504
380
148
416
412
381
523
551
332
172
170
542
543
530
532
527
7
164
148
560
545
5
332
314
335
465
448
425
423
314
418
332
172
170
173
170
523
314
529
528
527
12
78
5
7
55
464
425
170
454
332
172
173
174
170
542
531
543
532
544
527
7
367
523
560
454
332
172
173
174
170
93
413
381
131
332
172
173
315
314
454
332
172
173
174
170
523
454
332
172
173
174
170
454
332
172
173
174
170
312
313
315
314
531
532
527
7
541
7
427
344
172
173
174
171
176
303
332
172
170
105
527
7
96
454
332
172
173
174
170
332
314
523
380
170
313
315
332
172
173
380
554
555
380
341
172
177
171
456
332
172
173
174
171
332
172
170
176
527
132
7
120
335
429
425
423
418
523
454
332
172
173
174
170
367
369
368
365
366
303
332
314
173
560
380
366
559
454
332
172
173
174
170
454
332
172
173
174
170
454
173
174
170
170
6
5
8
7
3
454
332
172
173
174
170
332
309
314
530
4
7
424
425
423
303
490
501
524
485
523
380
454
332
172
173
174
170
542
7
148
534
542
118
543
536
530
527
537
7
107
504
314
353
525
425
423
418
523
332
172
173
180
314
560
332
172
170
454
332
172
173
174
170
380
523
526
525
5
8
380
362
75
332
314
429
425
509
499
504
523
131
170
454
332
172
173
174
170
425
418
314
546
525
6
5
454
173
174
170
170
93
313
315
485
75
76
463
461
464
425
418
560
559
558
313
314
369
313
380
454
332
172
173
174
170
542
118
543
541
530
544
527
7
107
332
172
173
170
454
332
172
173
174
170
530
532
7
544
7
313
170
170
530
560
523
332
172
170
314
429
425
546
525
6
5
344
172
173
174
177
171
175
332
172
170
14
51
454
173
174
170
461
462
525
425
423
314
418
523
173
170
424
523
380
523
454
332
172
173
174
170
454
332
172
173
174
170
507
411
500
485
503
380
456
332
172
173
174
380
551
332
314
332
347
172
175
176
454
332
172
173
174
170
461
462
425
533
529
105
530
528
527
5
7
96
560
427
344
172
173
174
177
171
176
303
380
454
332
172
173
174
170
456
332
172
173
174
454
332
172
173
174
170
79
539
529
541
530
528
527
78
7
55
424
529
332
172
170
529
536
530
528
527
132
5
7
120
454
332
172
173
174
170
104
502
485
380
380
464
425
454
332
172
173
174
170
414
381
380
530
532
527
7
454
332
172
173
174
170
104
540
530
527
78
7
55
307
303
6
332
172
173
170
170
560
170
454
332
172
173
174
170
332
172
173
180
314
454
332
172
173
174
170
365
303
164
148
547
7
332
172
173
454
332
172
173
174
170
170
170
454
332
172
173
174
170
332
172
170
454
173
174
170
454
173
174
170
536
544
527
560
523
454
332
172
173
174
170
534
7
425
523
344
320
337
332
172
180
175
314
303
332
172
170
523
454
173
174
170
76
454
332
172
173
174
170
454
332
172
173
174
170
523
434
431
455
3
418
332
314
332
525
315
523
456
332
172
173
174
171
468
118
536
530
527
525
6
7
107
332
172
170
326
464
425
320
332
314
533
94
530
527
7
80
332
172
170
381
527
537
4
7
454
332
172
173
174
170
414
381
380
523
464
425
429
425
335
463
461
464
425
423
418
523
380
454
173
174
170
529
528
527
5
7
51
552
425
423
418
551
454
332
172
173
174
170
454
173
174
170
425
164
148
547
7
8
461
462
525
425
423
314
418
523
454
332
172
173
174
170
499
504
523
380
456
332
172
173
174
171
523
523
118
536
530
527
537
7
107
364
364
314
368
380
523
332
172
173
171
523
315
417
381
415
381
525
560
523
381
332
172
170
425
332
172
170
332
172
170
442
418
117
454
173
174
170
335
463
461
462
464
425
423
418
523
531
4
7
429
425
523
523
523
332
172
173
180
314
170
170
380
523
332
172
173
180
314
454
332
172
173
174
170
380
427
344
172
173
174
171
176
523
332
172
170
314
303
332
172
170
454
332
172
173
174
170
499
494
484
523
536
544
527
560
523
332
172
170
332
172
170
332
314
440
437
464
459
540
7
454
332
172
173
174
170
380
460
458
459
422
425
421
554
555
418
553
332
172
173
457
466
425
332
309
314
367
369
368
365
366
560
173
170
444
425
418
534
535
94
530
527
7
80
425
117
463
461
464
425
418
463
461
425
332
172
170
525
560
523
523
312
305
531
527
4
7
456
332
172
173
174
171
454
332
172
173
174
170
523
303
377
377
553
523
553
523
303
380
418
523
303
507
380
411
380
490
380
380
