1
2
2
2
2
2
2
2
2
2
2
2
2
15
16
16
16
20
20
20
20
21
22
22
22
22
22
22
22
22
22
22
32
32
32
26
37
38
38
38
38
38
38
38
38
38
38
38
49
49
49
38
53
53
53
53
53
53
53
53
53
53
63
63
63
63
63
63
63
63
63
63
63
71
37
76
76
76
76
76
76
76
76
76
76
76
76
76
76
76
76
76
76
76
76
76
76
76
76
100
100
83
104
105
106
106
106
106
106
106
106
106
106
106
106
106
106
106
106
106
106
106
106
106
106
106
106
106
106
106
106
106
106
106
123
138
139
139
139
139
139
139
139
139
139
139
139
139
139
139
139
139
139
139
139
139
139
139
139
139
139
139
139
139
139
139
139
139
139
158
168
124
124
124
125
125
125
44
44
132
132
132
132
82
127
127
48
48
156
156
156
156
156
156
156
156
156
46
46
13
159
159
159
98
98
85
85
73
73
135
135
135
128
128
129
129
160
160
160
160
90
122
123
123
123
134
134
57
57
57
59
59
67
92
92
89
89
62
62
170
170
170
170
19
136
136
164
164
164
162
162
162
162
162
162
162
162
84
84
171
171
171
171
171
171
171
171
30
30
30
30
30
30
30
172
172
172
172
61
61
51
157
157
157
157
157
157
157
157
52
35
35
155
155
155
155
95
95
94
94
94
96
96
47
47
93
56
56
161
161
161
121
121
121
120
120
120
86
118
31
31
166
166
166
166
163
163
163
163
163
29
29
29
29
29
29
29
91
91
81
81
81
81
154
154
154
154
154
43
43
42
133
68
68
69
69
69
69
99
99
60
60
83
83
83
83
131
131
72
72
126
126
126
126
126
88
165
165
165
74
74
74
74
130
130
169
169
169
169
169
169
169
169
169
169
119
45
66
167
167
58
58
102
158
158
158
158
158
158
158
158
158
158
158
158
158
158
158
158
39
26
142
141
54
54
173
173
137
137
137
36
36
103
