1
2
2
2
2
2
2
2
2
2
2
2
2
2
2
2
19
20
20
20
20
20
20
20
20
20
20
20
20
20
20
20
20
20
20
20
20
20
20
20
20
20
20
20
20
20
20
20
20
20
20
20
20
20
20
20
20
20
20
23
63
56
65
20
67
20
69
69
69
69
69
69
69
69
69
69
69
69
69
69
70
84
48
87
88
88
88
88
92
94
95
95
95
95
95
95
95
95
95
95
95
106
107
107
107
95
111
111
111
111
111
111
111
111
111
106
106
123
124
124
124
124
124
124
124
124
124
124
124
124
124
124
124
124
124
124
124
124
124
124
124
124
124
124
124
124
124
124
143
155
124
157
157
154
154
135
13
13
152
80
80
80
80
80
80
80
129
129
117
130
130
11
131
132
132
53
143
42
42
42
60
85
85
45
45
45
45
45
45
45
45
45
45
62
62
48
48
48
48
48
48
48
48
48
48
61
61
61
61
61
61
61
61
150
50
52
54
37
37
37
37
37
37
37
37
134
148
149
57
141
141
116
119
158
44
44
44
44
44
44
44
44
44
44
118
103
137
83
83
83
83
102
106
106
106
106
106
104
151
56
56
56
56
56
56
56
56
56
56
56
56
144
51
120
79
10
10
10
43
43
43
43
43
66
154
154
154
154
154
154
154
154
154
154
154
153
147
39
39
39
40
40
40
105
55
55
46
46
46
46
46
46
142
81
81
81
81
81
92
92
92
38
38
38
38
38
38
38
38
146
36
82
82
82
82
82
82
82
82
82
58
145
47
47
47
156
27
9
26
32
72
25
22
70
34
93
121
161
122
18
