2
3
4
5
6
7
8
9
10
11
12
13
14
15
16
17
18
11
20
21
22
23
24
25
26
27
28
29
30
31
32
33
34
35
36
37
38
39
40
41
42
43
44
45
46
47
47
49
50
51
52
53
54
55
56
57
56
57
60
61
62
63
64
65
66
67
68
67
71
14
13
6
15
7
65
52
53
51
64
62
63
7
54
10
64
65
62
63
8
4
5
15
10
52
53
51
54
12
14
13
11
14
13
42
43
44
44
41
11
4
5
15
15
3
15
15
11
42
43
44
10
52
53
51
54
10
64
65
62
63
