1
2
2
2
2
2
2
2
2
2
2
2
2
2
2
16
16
16
16
16
16
16
16
16
16
16
16
16
16
16
16
16
2
34
34
36
37
34
39
1
41
41
41
41
41
41
41
41
41
41
41
41
41
41
41
41
41
41
41
60
60
63
64
64
64
64
64
64
64
64
64
64
64
64
64
64
64
64
64
64
64
64
84
84
84
84
64
89
89
89
89
89
89
89
82
34
7
7
7
56
56
56
56
56
58
58
94
94
11
11
11
12
12
15
88
88
88
88
10
10
10
53
53
53
30
30
48
38
38
31
31
82
82
82
82
25
25
26
26
49
96
96
96
81
81
81
81
81
81
81
81
81
81
81
81
81
50
50
9
9
13
13
13
13
13
83
83
83
83
29
29
29
29
29
28
28
87
87
87
62
52
33
33
33
33
33
33
33
33
33
33
27
27
27
54
54
54
8
8
57
57
57
57
57
80
80
80
80
80
80
95
95
95
95
14
14
14
70
71
43
43
42
42
85
47
47
46
72
