2
3
4
5
6
7
8
9
10
11
12
13
14
15
16
17
18
19
20
21
22
23
24
25
26
27
28
29
30
31
32
33
34
35
36
37
38
39
40
41
42
43
44
45
46
47
48
49
50
51
52
53
54
55
56
57
58
59
60
61
62
63
64
65
66
67
68
69
70
71
72
74
75
76
77
78
79
80
81
82
83
84
85
86
87
88
89
90
91
92
7
3
26
17
24
18
14
17
15
24
18
19
14
13
24
23
13
66
67
56
55
51
56
70
83
32
26
17
25
24
14
24
13
39
2
34
35
21
15
20
25
22
45
76
78
80
66
53
54
68
78
50
37
47
46
62
64
52
54
41
75
78
79
80
3
50
25
78
79
41
42
37
34
16
22
47
46
23
45
77
78
79
3
30
25
56
53
34
35
12
21
17
15
20
25
24
19
67
63
52
55
54
68
78
42
37
15
16
22
47
46
23
45
12
68
68
45
68
68
69
69
68
22
45
3
