1
2
2
2
2
2
2
2
2
2
2
2
2
2
2
2
2
2
2
2
2
2
2
2
2
2
2
2
2
2
2
2
2
35
35
1
36
36
36
36
36
36
36
36
36
36
36
36
36
36
36
36
36
36
36
36
36
36
36
36
36
36
36
36
36
36
36
36
36
36
36
36
36
36
36
36
36
36
36
36
36
36
36
36
36
36
36
36
36
36
36
36
36
36
36
36
36
36
36
36
36
36
36
36
36
36
36
36
36
36
36
36
36
36
36
36
36
36
80
80
83
122
123
125
126
126
126
126
126
126
126
126
126
126
126
126
126
126
126
126
126
126
126
126
126
126
126
126
126
126
126
126
126
126
126
126
126
126
126
126
126
126
126
165
165
165
165
165
165
165
165
165
126
175
175
175
175
175
175
175
175
175
175
175
175
175
175
175
175
175
175
175
175
175
175
175
175
175
175
175
175
175
175
175
175
175
175
175
175
175
175
175
175
175
175
175
175
175
175
175
175
175
175
175
175
175
175
175
175
175
175
175
175
175
175
175
175
175
175
175
175
175
175
175
175
175
175
175
151
1
252
252
252
252
252
252
252
252
252
252
252
252
257
259
151
151
151
151
63
63
63
63
27
211
211
19
28
152
101
77
231
231
244
244
94
88
257
169
169
220
220
259
163
153
237
237
216
216
226
226
78
250
250
250
250
250
250
250
250
250
250
250
250
250
250
250
250
250
250
250
250
250
250
250
250
250
250
250
250
250
250
250
250
250
250
250
250
250
250
250
250
250
250
250
250
250
250
250
250
247
247
245
245
228
228
168
168
168
230
230
156
225
225
225
225
155
30
67
33
162
18
24
31
41
41
218
218
218
218
218
223
223
258
61
61
61
89
260
256
256
224
224
170
160
246
246
174
174
174
213
213
217
217
95
22
235
235
233
233
92
92
92
154
241
241
171
221
221
248
248
26
14
14
14
14
14
14
29
12
12
12
12
12
34
173
173
65
148
212
212
236
236
210
210
222
222
62
62
112
149
149
117
215
215
84
84
243
243
15
15
15
147
147
147
147
147
147
147
147
13
25
227
227
157
157
157
249
249
23
172
172
172
172
172
238
238
234
234
59
59
59
59
214
214
21
242
242
17
239
239
32
66
47
150
261
261
261
45
45
69
69
158
159
159
159
240
240
102
100
232
232
20
55
55
229
229
166
145
146
167
251
265
266
