2
3
4
5
6
7
8
9
10
11
12
13
14
15
16
17
18
19
20
21
22
23
24
25
26
27
28
29
30
31
32
33
34
7
8
36
37
38
39
40
41
42
43
44
45
46
47
48
49
50
51
52
53
54
55
56
57
58
59
60
61
62
63
64
65
66
67
68
69
70
71
72
73
74
75
76
77
78
79
80
81
82
83
84
85
86
87
88
89
90
91
92
93
94
95
96
97
98
99
100
101
102
103
104
105
106
107
108
109
110
111
112
113
114
115
116
117
118
119
120
121
123
124
126
127
128
129
130
131
132
133
134
135
136
137
138
139
140
141
142
143
144
145
146
147
148
149
150
151
152
153
154
155
156
157
158
159
160
161
162
163
164
165
166
167
168
169
170
171
172
173
174
175
176
177
178
179
180
181
182
183
184
185
186
187
188
189
190
191
192
193
194
195
196
197
198
199
200
201
202
203
204
205
206
207
208
209
210
211
212
213
214
215
216
217
218
219
220
221
222
223
224
225
226
227
228
229
230
231
232
233
234
235
236
237
238
239
240
241
242
243
244
245
246
247
248
249
250
251
252
253
254
255
256
257
258
259
260
261
262
263
264
265
266
138
140
139
127
56
66
71
65
8
202
175
4
8
138
38
45
181
175
204
175
91
87
260
175
165
196
175
261
146
138
184
175
217
165
176
175
37
208
203
193
141
184
185
194
143
187
186
190
179
134
209
177
129
189
128
144
137
130
195
188
176
197
196
178
182
135
200
207
131
198
206
192
204
205
201
142
191
199
136
180
127
132
202
126
126
207
175
205
175
178
175
166
167
175
180
175
160
201
194
175
175
140
9
66
11
146
3
6
10
39
40
214
225
165
175
165
200
175
259
56
69
76
78
261
253
254
199
175
165
145
206
175
250
166
126
197
175
165
165
91
5
187
175
183
175
102
101
38
139
191
175
165
198
175
208
175
7
16
15
11
8
6
7
9
5
11
6
10
3
11
166
175
56
133
203
175
188
175
195
175
198
175
56
61
113
151
133
118
201
175
56
87
193
175
9
6
10
133
138
134
140
139
127
126
126
14
7
177
175
160
126
126
209
175
6
214
225
166
167
165
185
175
186
175
56
73
66
65
194
175
5
192
175
3
189
175
10
56
56
133
264
253
254
48
55
70
68
162
162
126
126
190
175
38
95
182
175
4
48
47
179
175
175
161
164
175
127
260
261
