1
2
2
2
2
2
2
2
2
2
2
2
10
14
14
13
17
17
1
20
20
20
20
20
20
20
20
20
20
20
20
20
20
20
20
20
20
20
20
20
20
20
20
20
20
20
20
20
20
20
20
20
20
20
20
20
20
20
20
20
20
39
63
63
63
1
67
67
67
67
67
67
67
67
67
67
67
67
67
67
67
67
67
67
67
67
67
67
67
67
67
67
67
67
67
67
67
67
67
67
67
67
67
67
67
67
67
67
110
111
111
111
111
111
111
111
111
119
119
119
119
111
124
115
85
94
94
89
89
89
89
76
76
76
76
107
51
51
51
82
82
82
58
100
100
10
10
10
84
84
101
101
113
35
35
35
35
35
35
35
35
35
35
35
91
39
39
115
115
115
54
54
54
54
78
9
9
9
9
9
77
103
80
123
79
104
81
88
88
99
99
37
45
13
13
38
38
95
95
95
95
95
95
75
75
75
75
93
93
102
71
71
71
59
46
40
40
40
40
40
40
40
40
40
40
40
40
40
40
40
96
96
96
96
96
52
36
36
36
42
42
16
105
116
116
116
92
92
92
92
92
92
92
92
61
61
61
57
98
43
86
114
114
90
90
90
122
3
21
22
