2
3
4
5
6
7
9
10
11
12
13
14
15
16
17
18
19
20
21
22
23
24
25
26
27
28
29
30
31
32
33
34
35
36
37
38
20
40
41
42
43
44
45
46
47
48
49
50
51
52
53
54
55
56
57
58
59
60
61
62
63
64
65
66
67
68
69
70
71
72
73
74
75
76
77
78
79
80
81
82
83
84
85
86
87
88
89
90
91
92
93
94
95
96
97
98
99
100
101
102
103
104
106
107
108
109
110
111
112
113
114
115
116
117
118
119
120
121
122
123
124
125
126
127
128
129
130
131
132
133
134
135
136
137
138
139
140
141
142
143
144
145
146
147
148
149
150
151
152
153
154
155
156
157
158
159
160
161
162
163
164
165
166
167
168
169
170
171
172
173
174
175
176
177
178
179
180
181
182
183
184
185
186
167
188
189
190
191
192
193
194
195
196
197
198
199
200
201
202
203
204
205
206
207
208
209
210
211
212
213
214
215
216
217
218
219
220
221
222
223
224
225
226
227
228
229
230
231
232
233
234
235
236
237
238
239
240
241
242
243
244
245
246
247
248
249
250
251
252
253
254
255
256
257
258
259
260
261
263
265
267
268
269
270
271
272
273
274
275
276
277
278
279
280
281
282
283
284
285
286
287
288
289
290
291
292
293
294
295
296
297
298
299
300
301
302
303
304
305
306
307
308
309
310
311
312
313
314
315
316
317
318
319
320
321
322
323
324
325
326
327
328
329
330
332
333
334
335
336
337
338
339
340
341
342
343
344
345
346
347
348
349
334
335
336
337
352
353
354
355
356
357
358
359
360
361
362
363
364
365
366
367
368
369
370
371
372
373
374
375
376
377
378
379
380
381
382
383
384
385
386
387
388
389
390
391
392
393
394
395
396
397
398
399
400
401
402
403
404
405
406
407
408
409
410
411
412
413
414
415
416
417
418
419
420
421
422
423
424
425
426
427
428
429
430
428
433
434
435
436
437
438
439
440
441
442
443
444
445
446
447
448
449
450
451
452
453
454
455
456
457
458
459
460
461
462
463
462
434
435
436
437
467
468
469
470
471
472
373
379
385
377
381
387
371
375
383
154
151
221
166
247
244
246
288
203
204
188
188
365
364
417
188
242
274
368
244
246
288
306
288
255
400
411
412
410
416
413
415
417
414
188
408
172
166
130
131
152
132
151
129
110
109
117
119
133
140
125
150
116
139
138
137
145
142
118
128
146
127
124
135
143
144
147
126
148
134
113
112
108
111
411
412
410
416
413
415
417
409
414
181
167
172
166
89
40
251
202
253
188
110
46
365
416
364
107
109
365
367
19
242
274
279
410
365
364
112
111
109
324
288
321
308
288
309
311
315
314
312
318
319
317
320
310
313
316
287
197
10
188
282
189
283
188
152
136
141
112
111
109
324
288
86
47
152
136
141
112
111
109
365
366
364
417
181
182
183
167
172
166
324
288
287
287
281
274
279
112
197
468
469
5
352
197
10
188
188
410
417
409
411
412
416
413
415
414
408
408
365
365
120
122
121
109
90
356
83
86
58
47
45
40
335
365
19
275
274
295
154
151
109
438
247
288
365
364
409
436
469
295
365
413
364
333
332
189
188
188
110
109
337
220
424
19
220
234
424
19
365
250
10
152
136
141
112
111
109
154
123
109
5
352
247
324
288
197
275
188
288
410
365
364
70
87
47
45
40
246
47
365
364
415
408
365
413
364
191
188
188
86
47
435
439
454
19
154
151
248
249
221
255
394
188
362
181
167
172
166
89
40
197
10
188
396
188
247
217
247
112
111
109
295
90
242
281
274
365
362
411
365
364
172
171
40
89
40
324
288
154
123
108
109
247
19
287
19
435
436
439
434
438
149
155
113
112
111
109
411
365
364
112
111
109
154
169
172
86
47
248
249
288
340
339
338
337
333
411
412
410
416
413
415
417
409
414
408
154
288
183
170
172
40
40
438
288
275
188
274
152
111
365
364
414
365
364
415
172
168
330
288
51
47
45
40
339
337
437
288
288
339
456
458
455
457
197
10
188
86
47
51
47
197
10
188
151
83
85
86
47
45
40
398
255
411
412
410
416
413
415
417
414
188
408
47
45
40
287
47
46
47
45
153
275
188
274
324
288
402
191
217
83
84
47
45
40
288
47
45
166
40
231
324
288
112
111
109
288
288
172
89
40
412
365
364
255
400
411
412
410
416
413
415
417
414
188
408
246
365
416
364
113
110
112
108
111
109
324
288
19
324
288
287
51
47
110
109
47
40
322
288
220
424
197
10
188
47
83
85
86
47
40
64
40
365
364
414
303
302
288
434
83
85
86
84
47
45
40
247
217
412
365
364
51
47
251
338
334
336
152
107
111
109
110
109
152
136
141
112
111
109
288
288
197
10
110
172
330
288
365
364
51
47
330
288
197
423
424
113
112
111
109
330
288
424
163
162
83
84
47
45
40
46
191
357
2
19
59
62
81
86
82
81
80
44
47
43
40
79
88
47
181
182
183
172
166
89
40
288
287
288
66
47
40
397
255
403
188
362
19
456
458
455
462
457
461
47
154
123
109
83
85
86
47
40
172
83
85
47
231
398
255
411
412
410
416
413
415
417
414
188
408
153
152
110
109
109
396
188
390
19
330
288
288
83
84
188
188
356
47
330
288
195
191
288
287
219
395
188
352
466
351
40
188
188
351
408
466
466
351
466
2
19
466
351
19
40
188
109
51
365
367
220
424
19
424
