2
3
4
5
6
7
8
9
10
11
12
13
14
15
16
17
18
19
20
21
22
23
24
25
26
27
28
29
30
31
32
33
34
35
36
37
38
39
40
41
42
43
44
45
46
47
48
49
50
51
52
53
54
55
56
57
58
59
60
61
62
63
64
65
66
67
68
69
70
71
72
73
74
75
76
77
78
79
80
81
82
83
84
85
86
87
88
89
90
91
92
93
94
95
96
97
98
99
100
101
102
103
104
105
106
107
108
109
110
111
112
113
114
115
116
117
118
119
120
121
122
123
124
125
126
127
128
129
130
131
132
133
134
135
136
137
138
139
140
141
142
143
144
145
146
147
148
149
150
151
152
153
154
155
156
157
158
159
160
161
162
163
164
165
166
167
168
169
170
171
172
173
174
175
176
177
178
179
180
181
182
183
184
185
186
187
188
189
190
191
192
193
194
195
196
197
198
199
200
201
202
203
204
205
206
207
208
209
210
211
212
213
214
215
216
217
218
219
220
221
222
223
224
225
226
227
228
229
230
231
232
233
234
235
236
237
238
239
240
241
242
243
244
245
246
247
248
249
250
251
252
253
254
255
256
257
258
259
260
261
262
263
264
265
266
267
268
269
270
271
272
273
274
275
276
277
278
279
280
281
282
283
284
285
286
287
288
289
290
291
292
293
294
295
297
298
299
300
301
302
303
304
305
306
307
308
309
310
311
312
313
314
315
316
317
318
319
320
321
322
323
324
325
326
327
328
329
330
331
332
333
334
335
336
337
338
339
340
341
342
343
344
345
346
347
348
349
350
351
352
353
354
355
356
357
358
359
360
361
362
363
364
365
366
367
368
369
370
371
372
373
374
375
376
377
378
379
380
381
382
384
385
386
387
388
389
390
391
392
393
394
395
396
397
398
399
400
401
402
403
404
405
406
407
408
401
402
411
412
413
414
415
416
417
418
419
420
421
422
423
424
425
426
427
428
429
430
431
432
433
434
435
436
437
438
439
440
441
442
443
444
445
446
447
448
449
450
451
452
453
454
455
456
457
458
459
460
461
462
463
464
465
467
468
469
470
471
472
473
474
475
476
477
478
479
480
481
482
483
484
485
486
487
488
489
490
491
492
493
494
495
496
497
498
499
500
501
502
503
504
505
506
507
508
509
510
511
512
513
514
515
516
517
518
519
520
521
522
523
524
525
526
527
528
529
530
531
532
533
534
535
536
537
538
539
540
541
542
543
544
545
546
547
548
549
550
551
552
553
554
555
556
557
558
559
560
561
562
563
564
565
566
567
568
569
570
571
572
573
574
575
576
577
578
579
580
581
582
583
584
585
586
587
588
589
590
591
592
593
594
595
596
597
598
599
600
601
602
603
604
605
606
607
608
609
610
611
612
613
614
615
616
617
618
619
620
621
622
623
624
625
626
627
628
629
630
631
632
633
634
635
636
637
638
639
640
641
642
643
644
645
646
647
648
649
650
651
652
653
654
655
656
657
658
659
660
661
662
663
664
665
666
667
668
669
670
671
672
662
661
675
676
677
678
679
680
681
682
683
684
685
686
687
688
678
677
692
693
694
695
696
697
698
699
700
701
702
703
704
705
706
707
708
709
710
711
712
713
714
715
716
717
718
719
720
721
722
723
724
725
726
727
728
729
730
731
732
733
734
735
736
737
738
739
740
741
742
743
744
745
746
747
748
749
750
751
752
753
754
755
756
757
758
759
760
761
762
763
764
765
766
767
768
769
770
771
772
773
774
775
776
777
778
779
780
781
782
783
784
785
786
787
788
789
790
791
792
793
794
795
796
797
798
799
800
801
802
803
804
805
806
807
808
809
810
811
812
813
814
815
816
817
818
819
820
821
822
823
824
825
826
827
828
829
830
831
832
833
834
835
836
837
838
839
840
841
842
843
844
845
846
847
848
849
850
851
852
853
854
855
856
857
858
859
860
861
862
863
864
865
866
867
868
869
870
871
872
873
874
875
876
877
878
879
880
881
882
883
884
885
886
887
888
889
890
891
892
893
894
895
896
897
898
899
900
901
813
844
866
905
906
907
908
909
910
911
912
913
914
915
916
917
918
919
920
921
922
923
924
925
926
927
928
929
930
931
932
933
934
935
936
937
938
939
940
941
942
943
944
945
946
947
948
949
950
951
952
953
954
955
956
957
958
959
960
961
962
963
964
965
966
967
968
969
970
971
972
973
974
975
976
977
978
979
980
981
982
983
984
985
986
987
988
989
990
991
992
993
994
995
996
997
998
999
1000
1001
1002
1003
1004
1005
1006
1007
1008
1009
1010
1011
1012
1013
1014
1015
1016
1017
1018
1019
1020
1021
1022
1023
1024
1025
1026
1027
1028
1029
1030
1031
1032
1033
1034
1035
1036
1037
1038
1039
1040
1041
1042
1043
1044
1045
1046
1047
1048
1049
1050
1051
1052
1053
1054
1055
1056
1057
1058
1059
1060
1061
1062
1063
1064
1065
1066
1067
1068
1069
1070
1071
1072
1073
1074
1075
1076
1077
1078
1079
1080
1081
1082
1083
1084
1085
1086
1087
1088
1089
1090
1091
1092
1093
1094
1095
1096
1097
1098
1099
1100
1101
1102
1103
1104
1105
1106
1107
1108
1109
1110
1111
1112
1113
1114
1115
1116
1117
1118
1119
1120
1121
1122
1123
1124
1125
1126
1127
1128
1129
1130
1131
1132
1133
1134
1135
1136
1137
1138
1139
1140
1141
1142
1143
1144
1145
1146
1147
1148
1149
1150
1151
1152
1153
1154
1155
1156
1157
1158
1159
1160
1161
1162
1163
1164
1165
1166
1167
1168
1169
1170
1171
1172
1173
1174
1175
1176
1177
1178
1179
1180
1181
1182
1183
1184
1185
1186
1187
1188
1189
1190
1191
1192
1193
1194
1195
1196
1197
1198
1199
1200
1201
1202
1203
1204
1205
1206
1207
1208
1209
1210
1211
1212
1213
1214
1215
1216
1217
1218
1219
1220
1221
1222
1223
1224
1225
1226
1227
1228
1229
1230
1231
1232
1233
1234
1235
1236
1237
1238
1239
1240
1241
1242
1243
1244
1245
1246
1247
1248
1249
1250
1251
1252
1253
1254
1255
1256
1257
1258
1259
1260
1261
1262
1263
1264
1265
1266
1267
1268
1269
1270
1271
1272
1273
1274
1275
1276
1277
1278
1279
1280
1281
1282
1283
1284
1285
1286
1287
1288
1289
1290
1291
1292
1293
1294
1295
1296
1297
1298
1299
1300
1301
1302
1303
1304
1305
1306
1307
1308
1309
1310
1311
1312
1313
1314
1315
1316
1317
1318
1319
1320
1321
1322
1323
1324
1325
1326
1327
1328
1329
1330
1331
1332
1333
1334
1335
1336
1337
1338
1339
1340
1341
1342
1343
1344
1345
1346
1347
1348
1349
1350
1351
1352
1353
1354
1355
1356
1357
1360
1361
1362
1363
1364
1365
1366
1367
1368
1369
1370
1371
1372
1373
1374
1375
1376
1377
1378
1379
1380
1381
1382
1383
1384
1385
1386
1387
1388
1389
1390
1391
1392
1393
1394
1395
1396
1397
1398
1399
1400
1401
1402
1403
1404
1405
1406
1407
1408
1409
1410
1411
1412
1413
1414
1415
1416
1417
1418
1419
1420
1421
1422
1423
1424
1425
1426
1427
1428
1429
1430
1431
1432
1433
1434
1435
1436
1437
1438
1439
1440
1441
1442
1443
1444
1445
1446
1447
1448
1449
1450
1451
1452
1453
1454
1455
1456
1457
1458
1459
1460
1461
1462
1463
1464
1465
1466
1467
1468
1469
1470
1471
1472
1473
1474
1475
1476
1477
1478
1479
1480
1481
1482
1483
1484
1485
1486
1487
1488
1489
1490
1491
1492
1493
1494
1495
1496
1497
1498
1499
1500
1501
1502
1503
1504
1505
1506
1507
1508
1509
1510
1511
1512
1513
1514
1515
1516
1517
1518
1519
1520
1521
1522
1523
1524
1525
1526
1527
1528
1529
1530
1531
1532
1533
1534
1535
1536
1537
1538
1539
1540
1541
1542
1543
1544
1545
1546
1547
1548
1549
1550
1551
1527
1526
1516
1529
1556
1557
1558
1559
1560
1561
1562
1563
1564
1565
1566
1567
1568
1569
1570
1571
1572
1573
1574
1575
1576
1577
1578
1579
1580
1581
1582
1583
1584
1585
1586
1587
1588
1589
1590
1591
1592
1593
1594
1595
1596
1597
1598
1599
1600
1601
1602
1603
1604
1605
1606
1607
1608
1609
1610
1611
1612
1613
1614
1615
1616
1617
1618
1619
1620
1621
1622
1623
1624
1625
1626
1627
1628
1629
1630
1631
1632
1633
1634
1635
1636
1637
1638
1639
1640
1641
1642
1643
1644
1645
1646
1647
1648
1649
1650
1651
1652
1653
1654
1648
1647
1646
1658
1659
1660
1661
1662
1663
1664
1665
1666
1667
1668
1669
1670
1664
1663
1662
1674
1675
1676
1677
1678
1679
1680
1681
1682
1683
1684
1685
1686
1687
1688
1689
1690
1691
1692
1693
1694
1695
1696
1697
1698
1699
1700
1701
1702
1703
1704
1705
1706
1707
1708
1709
1710
1711
1712
1713
1714
1715
1716
1717
1718
1719
1720
1721
1722
1723
1724
1725
1726
1727
1728
1729
1730
1731
1732
1733
1734
1735
1736
1737
1738
1739
1740
1741
1742
1743
1744
1745
1746
1747
1748
1749
1750
1751
1752
1753
1754
1755
1756
1757
1758
1759
1760
1761
1762
1763
1764
1765
1766
1767
1768
1769
1770
1771
1772
1773
1774
1775
1776
1777
1778
1779
1780
1781
1782
1783
1784
1785
1786
1787
1788
1789
1790
1791
1792
1793
1794
1795
1796
1797
1798
1799
1800
1801
1802
1803
1804
1805
1806
1807
1808
1809
1810
1811
1812
1813
1814
1815
1816
1817
1818
1819
1820
1821
1822
1823
1824
1825
1826
1827
1828
1829
1830
1831
1832
1833
1834
1835
1836
1837
1838
1839
1840
1841
1842
1843
1844
1845
1846
1847
1848
1849
1850
1851
1852
1853
1854
1855
1856
1857
1858
1859
1860
1861
1862
1863
1864
1865
1866
1867
1868
1869
1870
1871
1872
1873
1874
1875
1876
1877
1878
1879
1880
1881
1882
1883
1884
1885
1886
1887
1888
1889
1890
1891
1892
1893
1894
1895
1896
1897
1898
1899
1900
1901
1902
1903
1904
1905
1906
1907
1908
1909
1910
1911
1912
1913
1914
1915
1916
1917
1918
1919
1920
1921
1922
1923
1924
1925
1926
1927
1928
1929
1930
1931
1932
1933
1934
1935
1936
1937
1938
1939
1940
1941
1942
1943
1944
1945
1946
1947
1948
1949
1950
1951
1952
1953
1954
1955
1956
1957
1958
1959
1960
1961
1962
1963
1964
1965
1966
1967
1968
1969
1970
1971
1972
1973
1974
1975
1976
1977
1978
1979
1980
1981
1982
1983
1984
1985
1986
1987
1988
1989
1990
1991
1992
1993
1994
1995
1996
1997
1998
1999
2000
2001
2002
2003
2004
2005
2006
2007
2008
2009
2010
2011
2012
2013
2014
2015
2016
2017
2018
2019
2020
2021
2022
2023
2024
2025
2026
2027
2028
2029
2030
2031
2032
2033
2034
2035
2036
2037
2038
2039
2040
2041
2042
2043
2044
2045
2046
2047
2048
2049
2050
2051
2052
2053
2054
2055
2056
2057
2058
2059
2060
2061
2062
2063
2064
2065
2066
2067
2068
2069
2070
2071
2072
2073
2074
2075
2076
2077
2078
2079
2080
2081
2082
2083
2084
2085
2086
2087
2088
2089
2090
2091
2092
2093
2094
2095
2096
2097
2098
2099
2100
2101
2102
2103
2104
2105
2106
2107
2108
2109
2110
2111
2112
2113
2114
2115
2116
2117
2118
2119
2120
2121
2122
2123
2124
2125
2126
2127
2128
2129
2130
2131
2132
2133
2134
2135
2136
2137
2138
2139
2140
2141
2142
2143
2144
2145
2146
2147
2148
2149
2150
2151
2152
2153
2154
2156
2157
2158
2159
2160
2161
2162
2163
2164
2165
2166
2167
2168
2169
2170
2171
2172
2173
2174
2175
2176
2177
2178
2179
2180
2181
2182
2183
2184
2185
2186
2187
2188
2189
2190
2191
2192
2193
2194
2195
2196
2197
2198
2199
2200
2201
2202
2203
2204
2205
2206
2207
2208
2209
2210
2211
2212
2213
2214
2215
2216
2217
2218
2219
2220
2221
2222
2223
2224
2225
2226
2227
2228
2229
2230
2231
2232
2233
2234
2235
2236
2237
2238
2239
2240
2241
2242
2243
2244
2245
2246
2247
2248
2249
2250
2251
2252
2253
2254
2255
2256
2257
2258
2259
2260
2261
2262
2263
2264
2265
2266
2267
2268
2269
2270
2271
2272
2273
2274
2275
2276
2277
2278
2279
2280
2281
2282
2283
2284
2285
2286
2287
2288
2289
2290
2291
2292
2293
2294
2295
2296
2297
2298
2299
2300
2301
2302
2303
2304
2305
2306
2307
2308
2309
2310
2311
2312
2313
2314
2315
2316
2317
2318
2319
2320
2321
2322
2323
2324
2325
2326
2327
2328
2329
2330
2331
2332
2333
2334
2335
2336
2337
2338
2339
2340
2341
2342
2343
2344
2345
2343
2347
2348
2349
2350
2351
2352
2353
2354
2355
2356
2357
2358
2359
2360
2361
2362
2363
2364
2365
2366
2367
2368
2369
2370
2371
2372
2373
2374
2375
2376
2377
2378
2379
2380
2381
2382
2383
2384
2385
2386
2387
2388
2389
2390
2391
2392
2393
2394
2395
2396
2397
2398
2399
2400
2401
2402
2403
2404
2405
2406
2407
2408
2409
2410
2411
2412
2413
2414
2415
2416
2417
2418
2419
2420
2421
2422
2423
2424
2425
2426
2427
2428
2429
2430
2431
2432
2433
2434
2435
2436
2437
2438
2439
2440
2441
2442
2443
2444
2445
2446
2447
2448
2449
2450
2451
2452
2453
2454
2455
2456
2457
2458
2459
2460
2461
2462
2463
2464
2465
2466
2467
2468
2469
2470
2471
2472
2473
2474
2475
2476
2477
2478
2479
2480
2481
2482
2483
2484
2485
2486
2487
2488
2489
2490
2491
2492
2493
2494
2495
2496
2497
2498
2499
2500
2501
2502
2503
2504
2505
2506
2507
2508
2509
2510
2511
2512
2513
2514
2515
2516
2517
2518
2519
2520
2521
2522
2523
2524
2525
2526
2527
2528
2529
2530
2531
2532
2533
2534
2535
2536
735
1515
735
1515
735
1642
1334
735
384
735
1334
1658
511
812
656
483
2338
735
384
384
1642
874
1675
745
747
7
775
325
721
2320
2243
654
790
482
735
650
884
1934
1930
411
1405
776
1975
2013
1968
2080
2079
2077
2076
837
1675
735
735
2091
735
600
746
747
750
735
735
809
1675
735
462
502
739
489
737
736
483
486
2338
735
752
735
807
1163
735
735
1061
1085
880
1163
735
585
791
325
735
812
1514
1462
748
7
3
735
746
2159
2158
847
1675
735
846
1675
735
1402
152
835
486
796
1514
1462
735
880
746
740
744
766
748
736
794
7
6
3
735
844
1163
2327
877
2159
735
1402
1453
735
1768
650
539
735
2159
1929
735
735
735
2338
735
650
529
1929
735
754
752
747
744
825
746
749
850
824
736
851
750
7
6
5
2149
735
754
822
752
823
747
744
746
749
850
736
851
750
7
6
5
808
152
848
1163
735
850
1163
735
858
1163
735
145
660
742
736
1464
1462
1463
735
2112
766
325
735
657
736
735
901
676
1934
511
811
656
483
735
2091
739
1163
1524
735
743
1675
789
325
735
1086
735
735
2408
735
2327
778
2159
861
152
1407
1969
2082
1954
859
2022
2080
1934
2077
1929
735
2076
501
883
482
756
1675
735
1086
735
735
1086
735
811
1163
735
2328
840
2159
735
762
152
1430
735
832
2328
2159
735
1658
1088
885
1163
818
1675
887
325
805
1163
735
830
818
816
826
735
1658
797
1675
735
1587
1086
735
1974
768
2013
1968
2080
2079
2077
2076
1517
1932
2080
2079
1934
2078
2076
2076
462
735
746
862
835
747
744
766
736
794
7
6
3
4
5
735
1971
808
736
2079
1934
2077
1929
735
735
2076
712
810
325
735
1929
1929
735
1929
735
1676
861
1675
735
735
746
754
752
817
847
747
744
736
7
6
5
736
483
1402
148
735
2092
2091
881
2159
1604
2408
776
152
1089
2091
735
1929
2338
735
735
735
819
2328
2159
746
875
2159
2158
152
846
1587
462
830
2328
2159
413
2026
2082
1971
2024
1954
2025
1965
2079
1934
1929
2076
758
1163
735
436
847
152
817
152
655
521
482
1929
384
721
1587
1588
886
1163
574
1522
384
735
1522
152
778
780
325
384
1560
1559
1561
2483
280
749
621
735
735
2091
800
1514
1462
512
552
656
483
735
735
654
791
482
735
801
325
735
835
1163
735
1929
2338
735
1150
735
384
834
1163
722
747
1675
735
1848
735
2348
879
1848
735
830
1675
1337
1338
489
483
1557
1561
735
753
1163
830
1675
827
152
862
1557
1561
735
790
1848
735
862
8
790
735
1929
2091
735
822
1163
886
1514
1462
800
1992
2013
1968
2080
2079
2077
2076
744
1163
1971
736
790
2079
1934
2077
1929
735
2076
736
1848
152
769
865
152
152
883
790
1675
735
2091
735
1979
780
2013
1968
2080
2079
2077
2076
1097
1095
1091
1089
735
735
1084
735
2408
2349
781
802
780
801
736
7
6
5
2414
1085
735
852
1163
735
753
1675
809
1163
735
152
842
790
7
808
1514
1462
735
735
1916
1915
384
735
746
861
747
809
744
766
736
839
7
6
3
4
5
735
2338
735
811
325
735
776
736
7
2089
792
1675
781
2327
2159
735
862
1675
735
1517
1516
735
1929
2528
803
1163
735
735
746
754
752
847
747
744
816
736
7
6
5
1085
735
1109
2358
2356
2352
2350
735
2082
859
2022
2080
1935
1934
2077
2078
735
2076
735
735
864
1163
735
1951
1946
1934
1929
735
799
152
1561
761
152
1085
1086
735
841
152
1424
735
879
740
736
7
650
535
650
889
890
887
888
2504
808
891
736
735
735
676
735
1089
1929
735
578
769
1163
599
750
735
735
768
325
1948
1951
1934
1929
735
2082
1953
1954
859
2022
2080
1934
2077
1929
735
2076
745
746
838
859
747
809
744
766
736
7
6
3
4
5
735
887
1934
2338
735
735
1402
776
7
824
1163
152
813
316
745
1675
735
2077
752
859
735
891
1462
1463
769
1514
1462
735
384
775
1514
1462
735
511
808
656
483
735
735
2338
735
735
618
735
2225
2161
735
1674
630
482
735
735
2408
2404
854
830
746
754
752
855
831
747
744
736
7
6
5
891
1163
1089
769
1848
790
7
844
152
310
780
736
7
413
766
736
7
2338
735
877
736
7
873
325
749
572
735
735
2338
735
745
747
7
3
776
325
152
788
900
1163
735
808
1675
735
735
2338
735
1997
801
2013
1968
2080
2079
2077
2076
735
735
462
877
1848
735
2327
771
2159
1158
1090
2338
735
735
875
1163
2338
735
735
1675
1658
1086
735
829
1163
813
1163
2100
2091
735
413
1631
735
2096
2091
735
772
152
152
779
462
735
650
533
1085
1059
768
1514
1462
2350
2351
892
1163
462
1097
1088
803
152
879
1514
1462
735
813
1675
152
774
2358
2348
2353
1163
735
796
1163
735
2152
462
735
890
1163
840
1163
735
852
8
735
152
814
1111
735
1086
750
735
735
735
830
152
1929
811
1675
735
799
325
735
792
325
881
1163
1952
749
1954
741
878
2080
2079
1934
735
2076
1618
1631
735
1339
787
325
735
735
462
735
55
787
1163
735
735
1097
1088
1092
2327
767
2159
1086
735
654
861
482
486
735
735
735
745
1163
735
899
1163
735
766
1675
67
837
152
880
788
878
840
735
795
1675
735
1086
735
793
1163
735
2338
735
735
735
675
1952
1934
735
2338
801
152
1940
1933
1932
1935
1934
2338
735
735
758
1675
735
749
1561
735
729
1658
796
152
735
659
775
1848
887
1462
1675
749
746
876
740
744
766
748
736
794
7
6
3
735
735
737
1675
735
2338
735
1737
735
1929
152
809
1929
512
656
563
483
735
1086
735
735
1516
794
790
7
84
2338
735
2338
735
515
740
487
735
1674
512
549
656
483
735
1509
761
1675
735
735
818
1675
1621
1620
1631
735
1087
1929
2091
384
735
795
1514
1462
772
7
735
2445
776
2448
2452
2480
2479
2481
2477
882
1676
1675
735
862
1558
1561
735
729
2358
2356
2348
152
782
78
735
2327
765
2159
889
887
888
1446
787
1445
886
736
881
735
735
2338
735
298
797
325
735
1587
735
1847
2338
2528
846
1163
735
879
325
735
1796
735
152
798
1085
735
384
1587
859
1675
735
735
1587
2449
2416
300
1525
384
2408
735
1642
2327
782
2159
2408
735
1631
1587
735
768
1675
797
775
798
774
736
7
6
5
1929
825
1163
735
806
1675
735
735
884
152
2338
735
1372
1373
771
1163
1402
1998
802
2013
1968
2080
2079
2077
2076
780
1848
743
2159
611
735
890
1675
87
735
862
8
6
735
650
152
828
501
886
482
676
735
825
2328
2159
2408
735
655
517
482
889
1934
781
2445
2448
2457
2480
2479
2481
2477
735
862
8
6
735
90
589
1520
384
1096
1091
1090
1092
1089
663
1528
876
1527
735
659
2338
735
735
735
735
1935
2408
1086
735
872
1675
1929
735
917
918
912
735
905
1084
735
2408
1163
735
875
325
2338
8
7
3
6
5
881
1934
2077
2076
1892
843
1163
735
1114
512
557
656
483
735
1339
8
878
735
756
752
8
885
735
1588
1085
735
735
889
887
888
1608
808
1607
886
736
881
735
735
809
766
788
736
7
6
4
5
735
721
897
1163
776
1675
1120
735
1929
152
864
2338
735
766
2013
2079
2077
2076
1929
534
863
1675
735
2091
1929
794
790
7
735
735
1989
795
2013
1968
2080
2079
2077
2076
61
749
1675
432
735
1660
2417
737
1163
735
1929
787
808
766
736
7
6
4
5
735
482
484
735
756
1163
735
456
735
908
848
1675
735
152
771
838
1163
735
735
655
541
482
799
777
776
800
736
7
6
5
756
847
873
7
3
613
735
739
1675
758
2159
735
801
1675
735
152
807
723
776
1514
1462
745
747
736
7
893
1163
2338
1089
2338
735
1587
1589
795
325
2327
886
2159
2350
774
1848
851
1163
735
741
877
1676
1675
735
787
1848
735
735
1644
891
325
704
749
744
2159
2160
456
852
1675
735
2112
548
735
501
877
482
735
765
1163
58
1934
836
2328
2159
735
1089
55
483
482
1089
760
1675
735
2449
749
2448
789
2480
2479
2478
735
735
2477
2096
2090
58
746
756
843
865
744
736
7
6
4
2082
1952
1954
1934
2078
1929
2076
735
735
741
1163
735
853
1163
735
833
2328
2159
2338
735
735
877
325
735
2357
2350
2353
152
851
774
325
802
1514
1462
735
1952
1934
1890
694
1989
798
1992
2013
1968
2080
2079
2077
2076
862
8
6
735
749
816
1573
1574
735
1658
2338
735
735
1769
650
557
735
745
759
757
760
852
761
758
747
744
9
746
879
895
736
7
3
735
561
511
549
650
566
483
735
2091
2327
784
2159
766
1163
1929
735
2338
735
760
1163
735
736
325
877
1163
735
761
1163
735
1794
735
1929
746
871
2159
2158
769
325
881
325
827
2328
2159
810
1514
1462
735
2327
783
2159
836
741
1676
1675
735
1904
735
735
833
152
767
1675
735
869
2159
2158
1067
908
879
1163
735
735
895
1163
1929
606
735
782
1163
843
152
2349
1402
1124
735
306
301
735
766
1848
2091
821
1163
776
1848
644
656
483
482
735
2146
735
1952
1946
1934
735
735
2338
735
850
1675
735
1950
1951
1929
735
735
559
650
735
721
742
736
483
482
486
735
754
1675
705
799
1163
735
858
152
822
152
867
735
675
1658
532
876
741
1676
1675
735
2091
827
1163
1129
1089
741
878
1676
1675
735
1518
2091
2338
735
765
7
283
152
773
64
152
824
145
1085
735
2091
2143
735
148
2089
384
2080
2079
1934
2078
2076
792
1514
1462
1974
769
2013
1968
2080
2079
2077
2076
1587
875
1514
1462
1463
1929
61
739
2159
735
774
325
801
1163
735
2490
2489
2489
1085
735
1718
486
1929
2445
2451
769
2448
2480
2479
2481
2477
1085
1418
2090
826
1675
749
837
1573
1574
735
1658
462
735
735
735
1085
735
735
707
2338
735
780
7
823
2328
2159
877
736
7
777
325
819
1163
278
844
1675
2338
735
630
501
482
735
2338
735
789
735
810
511
656
483
735
655
535
482
1574
735
772
1163
756
847
875
7
3
1948
1951
1929
735
763
1675
735
1086
735
656
483
482
735
746
868
2159
2158
462
735
735
1402
891
1675
889
1514
1462
735
736
1163
794
325
1991
799
2013
1968
2080
2079
2077
2076
1453
152
806
781
1848
735
887
1163
799
789
7
561
549
650
566
735
1658
744
2218
2159
816
1163
794
1163
735
767
736
794
7
6
5
649
517
1631
735
880
2011
735
1658
1463
1427
735
794
325
735
735
90
1402
2338
735
735
1138
735
705
2357
2352
2349
2350
2353
2351
735
654
787
482
735
735
815
1163
808
510
656
483
482
735
584
798
1163
735
705
1710
879
741
1676
1675
735
735
277
152
763
873
1675
8
735
735
886
1848
745
859
747
7
3
1631
152
789
735
735
868
1675
2408
1086
735
861
735
735
1089
901
2159
735
837
152
325
735
881
1848
815
1675
736
483
2327
789
2159
735
517
735
2338
735
774
1163
1085
735
1091
1085
735
735
2080
2079
1934
2076
781
152
2338
735
877
1514
1462
735
2097
2091
735
2089
1971
811
736
2079
1934
2077
1929
735
2076
821
2328
2159
2327
879
2159
735
740
325
735
736
1675
1129
748
1675
735
799
1514
1462
736
483
482
735
1405
1406
1402
2327
788
2159
735
735
735
2338
735
735
1436
888
325
1593
2091
1089
874
1163
799
800
778
736
779
7
6
5
1086
2408
735
1163
735
1402
852
1675
735
462
735
1971
2008
735
735
847
8
816
735
1722
901
660
757
1163
735
864
1675
735
1710
2408
752
1163
749
816
1573
1574
735
1658
735
577
749
1921
1922
1658
1911
735
729
2338
833
1163
745
746
838
859
747
744
766
736
7
6
3
4
5
735
776
325
2408
735
1402
888
1675
152
805
871
1675
802
325
816
1675
740
882
881
7
735
735
746
742
744
1848
735
1587
277
798
1514
1462
2129
860
152
826
1163
862
1163
735
746
862
747
744
736
840
7
6
3
4
5
1714
2160
384
1086
735
152
812
485
484
1402
456
655
533
482
768
1163
405
389
845
744
893
395
404
749
391
402
1337
1339
1336
1338
735
735
1359
780
1675
735
735
791
1848
735
1587
843
1675
735
752
1675
462
887
1675
607
735
1085
750
735
735
735
1971
886
736
881
883
2079
1934
2077
735
2076
483
485
735
836
1163
735
739
325
2091
568
650
735
723
735
502
739
737
483
486
1950
1951
1934
1929
735
2328
829
2159
825
152
52
859
1163
735
735
755
1163
727
703
696
1761
735
2338
2167
142
801
325
462
735
2338
735
735
735
806
1163
735
735
462
735
744
1675
735
2338
735
890
152
891
735
1587
596
735
735
735
1462
735
1402
735
1519
384
735
746
2159
2451
856
152
1675
754
746
756
867
847
744
766
736
7
6
1086
735
735
1929
735
745
2159
735
735
786
1163
735
735
1790
735
650
541
735
862
1920
1921
1922
1911
735
729
735
1971
787
736
2079
1934
2077
1929
735
735
2076
810
787
808
766
736
7
6
4
5
735
1084
735
884
2449
2416
1974
775
1976
2013
1968
2080
2079
2077
2076
735
1971
791
736
2079
1934
2077
1929
735
2076
1514
794
1462
815
2328
2159
2026
2024
2022
1965
1946
879
2025
1951
748
2080
2079
1935
1934
2077
2078
1929
735
2076
788
1675
735
1430
735
2448
766
2480
2479
2477
831
1163
1127
735
2413
885
1676
1675
780
1514
1462
820
2328
2159
810
766
789
736
7
6
4
5
735
735
152
849
1402
384
735
152
863
868
1163
1453
384
735
775
1163
751
1163
735
2444
861
735
735
2026
1950
1951
1940
1965
1933
1932
1935
1934
735
737
325
735
2086
2085
2084
735
2445
2451
2448
768
2480
2479
2481
2477
1402
768
1675
81
828
1163
654
789
482
735
2412
779
1163
735
735
538
735
152
857
1974
1975
774
2013
1968
2080
2079
2077
2076
810
1675
735
735
735
152
794
2408
735
1158
1089
1127
735
2327
883
2159
1086
735
1163
1402
854
1163
735
749
1163
896
1163
735
791
1514
1462
735
735
1089
854
152
1929
797
1675
735
418
1929
520
735
735
2338
735
875
152
322
745
747
7
3
1147
735
1895
462
1587
777
1848
2328
839
2159
735
735
1516
384
1931
1934
735
2083
746
861
747
744
766
736
839
7
6
3
4
5
735
881
1675
1108
880
749
843
752
878
735
1440
735
2159
735
300
301
735
743
1462
764
1675
717
462
867
1675
735
787
1514
1462
735
735
743
1934
1336
1532
1659
735
1642
748
7
3
1085
802
1163
735
1967
1933
735
736
2338
872
2159
2158
1089
746
756
806
744
766
785
748
736
7
6
4
5
735
93
2338
735
746
1163
799
1675
735
2091
152
785
797
1514
1462
757
1675
735
795
1163
735
845
2328
2159
735
1772
735
839
1163
735
735
735
2082
1953
1954
1934
2078
1929
2076
822
1675
654
792
482
2091
735
859
735
735
2528
738
1675
1715
743
325
1086
735
1711
1741
735
462
739
1462
2352
1719
789
1848
735
1520
749
2077
2078
735
791
1163
735
736
483
890
1934
880
741
1676
1675
735
2483
756
872
847
748
7
3
152
855
746
873
2159
2158
2338
735
816
2328
2159
152
886
735
787
1675
735
735
2327
777
2159
2085
2084
1971
813
736
2079
1930
1934
2077
735
2076
1929
880
844
749
752
309
878
735
298
735
783
1163
1453
735
791
812
736
7
6
4
1408
1407
1407
828
2328
2159
492
484
735
843
152
857
1163
735
512
566
656
483
735
1521
1929
796
770
795
771
736
7
6
5
901
1517
384
1951
1946
1929
735
1948
1946
735
735
384
708
735
735
462
2408
883
1848
861
735
735
152
850
880
8
735
462
152
831
2017
2024
765
736
7
768
736
7
1929
905
152
829
2408
517
735
1929
96
2126
880
1528
679
1527
735
675
821
152
483
482
516
1402
1517
735
1096
1092
1089
752
1934
876
152
781
1980
2013
1968
2080
2079
2077
2076
654
482
735
1101
1089
735
384
770
152
746
754
752
819
818
747
744
848
849
736
7
6
5
812
1675
746
744
325
735
1934
785
1163
735
735
650
563
735
792
1163
754
756
847
766
736
814
7
6
301
512
568
656
483
735
880
663
1528
1527
735
659
1523
780
152
1929
142
2132
735
735
659
1929
740
2159
882
1163
1523
384
2338
747
7
152
834
577
735
746
879
847
761
747
744
748
736
7
3
735
152
790
462
735
845
1163
735
768
325
875
1848
1660
1402
2091
1521
384
152
826
869
1163
766
325
883
1676
1675
462
781
1514
1462
876
1163
735
810
735
889
325
655
523
482
2327
775
2159
694
1929
799
789
7
139
2338
735
889
887
888
808
1426
1423
886
736
881
735
735
2338
735
757
2159
735
840
1675
735
649
549
735
1453
735
880
745
1971
747
744
749
878
2079
1934
2077
735
735
2076
1402
766
1514
1462
2441
749
740
743
881
2416
2413
2417
2411
2415
2414
2412
735
735
754
1163
845
744
748
7
3
528
788
1163
735
526
1718
750
1163
2338
735
2091
735
483
482
865
1163
2165
735
746
862
740
836
747
744
766
736
794
7
6
3
4
5
735
152
804
1453
2327
770
2159
841
2328
2159
735
304
641
650
735
818
1163
735
1532
1643
735
1453
482
1141
735
837
2328
750
2159
735
735
839
1675
735
735
64
1929
735
2508
483
482
384
1595
2327
774
2159
2327
893
2159
2338
735
2338
735
735
152
839
735
865
1675
2408
898
1675
735
756
862
881
736
130
883
7
6
4
826
1675
2338
735
2338
735
792
1848
2091
809
895
748
7
6
1929
735
880
2012
735
1089
2338
735
735
1090
1089
2091
901
1163
735
715
799
1675
735
850
1675
735
900
1675
735
1598
875
1675
1929
1825
2445
2456
780
2448
2480
2479
2481
2477
879
809
896
748
7
6
1158
1089
2408
2338
735
2338
1991
797
1989
2013
1968
2080
2079
2077
2076
2135
796
769
795
768
736
7
6
5
799
325
512
561
656
483
735
879
748
1464
1462
1463
735
735
2408
735
735
52
1158
1089
872
1163
889
890
887
888
787
891
736
2520
735
735
822
2328
2159
2404
2350
886
325
2449
749
791
2448
2480
2479
2478
735
735
2477
1163
735
765
1675
1929
735
2338
735
2466
2469
2468
152
786
1674
1592
872
152
322
735
735
650
552
735
1898
1085
735
2404
1971
812
736
2079
1934
2077
735
2076
735
735
735
884
1163
745
749
808
650
744
735
735
777
1163
796
1989
2013
1968
2080
2079
2077
2076
752
835
1558
1561
735
894
1675
735
813
1514
1462
2091
781
1163
817
1675
2449
749
2448
886
881
883
2416
2480
2479
2478
735
2477
70
780
1163
1130
735
547
750
735
735
755
1675
801
1675
735
745
747
736
7
747
842
864
736
7
6
4
5
854
1675
735
899
1675
735
735
735
749
2480
2479
2481
2478
735
746
861
747
809
744
766
736
839
7
6
3
4
5
735
795
325
735
520
2152
2091
2449
749
2448
790
2480
2479
2478
735
735
2477
1675
585
660
735
871
1163
856
1163
735
874
2338
2159
2160
735
852
152
1132
735
480
789
1675
735
778
1163
808
325
735
735
849
1163
735
152
848
1901
876
152
746
841
747
863
744
736
7
6
3
4
5
1089
1587
2017
881
883
1968
1934
1930
735
2327
773
2159
586
901
1675
735
811
152
2338
735
800
152
2138
735
1464
735
817
1163
2408
735
797
152
815
152
873
1514
1462
1463
838
1675
735
735
889
1163
753
2159
2160
152
859
2140
735
483
485
735
735
722
789
1163
735
811
1514
1462
735
877
7
738
1163
894
1163
776
1163
152
793
735
880
756
876
862
859
7
735
735
735
735
93
1574
1658
1085
735
1433
384
818
2328
2159
784
1163
745
746
761
747
736
7
780
325
869
1675
735
819
152
800
1163
735
2338
735
841
1163
735
835
2328
2159
735
1453
2338
735
2076
1929
735
1518
384
523
650
1519
2489
729
711
743
1163
2327
768
2159
532
2338
735
67
735
770
1163
1402
655
746
754
752
827
852
853
747
744
826
736
7
6
5
830
818
816
826
735
1642
565
735
655
539
482
884
2327
2159
2445
777
2453
2448
2480
2479
2481
2477
790
811
736
7
6
4
5
873
1163
745
749
744
622
735
735
1929
814
1163
735
1433
824
2328
2159
832
1163
1150
7
735
721
911
910
909
2508
867
1163
735
2338
705
735
462
735
2445
2451
2448
774
2452
2480
2479
2481
2477
748
7
3
483
2408
1069
1085
786
1675
735
735
1086
735
1587
2026
1948
1951
1940
1965
1933
1932
1935
1934
735
1524
384
873
152
322
735
735
651
656
1085
638
654
491
286
743
1848
763
1163
735
1147
735
1561
729
152
816
1929
516
1085
735
735
798
325
735
890
325
512
559
656
483
735
78
8
735
767
1163
735
561
650
735
1158
735
1084
2327
769
2159
790
325
735
1124
735
866
1675
892
756
859
7
1135
735
152
820
860
1675
735
735
1929
735
152
767
740
1163
81
462
842
1163
735
735
862
152
1601
854
1675
735
735
2327
780
2159
911
735
1929
1158
735
152
768
783
736
804
7
6
5
462
746
754
752
821
747
744
820
848
849
736
7
6
5
889
1675
1592
832
152
1108
486
735
801
1514
1462
2408
512
554
656
483
735
650
566
735
2338
735
797
325
574
735
735
2408
735
735
892
1675
152
783
152
766
641
656
483
482
2338
735
1929
735
822
1675
888
1163
527
650
412
411
411
2014
2017
2015
2327
787
2159
735
735
660
735
780
1675
808
1163
735
735
1971
789
736
2079
1934
2077
1929
735
2076
483
482
735
1402
152
885
744
2159
1402
522
789
1514
1462
735
389
391
401
403
2340
735
735
1085
735
772
1675
890
1462
818
152
735
2327
779
2159
787
747
736
2079
1934
2077
735
735
2076
861
1163
735
735
1760
1933
1932
1935
1934
792
152
310
1117
888
1462
1974
804
1163
735
2408
1085
817
2328
2159
2091
2338
735
787
1145
886
736
881
735
735
1374
884
862
8
735
1514
883
1462
735
635
785
7
2026
1971
2024
1965
2082
879
1954
2025
2079
1934
2077
2078
1929
2076
299
462
777
1976
2013
1968
2080
2079
2077
2076
2396
808
510
736
656
483
482
735
764
1163
2408
768
7
785
1675
735
735
2338
812
325
772
1675
96
805
736
784
7
6
5
1644
814
1675
735
485
484
2415
873
1848
1402
2396
512
735
866
152
316
1934
759
1163
735
900
2159
735
862
8
883
6
735
735
887
888
152
735
740
1462
1674
787
7
776
1675
2013
794
2079
2077
1929
2076
2091
881
1462
735
750
1675
749
2159
2158
756
862
882
881
130
7
6
739
1848
735
762
1163
735
802
152
746
787
747
735
735
810
789
736
7
6
4
5
87
777
1514
1462
152
784
1158
1089
1085
735
1676
1675
735
1374
740
1676
1675
735
793
1675
735
907
845
1675
735
766
7
1086
735
1929
777
152
863
1163
735
1929
889
887
888
808
1126
1123
886
736
881
735
735
2338
735
745
747
736
7
3
772
736
7
152
795
2445
2453
2451
775
2448
2480
2479
2481
2477
791
152
1402
735
746
1675
696
560
735
883
1163
1453
1402
751
1675
152
840
2449
749
787
2448
736
2480
2479
2478
735
735
735
2477
1765
820
1163
2091
2413
735
655
527
482
735
735
831
2328
2159
796
325
791
1675
735
70
501
634
482
772
797
798
736
773
7
6
5
2338
735
781
325
1764
886
1676
1675
740
1848
152
874
322
152
853
898
1163
735
638
491
501
1427
735
746
879
744
736
7
709
748
1163
735
765
152
807
1675
735
735
2338
735
877
736
7
718
1424
735
650
521
893
1675
2408
511
813
656
483
860
1163
735
735
1517
384
735
742
1675
735
735
747
1163
735
870
1675
735
1158
1099
1089
1988
797
1163
735
1929
1158
735
735
735
841
1675
735
866
1163
1574
826
2328
2159
735
736
2159
2160
2328
834
2159
483
482
735
810
1971
736
2079
1934
2077
1929
735
2076
2020
1929
551
735
892
749
835
1573
1574
735
1658
795
1675
735
749
2416
2480
2477
735
2477
813
325
436
2124
847
1163
735
554
650
735
1420
810
152
1085
735
1929
2338
735
384
910
735
1514
790
1462
735
1525
705
735
675
735
768
1848
583
745
747
744
746
838
859
809
766
736
7
6
3
4
5
735
773
1163
735
2327
776
2159
735
278
2338
907
870
1163
2338
735
418
787
152
823
152
762
1675
735
794
1675
735
759
1675
735
891
1934
2327
772
2159
1743
735
735
889
890
810
887
888
891
2108
736
2091
735
735
2445
2449
2469
881
883
2416
735
837
1163
735
735
882
152
735
1414
1929
735
2327
766
2159
855
1163
735
735
735
462
2416
2408
735
1089
735
735
735
2082
1936
1934
909
2338
735
2152
842
1675
735
1642
1528
876
679
1527
735
675
744
736
7
3
1089
2338
735
830
1163
644
650
735
810
1163
735
1929
1674
1674
2013
735
848
1675
735
752
2159
2160
800
325
888
1934
2091
2091
774
1514
1462
84
823
1163
878
1163
735
462
1768
706
892
749
835
1573
1574
735
1658
746
754
752
852
853
747
744
828
736
829
7
6
5
867
152
735
1442
2092
2091
756
868
847
7
889
890
887
888
891
2115
789
736
2091
735
735
790
1163
735
300
1760
1402
655
529
482
1678
835
741
1675
735
812
1163
676
2380
735
766
736
794
7
6
5
476
1349
735
735
735
735
2076
735
735
905
735
735
2489
735
735
735
735
735
735
411
1674
735
2156
2156
735
1674
1407
749
892
835
1658
880
663
1527
659
880
679
1527
675
663
876
1527
659
859
876
679
1527
675
659
1642
1658
675
735
845
744
893
402
404
