2
3
4
5
6
7
8
9
10
11
12
13
14
15
16
17
18
19
20
21
22
23
24
25
26
27
28
29
30
31
32
33
34
35
36
37
38
39
40
41
42
43
44
45
46
47
48
49
50
51
52
53
54
55
56
57
58
59
60
61
62
63
64
65
66
67
68
70
71
72
73
74
75
76
77
78
79
80
81
82
83
84
85
86
87
88
89
90
91
92
93
94
95
96
97
98
99
100
101
102
103
104
105
106
107
108
109
110
111
112
113
114
115
116
117
118
119
120
121
122
123
124
125
126
127
128
129
130
131
132
133
134
135
136
137
138
139
140
141
142
143
144
145
146
147
148
149
150
151
153
154
155
156
157
16
25
126
121
42
31
112
90
61
121
80
76
10
101
116
111
117
28
48
30
25
47
11
102
103
114
116
111
88
99
100
102
103
109
77
95
99
94
98
93
148
146
100
82
147
78
145
70
33
39
38
6
34
32
10
11
142
145
59
70
128
110
140
95
100
70
10
48
25
47
37
40
41
10
2
155
70
70
41
35
32
10
13
2
11
136
72
125
77
80
90
43
36
10
11
124
121
116
104
75
100
80
37
35
6
10
6
13
129
11
61
102
103
100
91
126
11
51
42
48
25
31
27
10
11
10
136
72
93
148
149
147
145
102
102
90
100
115
117
77
94
123
108
81
98
100
27
29
10
153
51
10
9
12
7
8
51
10
7
148
146
149
147
142
24
37
35
12
102
113
122
79
96
100
10
102
76
78
100
70
70
10
142
145
142
145
78
11
11
