1
2
2
2
2
2
2
2
2
2
2
2
2
2
2
2
2
2
2
2
2
2
2
25
26
26
26
26
26
26
26
26
26
26
26
26
26
26
26
26
26
26
26
26
26
26
26
26
26
26
26
26
26
26
26
26
26
26
26
26
26
26
26
26
26
26
26
26
26
26
26
26
26
26
26
26
26
26
26
26
26
26
26
26
26
26
26
26
26
26
26
26
26
26
26
26
26
26
26
26
26
26
26
26
26
26
26
26
26
26
26
26
26
26
26
26
26
26
26
26
26
26
26
26
26
26
26
26
26
26
26
26
26
26
26
26
26
26
26
26
26
26
26
26
26
26
26
26
86
151
86
153
86
155
86
157
86
159
86
161
86
163
86
165
86
167
86
169
169
169
169
88
174
174
116
177
179
180
180
180
180
180
180
180
180
180
180
180
180
180
180
180
180
180
180
180
180
180
180
180
180
180
186
207
208
208
208
208
208
208
208
208
208
208
208
208
208
208
208
208
210
226
227
227
227
227
227
227
227
227
227
227
227
227
227
227
227
227
227
227
227
227
227
227
227
227
227
227
227
227
227
227
227
227
227
227
227
227
227
227
227
227
227
227
227
227
227
227
227
227
227
227
227
227
227
227
227
227
227
227
227
227
227
227
227
227
227
227
227
227
227
227
227
227
227
227
227
227
227
227
227
227
227
227
227
227
227
227
227
227
227
227
227
227
227
227
227
227
227
227
227
227
227
227
227
227
227
227
227
227
227
227
227
227
227
227
227
227
227
227
227
227
227
227
227
227
227
227
227
227
227
227
227
227
227
227
227
227
227
227
227
227
227
227
227
227
227
227
227
227
227
227
227
227
227
227
227
227
227
227
227
227
227
227
227
227
227
227
227
227
227
227
227
227
227
227
227
227
227
227
227
227
227
227
227
227
227
227
227
227
227
227
227
227
227
227
227
227
227
227
227
227
227
227
227
227
227
227
227
227
227
227
227
227
440
226
441
207
443
443
443
443
443
443
443
443
443
443
443
443
443
443
443
443
443
443
454
462
462
443
465
465
465
465
465
465
465
465
465
465
465
465
465
465
465
465
465
465
465
465
465
465
465
465
86
460
460
207
493
493
493
493
497
493
499
499
499
493
503
503
503
493
507
507
507
507
507
507
507
507
495
207
517
517
517
517
517
517
517
517
517
517
517
517
517
517
517
517
517
517
517
517
517
517
538
25
541
541
418
302
328
389
531
531
531
144
145
367
326
193
193
380
536
536
89
137
460
460
460
502
168
18
18
18
18
18
18
18
18
18
18
18
18
18
18
124
195
359
534
534
534
486
178
178
309
395
214
214
100
143
401
453
453
453
453
453
453
453
334
459
459
459
216
216
512
512
512
130
197
506
113
113
113
113
113
113
113
113
113
113
113
113
113
113
113
113
113
113
113
113
113
113
475
412
366
93
93
93
93
93
93
379
439
127
108
454
454
454
454
103
211
211
211
211
211
211
112
116
116
116
116
116
116
116
116
116
116
116
116
116
116
116
116
116
329
403
376
117
117
117
117
377
387
119
119
119
119
119
119
119
119
119
119
119
119
119
119
210
210
351
198
348
433
104
192
192
312
319
474
373
338
420
91
84
332
426
385
370
138
400
220
310
429
360
111
349
391
487
110
347
300
399
204
204
204
204
346
434
482
199
324
149
323
535
535
325
533
533
533
457
457
121
463
463
135
135
485
148
381
140
438
495
489
223
529
529
529
371
363
327
392
341
461
322
364
87
87
87
87
87
428
476
308
430
396
505
81
81
81
81
81
81
81
81
81
81
81
81
81
81
81
81
81
81
81
81
81
81
81
81
81
81
81
81
81
81
81
81
81
81
81
81
81
81
81
81
81
81
81
215
215
215
333
147
356
419
365
200
320
361
437
352
128
133
406
515
515
515
515
86
86
86
86
86
86
86
86
86
86
86
86
86
86
86
86
86
86
86
86
86
86
86
86
86
86
86
86
86
86
86
86
86
86
86
86
86
86
86
86
86
86
86
86
86
86
86
86
416
126
417
369
530
530
530
530
530
90
90
90
90
90
90
90
90
90
90
90
90
90
201
203
203
203
315
196
314
318
342
477
88
88
88
88
374
172
172
172
413
458
458
458
458
20
20
20
20
20
20
142
483
394
408
378
97
97
421
321
357
424
384
115
115
115
191
191
452
452
402
532
532
532
21
202
393
136
411
94
222
407
99
99
99
99
99
99
99
99
99
303
131
398
101
355
415
132
132
390
386
213
213
107
354
422
330
98
98
114
114
114
114
114
114
118
118
118
118
118
118
118
118
118
118
118
83
528
528
528
528
528
528
528
528
528
528
528
316
478
513
513
513
513
301
141
481
350
427
435
538
368
388
122
397
432
123
123
123
488
92
425
484
431
102
102
218
218
218
218
317
95
95
345
353
414
205
205
205
205
410
455
455
455
455
455
455
455
455
455
311
337
109
514
514
82
82
358
85
405
542
542
542
542
542
526
526
526
526
526
526
526
526
221
343
106
344
404
339
212
212
304
331
340
120
120
336
306
537
537
372
479
480
139
409
19
19
19
19
19
19
19
19
125
307
423
146
129
383
105
150
375
313
539
496
496
496
496
134
134
224
224
436
442
442
335
501
362
382
305
194
194
194
194
194
194
96
96
450
450
233
494
494
518
209
209
30
490
491
492
