2
3
4
5
6
7
8
9
10
11
12
13
14
15
16
17
18
19
20
21
22
23
7
30
31
32
33
34
35
36
37
38
39
40
41
42
43
44
46
47
48
49
50
51
52
53
54
55
56
57
58
59
60
61
62
63
64
65
66
67
68
69
70
71
72
73
74
75
76
77
78
79
80
81
82
83
84
85
86
87
81
91
92
93
94
95
96
97
98
99
100
101
102
103
104
105
106
107
108
109
110
111
112
113
114
115
116
117
118
119
120
121
122
123
124
125
126
127
128
129
130
131
132
133
134
135
136
137
138
139
140
141
142
143
144
145
146
147
148
149
150
151
152
153
154
155
156
157
158
159
160
161
162
163
164
165
166
167
168
169
170
171
172
173
174
175
176
177
178
179
180
181
182
183
184
185
186
187
188
189
190
191
192
193
194
195
196
197
198
199
200
201
202
203
204
205
206
207
208
209
210
211
212
213
214
215
216
217
218
219
220
221
222
223
224
225
226
227
228
229
230
231
232
233
234
235
236
237
238
239
117
241
242
243
244
245
246
247
248
249
250
251
252
253
254
255
256
257
258
259
260
261
262
263
264
265
266
267
268
269
270
271
272
273
274
275
276
277
278
279
280
281
282
283
284
285
286
287
288
289
290
291
292
293
294
295
296
297
298
299
300
301
302
303
304
305
306
307
308
309
310
311
312
313
314
315
316
317
318
319
320
321
322
323
324
325
326
327
328
329
330
331
332
333
334
335
336
337
338
339
340
341
342
343
344
345
346
347
348
349
350
351
352
353
354
355
356
357
358
359
360
361
362
363
364
365
366
367
368
369
370
371
372
373
374
375
376
377
378
379
380
381
382
383
384
385
307
387
388
389
390
391
392
393
394
387
396
397
398
399
400
401
402
403
404
405
406
407
408
409
410
411
412
413
414
415
416
417
418
419
420
421
422
423
424
425
426
427
428
429
430
431
432
433
434
435
436
437
438
439
440
441
442
443
444
445
446
447
448
449
450
451
452
453
454
455
456
457
458
459
460
461
462
463
464
465
466
467
468
469
470
471
472
473
474
475
476
477
478
479
480
481
482
483
480
469
470
471
472
474
491
482
481
479
478
496
497
498
477
500
501
483
504
505
506
507
508
509
510
511
512
513
514
515
516
517
518
519
520
521
522
523
524
525
526
527
528
529
530
531
532
533
534
535
536
537
538
539
540
541
542
543
387
131
131
131
131
181
182
185
388
412
448
413
402
401
406
184
226
228
227
153
155
154
325
465
471
181
182
185
412
448
413
401
406
372
373
398
397
209
208
211
210
156
267
325
515
515
131
128
411
168
448
127
413
122
151
412
448
413
401
406
412
448
413
401
406
4
3
153
122
356
397
96
9
19
359
399
513
516
539
541
540
538
515
154
92
135
32
226
228
227
472
470
387
135
472
387
341
135
481
326
480
393
482
311
391
275
387
282
117
363
374
412
448
413
402
401
406
209
211
210
33
209
392
477
326
328
393
479
391
108
5
249
91
387
117
207
153
156
155
158
152
154
160
159
161
157
353
320
111
110
363
354
255
263
274
267
254
122
81
87
82
86
144
160
280
264
342
388
389
117
128
168
127
122
151
161
7
8
122
340
211
210
207
329
472
470
471
387
185
153
155
154
412
146
148
149
147
145
397
135
359
4
3
372
371
374
370
373
369
365
360
358
81
412
411
448
413
401
406
407
182
472
470
473
471
228
287
253
260
249
276
289
245
244
275
259
288
286
257
243
278
256
250
255
252
247
258
248
279
242
251
254
96
334
469
242
412
448
413
401
406
307
16
70
312
287
289
325
309
313
277
264
366
280
282
262
281
412
448
413
402
401
406
226
412
448
413
402
401
406
412
448
413
3
401
406
2
325
266
268
153
156
155
158
154
160
159
161
157
392
109
394
477
307
15
393
275
255
21
19
144
387
4
3
209
61
189
402
398
400
399
401
412
448
413
401
406
210
359
411
448
413
287
405
401
403
408
406
407
183
227
256
253
260
247
258
244
242
259
254
257
243
472
470
471
387
387
117
131
330
294
104
474
331
255
275
253
98
285
283
267
266
264
257
367
411
448
413
401
406
407
359
360
122
81
87
82
86
411
448
413
401
406
412
448
413
3
401
406
2
353
397
120
118
119
534
472
372
371
374
370
373
368
269
264
181
183
189
182
184
187
185
186
188
392
478
477
326
328
393
391
108
5
387
117
179
22
20
21
155
315
300
108
269
255
271
264
268
224
205
189
187
185
186
188
144
144
66
58
67
70
158
140
226
225
228
227
389
117
305
300
269
280
271
264
268
128
168
127
122
151
312
242
264
412
423
448
413
416
398
399
397
403
406
303
300
269
280
271
264
268
470
471
411
448
413
401
406
407
181
183
189
182
184
187
185
186
188
180
122
417
414
415
422
416
402
405
287
398
399
400
397
401
403
288
404
418
412
448
413
401
406
355
315
313
104
331
300
107
330
294
474
314
105
101
106
255
271
98
274
283
249
275
272
285
266
273
264
257
268
367
181
183
189
182
184
187
185
186
188
122
122
472
387
140
412
448
413
402
401
406
314
312
300
269
270
5
364
360
307
313
321
257
284
411
448
413
401
406
153
156
155
158
154
159
160
161
157
181
265
157
412
448
413
401
406
253
284
226
392
478
477
326
328
393
391
108
5
387
117
151
307
329
411
448
413
465
401
406
464
177
156
155
158
159
157
144
144
397
96
421
423
96
224
307
313
321
342
341
343
397
412
448
413
401
406
186
209
211
210
211
420
419
405
398
397
96
241
412
448
413
402
401
406
353
473
483
275
282
251
267
266
264
278
310
314
300
269
280
264
342
65
66
58
63
51
64
50
60
48
49
59
62
67
57
47
61
96
73
313
308
253
266
326
188
4
3
102
77
76
103
74
15
5
21
19
342
344
343
313
312
254
144
159
246
301
300
269
280
271
264
268
92
117
187
144
135
209
135
96
3
96
3
358
358
379
86
387
117
358
261
358
358
358
71
71
338
338
3
469
86
387
28
358
387
352
352
350
358
261
358
367
33
472
472
472
470
471
472
470
471
472
470
471
472
470
472
471
470
387
471
470
