2
3
4
5
6
7
8
9
10
11
12
13
14
15
16
17
18
19
20
21
22
23
24
25
26
27
28
29
30
31
32
33
34
35
36
37
38
39
40
41
42
43
44
45
46
47
48
49
50
51
52
53
54
55
56
57
58
59
60
61
62
63
64
65
66
67
68
69
70
71
72
73
74
75
76
77
78
79
80
81
82
83
84
85
86
87
88
89
90
91
92
93
25
95
96
97
98
99
100
101
102
103
104
105
106
107
108
109
110
111
112
113
114
115
116
117
118
119
120
121
122
123
124
125
126
127
128
129
130
131
132
134
135
136
137
138
139
140
141
142
143
144
145
146
147
148
149
150
151
152
153
154
155
156
157
158
159
160
161
162
163
165
166
167
168
169
170
171
172
173
174
175
176
177
178
179
180
181
182
183
184
185
186
187
188
189
190
191
192
193
194
195
196
197
198
199
200
201
202
203
204
205
206
207
208
209
210
211
212
213
214
215
216
217
218
219
220
221
222
223
224
225
226
227
228
229
230
231
232
233
234
235
236
237
238
239
240
241
242
243
244
245
246
247
248
249
250
61
61
226
227
225
211
213
224
174
184
180
27
25
3
119
100
97
150
175
161
159
179
186
179
173
233
209
210
174
200
173
193
219
229
116
152
226
222
227
225
214
174
182
175
129
26
3
231
174
177
100
97
150
119
3
79
26
3
229
65
66
63
64
74
28
81
3
96
97
98
211
181
178
177
27
25
3
223
227
219
183
3
117
118
185
149
176
174
177
175
151
152
3
165
173
209
210
180
27
25
3
3
3
158
159
157
226
227
212
225
214
174
181
170
175
3
161
158
100
97
150
184
181
217
167
100
97
150
185
223
165
27
25
3
96
22
25
157
100
97
157
156
119
152
80
3
182
3
61
73
72
72
152
3
3
72
196
3
62
165
231
173
100
129
98
128
100
97
150
186
228
174
181
117
118
227
172
3
228
3
161
151
152
176
174
182
179
173
22
25
174
151
152
169
168
180
80
79
79
186
3
97
98
96
73
27
25
3
228
213
185
174
179
173
181
151
119
116
117
115
151
165
248
248
248
248
79
72
25
25
25
25
25
25
25
