1
2
2
2
2
2
2
2
9
2
2
13
14
14
14
14
14
14
14
14
14
14
21
21
27
28
28
28
28
28
28
28
37
38
38
38
38
38
38
38
38
38
38
38
38
38
38
38
38
38
38
38
38
38
38
38
38
38
38
38
38
38
38
38
38
38
38
38
38
38
63
13
77
77
77
77
77
77
77
77
77
77
77
77
77
77
77
77
77
77
77
77
77
77
77
77
77
77
77
77
77
77
77
77
77
77
77
77
77
77
77
77
77
77
77
77
77
77
77
77
77
77
77
77
77
77
77
77
77
77
77
77
77
77
77
77
77
77
77
77
140
141
134
137
137
140
140
153
154
154
154
154
154
154
154
154
154
154
154
154
154
154
154
154
154
154
174
175
175
175
175
175
175
175
175
175
175
175
175
175
175
175
175
175
183
193
193
185
197
198
198
198
198
198
198
198
198
198
198
198
198
198
198
198
198
198
198
198
198
198
198
198
198
198
198
198
198
198
198
198
198
198
198
232
232
232
232
237
238
239
239
239
239
239
239
239
239
239
239
239
239
239
239
239
239
239
239
239
239
239
239
239
239
239
239
239
239
239
239
239
239
239
239
239
239
239
239
239
239
239
239
239
239
239
239
239
239
239
239
239
13
293
293
293
293
293
293
293
293
293
293
293
293
293
293
293
293
293
293
293
293
293
293
293
293
293
293
293
293
293
293
293
326
327
327
327
327
327
327
327
333
333
13
337
337
337
337
337
337
337
337
337
337
337
337
337
337
352
234
1
354
354
354
354
358
358
361
362
362
362
362
362
362
362
362
362
362
362
362
362
362
362
362
362
362
362
362
362
362
362
362
362
362
362
362
362
362
362
362
362
362
362
362
362
362
362
362
362
362
362
362
362
362
362
362
362
362
362
362
362
362
362
362
362
362
362
362
362
362
362
362
362
362
362
362
397
431
422
433
428
435
428
437
429
439
430
441
430
443
362
445
414
448
449
449
449
449
449
449
449
449
449
449
449
449
449
449
449
449
449
449
449
449
449
449
449
449
449
449
449
449
449
449
449
449
449
449
449
449
470
486
465
490
491
491
491
491
491
491
491
491
491
491
491
491
491
491
491
491
491
491
491
491
491
491
491
491
491
491
505
420
420
420
420
420
420
420
420
420
474
474
474
479
510
191
191
191
166
468
170
170
95
120
509
509
509
509
509
509
509
395
129
129
98
165
321
391
423
423
112
112
471
471
471
471
471
471
471
471
471
471
97
110
190
190
389
305
403
128
128
476
476
476
476
8
22
22
22
163
163
114
313
313
313
313
72
404
343
407
407
407
407
480
480
480
56
56
390
96
140
140
387
387
387
387
505
505
320
344
189
514
105
105
408
408
408
408
408
408
408
408
408
58
58
58
58
58
58
100
74
94
23
329
185
21
388
419
322
125
113
311
311
311
311
227
227
220
220
220
220
220
102
483
19
121
303
303
516
162
226
234
234
234
234
234
234
69
69
349
349
349
68
68
68
68
68
68
68
312
312
312
312
386
230
230
331
301
34
307
436
330
103
138
138
138
138
138
414
414
414
414
393
466
20
314
511
428
428
428
428
428
428
119
118
406
464
464
464
356
467
222
222
222
222
517
517
517
517
323
411
124
123
7
130
308
512
513
426
426
426
426
64
64
64
64
64
64
64
64
64
186
358
358
396
396
469
132
415
470
470
470
470
171
171
171
482
482
410
410
410
410
410
410
410
410
429
429
429
63
63
319
122
347
347
347
223
223
223
223
223
223
223
346
346
6
6
221
417
417
417
417
506
506
506
506
506
506
506
506
506
465
465
465
465
309
135
135
385
397
432
432
398
475
475
484
484
484
484
484
484
484
144
144
144
184
104
306
116
350
350
350
99
225
399
399
413
413
332
71
139
139
70
70
70
70
70
70
70
115
515
231
231
384
264
267
267
315
164
164
487
508
508
109
172
172
172
418
167
167
316
316
316
316
136
136
18
263
263
131
392
75
142
142
142
142
134
168
168
304
310
107
427
427
60
473
430
141
141
141
141
141
424
424
424
219
228
228
228
333
412
412
117
127
183
183
183
183
183
183
183
183
183
328
357
348
348
348
317
317
317
317
422
422
472
472
472
472
345
126
409
425
425
394
33
169
169
133
137
137
229
477
477
477
477
101
182
318
318
318
318
300
108
485
485
111
86
451
92
83
212
212
212
85
16
90
376
376
91
81
93
453
79
88
200
295
10
10
82
89
364
377
377
41
218
218
84
3
291
336
325
147
147
