2
3
4
5
6
7
8
9
10
11
12
14
15
16
17
18
19
20
21
22
23
24
25
26
28
29
30
31
32
33
34
35
38
39
40
41
42
43
44
45
46
47
48
49
50
51
52
53
54
55
56
57
58
59
60
61
62
63
64
65
66
67
68
69
70
71
72
73
74
75
76
77
78
79
80
81
82
83
84
85
86
87
88
89
90
91
92
93
94
95
96
97
98
99
100
101
102
103
104
105
106
107
108
109
110
111
112
113
114
115
116
117
118
119
120
121
122
123
124
125
126
127
128
129
130
131
132
133
134
135
136
137
138
139
140
141
142
143
144
145
146
147
148
149
150
151
152
154
155
156
157
158
159
160
161
162
163
164
165
166
167
168
169
170
171
172
175
176
177
178
179
180
181
182
183
184
185
186
187
188
189
190
191
192
193
194
195
196
198
199
200
201
202
203
204
205
206
207
208
209
210
211
212
213
214
215
216
217
218
219
220
221
222
223
224
225
226
227
228
229
230
231
232
233
234
235
236
218
239
240
241
242
243
244
245
246
247
248
249
250
251
252
253
254
255
256
257
258
259
260
261
262
263
264
265
266
267
268
269
270
271
272
273
274
275
276
277
278
279
280
281
282
283
284
285
286
287
288
289
290
293
294
295
296
297
298
299
300
301
302
303
304
305
306
307
308
309
310
311
312
313
314
315
316
317
318
319
320
321
322
323
324
327
328
329
330
331
332
333
334
335
336
337
338
339
340
341
342
343
344
345
346
347
348
349
350
351
345
353
354
355
356
357
358
359
360
362
363
364
365
366
367
368
369
370
371
372
373
374
375
376
377
378
379
380
381
382
383
384
385
386
387
388
389
390
391
392
393
394
395
396
397
398
399
400
401
402
403
404
405
406
407
408
409
410
411
412
413
414
415
416
417
418
419
420
421
422
423
424
425
426
427
428
429
430
431
432
433
434
435
436
437
438
439
440
441
442
443
444
445
446
447
449
450
451
452
453
454
455
456
457
458
459
460
461
462
463
464
465
466
467
468
469
470
471
472
473
474
475
476
477
478
479
480
481
482
483
484
485
486
487
488
491
492
493
494
495
496
497
498
499
500
501
502
503
504
505
506
507
508
509
510
511
512
513
514
515
516
517
518
424
422
408
410
421
423
371
381
377
463
462
452
481
498
176
178
177
168
461
172
158
82
312
498
502
500
504
499
503
501
376
320
90
85
167
296
383
376
370
302
99
480
484
472
483
460
456
459
463
461
462
84
87
176
177
390
296
426
320
90
485
478
456
463
5
23
17
16
171
156
305
310
296
299
297
53
426
344
408
378
375
374
481
485
456
64
38
382
83
79
80
373
371
374
372
506
491
296
345
190
502
301
99
424
422
409
411
423
371
378
367
372
105
60
62
59
41
43
88
52
81
23
333
180
22
382
420
296
317
303
310
296
299
297
234
218
202
203
201
204
198
91
456
17
313
308
298
504
161
211
217
208
215
209
216
233
70
55
339
340
337
48
49
45
50
43
52
54
310
296
299
297
362
235
218
333
296
32
296
425
333
92
300
94
343
346
79
97
366
365
377
383
133
17
296
499
425
410
382
371
376
370
311
310
378
465
456
458
355
456
205
206
207
198
498
502
504
499
296
372
316
315
4
99
296
500
501
430
407
406
371
67
66
65
44
47
51
53
43
52
181
357
354
397
370
461
99
416
481
465
456
451
97
161
159
456
459
419
424
422
411
423
371
379
372
428
371
374
46
41
296
314
344
349
342
226
225
217
215
216
213
214
344
349
10
2
198
420
416
424
380
507
492
494
495
493
496
497
491
491
453
457
458
451
296
345
79
362
370
407
406
377
485
463
470
460
456
455
459
454
451
347
345
79
188
93
296
307
339
340
337
86
210
381
378
414
364
333
52
304
99
71
48
49
45
50
43
52
306
503
236
218
362
241
268
264
296
172
156
470
505
491
87
97
161
160
379
171
157
315
296
299
297
95
79
17
265
264
99
393
68
95
344
143
79
79
172
157
296
296
87
428
370
61
456
383
22
94
346
79
77
425
371
378
198
234
99
218
327
424
369
309
319
192
186
187
188
185
191
189
176
179
333
355
344
349
342
315
296
299
297
373
371
476
477
456
457
350
318
379
376
370
371
31
171
158
99
94
79
214
485
478
457
463
89
179
315
296
299
297
296
87
456
463
87
138
449
142
136
198
100
198
94
14
139
445
445
141
134
144
346
77
346
198
293
2
2
135
140
362
445
445
38
232
232
137
2
239
327
293
22
77
