2
3
4
5
6
7
8
9
10
11
12
13
14
15
16
17
18
19
20
21
22
23
24
25
26
27
28
29
30
31
32
33
34
35
36
37
38
39
40
41
42
43
44
45
46
48
49
50
51
52
53
54
55
56
57
58
59
60
61
62
63
64
65
66
67
68
69
70
71
72
73
74
75
76
77
78
79
80
81
82
83
84
85
86
87
88
89
90
91
92
93
94
95
96
97
98
99
100
101
102
103
104
105
106
107
108
109
110
111
112
113
114
115
116
117
118
119
120
121
122
123
124
125
126
127
128
129
130
131
132
133
134
135
136
137
138
139
140
141
142
143
144
145
146
147
148
149
150
151
152
153
154
155
156
157
158
159
160
161
162
163
164
165
166
167
168
169
170
171
172
173
174
175
176
177
178
179
180
181
182
183
184
185
186
187
188
189
190
191
192
193
194
195
196
197
198
199
200
201
202
203
204
205
206
207
209
210
211
212
213
214
215
216
217
218
219
220
221
222
223
224
225
226
227
228
229
230
231
232
233
234
235
236
237
238
239
240
241
242
243
244
245
246
247
248
249
250
251
252
253
254
255
256
257
258
259
260
261
262
263
264
265
266
267
268
269
270
271
272
273
274
275
276
277
278
279
280
281
282
283
284
285
286
287
288
289
290
291
292
293
294
295
297
298
299
300
301
302
303
304
305
306
307
308
309
310
311
312
313
314
315
316
317
318
319
320
321
322
323
324
325
326
327
328
329
330
331
332
333
334
335
336
337
338
339
340
341
342
343
344
345
346
7
4
64
84
197
84
223
3
230
223
217
298
83
84
126
125
83
85
84
120
173
237
137
275
43
84
83
268
7
4
64
94
272
223
137
172
111
100
173
275
304
84
84
255
225
222
221
120
173
31
32
82
84
229
63
220
218
221
219
197
305
3
315
312
313
314
172
124
130
83
84
96
172
72
73
71
258
271
256
270
273
272
218
225
214
219
93
75
72
7
4
64
303
7
4
64
339
328
94
112
96
172
111
141
149
113
229
197
84
71
7
4
71
70
33
305
102
146
83
82
3
113
173
84
3
117
126
125
84
85
302
209
83
7
43
5
42
7
4
64
84
31
32
333
274
83
137
75
83
124
126
125
85
113
173
213
212
224
298
230
172
111
104
173
83
82
89
86
172
100
173
120
173
274
257
229
218
223
217
84
83
225
326
85
137
339
132
33
219
3
268
75
73
167
83
82
253
254
279
218
84
329
317
328
337
327
269
271
270
273
257
272
255
218
228
224
317
244
217
263
30
66
197
258
271
270
273
266
272
218
226
219
83
84
277
218
221
33
92
172
321
137
112
90
112
83
82
84
184
196
3
4
5
267
263
273
227
94
112
128
85
113
173
126
128
125
85
84
65
66
83
84
209
217
253
254
224
83
83
84
129
130
117
83
84
84
83
127
228
225
261
211
197
126
172
125
85
209
3
66
226
321
66
197
197
240
149
83
113
83
84
3
197
302
277
217
98
230
331
332
336
301
129
274
218
225
273
216
83
65
66
220
218
84
113
83
84
226
223
217
83
84
84
218
65
66
112
90
84
90
4
5
3
335
331
317
328
197
172
104
173
302
298
303
84
3
65
92
172
111
29
31
33
30
65
127
209
294
294
294
294
78
83
