2
3
4
5
6
7
8
9
10
11
5
13
14
15
16
17
18
19
20
21
22
23
24
25
26
27
28
29
30
31
32
33
34
35
36
37
38
39
40
41
42
43
44
45
46
47
48
49
50
51
52
53
54
55
56
57
58
59
60
61
62
63
64
65
66
67
68
69
70
71
72
73
74
15
18
21
78
52
80
81
82
83
84
85
42
87
88
89
90
91
92
93
94
95
96
97
98
99
100
101
102
103
104
105
106
107
108
109
110
111
112
113
114
115
116
117
118
119
120
121
122
123
124
125
126
127
128
129
130
131
132
133
134
135
136
137
138
139
140
141
142
143
144
145
146
147
148
98
150
151
152
153
154
155
156
157
158
159
160
161
162
163
164
165
166
167
168
169
170
171
172
173
174
175
176
177
167
179
180
181
182
183
184
185
186
187
188
189
190
191
192
193
194
195
196
197
199
200
201
202
203
204
205
206
207
208
209
210
211
212
213
214
215
216
217
218
219
220
221
222
223
224
225
226
227
228
229
230
231
232
233
234
235
236
237
238
239
240
241
242
243
244
245
246
247
248
249
250
251
252
253
254
255
256
257
258
259
260
261
262
263
264
265
266
267
268
269
234
271
272
14
14
58
2
2
14
58
202
201
54
32
47
58
199
87
19
58
35
71
169
161
200
87
87
199
47
248
251
258
252
249
250
226
202
201
101
87
87
47
258
250
249
256
37
3
47
261
266
257
251
255
252
259
256
47
47
124
29
90
93
49
51
48
50
47
200
87
87
199
47
261
251
255
259
256
26
202
201
91
93
96
95
199
47
128
23
91
19
202
201
199
199
17
44
26
87
202
201
91
92
26
128
92
137
137
41
2
2
20
51
48
16
17
47
47
139
228
229
132
89
87
166
44
95
140
138
139
37
32
48
16
17
47
64
16
17
18
199
19
19
234
238
239
202
201
199
237
229
163
131
89
87
19
36
246
235
233
237
228
230
229
231
232
47
47
44
166
163
164
162
165
161
248
253
239
102
87
269
262
44
244
26
268
263
22
245
264
116
23
49
51
48
238
50
253
236
256
239
87
47
247
7
2
19
19
254
250
249
16
199
41
161
47
182
182
41
48
87
87
47
164
165
3
199
47
202
201
199
199
93
96
95
199
47
199
19
166
163
164
162
165
199
47
38
49
48
16
47
115
93
49
50
95
47
49
51
48
50
140
138
139
45
19
202
201
199
87
26
35
124
95
19
49
47
48
50
16
47
44
166
163
164
162
165
161
202
201
199
265
258
255
259
256
258
39
16
128
258
65
47
70
3
199
47
138
87
87
199
47
47
129
91
59
60
47
33
29
115
19
47
124
95
105
87
87
128
93
47
44
26
87
32
54
48
55
239
47
16
199
199
202
201
134
135
87
199
199
41
49
161
161
47
105
87
23
27
16
18
134
135
87
202
201
25
191
219
219
202
201
219
199
19
49
48
50
47
37
66
67
65
140
42
87
87
47
91
93
49
48
50
95
47
222
219
140
139
138
256
128
95
202
201
202
201
202
201
219
96
103
87
226
47
47
47
226
226
226
47
226
47
199
199
130
130
199
48
87
47
226
47
47
47
49
16
47
47
47
47
27
16
18
47
18
42
3
47
18
236
47
93
47
41
2
16
18
200
87
199
47
200
87
199
47
87
199
47
87
199
47
87
87
93
49
51
48
47
93
95
47
93
48
50
47
47
