2
3
4
5
6
7
8
9
10
11
12
13
14
15
16
17
18
19
20
21
22
23
24
25
26
27
28
29
30
31
32
33
34
35
36
37
38
39
40
41
42
43
44
45
46
47
48
49
50
51
52
53
54
13
57
58
59
60
61
62
63
64
65
66
67
68
69
70
71
72
73
74
75
76
77
78
79
63
82
83
84
86
87
88
89
90
91
93
94
95
96
97
98
99
100
101
102
103
104
106
107
108
109
111
112
113
114
115
116
117
118
119
120
121
122
123
124
125
126
127
128
129
130
131
132
133
134
135
136
138
139
140
141
142
143
144
145
146
147
148
149
150
151
152
153
154
155
156
157
158
160
161
162
163
164
165
166
167
168
169
170
171
172
173
174
175
176
177
178
179
180
181
182
183
184
185
186
187
188
189
190
191
192
193
194
195
196
197
198
199
200
201
202
203
204
205
206
207
208
209
210
211
212
213
214
215
216
217
218
219
220
221
222
223
224
225
226
227
228
229
230
231
232
233
234
235
236
237
238
239
240
241
242
243
244
245
246
247
248
249
250
251
252
253
254
255
256
257
258
259
260
261
262
263
264
265
266
267
268
269
270
271
272
273
274
275
276
277
279
280
281
282
283
284
285
286
287
288
289
290
291
292
293
294
295
296
297
298
299
300
301
302
303
304
305
306
307
308
309
310
311
312
313
314
315
316
296
290
287
57
57
57
122
2
140
57
139
284
282
130
2
2
2
284
283
282
139
139
61
139
11
284
282
284
282
284
283
282
284
282
284
282
284
282
5
143
284
283
282
284
282
115
284
282
269
276
57
284
282
139
284
282
284
282
139
57
284
282
284
282
97
100
26
13
2
2
57
63
283
281
93
284
283
282
58
57
269
276
139
100
57
57
57
276
270
57
139
257
139
59
24
57
139
9
4
97
30
139
269
276
6
2
100
283
282
284
283
27
90
139
60
284
282
100
100
269
276
284
282
284
282
23
123
2
8
284
282
10
24
57
57
57
27
90
139
284
282
113
22
113
57
35
284
283
282
162
2
2
284
282
284
282
284
282
284
282
7
63
57
57
57
13
284
283
3
284
282
15
139
21
57
28
2
57
139
284
282
15
21
2
139
76
2
2
57
57
2
75
76
74
57
63
62
57
13
12
2
