1
2
2
2
2
2
2
2
2
2
2
2
13
13
2
16
16
16
2
20
20
20
2
25
26
27
27
27
27
27
27
27
27
27
27
27
27
27
27
27
27
27
27
27
27
47
47
47
47
27
52
52
52
52
52
52
52
1
60
60
60
60
60
60
60
67
67
67
60
71
71
71
60
76
77
78
78
78
78
78
78
78
78
78
78
78
78
78
78
78
78
78
78
96
96
96
96
96
96
78
103
103
103
103
103
103
103
103
103
103
103
103
103
103
103
103
103
103
103
103
103
103
103
103
103
103
103
103
103
103
133
133
133
137
85
132
132
103
96
12
22
74
74
74
57
57
101
64
66
6
6
6
51
51
51
51
87
87
87
87
8
8
120
11
19
19
73
94
94
127
127
10
10
129
132
132
132
132
132
23
23
45
45
45
45
9
9
86
86
86
88
88
88
88
88
126
59
59
59
118
118
118
118
118
118
118
118
118
118
122
122
122
122
122
122
122
44
44
44
44
44
44
44
44
44
44
44
44
44
18
46
46
46
46
128
128
7
7
117
70
70
70
90
90
123
123
123
123
123
50
50
50
121
121
100
100
69
62
124
124
124
124
124
92
130
130
95
43
43
43
43
43
43
58
58
58
58
102
102
89
89
33
34
3
48
35
75
138
138
24
139
140
