1
2
2
2
2
2
2
2
2
2
2
2
2
2
2
2
2
2
2
2
2
2
2
2
2
2
2
2
2
2
2
2
2
2
2
2
2
2
2
2
2
2
2
2
2
2
2
2
2
2
2
2
2
2
2
2
2
2
2
2
2
2
2
2
2
2
2
2
2
2
2
2
2
2
2
2
2
2
2
2
2
2
2
2
2
2
2
2
2
2
2
2
2
2
2
2
2
2
2
2
2
2
2
2
2
2
2
2
2
2
2
2
2
2
2
2
2
2
2
2
2
2
2
2
2
2
2
2
2
2
2
2
2
2
2
2
2
2
2
2
2
2
2
2
2
2
2
2
2
2
2
1
153
153
153
153
153
153
159
161
162
163
1
165
165
165
165
165
165
165
165
165
165
165
165
165
165
165
165
165
165
165
165
165
165
165
165
165
165
165
165
165
165
165
165
165
165
165
165
165
165
165
165
165
165
165
165
165
165
165
165
165
165
165
165
165
165
165
165
165
165
165
165
165
165
165
165
165
165
165
165
165
165
165
165
165
165
165
165
165
165
165
165
165
165
165
165
165
165
165
165
165
165
165
165
165
165
165
165
165
165
165
165
165
165
165
165
165
165
165
165
165
165
165
165
165
165
165
165
165
165
165
165
165
165
165
165
165
165
165
165
165
165
165
165
165
165
165
165
165
165
165
165
165
165
165
165
165
165
165
165
165
165
165
165
165
165
165
165
165
165
165
165
165
165
165
165
165
165
165
165
165
165
165
165
165
165
165
165
165
165
165
165
165
165
165
165
165
165
165
165
165
165
165
165
165
165
165
165
165
165
165
165
165
165
165
165
1
370
370
370
370
370
370
370
373
373
373
374
374
374
375
375
375
376
376
377
377
377
377
376
367
367
126
126
126
234
234
234
234
66
66
66
274
274
274
274
108
108
108
108
108
68
68
68
193
193
147
147
147
51
51
51
105
105
105
62
62
62
55
55
55
91
91
91
86
86
86
95
95
95
272
272
272
272
6
6
6
173
173
173
173
173
18
18
18
163
163
163
163
205
205
248
248
348
348
348
298
298
371
371
371
371
371
371
371
371
71
71
71
90
90
90
204
204
316
316
364
364
364
93
93
93
354
354
258
258
34
34
34
28
28
28
26
26
26
219
219
219
219
219
219
219
342
342
342
14
14
14
195
8
8
8
37
37
37
207
207
207
207
75
75
75
104
104
107
107
107
155
155
155
155
155
122
122
122
129
129
129
77
77
77
140
140
140
179
355
355
330
330
117
117
117
220
220
220
220
360
360
360
360
69
69
69
46
46
46
328
328
232
232
232
232
116
116
116
332
332
288
288
288
288
185
185
185
270
270
270
270
120
120
120
310
310
294
294
211
211
211
211
326
326
326
326
326
262
262
262
262
262
250
250
45
45
45
322
322
346
346
346
40
40
40
217
217
217
217
217
217
217
217
217
217
217
217
217
217
217
217
217
217
10
10
10
57
57
57
244
244
156
156
156
156
156
156
156
156
156
156
282
282
282
282
144
144
144
376
376
376
376
376
98
98
98
102
102
102
78
78
78
276
276
276
276
252
252
158
158
158
158
158
158
158
158
158
158
158
338
338
238
238
238
238
238
373
373
373
373
373
373
373
373
198
198
226
226
226
226
308
308
286
286
286
286
110
110
110
224
224
224
224
135
135
135
123
123
123
259
259
290
290
290
290
290
54
54
54
304
304
82
82
82
99
99
99
306
306
12
12
12
52
52
52
88
88
88
256
256
292
292
159
159
159
159
159
159
159
159
159
159
159
159
159
159
159
111
111
111
20
20
20
149
149
149
149
149
150
150
150
150
150
101
101
101
352
352
352
352
324
324
85
85
85
268
268
268
268
350
350
350
92
92
92
209
209
209
209
236
236
236
236
138
138
138
31
31
31
183
183
113
113
113
114
114
114
29
29
29
134
134
134
246
246
22
22
22
63
63
63
177
128
128
128
49
49
49
96
96
96
266
266
143
143
143
278
278
278
278
222
222
222
222
42
42
42
176
176
176
23
23
23
43
43
43
74
74
74
80
80
80
374
374
374
374
374
374
280
280
280
280
230
230
230
230
228
228
228
228
372
372
372
372
372
372
202
202
132
132
132
334
334
32
32
32
340
340
340
35
35
35
65
65
65
131
131
131
375
375
375
375
375
375
175
175
175
175
175
189
189
189
191
191
191
191
365
365
141
141
141
38
38
38
344
344
344
200
200
213
213
213
213
119
119
119
214
214
214
214
218
218
218
60
60
60
362
362
7
264
264
264
264
264
296
296
25
25
25
358
358
358
146
146
146
83
83
83
157
157
157
157
157
157
157
157
157
157
157
302
302
254
254
242
242
312
312
320
320
216
216
72
72
72
16
16
16
187
187
318
318
87
87
87
125
125
125
180
180
58
58
58
240
240
240
240
137
137
137
300
300
377
377
377
377
377
284
284
284
284
314
314
48
48
48
196
196
196
196
336
336
154
378
164
164
381
160
160
160
160
160
160
160
160
160
160
160
160
384
388
389
389
392
