1
2
2
2
2
2
2
2
2
2
2
2
2
2
2
2
2
2
2
2
2
2
2
2
2
2
2
2
2
2
2
2
2
2
2
2
2
2
2
2
2
2
2
2
2
2
2
2
2
2
2
2
2
2
2
2
2
2
2
2
2
2
2
2
2
2
2
2
2
2
2
2
2
2
2
2
2
2
2
2
2
2
2
2
2
2
2
2
2
2
2
2
2
2
2
2
2
2
2
2
2
2
2
2
2
2
2
2
2
2
2
2
2
2
2
2
2
2
2
2
2
2
2
2
2
2
2
2
2
2
2
2
2
2
2
2
2
2
2
2
2
2
2
2
2
2
2
2
2
2
2
2
2
2
2
2
2
2
2
2
2
2
2
2
2
2
2
2
2
2
2
2
2
2
2
2
2
2
2
2
2
2
2
2
2
2
2
2
189
189
189
189
189
189
189
189
189
189
189
189
189
189
189
189
189
189
189
189
189
189
189
189
189
189
189
189
189
189
189
189
189
189
189
189
189
189
189
189
189
189
189
189
189
189
189
189
189
189
189
189
189
189
189
189
189
189
189
189
189
189
189
189
189
189
189
189
189
189
189
189
189
189
189
189
189
189
189
189
189
189
189
189
189
189
189
189
189
189
189
189
189
189
189
189
24
286
140
288
156
290
158
292
160
294
171
296
171
298
171
300
171
302
171
304
172
306
172
308
172
310
312
313
313
313
313
313
1
319
319
319
319
319
319
319
319
319
319
319
319
319
319
319
319
319
319
319
319
319
319
319
319
319
319
319
319
319
319
319
319
319
319
319
319
319
319
319
319
319
319
319
319
319
319
319
319
319
319
319
319
319
372
372
372
325
376
328
378
378
319
381
381
381
381
381
381
319
388
319
390
369
392
1
394
394
394
394
394
394
394
394
394
394
394
394
394
394
394
394
394
394
394
394
394
394
394
394
394
394
394
394
394
394
401
425
427
401
429
402
431
433
402
435
403
437
439
403
441
404
443
445
404
447
405
449
451
405
453
406
455
457
406
459
407
461
463
407
465
408
467
469
408
471
409
473
409
475
409
477
410
479
481
483
411
485
411
487
411
489
412
491
493
495
413
497
499
413
501
414
503
505
414
507
415
509
416
511
513
416
515
417
517
519
417
521
417
523
418
525
527
418
529
418
531
419
533
535
419
537
419
539
420
541
543
420
545
420
547
421
549
551
422
553
555
423
557
559
424
561
424
563
406
567
568
568
568
568
568
568
568
568
568
568
568
568
568
568
568
568
568
568
568
568
588
568
590
578
592
583
594
583
596
584
598
584
600
585
602
586
604
586
606
587
608
587
610
579
1
613
613
613
613
613
613
613
613
613
613
613
613
613
613
613
613
613
613
613
613
613
613
613
613
613
613
613
613
613
613
613
613
613
613
613
613
613
613
613
613
613
613
613
613
613
613
613
613
613
613
613
613
613
613
613
613
613
613
613
613
672
674
673
676
675
670
1
680
680
680
680
680
680
680
680
680
680
680
680
680
680
680
680
680
680
680
680
680
680
680
680
680
680
680
680
680
680
680
680
680
680
680
680
680
680
680
680
680
680
680
680
680
680
680
680
680
680
680
680
680
680
680
680
680
680
680
680
680
680
680
680
680
680
680
680
680
680
680
680
680
680
680
680
680
680
680
680
753
761
754
763
758
765
758
767
759
769
759
771
760
773
760
775
1
777
777
777
777
777
777
777
777
777
777
777
777
777
777
777
777
777
777
777
777
777
777
777
777
777
777
777
777
777
777
777
777
808
1
811
811
811
811
811
811
811
811
811
811
811
811
811
811
811
811
811
811
811
811
811
811
811
811
811
811
811
811
811
811
811
811
811
811
811
811
811
811
811
811
811
811
811
815
1
856
856
856
856
856
856
856
856
856
856
856
856
856
856
856
856
856
856
856
856
856
856
856
856
856
856
856
856
856
856
856
856
856
856
856
856
856
856
856
858
896
864
898
865
900
866
902
867
904
868
906
869
908
910
870
912
871
914
872
916
873
918
874
920
875
922
876
924
877
926
878
928
879
930
880
932
880
934
881
936
882
938
883
940
883
942
884
944
884
946
885
948
885
950
886
952
886
954
887
956
887
958
888
960
888
962
889
964
889
966
890
968
890
970
891
972
891
974
892
976
892
978
892
980
893
982
893
984
893
986
894
988
894
990
894
992
895
994
895
996
895
998
1000
1001
1001
1002
1004
1006
1008
1003
1010
1012
1014
1002
1003
1
1018
1018
1018
1018
1018
1018
1018
1018
1018
1018
1018
1018
1018
1018
1018
1018
1018
1018
1018
1018
1018
1018
1018
1018
1018
1018
1018
1018
1018
1018
1018
1018
1018
1018
1018
1018
1018
1018
1018
1018
1018
1018
1018
1018
1018
1018
1018
1018
1018
1067
1067
1067
1018
1071
1071
1071
1071
1071
1071
1071
1071
1071
1071
1071
1071
1071
1071
1071
1071
1071
1071
1071
1071
1071
1071
1071
1071
1018
1096
1096
1096
1096
1096
1096
1096
1096
1096
1096
1096
1096
1096
1096
1096
1018
1112
1112
1112
1112
1112
1112
1112
1112
1112
1112
1018
1123
1123
1123
1123
1123
1123
1123
1123
1123
1123
1123
1123
1018
1136
1136
1136
1136
1136
1136
1136
1136
1136
1136
1136
1136
1136
1029
1150
1029
1152
1029
1154
1056
1156
1057
1158
1018
1160
1162
1163
1164
1165
1
1166
1166
1166
1166
1166
1166
1166
1166
1166
1166
1166
1166
1166
1166
1166
1166
1166
1166
1166
1166
1166
1187
1187
1189
1190
1174
1192
1192
1192
1196
1198
1175
1200
1200
1200
1166
1204
1204
1175
567
1208
1208
1208
1208
1208
1208
1208
1208
1208
1208
1219
1220
1220
1220
1220
1220
1220
1220
1220
1220
1220
1220
1220
1220
1220
1220
1220
1220
1220
1220
1220
1220
1220
1220
1220
1220
1220
1220
1220
1220
1220
1220
1220
1220
1220
1220
1220
1220
1220
1220
1220
1232
1261
1232
1263
1232
1265
1220
1267
1
1269
1269
1269
1269
1269
1269
1269
1269
1269
1269
1269
1269
1269
1269
1
1284
1284
1284
1284
1284
1284
1284
1284
1284
1284
1284
1284
1284
1284
1284
1284
1284
1284
1284
1284
1284
1284
1284
1284
1284
1284
1284
1284
1284
1284
1292
1315
1293
1317
1294
1319
1295
1321
1295
1323
1296
1325
1296
1327
1297
1329
1331
1298
1333
1299
1335
1299
1337
1300
1339
1301
1341
1301
1343
1301
1345
1302
1347
1302
1349
1351
1303
1353
1355
1303
1357
1359
1304
1361
1305
1363
1365
1306
1367
1306
1369
1371
1307
1373
1307
1375
1377
1307
1379
1308
1381
1383
1385
1308
1387
1309
1389
1284
1391
1392
1393
1310
1395
1310
1397
1311
1399
1401
1312
1403
1313
1405
1313
1407
1313
1409
1314
1411
1314
1413
1314
1415
1304
1
1418
1418
1418
1418
1418
1418
1418
1418
1418
1418
1418
1418
1418
1418
1418
1418
1418
1418
1418
1418
1418
1418
1418
1418
1418
1418
1418
1418
1418
1418
1418
1418
1418
1418
1418
1418
1418
1418
1418
1418
1418
1418
1460
1460
1460
1460
1460
1460
1460
1460
1460
1460
1460
1460
1460
1460
1460
1460
1460
1460
1460
1460
1460
1460
1460
1460
1460
1460
1460
1460
1460
1460
1
1491
1491
1491
1491
1491
1491
1491
1491
1491
1491
1491
1491
1491
1491
1491
1491
1491
1491
1491
1491
1491
1491
1491
1491
1491
1491
1491
1491
1491
1491
1491
1491
1491
1524
1524
1524
1524
1524
1524
1524
1
1532
1532
1532
1532
1532
1532
1532
1532
1532
1532
1532
1532
1532
1543
1546
1544
1548
1
1550
1550
1550
1550
1550
1550
1550
1550
1550
1550
1550
1550
1550
1550
1550
1550
1550
1550
1550
1550
1550
1550
1550
1550
1550
1550
1550
1550
1550
1550
1550
1550
1550
1550
1550
1550
1550
1550
1550
1550
1550
1550
1550
1550
1550
1550
1550
1550
1550
1550
1550
1550
1550
1550
1550
1550
1550
1550
1578
1609
1578
1611
1581
1613
1581
1615
1581
1617
1581
1619
1581
1621
1582
1623
1582
1625
1582
1627
1599
1629
1599
1631
1600
1633
1600
1635
1601
1637
1602
1639
1602
1641
1643
1604
1645
1604
1647
1606
1649
1606
1651
1606
1653
1608
1655
1
1657
1657
1657
1657
1657
1657
1657
1657
1657
1657
1657
1657
1657
1657
1657
1657
1657
1657
1657
1657
1657
1657
1657
1657
1657
1657
1657
1657
1657
1657
1657
1657
1657
1657
1657
1657
1657
1657
1657
1657
1657
1657
1657
1657
1657
1657
1657
1657
1657
1657
1657
1657
1657
1657
1657
1657
1657
1657
1657
1657
1657
1657
1657
1657
1657
1657
1657
1724
1724
1724
1724
1724
1724
1724
1724
1724
1724
1724
1724
1724
1724
1724
1724
1724
1724
1724
1724
1724
1724
1724
1724
1749
1750
1750
1750
1750
1750
1750
1750
1750
1750
1750
1750
1750
1750
1750
1759
1765
1765
1768
1770
1750
1772
1
1774
1774
1774
1774
1774
1774
1774
1774
1774
1774
1774
1774
1774
1774
1774
1774
1774
1774
1774
1774
1774
1774
1774
1774
1774
1774
1774
1774
1774
1774
1774
1774
1774
1774
1774
1774
1774
1774
1774
1774
1774
1774
1774
1774
1774
1774
1774
1774
1774
1774
1774
1774
1818
1827
1829
1830
1830
1830
1830
1830
1830
1830
1830
1830
1830
1
1841
1841
1841
1841
1841
1841
1841
1841
1841
1841
1841
1841
1841
1841
1841
1841
1841
1841
1841
1841
1841
1841
1841
1841
1841
1841
1841
1841
1841
1841
1841
1841
1841
1841
1841
1841
1841
1841
1841
1841
1841
1841
1841
1841
1841
1841
1841
1841
1841
1841
1841
1841
1841
1841
1841
1841
1841
1841
1841
1841
1841
1841
1841
1841
1841
1841
1841
1841
1841
1841
1841
1841
1841
1841
1841
1841
1841
1841
1841
1841
1841
1841
1841
1841
1841
1841
1841
1841
1841
1841
1841
1841
1841
1841
1841
1841
1841
1841
1841
1841
1841
1841
1841
1841
1841
1841
1841
1841
1841
1841
1841
1841
1841
1841
1841
1841
1841
1841
1841
1841
1841
1841
1841
1841
1841
1841
1841
1841
1841
1841
1841
1841
1841
1841
1841
1841
1841
1841
1841
1841
1841
1841
1841
1841
1841
1841
1841
1841
1841
1841
1841
1841
1841
1841
1841
1996
1996
1996
1996
1996
1996
1996
1996
1996
1996
1996
1996
1996
1996
1996
1996
1996
1868
2014
1875
2016
1876
2018
1877
2020
1908
2022
1916
2024
1917
2026
1919
2028
1920
2030
1922
2032
1924
2034
1925
2036
1931
2038
1942
2040
1944
2042
1945
2044
1949
2046
1951
2048
1952
2050
1954
2052
1955
2054
1969
2056
2058
2060
1970
2062
1970
2064
2066
1970
2068
1971
2070
1971
2072
2074
1971
2076
1972
2078
1972
2080
2082
1972
2084
1974
2086
1976
2088
1977
2090
2092
1978
2094
1980
2096
1981
2098
1982
2100
1983
2102
1984
2104
1985
2106
1985
2108
1986
2110
1987
2112
1989
2114
1990
2116
1991
2118
1992
2120
1992
2122
1993
2124
1995
2126
1986
287
1
2130
2130
2130
2130
2130
2130
2130
2130
2130
2130
2130
2130
2130
2130
2130
2130
2130
2130
2130
2130
2130
2130
2130
2130
2130
2130
2130
2130
2130
2130
2130
2130
2130
2130
2130
2130
2130
2130
2130
2130
2130
2130
2130
2130
2173
2175
2174
2177
1
2179
2179
2179
2179
2179
2179
2179
2179
2179
2179
2179
2179
2179
2179
2179
2179
2179
2179
2179
2179
2179
2179
2179
2179
2179
2179
2179
2179
2179
2179
2179
2179
2179
2179
2179
2179
2179
2179
2179
2179
2179
2179
2179
2179
2179
2179
2179
2179
2179
2179
2179
2179
2179
2179
2179
2179
2179
2179
2179
2179
2179
2179
2179
2179
2179
2179
2179
2179
2179
2179
2179
2179
2179
2179
2179
2179
2179
2179
2179
2179
2179
2179
2179
2179
2179
2179
2179
2179
2179
2179
2185
2191
1
2272
2272
2272
2272
2272
2272
2272
2272
2272
2272
2272
2272
2272
2272
2272
2272
2272
2272
2272
2272
2272
2272
2272
2272
2272
2272
2272
2272
2272
2272
2272
2272
2272
2272
2272
2272
2272
2272
2272
2272
2272
2272
2272
2272
2272
2317
2317
2317
2317
2317
2317
2317
2317
2317
2317
2317
2317
1
2330
2330
2330
2330
2330
2330
2330
2330
2330
2330
2330
2330
2330
2330
2330
2330
2330
2330
2330
2330
2330
2330
2330
2330
2330
2330
2330
2330
2330
2330
2330
2330
2330
2330
2330
2330
2330
2330
2330
2330
2330
2330
2330
2330
2330
2330
2330
2330
2330
2330
2330
2330
2330
2330
2330
2330
2330
2330
2330
2330
2390
2390
2390
2390
2390
2390
2390
2390
2390
2390
2390
2390
2330
2403
2403
2403
2403
2403
2403
2403
2403
2403
2403
2403
2403
2403
2403
2403
2403
2403
2403
2403
2403
2403
2403
2403
2403
2403
2403
2403
2403
2403
2403
2403
2403
2403
2403
2403
2341
2439
2362
2441
2364
2443
2364
2445
2366
2447
23
1
2450
2450
2450
2450
2450
2450
2450
2450
2450
2450
2450
2450
2450
2450
2450
2450
2450
2450
2450
2450
2450
2450
2450
2450
2450
2450
2476
2476
2476
2476
2476
2482
1
2483
2483
2483
2483
2483
2483
2483
2483
2483
2483
2483
2483
2483
2483
2483
2483
2483
2483
2483
2483
2483
2483
2483
2483
2483
2483
312
2510
2510
2510
2510
2510
2510
2516
1391
498
498
655
655
1757
1757
1757
1820
1820
1820
1820
2190
1762
366
366
1903
1903
93
93
93
93
93
875
875
875
2359
2359
2359
2359
2359
2359
1176
1238
1238
1238
1238
575
1855
1855
1855
1030
1030
1313
1313
1313
831
831
831
832
832
832
832
832
832
832
832
832
832
832
832
832
1690
1690
1690
2491
2491
2491
2491
2491
1585
1585
1585
1585
1585
2172
907
124
124
2203
671
671
671
152
152
152
542
542
724
724
1298
1298
729
729
729
415
415
415
646
646
1667
1667
1667
580
580
580
580
580
580
2472
2472
2472
1597
1597
1746
1746
1746
1746
1746
1746
1746
1746
1746
1746
1746
1746
1746
1746
1746
1746
1746
1746
1746
1746
1746
1943
403
403
403
662
662
2239
2239
1788
2329
1680
1680
1680
1110
1290
1290
1296
1296
1296
760
760
760
760
760
637
2198
1784
1784
1784
1784
1784
1784
747
2284
2284
2284
1051
2507
2507
1183
1183
1473
813
644
644
644
180
180
1801
1801
1801
1801
1304
1304
1304
1668
1668
1668
1588
1588
1982
1982
1982
1234
1234
1971
1971
744
695
1612
837
837
2255
689
29
29
29
1967
1967
2348
2348
2348
2348
2348
2348
2348
2348
2348
2348
2348
2348
2348
2348
2343
2343
2166
2166
2166
2166
31
2196
1670
1670
1670
1064
2140
991
1521
297
1157
1157
1157
1701
1701
1701
1791
1791
2240
2240
1186
1236
1236
74
74
1149
436
436
651
651
651
1279
1279
1279
1279
1279
1111
2509
2509
1956
1956
1496
2456
2456
879
879
879
2291
2291
2291
710
1201
585
585
585
585
585
585
1230
1230
1230
1579
1579
1504
1504
1504
1549
1390
1295
1295
1866
1866
1866
1806
1806
1806
1806
1871
1035
1035
1035
1928
1928
1928
1028
1065
2341
2341
2341
2194
2257
836
836
1978
631
1681
1681
1681
723
723
1927
1927
1927
1927
1927
1927
1927
1927
2192
1029
1029
2245
2245
60
60
887
887
2513
2513
2148
2148
2148
2148
2148
2380
2380
895
895
2500
2500
2500
2500
2360
2360
2360
2360
1573
1573
1883
1883
177
177
1178
1795
1795
1795
1795
1951
1966
420
420
420
420
1983
1692
1692
1692
2236
2353
2353
2353
2353
2353
2353
2353
2353
2353
2353
2353
2353
2353
2353
2232
2232
2232
2232
2232
43
43
2367
2367
2367
2367
2367
2367
1877
1877
1877
2152
2152
2152
434
844
426
426
1920
1800
1800
1800
1800
2375
878
878
2352
2352
2352
1875
886
886
1838
873
873
873
48
48
2219
2219
2219
629
629
629
629
2505
1940
728
728
728
2154
2154
2154
126
126
1807
1807
1648
1989
2184
175
175
175
175
709
709
2384
2384
2384
158
158
158
158
158
574
188
1482
1482
1482
2386
2386
2386
2288
2288
2288
1881
1205
1889
1889
1889
1865
1695
1695
1695
1944
1944
1944
1976
672
2169
2169
2169
2169
1452
1452
1452
1452
1452
1452
1452
1452
1452
1452
1452
1452
2283
2283
2283
2382
2382
1438
2358
2358
2358
1591
1591
25
25
25
713
713
185
185
2269
2269
1309
1309
1908
1908
1936
480
788
63
63
1066
1066
649
649
649
649
2374
2374
2374
114
114
1953
156
871
871
2458
2458
2458
2285
2285
2285
1256
1256
1256
409
409
409
62
62
1994
1994
1174
2233
2233
717
785
1946
1935
2480
2480
2480
884
2515
2515
2515
2515
1964
1964
2308
2308
2308
2308
2308
2308
2308
2308
2308
2308
1031
1031
1031
58
58
163
163
1259
632
749
749
880
880
1299
1299
1171
1171
1171
1171
1404
456
456
17
17
17
838
1037
1037
1037
2286
2286
2286
1787
2294
2294
2294
1448
1892
1892
1892
1892
1991
1991
816
816
414
414
414
1747
1747
1747
1747
1747
1747
1747
1747
1747
1747
1747
1747
1747
1747
1747
1747
1747
1747
1747
1747
1747
1747
2238
2238
2195
1536
1536
1536
1945
1945
1945
88
88
88
88
88
88
1785
808
808
808
808
1816
1816
1816
1816
1816
1816
1816
47
47
1703
1703
1703
739
739
1869
1869
1630
1665
1665
1665
54
54
1984
1543
1543
877
877
877
804
1583
1583
1583
1583
50
50
1796
1796
1796
1796
2349
2349
2349
2349
147
147
147
141
141
582
582
582
582
2263
2263
2263
2263
2263
1870
1870
1870
1721
34
34
34
2083
2340
2340
2340
2340
2340
2340
2340
2340
2340
2340
2340
2340
2340
2340
2340
2340
2340
2340
2340
2340
2340
2340
2340
2340
2340
2340
2340
2340
2340
2340
2340
2340
2340
2340
2340
2340
1135
1443
2307
2307
2307
2307
2307
2307
2307
2307
2307
2307
1229
1229
1229
1229
1789
1382
1382
2502
845
845
1170
1170
1170
2379
2379
1674
1674
1674
909
315
315
1767
1767
1767
1767
2468
2499
1043
1043
1043
1043
701
1760
1505
1505
1505
586
586
586
586
586
586
1280
1280
1280
1280
1280
1812
1812
1812
2247
2247
716
1715
1715
1715
1715
1715
1715
1715
1715
1715
1715
1715
1715
1715
1715
1715
1715
1715
1715
1715
1715
1715
1715
1715
1474
633
893
893
741
741
22
22
22
2295
2295
2295
640
640
640
2189
1899
432
432
1704
1704
1704
410
410
410
819
819
656
656
656
1437
1437
1437
1437
1437
1437
1437
1437
1437
1437
1437
1437
1246
1246
1246
1246
1246
1246
822
822
1589
1589
1245
1245
1245
1245
1245
1245
2208
1340
1974
652
652
652
687
687
687
687
687
2506
2506
2506
2506
1962
2281
91
91
1932
1932
931
1678
1678
1678
127
127
2365
2365
2365
1275
1275
1275
1275
2280
2280
2280
820
2250
2251
1890
1890
1890
1890
1867
892
892
1193
1193
1193
1193
1243
1243
1243
1243
1243
1243
1679
1679
1679
885
885
864
864
1624
1312
1312
1312
731
731
731
393
1880
134
134
1671
1671
1671
2289
2289
2289
336
336
336
336
336
336
2173
1027
1027
1027
1027
1027
2355
2355
2355
2355
2355
2355
2355
639
639
639
1947
19
702
745
745
526
526
1250
1250
1250
1600
1600
1600
1600
1897
1561
1561
1324
1034
1034
1034
2246
2475
921
408
408
408
2328
2328
2328
2328
2328
2328
2328
2328
2328
2328
2383
2383
795
795
795
795
92
92
1853
2216
2216
2216
1973
1973
1569
1569
664
1559
1559
1559
1559
1559
103
103
1503
1503
1503
833
405
405
405
405
159
159
159
660
1792
1792
1792
1792
293
1447
756
756
1592
1592
2213
1675
1675
1675
869
869
869
1282
1282
1282
1282
1282
1282
1282
1055
1055
1173
1173
1291
1457
1094
2368
2368
2368
2368
46
46
1975
1975
1297
1993
1993
1993
2244
2244
1057
1057
1057
1057
2356
2356
2356
2356
2210
1093
1093
182
182
66
66
1664
1664
1664
1595
1595
2351
2351
2351
2351
2351
2351
407
407
407
407
407
797
797
121
1251
1251
167
167
1698
1698
1698
2218
2218
2218
1232
1232
1232
1232
2508
2508
2158
2158
2158
2158
2158
1485
1485
1602
1602
1602
2346
2346
2346
2346
38
38
38
1195
835
835
1241
1241
1241
1241
2492
1538
314
314
369
36
36
750
1923
358
849
137
137
1708
1708
1708
1708
1708
1708
1708
1708
1708
1708
1708
1708
1708
1708
1708
1708
1708
1708
1708
1708
1708
1708
1708
2163
2163
2163
2163
2163
1907
2149
2149
2149
2149
2149
2496
86
86
86
86
86
86
2211
796
796
796
796
740
740
184
184
1859
665
757
757
757
307
2262
2262
2262
2262
2262
2262
1040
1040
1040
1040
1294
1294
2313
2313
2313
2313
2313
2313
2313
2313
2313
148
148
148
1884
1884
1884
356
1961
888
888
851
851
1706
1811
1811
1811
1811
2207
1042
1042
1042
1042
1257
1237
1237
353
353
353
1362
123
123
1520
1520
1520
1520
2197
2258
2388
2388
2388
135
135
1441
157
157
157
826
826
826
826
2473
2473
2473
1456
1456
1456
1456
1456
1456
1456
1456
1456
1456
985
1122
727
727
727
96
96
96
96
96
187
1185
1185
108
108
817
1398
1599
1599
1599
1599
1189
1189
1189
870
870
1960
1960
2164
2164
2164
2164
1202
2214
1060
1748
2364
2364
2364
331
1821
1821
1821
1821
636
636
1968
1968
41
41
70
70
2292
2292
2292
738
738
18
1687
1687
1687
2151
2151
2151
2151
544
1531
186
186
2200
2141
2141
2141
2141
2141
2141
1540
2206
1810
1810
1810
584
584
584
584
2234
2234
643
643
643
1669
1669
1669
1301
1301
1824
1824
1824
1824
131
131
848
1694
1694
1694
1581
1581
1581
1581
1948
2290
2290
2290
73
73
2225
2225
2225
1809
1809
1809
1809
755
755
576
576
576
576
576
2369
2369
2369
2369
2369
2235
2235
2235
2235
2357
2357
2357
2357
2357
2357
2357
2357
2357
2357
2357
2357
122
122
1177
1177
1803
1059
1059
323
2354
2354
2354
2354
2354
2354
2354
2354
2354
2354
2354
2354
2354
2354
2354
2354
2354
2354
2354
2354
2354
2354
2354
2354
2354
1915
1915
2142
1691
1691
1691
666
666
1672
1672
1672
1719
1814
1814
1814
1808
1808
1808
1808
1808
1808
2512
2512
534
534
1682
1682
1682
827
827
827
69
69
1861
1861
1861
1957
1980
1980
1900
136
136
1502
1502
1502
295
670
670
2370
2370
2370
2370
2370
1942
1942
1942
1449
1308
1308
1308
743
743
828
732
732
732
1508
1508
1508
1508
1508
1508
645
645
645
1805
1805
1805
1805
1793
1793
1793
1793
706
1191
734
734
1571
1571
132
132
868
868
868
1570
1570
115
115
862
862
721
1440
583
583
583
583
583
2165
2165
1197
1311
1311
1311
1252
412
412
412
1714
330
144
144
840
840
1539
1539
1539
2147
2147
2147
2147
2147
1608
100
100
106
106
1977
444
444
1949
55
55
2302
61
61
45
45
753
753
2265
2265
2265
2265
1214
1688
1688
1688
2268
1761
1761
1934
659
659
659
659
402
402
402
402
402
1501
1501
1501
2156
2156
2156
1970
1970
1584
1584
1584
1584
1603
27
27
27
722
722
1566
1596
1596
1959
1959
1572
1572
2504
1763
1799
1799
1799
1799
2314
171
171
171
171
1487
1487
1868
1868
1938
1965
1965
1033
1033
1033
1887
1887
1439
363
370
746
746
1484
1484
332
332
650
650
1058
1716
1716
1716
1716
1716
1716
1716
1716
1716
1716
1716
1716
1716
1716
1716
1716
1716
1716
1716
1716
1716
1716
1716
289
798
798
786
786
786
786
786
1902
1054
759
759
759
759
759
1489
1489
1489
1489
1489
1489
1489
1489
1489
1489
1489
1489
1489
1489
1489
1489
1489
1516
1516
1516
1516
1516
149
149
807
807
1577
1577
2159
2159
2159
1148
919
668
668
2465
138
1593
1593
818
2316
2316
1542
1542
1542
1542
1542
1542
1479
1479
334
334
486
2215
2215
2215
2201
1922
1497
1497
411
411
411
647
647
647
1918
2446
2446
170
170
176
176
176
176
1910
1910
1159
1159
1159
1159
1836
1836
1836
1836
1562
2501
1025
1025
1025
1025
1025
1025
800
2174
2242
2242
1510
1939
1758
1758
1758
1758
1931
1931
1931
1931
1931
1931
77
181
181
735
1249
1249
1249
1576
1576
1707
129
105
105
1718
1718
1718
1718
1718
1718
1718
1718
1718
1718
1718
1718
1718
1718
1718
1718
1718
1718
1718
1718
1718
1718
1718
2309
2309
2309
2309
2309
2309
2309
2309
2309
2309
1277
1277
1277
1277
1277
380
1825
1825
1825
1825
2385
2385
2385
1798
1798
1798
1798
1203
116
116
937
504
504
87
87
87
87
87
87
758
758
758
758
758
865
865
865
371
1819
1819
1819
1819
387
387
387
2264
2264
2264
2264
2264
2264
2459
2459
2459
1300
1300
581
581
581
581
2267
2228
2228
2228
65
65
1914
1914
1239
1686
1686
1686
2254
1988
1056
1056
1056
1056
2199
1545
128
128
1233
1233
130
130
2342
438
438
21
1310
1310
424
424
424
424
424
2460
2460
2460
1179
1712
641
641
641
630
1444
1634
1963
1590
1590
658
719
719
1987
1912
1912
183
183
2297
2297
2297
874
874
874
2471
2471
2471
1515
1515
1515
1515
1515
2230
2230
2310
2310
2310
2310
2310
2310
2310
2310
2310
2310
635
635
1228
1228
1228
1228
1228
1228
1228
1228
1228
1228
1228
1228
1228
1228
1228
1228
1228
1228
1228
1228
1228
1228
1228
1228
1228
1228
1228
1228
173
173
173
173
979
1921
1860
1898
474
1773
1969
1969
736
736
736
2266
2266
2266
2266
2266
2282
2282
2282
2217
2217
2217
1121
1530
1530
1530
1530
1530
2361
2361
2361
97
97
97
97
97
663
2162
2162
2162
2162
2162
1699
1699
1699
2493
2493
2494
1930
793
793
793
793
1247
1216
1374
802
802
802
802
1048
1032
1032
1032
40
40
40
1026
125
623
1878
1878
1878
1522
1911
1911
667
1857
1857
1857
1857
1857
1857
2315
49
49
423
423
1483
1483
1483
881
881
881
995
1253
1253
703
400
400
400
51
51
2278
901
2205
1713
823
823
2065
1683
1683
1683
2373
2373
2373
2373
111
111
891
891
1872
1523
1523
830
1802
1802
1453
1453
1453
1453
1453
1453
1453
1453
1453
1453
1453
1061
1451
754
754
754
2248
661
661
661
142
142
142
733
733
1095
626
153
153
153
2303
2303
1958
1958
2306
1894
1879
1879
1879
923
1281
1281
1281
1281
1281
1481
1481
1481
866
866
1039
1039
1039
1039
677
98
98
33
824
824
621
2209
52
52
362
726
726
726
1041
1041
1041
1673
1673
1673
1941
1180
1180
1180
133
133
133
1011
1276
1863
1863
1863
1863
1045
1045
1852
1852
1852
1852
1218
1218
1218
742
57
57
2381
2381
2381
1705
1705
1705
1797
1797
1797
1797
1797
564
32
1710
1392
1476
1476
791
2311
2350
2350
2350
2350
2350
2350
1302
1302
2299
20
20
20
806
806
1638
1858
1858
1858
2347
2347
2347
2347
2229
2229
2229
825
825
876
876
1888
2378
2378
2378
450
450
1909
1909
1689
1689
1689
1181
1906
1985
1985
1985
81
81
927
1818
1818
1818
1818
1818
2498
1278
1278
1278
1278
1278
109
109
2463
2463
2463
2463
1950
139
79
72
72
72
2081
1885
1885
1885
2287
2287
2287
1244
1244
1244
1244
1244
1244
1720
1720
1720
1720
1720
1720
1720
1720
1720
1720
1720
1720
1720
1720
1720
1720
1720
1720
1720
1720
1720
847
386
90
90
591
2387
2387
1537
2243
1864
715
1184
2212
1518
1518
1518
1518
1518
2339
2339
730
730
730
1917
404
404
404
622
622
622
622
622
622
1560
843
843
75
75
2479
2479
1582
1582
1582
1582
2227
2227
2227
37
37
1904
1904
1904
1904
1904
1580
654
654
2298
814
1815
1815
1815
1815
1815
1815
1815
712
642
642
1874
1607
2256
35
1544
1544
512
512
890
890
1837
1837
2171
2171
1517
1517
1517
1517
1517
1614
883
883
751
751
84
84
809
809
809
2327
2327
2327
2327
2327
2327
2327
2327
2327
801
1839
1839
1839
2145
2145
2145
2145
145
145
1332
82
418
418
418
418
648
648
648
1047
1047
2457
2457
2457
1563
492
720
720
725
725
2296
2296
2296
2296
140
889
889
118
118
792
792
792
792
2051
1513
2300
2300
2300
2300
2300
2300
2300
2300
2300
2300
2300
2371
2371
2371
2371
2371
179
179
155
752
752
803
2157
2157
2157
846
1913
1913
385
68
68
697
1891
1891
1891
2377
2377
94
94
94
94
94
882
882
2259
2259
2259
2259
2259
2161
2161
2161
2161
1972
1972
1979
1565
1478
1478
1478
59
59
2338
2338
2338
2338
2338
2338
2338
2338
1049
1696
1696
1696
1702
1702
1702
107
107
2193
1926
1926
1368
324
518
518
85
2440
2440
95
95
95
95
95
997
997
737
737
1063
421
421
1254
1254
1254
1254
1254
1254
352
578
578
578
578
28
28
894
894
1933
1933
1217
1217
1217
117
1826
1826
1826
1826
1036
1036
1036
698
698
1663
1663
2260
2260
2260
2260
1442
1446
1822
1822
1822
1822
2490
1303
1303
1876
1050
1050
821
821
2344
2344
2344
2344
2249
1044
1044
1044
1450
1990
1990
1990
1990
401
401
401
2241
2241
1981
1981
1981
1642
39
39
2366
1955
1955
1376
2222
2222
2222
1293
1293
150
707
707
2191
287
287
110
110
1925
1925
1213
1601
1601
1601
2143
1873
1873
1873
67
67
120
120
787
815
815
815
1587
1587
1587
1587
78
2153
2153
2153
1334
1336
172
172
172
172
1813
1813
1813
1901
2362
1005
2183
2183
2183
2183
101
101
1575
1575
805
1677
1677
1677
799
708
834
834
76
76
2252
2252
112
112
164
164
2305
2305
2305
1305
1305
2503
1916
1896
1896
1896
1454
1454
44
44
2312
80
80
169
169
462
462
166
166
688
104
104
417
417
417
417
587
587
587
587
587
2304
2168
2168
2168
368
841
510
714
1172
1172
1486
1486
1486
1486
2223
2223
2223
2345
1445
174
174
174
174
174
1662
1995
1995
1995
1995
1995
1995
1995
1995
1995
2470
2470
2470
2224
2224
2224
1952
1952
1952
26
26
160
160
160
160
160
2155
2155
2155
1038
1038
1038
1038
1215
1248
1248
1248
2160
2160
2160
2160
669
669
669
165
165
1574
1574
1606
1606
1606
1606
1169
1794
1794
1684
1684
1684
1790
2376
634
634
422
422
113
113
1700
1700
1700
83
1578
1578
1578
1862
1862
638
1541
1541
1541
1541
1541
577
577
577
577
1685
1685
1685
1307
1307
1307
2237
2237
2237
2237
2237
1529
1529
1529
1529
1905
1905
1905
1905
1905
1905
1986
872
872
1306
1564
1564
748
2372
2372
2372
2372
2372
2372
2372
2372
2372
2372
2372
2073
2455
53
53
1666
1666
1666
1893
1893
1893
1893
1893
1893
2204
1783
42
42
42
1823
1823
1823
1823
1199
2481
711
653
653
653
1697
1697
1697
406
406
406
1804
1804
24
24
1919
419
419
419
419
867
867
2497
2497
2497
2363
2363
2363
2363
2363
1676
1676
1676
71
71
863
1594
1594
829
119
119
975
2261
2261
2261
2261
2261
2293
2293
2293
99
99
839
842
2253
2253
1480
1480
102
102
333
333
1488
1488
1488
468
468
1500
1500
1500
2202
1477
1477
2170
2170
2170
794
794
1475
1475
1475
1475
1475
1475
1475
1475
2146
2146
2146
2146
2146
2146
853
416
416
416
1586
1586
1586
1586
1856
1856
1856
1856
1856
1499
1499
1499
168
168
1644
690
2186
1227
1227
1227
1227
1227
1227
335
335
413
413
413
1723
1723
1924
1924
1886
1886
1886
23
1604
1604
1604
1604
2220
2220
2220
2389
2389
2389
854
854
1400
1929
1929
2221
2221
2221
1895
1134
673
1654
579
579
579
579
579
2231
2231
1717
1717
1717
1717
1717
1717
1717
1717
1717
1717
1717
1717
1717
1717
1717
1717
1717
1717
1717
1717
1717
1717
1717
1052
1052
143
143
89
89
1314
1314
30
30
624
1711
1292
1292
2167
2226
2279
2279
374
1722
718
1062
178
178
1992
1046
1046
1046
1937
1498
1498
1498
1693
1693
1693
154
154
657
1053
1053
56
56
375
1605
64
64
850
850
1851
1211
1493
7
7
2274
1167
1167
684
684
1286
1286
1556
1556
1659
858
1210
1210
395
395
2452
2337
1844
1844
1289
1753
1534
570
1850
2336
2511
569
678
810
1840
679
