2
3
4
5
6
7
8
9
10
11
12
13
14
15
16
17
18
19
20
21
22
23
24
25
26
27
28
29
30
31
32
33
34
35
36
37
38
39
40
41
42
43
44
45
46
47
48
49
50
51
52
53
54
55
56
57
58
59
60
61
62
63
64
65
66
67
68
69
70
71
72
73
74
75
76
77
78
79
80
81
82
83
84
85
86
25
88
89
90
91
92
93
94
95
96
97
98
99
100
101
102
103
104
105
106
107
108
109
110
111
112
113
114
115
116
117
118
119
120
121
122
123
124
125
126
127
128
129
130
131
132
134
135
136
137
138
139
140
141
142
143
144
145
146
147
148
149
150
151
152
153
154
155
156
157
158
159
160
161
162
163
164
165
166
167
168
169
170
171
172
173
174
175
176
177
178
179
180
181
182
183
184
185
186
187
188
189
190
191
192
193
194
195
196
197
198
199
200
201
202
203
204
205
206
207
208
209
210
211
212
213
214
215
216
217
218
219
220
221
222
223
224
225
226
227
228
229
230
231
232
233
234
235
236
237
238
239
240
241
242
243
244
245
246
247
248
249
250
251
252
253
254
255
256
257
258
259
260
261
262
263
264
265
266
267
268
269
270
271
272
273
274
275
276
277
278
279
280
281
282
283
284
285
286
287
288
289
290
291
292
293
294
295
296
297
298
299
300
301
302
303
304
305
306
307
308
309
310
311
312
313
314
315
316
317
318
319
320
321
322
323
324
325
326
327
328
329
330
331
332
333
334
335
336
337
338
339
341
342
343
344
345
346
347
348
349
350
351
352
353
354
355
356
357
358
359
360
361
362
363
364
365
366
367
368
369
370
371
372
373
374
375
376
377
378
379
380
381
382
383
384
385
386
387
388
389
390
391
392
393
394
395
396
397
398
399
400
401
402
403
404
405
406
407
408
409
410
411
412
413
414
415
416
417
418
419
420
421
422
423
424
425
426
286
61
61
403
402
387
389
400
401
350
360
356
27
25
3
100
288
97
150
173
355
286
180
362
355
349
229
247
251
283
228
195
260
230
369
405
129
26
3
100
288
97
150
286
173
173
286
405
286
219
339
74
28
226
81
3
164
387
357
354
353
117
118
361
149
352
350
353
351
220
172
170
173
286
173
286
27
25
3
3
3
173
158
159
157
239
403
402
401
390
388
350
357
346
351
240
161
158
286
100
288
97
150
100
288
97
150
174
172
325
361
399
27
25
3
22
25
157
300
100
288
97
157
156
119
80
3
3
173
73
72
72
3
293
250
236
262
257
72
173
190
3
300
286
341
100
324
129
98
128
100
288
97
150
290
169
259
235
117
118
3
404
3
161
277
22
25
170
286
345
344
356
80
79
79
362
73
219
326
178
293
237
250
291
290
257
241
240
389
404
361
350
355
349
286
190
173
357
293
258
251
283
231
259
260
181
119
351
171
291
260
161
159
173
409
385
386
350
339
172
376
349
395
116
152
403
402
401
398
390
350
358
351
407
350
353
173
119
3
79
171
173
26
3
293
291
260
240
65
66
63
64
96
311
97
98
173
247
27
25
3
403
395
399
359
3
173
300
151
152
3
341
349
385
386
178
293
191
193
171
170
182
183
356
286
173
290
3
287
185
286
179
360
357
393
343
175
173
164
341
96
300
152
293
234
283
262
259
260
241
240
358
61
300
152
325
3
293
233
261
262
259
260
372
62
407
349
173
362
173
404
350
357
173
403
348
250
291
257
173
151
152
352
350
358
355
349
350
300
151
152
219
327
179
234
3
97
98
96
286
177
27
25
3
256
240
293
258
261
262
232
290
259
260
300
151
117
116
115
119
151
277
277
286
72
164
227
341
286
424
424
325
286
424
424
79
293
291
260
167
168
240
25
25
25
25
25
25
25
