1
2
4
5
6
6
6
6
6
6
6
6
6
6
6
6
6
6
6
6
6
6
6
6
6
6
6
6
6
6
6
6
34
34
34
34
6
39
39
25
43
44
44
44
44
44
44
44
44
44
44
44
44
44
44
44
55
1
61
61
61
61
61
61
61
61
61
61
61
61
61
61
61
61
61
61
61
61
81
81
81
81
80
87
88
88
88
88
88
88
88
88
88
88
88
99
99
99
99
99
99
88
106
106
106
106
106
106
112
112
112
112
116
116
116
120
121
122
122
122
122
122
122
122
122
122
122
122
122
122
122
122
122
122
122
122
122
122
122
122
122
122
122
122
122
122
122
122
154
122
156
156
156
156
156
156
156
156
156
156
156
156
156
156
156
156
156
156
156
156
156
156
156
156
156
156
156
156
156
156
156
156
156
156
156
156
156
156
156
156
156
156
156
156
156
156
156
156
156
156
156
156
156
156
156
156
156
156
156
156
156
156
156
156
156
156
156
156
156
156
156
156
156
156
156
156
156
156
156
156
156
156
156
156
156
156
156
156
156
156
156
156
156
156
156
156
156
156
156
156
156
156
156
156
156
156
156
156
156
156
266
266
269
270
271
271
271
271
271
271
271
271
271
271
271
285
286
286
286
286
286
286
286
286
286
286
286
286
286
286
286
286
286
286
286
286
286
286
286
286
286
286
286
286
286
286
286
286
286
286
304
322
323
323
323
323
323
323
323
323
323
323
323
323
323
323
338
338
338
333
340
341
341
341
341
341
341
341
341
341
341
341
341
341
341
341
341
341
341
341
341
341
341
341
341
341
341
341
341
341
341
341
341
341
341
341
341
341
341
341
341
341
341
341
341
341
386
386
370
285
390
390
390
390
390
390
390
390
390
390
390
398
403
404
404
404
404
404
404
404
404
404
404
404
415
415
404
404
404
404
404
404
423
423
423
426
426
426
426
426
404
404
433
433
433
433
433
438
438
404
441
441
441
441
441
441
441
441
441
441
404
404
453
453
453
453
453
453
404
404
461
461
461
404
465
465
465
465
404
470
470
404
404
475
476
413
478
479
479
479
479
479
479
479
479
479
479
479
479
479
479
479
479
479
479
479
479
479
479
479
479
479
479
479
479
479
479
479
479
479
479
479
479
479
479
479
512
520
521
521
521
521
521
521
521
521
521
526
526
533
534
534
534
534
534
534
534
534
534
534
534
534
534
534
534
534
534
534
534
534
534
534
534
534
534
534
534
534
534
534
534
567
533
568
568
568
568
568
568
574
5
576
576
576
576
576
576
576
576
576
576
576
576
576
576
576
576
576
576
576
576
576
576
576
576
576
576
576
576
576
576
576
576
576
576
576
576
576
576
576
576
576
576
576
576
576
621
621
621
43
625
625
625
625
625
625
625
625
625
625
625
625
625
625
625
625
625
625
625
625
625
625
625
625
625
625
625
625
653
653
653
625
657
657
657
657
657
657
657
657
657
657
657
657
657
657
657
657
657
657
657
657
657
657
657
657
682
683
684
684
684
687
687
687
691
43
692
692
692
692
692
692
696
696
702
703
703
703
703
707
709
710
710
710
710
710
710
710
710
710
710
710
710
710
710
710
710
710
710
710
710
710
731
731
710
734
729
729
738
739
739
739
739
739
744
746
747
747
747
747
747
747
747
747
747
747
747
747
747
1
761
761
761
761
761
761
761
761
761
761
761
761
761
761
761
761
761
761
761
761
761
761
761
761
761
761
761
761
761
761
761
761
761
761
761
761
761
761
761
761
761
761
761
761
761
761
761
761
761
761
761
761
761
761
761
761
761
761
761
761
761
761
761
761
761
761
761
761
761
761
761
761
761
761
761
761
761
761
771
841
842
842
842
845
845
845
845
845
845
845
845
845
845
845
845
845
859
860
860
860
860
860
860
866
866
866
866
871
872
873
873
873
876
876
876
880
533
881
881
881
881
881
881
881
881
881
881
881
881
893
893
893
893
893
893
893
893
893
893
893
881
906
906
906
906
683
907
907
907
910
910
910
914
915
916
916
916
916
916
916
916
916
3
533
927
927
927
927
927
927
927
927
927
927
927
927
927
927
574
702
943
943
943
943
943
943
943
943
943
943
943
943
943
943
943
943
943
943
943
943
963
963
963
943
967
967
967
967
967
967
967
967
967
967
967
967
967
961
982
983
983
984
1
987
987
987
987
987
987
993
995
996
996
996
996
996
996
996
1003
1003
1003
1001
1000
999
872
1010
1010
1010
1010
1010
1010
1010
1010
1010
1010
1010
1021
1021
1020
1
1025
1025
1025
1025
1025
1031
1033
1034
1035
1035
1035
1035
1035
1035
1035
1035
1035
1044
1044
1047
982
1048
1048
1048
1048
1048
1048
1048
1048
1048
1048
1048
1048
1062
1063
1064
1064
1064
1064
1064
1064
1064
1064
1064
1064
1064
1064
1064
1064
1064
1064
1064
1064
1064
1064
1064
1064
1064
1064
1064
1064
1064
1064
1064
1064
1064
1064
1064
1064
1064
1064
1064
1064
1064
1064
1064
1064
1064
1064
1064
1064
1064
1064
1064
1064
1064
1064
1064
1064
1064
1064
1064
1064
1064
1064
1064
1064
1064
1064
1064
1064
1064
1064
1064
1064
1064
1064
1064
1064
1064
1064
1064
1064
1064
1064
1064
1064
1064
1064
1148
1148
1148
1148
1148
1148
1148
1148
1148
1148
1064
1159
1159
1159
1159
1064
1164
1164
1164
1164
1164
1164
1170
1064
1172
1172
1172
1172
1172
1172
1172
1172
1172
1172
1172
1172
1172
1172
1172
1172
1172
1172
1172
1172
1172
1172
1172
1172
1172
1172
1172
1172
1172
1172
1172
1204
285
1205
1205
1205
1205
1208
746
1211
1211
1211
1211
1211
1211
1211
1211
1211
24
1222
1223
1223
1223
1223
1223
1223
1223
1223
1223
1223
1223
1223
1223
1223
1223
1223
1223
1223
1223
1223
1223
1223
1223
1223
1223
1223
1223
1223
1223
1223
1223
1223
1223
1223
1223
1223
1223
1260
1260
1223
1263
1263
1253
1247
533
1269
1269
1269
1269
1269
1269
1269
1269
1269
1269
1269
1280
1280
1280
1269
1284
1284
1284
1269
1288
1288
1288
1293
1294
1295
1295
1295
1295
1295
1295
1295
1295
1295
1295
1295
1302
872
1308
1309
5
1311
1311
1311
1311
1311
1311
1311
1311
1311
1311
1311
1311
1311
1311
1311
1311
1311
1311
1311
333
1332
1333
1333
1333
1333
1333
1333
1333
1333
1333
1333
1333
1333
1333
1333
1333
1333
1333
1333
1333
1333
1333
1333
1333
1333
1333
1333
1333
1333
1333
1333
1333
1333
1333
1333
1333
1333
1333
1333
1333
1333
1333
1333
1333
1333
1333
1333
1333
1333
1333
1333
1333
1333
1333
1333
1333
1333
1389
1333
1391
1333
1393
1333
1395
1333
1397
1333
1399
1333
1401
1333
1403
1333
1405
1333
1407
1333
1409
1333
1411
1333
1413
1333
1415
1333
1417
1333
1419
1333
1421
1333
1423
1333
1425
1333
1427
1333
1429
1333
1431
1333
1433
1333
1435
1333
1437
1333
1439
1333
1441
1333
1443
1333
1445
1333
1447
1333
1449
1333
1451
1333
1453
1333
1455
1333
1457
1457
1457
1457
1333
1462
1333
1464
1333
1466
1333
1468
1333
1470
1333
1472
1333
1474
1333
1476
1333
1478
1333
1480
1333
1482
1333
1484
1333
1486
1333
1488
1333
1490
1333
1492
1333
1494
1333
1496
1333
1498
1333
1500
1333
1502
1333
1504
1333
1506
1333
1508
1367
1034
1511
1511
1511
1511
1511
1511
1517
1517
1520
1521
1522
1522
1522
1522
1522
1527
1527
1527
1527
1527
1527
1522
1534
1534
1534
1534
1534
1522
1540
680
1543
1544
1544
1544
1544
1544
1544
1544
1544
1544
1544
1544
1544
1544
1557
1557
1557
1557
1557
1557
1557
1557
1557
1544
1567
1567
1567
1567
1567
1567
1567
1567
1575
1575
1575
1544
1579
1579
1579
1579
1579
1579
1579
1586
1586
1586
1586
1586
1592
1593
1593
1593
1593
1593
1593
1593
1593
1593
1593
1593
1593
1593
1593
1593
1593
1609
1609
1609
1609
1609
1609
1609
1593
1617
1617
1617
1617
1617
1617
1617
1593
1625
1625
1625
1625
1625
1625
1625
1625
1625
1625
1625
1593
1637
1637
1637
1637
1637
1637
1637
1637
1637
1637
1637
1637
1649
1649
1649
1649
1649
1649
1649
1649
1593
1658
1658
1658
1658
1658
1658
1664
1664
1664
1664
1593
1669
1669
1669
1669
1669
1669
1669
1669
1669
1678
1678
1678
1678
1678
1678
1593
1685
1685
1685
1685
1685
1685
1685
1685
1685
1694
1694
1694
1694
1694
1694
680
1702
1703
1703
1703
1703
1703
1708
1708
3
1712
1713
1713
1713
1713
1713
1713
1713
1713
1713
1713
1724
1725
1725
1725
1725
1725
1730
1730
1733
1734
1735
1735
1735
1735
1735
1735
1735
1735
1743
1743
1743
1743
1743
1735
1749
1749
1749
1749
1749
1749
1735
1756
1756
1756
1756
1756
1756
1756
1735
1764
1764
1764
1764
1764
1764
1764
1764
1764
1774
1775
1776
1593
422
404
433
1669
461
432
1511
1511
1064
1567
1678
1164
1586
860
1649
418
1658
460
1035
441
1575
415
1579
1637
1664
420
421
423
452
414
465
1694
453
1544
419
1685
722
722
1020
1203
1344
1344
1344
1344
1344
1344
138
1235
1191
1668
1668
1668
1668
1668
1668
1186
1186
1290
1728
1728
36
1684
1684
1684
1684
1684
1684
305
305
305
333
333
333
333
333
333
333
333
383
314
314
314
1126
1602
518
518
1324
1324
791
791
791
561
561
561
561
972
972
972
972
972
972
23
23
23
23
23
170
371
371
1237
1697
1129
780
780
780
1192
693
1515
1515
1515
509
509
509
509
509
509
133
385
367
367
367
879
879
639
1058
1058
1325
1325
1325
1325
681
1119
1364
1349
1349
147
1379
1677
1677
789
789
789
789
789
789
789
789
892
892
892
892
892
1362
1362
369
503
503
503
503
937
937
937
937
937
1139
406
406
1354
1354
1354
1019
1019
1019
149
1117
1117
1117
1117
1041
1142
785
785
785
1053
365
365
365
365
365
365
365
365
365
365
365
365
365
365
365
1721
1721
512
795
795
795
998
1174
641
223
1115
570
570
1539
1539
1056
1056
127
401
401
502
502
504
504
504
504
504
1346
335
335
335
335
274
1252
1378
1378
1378
1378
1144
1144
1327
1327
1327
1367
1367
1367
1367
1367
1367
1367
1367
977
1372
776
776
776
776
449
1197
939
939
939
939
939
651
1321
1321
1321
557
557
1184
1722
1722
1722
1722
1722
1722
1244
1175
1591
1591
1591
979
1683
790
790
790
790
790
790
790
790
1554
1251
973
765
765
765
145
1606
1654
649
459
459
1578
458
458
1681
619
619
619
619
619
619
619
619
619
299
299
299
299
299
299
758
766
766
766
1043
650
1106
1287
1652
1689
1530
1530
1530
1245
1123
1118
730
730
730
752
752
752
752
1200
1525
621
621
621
621
621
621
621
621
621
621
621
621
1529
1529
1529
562
562
562
562
562
1120
1127
556
556
1132
1286
1574
1574
1574
1574
1574
1116
1116
1387
1387
1387
1001
1001
136
77
506
506
506
506
506
1589
902
902
902
370
370
370
370
1524
146
1739
132
635
1740
1605
1645
505
505
505
505
505
1603
1771
1771
1124
193
1693
1693
1693
1693
1693
1693
1693
1693
1108
1573
1573
399
399
615
615
615
615
615
615
615
615
615
615
615
615
615
615
615
615
615
144
144
148
33
33
33
33
33
33
33
33
769
769
769
1707
1707
1707
1030
1030
1104
408
1754
104
104
104
1134
1134
27
27
27
27
27
27
27
27
27
27
511
511
511
511
511
511
511
640
643
312
312
312
312
1532
1532
1532
317
317
1675
1675
1675
24
382
726
955
980
1122
1060
307
307
307
307
1351
1351
630
1366
1366
1366
21
1138
1138
1138
1138
1138
1138
1138
1138
1138
1138
1138
1138
1138
1138
1138
1138
1138
1138
1138
1138
1138
1138
1138
1138
1138
1138
1138
410
410
410
410
78
78
78
78
78
78
78
78
78
78
380
1109
1729
30
30
30
1000
1000
139
141
143
468
1051
764
764
764
764
764
764
764
764
764
764
764
764
764
764
764
764
1531
1531
1531
1682
300
300
1105
1183
279
279
1016
727
674
674
674
936
936
936
936
936
936
670
670
38
38
110
110
857
142
1644
1212
1212
1189
1168
1168
672
672
672
956
37
37
37
1146
1146
1748
777
777
777
777
777
777
553
553
553
553
553
409
890
890
890
890
890
890
890
890
1382
1382
1382
1382
1382
337
337
337
337
771
771
771
1052
436
436
1772
1772
515
515
515
515
515
1768
1306
1306
1306
1306
1583
309
309
309
309
909
909
1538
1538
1538
644
783
783
783
377
377
377
1608
637
863
863
863
863
863
757
757
757
113
496
496
496
496
496
496
496
496
496
496
496
770
398
628
628
628
628
628
628
628
1343
1343
1343
1343
1343
1343
1343
1590
559
559
559
559
126
126
126
1029
1029
707
707
1171
1171
1680
158
1648
1648
1369
1369
999
999
450
450
716
716
716
716
716
716
716
1723
1723
1769
280
280
974
904
904
904
904
904
904
904
904
904
1305
1305
1305
1305
1646
1766
1766
961
451
451
560
560
560
560
560
768
768
768
1762
1667
249
852
852
852
1158
1330
1330
1330
1353
1353
1353
1353
1329
1329
1329
417
1585
1585
1584
1584
373
373
1050
1050
667
667
667
667
667
667
667
667
667
667
667
667
667
667
667
667
497
497
564
1277
1277
1277
1277
1277
1277
1277
1277
1277
1277
1277
51
51
378
1254
1254
787
787
787
1651
1147
1147
1370
1370
1370
1370
1370
1370
1370
316
316
528
1373
1770
1770
669
669
1328
1328
1328
1282
686
686
150
1674
629
411
647
647
1185
1185
1188
1363
1363
1363
134
571
1690
1690
1692
1692
1747
315
617
632
960
960
1107
851
851
851
696
680
680
680
680
680
680
901
901
901
1699
671
671
1209
1209
1385
1385
1385
772
1181
1181
516
516
516
516
516
516
1365
1365
1121
310
310
310
310
1323
1323
1323
1253
1253
1253
1253
1253
1253
1253
1253
1253
1604
1604
1551
1655
1553
1352
675
675
1202
448
645
464
1653
1661
1194
1194
412
1238
1238
1696
853
853
854
854
854
1566
1566
1566
1767
1767
1767
1326
1326
1326
52
1533
1533
1533
642
1357
1691
1380
1380
1380
1380
1380
1380
1380
1628
1657
1657
1657
1657
1657
1657
1657
1657
1657
366
366
366
366
366
22
22
22
22
22
22
22
1302
1302
1111
638
336
336
336
311
311
311
1647
1647
856
1360
1360
1360
1133
115
115
1199
1320
1320
1320
1700
1700
1700
1700
1700
1700
1700
555
555
555
555
555
555
555
555
555
1607
1607
306
306
306
784
784
784
1059
678
903
903
903
903
1110
1234
1234
1234
993
993
993
993
374
1247
1247
103
558
558
558
558
558
865
1248
573
1140
301
26
26
26
26
26
26
26
26
26
26
26
26
26
407
407
407
1195
1537
1537
1537
372
372
954
954
954
954
954
954
954
1040
1040
756
457
1303
1303
1656
1114
1114
469
751
751
1577
1662
381
131
1358
976
25
25
308
308
308
308
517
517
517
517
517
1176
111
111
111
618
618
618
618
618
618
618
618
618
618
618
618
618
618
618
618
618
618
618
618
618
618
618
618
618
618
618
618
618
618
618
1177
1773
1345
1345
725
725
725
725
673
673
1198
1556
1676
1676
1676
1676
1676
1676
105
31
31
729
729
76
76
76
76
76
76
76
76
76
76
76
76
76
76
76
76
76
1239
646
368
368
368
368
779
779
779
1317
1317
1317
1317
1317
1112
319
1179
1526
1169
1169
1763
788
788
788
1113
1113
79
79
79
79
79
79
79
79
79
79
250
1322
1322
1322
636
1552
1125
1180
957
763
1201
1143
1143
631
513
513
513
513
513
1236
334
334
334
334
1131
425
425
1055
1128
1128
1666
224
1355
1355
1355
471
634
1698
98
98
98
98
98
98
98
98
98
98
190
437
1250
129
1309
1309
1309
1291
303
1383
1350
719
1368
1368
1368
1368
1368
1368
1368
633
137
723
1348
1348
1348
1663
1663
1347
720
720
1738
864
864
721
721
774
774
774
1157
1190
767
767
767
1283
781
781
781
1130
1384
1384
375
375
375
375
375
375
668
668
668
941
962
962
962
962
962
1643
1141
1141
379
1516
1550
759
759
759
1300
1300
28
28
28
28
28
28
28
28
28
28
28
775
775
775
1636
1636
1636
1636
1636
508
508
508
508
508
508
128
1178
1182
1182
1257
1257
1017
1017
140
1135
1135
1588
677
677
1242
724
724
724
724
724
724
724
447
413
413
29
938
938
938
938
938
778
778
778
1376
1376
1376
1376
924
924
924
924
924
924
924
855
855
855
855
959
959
1374
934
934
786
786
786
384
384
384
935
935
935
935
935
935
1042
529
1196
313
313
313
313
313
510
510
975
400
400
400
400
400
400
572
742
1243
514
514
514
514
514
1601
1145
1145
507
507
507
507
507
507
1304
1304
1304
1304
717
717
717
1356
1356
1356
1356
1356
1356
1356
1755
135
958
1136
1359
1359
1193
1193
694
792
792
792
1371
1371
718
718
755
755
755
275
676
676
773
773
773
1381
1381
1381
1582
753
753
1741
63
883
1535
434
74
1642
984
984
984
984
984
984
984
984
984
405
848
1600
446
1274
908
1275
1673
454
1068
424
581
1671
861
1598
16
1528
1514
1067
1074
582
953
714
1070
1233
1512
1036
1276
352
952
1726
586
685
1672
445
1523
1094
663
124
1687
455
1075
736
737
737
477
477
1542
1542
1331
1331
1307
622
622
1310
623
623
623
623
623
623
623
623
623
623
624
389
389
926
926
926
926
926
994
994
994
994
1024
339
339
339
42
905
905
905
905
905
905
981
