2
3
3
6
7
8
9
10
11
12
13
14
15
16
17
18
19
20
21
22
23
24
25
26
27
28
29
30
31
32
33
34
35
36
37
38
39
40
41
42
44
45
46
47
48
49
50
51
52
53
54
55
56
57
58
59
60
61
62
63
64
65
66
67
68
69
70
71
72
73
74
75
76
77
78
79
80
81
82
83
84
85
86
88
89
90
91
92
93
94
95
96
97
98
99
100
101
102
103
104
105
106
107
108
109
110
111
112
113
114
115
116
117
118
119
119
122
123
124
125
126
127
128
129
130
131
132
133
134
135
136
137
138
139
140
141
142
143
144
145
146
147
148
149
150
151
152
153
155
156
157
158
159
160
161
162
163
164
165
166
167
168
169
170
171
172
173
174
175
176
177
178
179
180
181
182
183
184
185
186
187
188
189
190
191
192
193
194
195
196
197
198
199
200
201
202
203
204
205
206
207
208
209
210
211
212
213
214
215
216
217
218
219
220
221
222
223
224
225
226
227
228
229
230
231
232
233
234
235
236
237
238
239
240
241
242
243
244
245
246
247
248
249
250
251
252
253
254
255
256
257
258
259
260
261
262
263
264
265
266
267
268
268
271
272
273
274
275
276
277
278
279
280
281
282
286
287
288
289
290
291
292
293
294
295
296
297
298
299
300
301
302
303
304
305
306
307
308
309
310
311
312
313
314
315
316
317
318
319
320
321
323
324
325
326
327
328
329
330
331
332
333
334
335
336
337
324
325
326
339
341
342
343
344
345
346
347
348
349
350
351
352
353
354
355
356
357
358
359
360
361
362
363
364
365
366
367
368
369
370
371
372
373
374
375
376
377
378
379
380
381
382
383
384
385
386
387
388
389
390
391
392
393
394
395
396
397
398
399
400
401
402
404
405
406
407
408
409
410
411
412
413
414
415
416
417
418
419
420
421
422
423
424
425
426
427
428
429
430
431
432
433
434
435
436
437
438
439
440
441
442
443
444
445
446
447
448
449
450
451
452
453
454
455
456
457
458
459
460
461
462
463
464
465
466
467
468
469
470
471
472
473
474
440
431
477
479
480
481
482
483
484
485
486
487
488
489
490
491
492
493
494
495
496
497
498
499
500
501
502
503
504
505
506
507
508
509
510
511
512
513
514
515
516
517
518
519
521
522
523
524
525
526
527
528
529
530
531
532
534
535
536
537
538
539
540
541
542
543
544
545
546
547
548
549
550
551
552
553
554
555
556
557
558
559
560
561
562
563
564
565
565
568
569
570
571
572
573
574
575
576
577
578
579
580
581
582
583
584
585
586
587
588
589
590
591
592
593
594
595
596
597
598
599
600
601
602
603
604
605
606
607
608
609
610
611
612
613
614
615
616
617
618
619
620
621
622
623
624
625
626
627
628
629
630
631
632
633
634
635
636
637
638
639
640
641
642
643
644
645
646
647
648
649
650
651
652
653
654
655
656
657
658
659
660
661
662
663
664
665
666
667
668
669
670
671
672
673
674
675
676
677
678
679
680
681
656
684
685
686
687
688
689
690
690
692
693
694
695
696
697
698
700
701
703
704
705
706
707
708
710
711
712
713
714
715
716
717
718
719
720
721
722
723
724
725
726
727
728
729
730
731
732
733
734
735
736
737
739
740
741
742
743
744
745
747
748
749
750
751
752
753
754
755
756
757
758
759
760
761
762
763
764
765
766
767
768
769
770
771
772
773
774
775
776
777
778
779
780
781
782
783
784
785
786
787
788
789
790
791
792
793
794
795
796
797
798
799
800
801
802
803
804
805
806
807
808
809
810
811
812
813
814
815
816
817
818
819
820
821
822
823
824
825
826
827
828
829
830
831
832
833
834
835
836
837
838
839
840
842
843
844
845
846
847
848
849
850
851
852
853
854
855
856
857
858
860
861
862
863
864
865
866
867
868
869
870
870
873
874
875
876
877
878
879
876
881
882
883
884
885
886
887
888
889
890
891
892
893
894
895
896
897
898
899
900
901
902
903
904
905
884
885
886
887
907
908
909
910
911
912
913
913
916
917
918
919
920
921
922
923
924
926
927
928
929
930
931
932
933
934
935
936
937
938
939
940
941
942
943
944
945
946
947
948
949
950
951
952
953
954
955
956
957
958
959
960
961
962
963
964
965
966
967
968
969
970
971
972
973
974
975
976
977
978
979
980
981
983
984
985
986
987
988
989
990
991
992
993
994
996
997
998
999
1000
1001
1002
1003
1004
1005
1006
1007
1008
1009
1010
1011
1012
1013
1014
1015
1016
1017
1018
1019
1020
1021
1022
1023
1024
1025
1026
1027
1028
1029
1030
1030
1029
1035
1036
1037
1038
1039
1040
1041
1042
1043
1044
1045
1046
1046
1048
1049
1050
1051
1052
1053
1054
1055
1056
1057
1058
1059
1060
1058
1064
1065
1066
1067
1068
1069
1070
1071
1072
1073
1074
1075
1076
1077
1078
1079
1080
1081
1082
1083
1084
1085
1086
1087
1088
1089
1090
1091
1092
1093
1094
1095
1096
1097
1098
1099
1100
1101
1102
1103
1104
1105
1106
1107
1108
1109
1110
1111
1112
1113
1114
1115
1116
1117
1118
1119
1120
1121
1122
1123
1124
1125
1126
1127
1128
1129
1130
1131
1132
1133
1134
1135
1136
1137
1138
1139
1140
1141
1142
1143
1144
1145
1146
1147
1148
1149
1150
1151
1152
1153
1154
1155
1156
1157
1158
1159
1160
1161
1162
1163
1164
1165
1166
1167
1168
1169
1170
1171
1172
1173
1174
1175
1176
1177
1178
1179
1180
1181
1182
1183
1184
1185
1186
1187
1188
1189
1190
1191
1192
1193
1194
1195
1196
1197
1198
1199
1200
1201
1202
1203
1163
1205
1206
1207
1208
1209
1210
1211
1212
1213
1214
1215
1216
1217
1218
1219
1220
1221
1223
1224
1225
1226
1227
1228
1229
1230
1231
1232
1233
1234
1235
1236
1237
1238
1239
1240
1241
1242
1243
1244
1245
1246
1247
1248
1249
1250
1251
1252
1253
1254
1255
1256
1257
1258
1259
1260
1261
1262
1263
1264
1265
1266
1268
1269
1270
1271
1272
1273
1274
1275
1276
1277
1278
1279
1280
1281
1282
1283
1284
1285
1286
1287
1288
1289
1290
1291
1278
1295
1296
1297
1298
1299
1300
1301
1302
1303
1304
1305
1306
1307
1308
1309
1310
1311
1312
1313
1314
1315
1316
1317
1318
1319
1320
1321
1322
1323
1324
1325
1326
1327
1328
1329
1330
1331
1333
1334
1335
1336
1337
1338
1339
1340
1341
1342
1343
1344
1345
1346
1347
1348
1349
1350
1351
1352
1353
1354
1355
1356
1357
1358
1359
1360
1361
1362
1363
1364
1365
1366
1367
1368
1369
1370
1371
1372
1373
1374
1375
1376
1377
1378
1379
1380
1381
1382
1383
1384
1385
1386
1387
1388
1389
1390
1391
1392
1393
1394
1395
1396
1397
1398
1399
1400
1401
1402
1403
1404
1405
1406
1407
1408
1409
1410
1411
1412
1413
1414
1415
1416
1417
1418
1419
1420
1421
1422
1423
1424
1425
1426
1427
1428
1429
1430
1431
1432
1433
1434
1435
1436
1437
1438
1439
1440
1441
1442
1443
1444
1445
1446
1447
1448
1449
1450
1451
1452
1453
1454
1455
1456
1457
1458
1459
1460
1461
1462
1463
1464
1465
1466
1467
1468
1469
1470
1471
1472
1473
1474
1475
1476
1477
1478
1479
1480
1481
1482
1483
1484
1485
1486
1487
1488
1489
1490
1491
1492
1493
1494
1495
1496
1497
1498
1499
1500
1501
1502
1503
1504
1505
1506
1507
1508
1509
1510
1511
1512
1513
1514
1515
1516
1517
1518
1519
1519
1522
1523
1524
1525
1526
1527
1528
1529
1530
1531
1532
1533
1534
1535
1536
1537
1538
1539
1540
1541
1542
1544
1545
1546
1547
1548
1549
1550
1551
1552
1553
1554
1555
1556
1557
1558
1559
1560
1561
1562
1563
1564
1565
1566
1567
1568
1569
1570
1571
1572
1573
1574
1575
1576
1577
1578
1579
1580
1581
1582
1583
1584
1585
1586
1587
1588
1589
1590
1591
1593
1594
1595
1596
1597
1598
1599
1600
1601
1602
1603
1604
1605
1606
1607
1608
1609
1610
1611
1612
1613
1614
1615
1616
1617
1618
1619
1620
1621
1622
1623
1624
1625
1626
1627
1628
1629
1630
1631
1632
1633
1634
1635
1636
1637
1638
1639
1640
1641
1642
1643
1644
1645
1646
1647
1648
1649
1650
1651
1652
1653
1654
1655
1656
1657
1658
1659
1660
1661
1662
1663
1664
1665
1666
1667
1668
1669
1670
1671
1672
1673
1674
1675
1676
1677
1678
1679
1680
1681
1682
1683
1684
1685
1686
1687
1688
1689
1690
1691
1692
1693
1694
1695
1696
1697
1698
1699
1700
1701
1703
1704
1705
1706
1707
1708
1709
1710
1711
1713
1714
1715
1716
1717
1718
1719
1720
1721
1722
1723
1725
1726
1727
1728
1729
1730
1731
1732
1732
1735
1736
1737
1738
1739
1740
1741
1742
1743
1744
1745
1746
1747
1748
1749
1750
1751
1752
1753
1754
1755
1756
1757
1758
1759
1760
1761
1762
1763
1764
1765
1766
1767
1768
1769
1770
1771
1772
1773
1754
1747
1762
1048
415
1048
414
1593
1048
415
1048
473
1048
1544
1625
1048
1557
1048
1625
415
1593
453
473
414
1557
414
1544
1593
1625
415
415
415
414
1048
1048
1625
1048
1048
415
1593
720
731
1013
1064
1341
1401
1399
1405
1395
1397
125
1227
1172
1660
1659
1597
1598
1658
1658
1187
1172
1289
1726
1730
1064
1671
1672
1670
1598
1669
1669
317
318
298
327
328
330
324
325
331
326
329
386
319
289
298
1089
1597
493
487
1315
1314
1129
1146
1064
553
549
545
544
977
978
970
969
968
971
724
38
16
34
734
130
370
386
1226
1694
1078
1108
1146
1064
1172
695
1514
1512
1517
497
500
501
498
482
493
125
360
348
346
356
877
878
647
1058
1056
718
1319
1315
1314
664
1080
1389
1339
1415
125
1474
1678
1678
1106
1133
1131
1107
1146
1125
1126
1064
571
882
888
883
889
1334
1413
354
497
500
499
493
941
928
929
932
933
1085
405
453
1340
1427
1472
1012
1021
1021
125
1068
1075
1067
1074
1037
1101
1146
1127
1064
1049
368
367
364
362
366
361
363
345
348
355
346
349
354
359
360
1719
1720
493
1146
1126
1064
1001
1064
647
152
1076
574
569
1541
1535
1058
1057
125
391
392
497
493
497
500
499
493
494
1361
330
328
331
329
272
1544
1147
1114
1064
1508
1064
1064
1315
1313
1314
1553
1663
1667
1585
1366
1590
1658
1579
946
1371
1118
1146
1119
1064
444
1172
941
928
929
932
933
627
1319
1315
1314
553
550
1172
1719
1720
1715
1716
1718
1717
1227
1172
1581
1579
1579
969
1678
1106
1133
1131
1107
1146
1125
1126
1064
1549
1544
968
1141
1146
1064
125
1595
1649
627
455
473
1575
454
414
1678
582
602
599
596
597
581
585
600
601
292
294
296
298
293
297
1212
1113
1146
1064
1039
627
1091
1285
1649
1686
1528
1527
1534
1226
1086
1079
711
731
1064
1215
1213
1214
750
1172
1523
620
726
602
599
596
597
591
598
586
600
590
601
1528
1527
1534
565
553
545
547
544
1081
1090
545
544
1096
1285
1570
1568
1569
1571
1572
1075
1067
865
864
860
1002
1003
125
73
497
500
501
499
493
1586
895
899
893
720
355
351
352
1523
125
1743
125
647
1749
1599
1640
497
500
501
499
493
1594
1764
1743
1087
152
1643
1604
1601
1605
1607
1685
1637
1694
1093
1575
1575
698
393
619
719
726
618
580
582
579
587
593
585
586
584
583
589
592
588
581
152
125
125
1104
25
1112
18
17
15
13
1064
1115
1146
1064
1705
1704
1708
1026
1027
1072
410
1753
105
102
101
1137
1069
1143
1115
1136
1113
1183
28
18
1064
1064
1172
497
500
501
499
482
493
494
647
647
317
319
288
298
1528
1527
1534
295
293
1671
1672
1593
34
386
712
948
969
1083
1059
317
693
318
298
1352
860
627
1589
1586
1586
12
1115
1128
1134
1132
1099
1081
1098
1082
1075
1090
1083
1101
1074
1078
1072
1087
1079
1088
1089
1092
1080
1100
1095
1086
1097
1073
1091
458
417
405
414
69
71
64
67
68
70
66
72
75
1064
386
1094
1727
31
32
39
999
1003
125
125
125
466
1050
1132
1142
1114
1141
1108
1122
1106
1115
1129
1113
1105
1146
1110
1119
762
1064
1528
1527
1534
1678
320
296
1098
1172
1713
1713
1011
712
681
652
664
941
940
928
929
932
933
681
657
34
1064
109
108
848
125
1639
1219
1217
1172
1166
1165
681
666
657
949
36
1138
35
1064
1064
1746
1118
1146
1120
1119
1121
1064
552
549
535
550
551
408
882
885
888
883
887
884
886
568
1490
1494
1492
1488
1496
327
330
328
331
1146
762
1064
1049
434
438
1764
1749
497
500
501
482
493
1764
1301
1302
1296
1297
1581
317
693
318
298
908
910
1541
1535
1536
647
1146
1109
1064
370
344
358
1625
647
861
862
860
866
860
1213
1214
750
116
484
486
493
492
489
491
485
487
490
494
488
762
397
641
637
652
640
626
625
625
1344
1337
1431
1417
1429
1393
1403
1586
553
554
545
544
123
124
122
1026
1027
706
704
1165
1164
1669
157
1649
1649
1370
1441
1001
1003
445
461
730
726
729
711
714
713
712
1719
1714
1764
1713
1713
969
895
900
896
894
899
898
897
881
881
1301
1302
1296
1297
1641
1765
1764
962
446
465
553
549
552
545
544
1115
1146
1064
1761
1664
151
847
849
850
1156
1319
1315
1314
864
860
860
1409
1319
1315
1314
416
1586
1586
1553
1582
372
354
1052
1048
670
678
679
681
677
675
669
673
671
676
662
658
659
660
663
661
493
494
553
1287
1283
1279
1278
1291
1270
1273
1272
1280
1284
1288
58
59
386
1263
1260
1131
1146
1064
1637
1070
1064
1372
1457
1439
1447
1445
1443
1437
318
294
529
1506
1764
1756
681
657
1319
1315
1314
1281
685
687
125
1670
627
410
648
627
1187
1172
1172
1129
1147
1455
125
569
1687
1637
1694
1694
1746
318
612
647
953
967
1092
847
849
850
697
674
664
665
666
625
625
900
894
893
1694
681
657
1206
1207
1042
1035
1504
762
1172
1148
497
500
501
499
482
493
1664
1664
1082
317
318
298
287
1319
1315
1314
1228
1226
1230
1227
1231
1229
1232
1263
1260
1598
1609
1545
1649
1548
1391
657
653
1172
443
647
463
1649
1659
1140
1172
410
1226
404
1685
855
848
855
848
846
1547
1546
1548
1769
1765
1735
1315
1313
1314
58
1528
1522
1522
647
1468
1688
1358
1354
1355
1356
1351
1357
1353
1609
1607
1639
1641
1640
1638
1642
1598
1637
1637
367
345
346
360
353
37
23
24
10
9
8
11
1298
1297
1100
653
330
331
329
318
289
298
1642
1593
848
1361
1342
1335
1097
112
116
1172
1319
1315
1314
1686
1687
1638
1598
1685
1637
1685
552
539
536
542
540
541
537
538
543
1600
1617
317
319
298
1123
1146
1064
1059
681
896
898
897
893
1099
1228
1227
1225
992
990
989
991
373
1593
1593
102
553
554
549
545
544
862
1593
569
1065
296
1143
1196
1128
1193
1190
1194
1198
1127
1191
28
1064
1064
1172
458
405
460
1172
1535
1536
1540
368
370
961
949
948
952
950
951
953
1036
1044
1215
456
1301
1299
1649
1075
1159
467
1213
750
1567
1660
386
125
1470
971
1060
1064
317
693
318
298
500
501
482
493
491
1172
114
113
112
1179
1180
617
1175
621
616
610
596
600
606
578
602
598
601
604
582
599
603
605
597
607
585
577
611
595
581
608
609
594
1064
1172
1172
1735
1338
1419
720
711
712
734
681
657
1172
1557
1683
1682
1684
1673
1669
1678
102
19
39
728
715
1143
78
80
77
1134
1189
1146
79
1203
65
63
74
62
66
72
75
1064
1232
647
720
351
352
342
1107
1146
1064
718
1315
1316
1313
1314
1073
298
1172
1523
1166
1165
1761
1146
1125
1064
1074
1148
69
71
64
67
68
70
66
72
75
1064
151
1319
1315
1314
647
1547
1088
1172
950
762
1172
1172
1172
647
497
500
501
482
493
1226
330
328
331
329
1095
424
426
1057
146
1077
1658
152
860
1411
866
474
647
1694
96
92
94
93
90
91
89
95
99
106
266
435
1544
125
873
876
873
1289
298
1498
1407
713
1360
1350
1451
1449
1435
1437
1433
647
125
720
1115
1147
1466
1664
1664
1361
714
731
1756
861
866
720
731
1122
1146
1064
1156
1172
1146
1114
1064
1281
1146
1109
1064
1102
1500
1502
1104
368
370
1117
354
1064
681
665
657
931
976
952
953
967
963
1638
1139
1084
386
1513
1546
1213
1212
750
1296
1299
1104
1060
1051
722
1203
16
1064
1064
1172
731
1064
1146
1119
1064
1599
1596
1597
1595
1598
497
500
501
499
493
483
127
1172
1172
1159
1263
1260
1018
1011
125
1137
1069
1579
681
657
1226
1104
725
1146
711
1064
1064
734
442
406
459
1064
941
928
929
932
933
1106
1146
1064
1482
1478
1476
1486
917
920
922
919
918
921
925
856
847
844
850
952
967
1506
928
929
1146
1127
1064
373
369
358
941
940
928
929
932
933
1038
525
1172
317
319
288
298
294
497
493
970
399
398
401
395
394
391
569
740
1227
497
500
501
482
493
1596
1070
1064
497
500
501
499
482
493
1301
1302
1296
1297
714
713
712
864
860
1421
860
866
1423
1425
1753
125
951
1134
1360
1453
1140
1172
695
1129
1146
1064
1464
1462
710
710
1213
1218
750
273
681
657
1122
1146
1064
1349
1480
1484
1580
1213
750
1764
81
568
1540
438
81
1593
1048
1637
1567
1669
1658
1544
1064
1685
1579
453
846
1617
465
1280
910
1284
1609
414
1148
426
526
1637
866
1609
710
1534
1517
1159
1148
527
967
731
1064
266
1517
1044
1288
710
967
1730
710
687
1658
461
1534
1164
653
122
1637
473
1159
728
728
715
406
459
1528
1522
1315
1316
1298
726
586
873
620
726
602
599
596
597
586
598
600
601
596
720
352
917
920
922
918
925
992
990
989
991
1013
324
325
326
1060
885
888
883
887
884
886
962
