2
3
4
5
6
7
8
9
10
11
12
13
14
15
16
17
18
19
20
21
22
23
24
25
26
27
28
29
30
31
32
33
34
35
36
37
38
39
40
41
42
43
44
45
46
47
48
49
50
51
52
54
55
56
57
58
59
60
61
62
10
51
47
17
7
10
12
49
40
29
11
42
7
38
7
6
42
7
22
19
20
21
33
7
27
31
23
30
17
14
5
11
4
16
12
13
15
10
29
24
39
28
8
9
7
3
10
46
17
3
14
55
50
47
16
10
55
47
29
50
12
13
17
8
3
10
12
7
55
2
54
46
17
