1
2
2
2
2
2
2
2
2
2
2
2
2
2
2
2
2
2
2
2
2
2
2
2
2
2
2
2
27
30
2
32
32
32
32
32
32
32
32
32
32
32
32
32
36
46
36
48
45
50
52
53
53
53
53
53
53
53
53
53
53
53
53
53
53
53
53
53
53
53
53
53
53
53
53
53
53
53
53
53
53
53
53
53
53
53
53
53
91
91
79
93
94
95
95
95
95
95
95
95
95
95
95
95
95
95
95
95
95
95
95
95
95
95
95
95
95
95
95
95
95
95
95
95
114
127
95
129
129
22
133
134
134
134
134
134
134
134
134
134
134
134
134
134
134
149
150
151
151
151
151
151
151
151
151
151
151
151
151
151
22
22
106
123
100
100
51
102
159
159
159
159
148
148
23
45
45
45
45
45
79
79
79
79
79
79
79
79
79
121
34
105
119
145
78
78
142
108
26
87
24
71
71
146
27
143
143
22
22
22
22
128
137
137
73
73
73
73
73
17
17
89
101
101
15
103
103
44
44
86
85
85
85
85
85
85
85
114
18
156
25
31
158
120
84
84
90
112
112
83
83
83
83
83
83
83
14
130
16
141
141
141
144
144
75
39
39
39
39
138
147
147
122
139
40
115
140
140
140
140
125
124
118
12
36
36
36
35
113
160
160
157
11
11
11
117
19
116
13
56
92
92
166
