1
2
2
2
2
2
2
2
2
2
2
2
2
2
2
2
2
2
2
2
2
2
2
2
2
2
2
2
29
29
29
29
29
29
29
29
29
29
29
29
29
29
29
29
29
29
29
29
29
29
29
29
29
29
29
29
29
29
28
61
62
62
62
62
62
62
62
62
62
62
62
62
62
62
62
62
62
62
62
62
62
62
62
62
62
62
62
81
1
91
91
91
91
91
91
91
91
91
91
91
91
91
91
91
91
91
91
91
91
91
112
112
112
112
112
112
112
112
112
112
112
112
112
112
112
112
112
112
112
112
112
112
112
112
112
112
28
56
56
104
104
134
134
43
43
43
43
43
43
43
43
43
43
43
43
43
88
88
88
88
88
107
28
28
28
28
28
59
59
59
59
59
59
59
59
59
59
59
59
59
59
59
59
59
59
59
59
59
59
59
59
59
59
59
59
59
130
130
22
51
51
51
25
25
25
25
87
87
87
87
87
87
27
27
27
71
71
71
71
71
71
131
131
106
106
110
21
21
24
24
24
24
44
44
137
137
46
46
133
133
111
111
111
70
129
129
47
47
54
54
52
52
72
77
127
127
23
23
23
23
23
23
23
23
23
23
23
23
23
23
23
19
19
58
58
58
58
86
138
138
138
138
138
138
138
138
138
138
138
138
138
138
138
138
138
138
138
138
138
138
138
138
83
75
53
53
53
53
53
53
135
135
49
49
109
109
109
109
109
109
109
45
45
79
128
128
136
136
85
55
55
26
26
48
48
57
57
84
108
81
76
125
125
80
80
50
50
42
126
126
82
73
132
132
132
3
90
60
139
