2
3
4
5
6
7
8
9
10
11
12
13
14
15
16
17
18
19
20
21
22
23
24
25
26
27
28
29
30
31
32
33
34
35
36
37
38
39
40
41
42
43
44
45
46
47
48
49
50
51
52
53
54
55
56
57
58
59
60
62
63
64
65
66
67
68
69
70
71
72
73
74
75
76
77
78
79
80
81
82
83
84
85
86
87
88
89
90
91
92
93
94
95
96
97
98
99
100
101
102
103
104
105
106
107
108
109
110
111
112
113
114
115
116
117
118
119
120
121
122
123
124
125
126
127
128
129
130
131
132
133
134
135
136
137
138
139
33
29
91
91
120
112
23
37
39
32
34
41
31
38
35
36
30
2
2
73
65
68
64
67
105
27
5
9
4
2
24
25
32
34
5
35
36
6
8
33
9
14
30
40
12
37
39
41
7
16
11
15
13
31
38
10
4
2
2
124
112
20
58
41
29
27
5
9
4
73
65
66
68
64
67
26
5
9
65
69
66
68
64
67
118
112
91
91
93
2
2
5
9
10
4
40
29
121
112
35
29
119
112
110
92
91
62
123
112
37
29
32
29
53
29
62
64
117
112
12
5
16
7
11
15
13
6
8
9
14
4
10
2
2
2
2
58
31
30
29
64
108
121
92
124
113
95
117
96
94
101
119
118
123
99
115
97
100
116
120
122
98
93
91
91
64
64
32
34
31
30
40
29
116
112
39
29
100
92
101
99
93
91
91
36
29
69
122
112
113
112
64
32
29
5
4
38
29
34
29
64
92
64
64
115
112
64
67
51
29
41
115
112
67
66
133
134
112
2
64
5
110
