1
2
2
2
2
2
2
2
2
2
2
2
2
2
2
2
2
2
2
2
2
2
2
2
2
2
2
26
26
31
32
32
32
32
32
32
32
32
32
32
32
38
44
32
46
32
48
48
48
48
48
48
48
48
48
48
48
60
61
61
61
61
61
61
61
61
61
61
61
61
61
61
61
61
61
61
61
61
61
61
61
61
61
61
61
61
61
61
61
61
61
61
61
61
61
61
61
100
100
100
100
100
100
100
100
100
100
100
100
100
100
48
16
16
16
43
17
17
22
20
20
26
26
26
19
28
28
25
25
25
25
25
25
25
25
25
25
40
74
23
24
24
24
24
57
57
56
64
55
55
55
55
55
55
42
42
94
41
41
18
18
18
58
58
58
58
27
27
15
15
15
45
97
5
38
53
34
4
29
29
30
