1
2
2
2
2
2
2
2
12
13
14
14
14
14
19
20
1
21
21
21
21
26
13
27
27
27
27
27
27
27
27
27
27
27
39
40
16
42
1
43
46
1
47
47
47
47
47
47
54
49
49
47
58
59
60
1
61
61
61
61
61
61
61
61
61
61
61
61
66
13
75
75
75
75
75
75
75
75
75
75
75
75
75
75
75
75
75
75
75
75
95
95
83
98
98
98
102
104
84
106
106
106
75
110
110
8
8
13
115
115
115
115
115
115
115
115
115
115
115
119
127
127
127
127
123
132
132
125
135
135
138
139
13
140
140
140
140
140
140
140
140
140
140
140
140
140
140
146
155
150
1
158
158
158
158
158
164
165
165
165
165
165
165
165
165
165
165
165
165
165
165
165
165
165
165
165
165
165
165
165
165
165
165
191
191
191
191
191
191
191
191
165
92
91
27
61
2
47
23
67
67
137
196
196
142
142
30
30
30
32
32
32
32
81
81
81
81
81
81
131
31
15
160
189
189
189
189
6
6
6
85
85
9
9
9
9
162
29
29
29
29
29
29
7
7
7
187
86
86
86
86
8
8
172
172
172
172
179
179
188
188
188
188
188
198
198
198
198
50
80
80
80
80
80
80
148
148
148
148
148
133
129
180
49
49
49
150
150
150
150
150
149
149
134
18
173
156
156
51
78
78
82
82
82
82
82
82
82
82
82
82
71
71
71
71
71
73
176
22
94
94
199
199
199
109
109
161
93
93
93
93
93
136
195
195
195
5
5
5
5
111
66
66
66
152
152
152
53
44
44
44
154
154
154
154
154
125
143
186
107
107
107
99
99
99
99
108
181
181
181
184
69
69
69
84
84
84
84
84
84
84
84
175
175
175
175
175
197
197
197
128
174
123
72
177
177
177
28
190
190
178
119
145
145
145
126
101
92
92
144
144
144
24
151
151
103
185
185
183
70
70
70
105
146
146
146
146
88
88
87
87
25
25
97
97
97
97
97
91
91
91
79
79
79
182
83
16
89
89
89
147
153
153
68
68
121
116
76
76
169
77
200
40
41
201
202
202
157
113
113
114
114
114
114
114
46
56
56
57
58
59
