2
3
4
5
6
7
8
9
10
11
12
13
14
15
16
17
18
19
20
21
22
23
24
25
26
27
28
29
30
31
32
33
34
35
36
37
38
39
40
41
42
43
44
45
46
47
48
49
50
51
52
53
54
55
56
57
58
59
60
61
62
63
64
65
66
67
68
69
70
71
72
73
74
75
76
77
78
79
80
81
82
83
84
85
86
87
88
89
90
91
92
93
94
95
96
97
98
99
100
101
102
103
104
105
106
107
108
109
110
111
112
113
114
115
116
117
118
119
120
121
122
123
124
125
126
127
128
129
130
131
132
133
134
135
136
137
138
139
140
141
142
143
144
145
146
147
148
149
150
151
152
153
154
155
156
157
158
159
160
161
162
163
164
165
166
167
168
169
170
171
172
173
174
175
176
177
178
179
180
181
182
183
184
185
186
187
188
189
190
191
192
193
194
195
196
197
198
199
200
201
202
203
204
205
206
207
208
209
210
211
212
213
214
215
216
217
218
219
220
221
222
223
224
225
226
227
228
229
230
231
232
233
234
235
236
237
238
239
240
241
242
243
244
245
246
247
248
249
250
251
252
253
254
255
256
257
258
259
260
261
262
263
264
265
266
267
268
269
270
271
272
273
274
275
276
277
278
279
280
281
282
283
284
285
286
287
288
289
290
291
292
293
294
295
296
297
298
299
300
301
302
303
304
305
306
307
308
309
310
311
312
313
314
315
316
317
318
319
320
321
322
323
324
325
326
150
133
40
8
3
272
40
73
82
8
7
3
188
162
161
224
223
206
108
116
243
243
243
235
233
243
300
235
235
211
243
290
242
94
243
72
70
42
5
8
7
80
6
98
135
68
162
161
224
206
119
150
68
40
4
8
82
8
173
135
97
94
96
99
181
20
229
280
20
4
5
3
233
40
74
8
7
234
40
8
317
178
176
158
215
229
104
113
131
133
243
104
97
169
206
98
94
95
93
243
40
70
20
71
41
8
7
40
72
70
71
8
7
3
80
166
243
216
157
152
199
206
183
243
281
135
114
290
301
291
104
97
94
103
131
184
235
210
215
211
212
213
209
160
212
235
211
123
94
227
166
200
152
199
206
214
79
79
97
93
112
104
40
73
82
8
7
72
70
71
5
7
6
135
235
231
243
189
212
91
40
8
93
116
210
40
8
234
231
243
215
70
7
3
20
3
243
206
279
243
242
218
221
217
70
78
86
5
4
7
8
10
9
3
81
88
84
243
243
159
243
208
298
231
305
226
235
242
293
304
282
5
7
3
243
199
199
166
229
20
5
3
243
302
299
231
303
226
300
82
9
3
235
40
70
71
42
41
8
7
243
131
243
230
209
108
234
242
243
218
222
235
5
3
135
231
177
297
242
243
304
229
291
114
132
40
8
89
272
291
301
43
20
5
3
182
281
156
157
243
43
20
5
3
243
43
20
74
7
10
3
81
98
135
40
70
71
42
41
8
7
3
243
206
243
243
294
135
43
20
70
71
5
7
3
293
80
325
193
175
243
133
132
115
135
170
181
159
172
20
4
5
3
243
40
70
78
41
42
7
81
79
135
207
243
98
274
161
224
223
206
235
40
8
135
163
177
273
274
206
171
169
163
157
199
89
295
234
231
297
284
208
219
218
201
115
206
315
315
187
187
88
206
278
278
79
134
68
206
206
79
206
278
91
94
92
226
235
221
82
9
