1
2
2
2
2
2
2
2
2
2
2
2
2
15
16
16
16
16
16
16
16
16
16
16
16
16
16
16
16
16
16
16
16
16
16
16
16
16
16
16
16
16
16
16
16
16
16
16
16
16
16
16
16
16
16
16
16
16
16
16
16
16
16
16
16
16
16
16
16
16
16
16
16
16
16
16
16
16
16
16
16
16
16
16
16
16
16
16
16
16
16
76
95
96
96
96
96
96
96
96
96
96
96
96
96
96
96
96
96
96
96
96
96
96
96
96
96
96
96
96
96
96
96
96
96
96
96
96
96
96
96
96
96
96
96
96
96
96
96
96
96
96
96
96
96
96
96
96
96
96
96
96
96
96
96
96
96
96
96
96
96
96
96
96
96
96
96
96
96
96
96
96
96
96
96
96
96
96
96
96
96
96
96
96
96
96
96
96
96
96
96
96
96
96
96
96
96
96
96
96
96
96
96
96
96
96
96
96
96
96
96
96
96
96
96
150
219
150
221
150
223
76
226
227
227
227
227
227
227
227
227
227
227
227
227
227
227
227
227
242
226
245
245
245
245
245
245
245
245
245
245
245
245
245
245
245
245
245
245
245
245
245
245
245
245
245
245
245
245
245
245
245
245
245
245
245
245
245
245
245
245
245
245
245
245
245
245
245
245
245
245
245
245
245
245
245
245
245
245
245
245
245
245
245
245
245
245
245
245
245
245
245
245
245
245
245
245
245
245
245
245
245
245
245
245
245
245
245
245
245
245
245
245
302
302
302
16
238
238
238
238
66
135
182
182
182
182
152
282
85
85
71
177
177
294
294
294
294
294
294
72
302
302
302
302
302
302
302
257
257
241
241
131
131
131
131
131
131
131
131
191
153
153
67
73
73
184
184
184
184
83
235
235
235
235
299
299
299
299
147
147
296
296
296
296
314
285
196
196
158
158
284
315
185
185
185
185
199
179
179
256
256
256
256
281
334
9
118
118
118
118
118
118
118
183
183
183
183
80
24
61
188
188
188
188
264
264
264
264
264
264
236
236
236
236
236
236
84
195
195
195
163
163
290
290
313
31
31
31
145
180
180
63
237
237
237
333
307
132
132
132
132
132
64
64
64
178
178
178
178
181
181
27
27
60
140
229
229
186
186
186
186
186
172
319
319
319
319
319
319
319
29
120
327
280
44
161
317
317
300
300
300
308
321
194
194
194
212
212
13
332
150
150
150
8
40
40
40
86
267
267
117
335
335
77
39
198
37
215
144
144
144
305
254
190
190
190
190
68
271
273
255
323
323
323
323
323
323
323
323
323
47
78
137
311
311
311
311
74
312
312
239
326
93
157
157
292
292
142
208
337
337
36
242
242
242
242
242
242
266
266
310
310
310
310
310
310
310
22
134
134
134
134
164
43
262
262
262
126
126
126
126
126
126
126
279
279
279
279
279
263
263
263
202
12
12
12
287
287
309
79
38
38
124
124
124
124
124
124
124
175
175
175
283
283
204
277
76
76
76
76
76
76
76
76
275
275
275
275
275
275
275
275
165
165
159
10
10
10
10
304
274
217
210
210
210
210
210
210
328
316
316
189
189
189
189
21
21
21
59
26
129
133
133
133
133
133
133
138
148
154
42
42
42
206
90
233
233
233
233
233
233
233
233
233
34
34
298
298
298
298
298
298
298
298
65
65
265
265
127
331
213
213
213
213
41
41
41
301
301
301
325
293
293
293
329
329
207
230
230
230
230
230
11
82
214
125
125
125
125
125
121
121
121
121
121
209
209
209
209
209
209
209
209
209
209
209
209
205
205
197
197
45
155
303
303
303
303
130
130
130
130
130
193
193
193
139
330
330
272
14
14
14
14
166
166
166
171
171
192
216
289
81
176
122
122
122
122
122
122
122
35
35
156
322
123
123
123
123
123
318
318
32
23
23
295
295
295
295
320
162
336
336
336
149
231
231
231
231
286
28
28
28
87
141
278
143
232
232
232
232
232
232
25
25
187
187
187
187
187
291
146
146
146
146
146
146
146
146
146
119
119
119
119
119
119
119
119
119
119
119
268
268
306
33
33
258
258
258
258
258
258
258
258
258
258
258
234
234
234
234
234
234
234
234
234
201
30
151
151
151
62
240
240
288
288
288
160
276
276
276
276
324
218
297
297
297
297
297
128
136
19
247
7
7
225
338
338
338
338
244
244
244
244
339
339
339
339
340
340
340
340
