2
3
4
5
6
7
8
9
10
11
12
13
14
15
16
17
18
19
20
21
22
23
24
25
26
27
28
29
30
31
32
33
34
35
36
37
38
39
40
41
42
43
44
45
46
47
48
49
50
51
52
53
54
55
56
57
58
59
60
61
62
63
64
65
66
67
68
69
70
71
72
73
74
75
76
77
78
79
80
81
82
83
84
85
86
87
88
89
90
91
92
93
94
95
97
98
99
100
101
102
103
104
105
106
107
108
109
110
111
112
113
114
115
116
117
118
119
120
121
122
123
124
125
126
127
128
129
130
131
132
133
134
135
136
137
138
139
140
141
142
143
144
145
146
147
148
149
150
151
152
153
154
155
156
157
158
159
160
161
162
163
164
165
166
167
168
169
170
171
172
173
174
175
176
177
178
179
180
181
182
183
184
185
186
187
188
189
190
191
193
110
150
151
163
183
200
201
202
203
204
205
206
207
208
209
210
211
212
213
214
215
216
217
218
219
220
221
222
223
224
225
226
227
228
229
230
231
232
233
234
235
236
237
238
239
240
241
242
243
244
245
246
247
248
249
250
251
252
253
254
255
256
257
258
259
260
261
262
263
264
265
266
267
268
269
270
271
272
273
274
275
276
277
278
279
280
281
282
283
284
285
286
287
288
289
290
291
292
293
294
295
296
298
299
300
301
302
303
304
305
306
307
308
309
310
311
312
313
314
315
316
317
318
319
320
321
322
323
324
325
326
327
328
329
330
331
332
333
334
335
336
337
338
339
340
341
342
343
344
345
346
347
348
349
350
351
352
353
354
355
356
357
358
359
360
361
362
363
364
365
366
367
368
369
370
371
372
373
374
375
376
377
378
379
380
381
382
383
384
385
386
387
388
389
390
391
392
393
394
395
396
397
398
399
400
401
402
403
404
405
406
407
408
409
410
411
412
413
414
415
416
417
418
419
420
421
422
423
424
425
426
427
428
429
430
431
432
433
434
435
371
390
407
411
418
419
423
73
111
271
4
13
15
208
204
204
380
374
375
114
14
208
204
208
204
184
10
97
111
2
10
9
19
204
352
353
305
349
380
375
369
73
380
372
127
156
105
208
204
365
369
214
212
35
34
242
72
77
65
372
366
266
10
10
368
366
15
399
366
367
215
10
11
9
10
365
370
254
31
50
49
32
255
10
3
16
4
13
15
18
9
208
204
10
4
406
366
76
111
115
54
10
204
320
325
314
350
73
111
111
2
371
393
366
375
73
111
208
204
204
208
204
307
322
407
366
204
2
366
375
104
204
53
401
51
372
366
365
371
350
15
81
111
53
175
51
110
104
111
103
105
117
301
358
356
116
110
204
73
380
372
208
204
208
204
211
10
13
204
204
103
106
76
111
10
7
9
208
204
54
9
208
204
41
156
111
204
371
73
111
174
104
103
113
301
302
313
303
306
312
73
380
372
8
137
138
136
102
119
118
99
98
105
101
112
104
103
114
116
100
221
220
203
204
2
374
374
104
425
133
10
97
364
314
40
366
417
366
204
219
352
354
327
305
300
307
308
299
310
309
349
149
242
72
77
65
104
111
366
375
117
104
311
41
68
231
13
69
168
169
111
105
204
22
208
204
23
73
111
208
204
104
208
204
73
380
372
204
156
105
204
208
204
38
104
111
105
104
222
223
208
204
366
375
105
48
10
4
11
369
15
117
204
73
111
354
300
305
299
304
349
159
161
164
10
4
97
110
208
204
320
325
314
187
10
97
202
204
208
204
322
47
237
46
4
25
13
18
352
354
355
305
300
302
301
299
304
349
105
18
116
115
320
354
305
311
313
303
306
349
204
18
208
204
108
113
19
5
114
380
374
273
204
105
269
72
255
169
111
208
204
73
380
372
208
204
24
73
111
390
410
116
76
111
213
207
202
205
223
204
350
105
4
9
204
73
380
372
104
105
115
222
221
65
202
2
208
204
204
352
326
354
327
305
349
208
204
408
410
213
13
7
23
24
20
21
6
12
22
4
14
19
5
200
41
111
105
204
208
206
204
205
298
2
173
81
169
104
111
107
105
114
116
117
354
300
305
299
304
349
208
204
208
204
390
21
204
247
408
373
208
204
227
311
312
374
204
204
380
374
42
3
16
4
18
12
104
109
165
113
105
73
380
372
322
322
137
140
142
143
141
298
375
104
103
113
366
13
200
137
73
380
372
301
311
303
312
350
41
10
9
18
208
204
238
4
13
7
18
43
44
4
17
380
391
366
373
208
204
204
367
204
366
55
3
4
17
373
73
111
45
204
33
404
421
52
420
375
371
368
374
372
366
365
373
370
375
208
204
105
113
28
15
208
204
9
103
108
208
204
104
110
208
204
73
380
372
154
153
33
155
152
178
52
60
38
109
105
112
106
117
110
104
103
111
116
114
15
7
38
104
111
105
185
104
117
227
204
379
366
11
204
395
393
380
391
394
366
373
369
371
208
204
314
225
226
320
325
314
136
105
116
208
204
208
204
108
307
117
208
204
208
204
204
104
204
350
108
208
204
375
73
380
372
116
349
317
2
200
2
4
