1
2
2
2
2
2
2
2
2
2
2
2
2
2
2
2
2
2
2
2
2
2
2
2
2
2
2
2
2
2
2
2
2
2
2
2
2
2
2
2
2
2
2
2
2
2
47
47
2
1
51
51
51
51
51
51
51
51
51
51
51
51
51
51
51
51
51
51
51
51
51
63
73
66
75
66
77
77
77
81
66
83
66
85
87
67
89
68
91
69
93
69
95
95
69
98
70
100
70
102
51
104
104
104
104
104
104
104
104
104
104
104
104
104
80
80
120
121
121
121
121
121
121
121
121
121
121
121
121
121
121
121
121
121
121
121
121
121
121
121
121
121
121
121
121
121
121
121
121
121
121
121
121
121
121
121
121
121
121
121
121
121
121
168
169
169
169
169
169
169
169
169
169
169
169
174
182
1
183
183
183
183
183
183
183
183
183
183
183
194
194
194
194
194
194
189
201
193
203
205
183
207
207
183
210
210
210
183
214
214
214
183
218
218
218
183
222
222
222
183
226
226
226
183
230
230
230
183
234
234
234
234
213
240
241
241
241
241
241
241
241
241
241
241
241
241
241
241
241
241
241
241
241
241
241
241
263
263
263
263
263
263
263
263
263
263
276
277
277
277
277
277
277
277
277
277
277
277
277
277
277
277
277
277
277
277
277
277
277
277
277
277
277
277
277
277
277
277
277
277
277
277
277
277
277
277
277
277
277
277
299
321
277
323
323
323
323
323
323
323
323
277
277
277
335
336
336
336
336
336
336
336
336
336
336
336
336
336
336
336
336
336
336
336
336
336
336
336
336
336
336
336
336
336
336
336
336
336
336
336
336
336
336
336
336
336
336
336
336
336
336
336
336
336
336
336
336
336
336
336
336
336
336
366
395
389
397
336
399
399
336
402
336
404
404
404
404
335
409
409
409
409
409
409
409
409
409
409
409
409
409
409
409
409
409
409
409
409
409
409
409
409
409
409
409
409
409
409
409
409
409
409
409
409
409
409
409
409
409
409
409
409
409
409
409
409
409
409
409
409
409
409
409
409
409
409
409
409
409
409
409
409
409
409
409
409
426
478
432
480
480
441
483
447
485
485
485
448
489
489
489
449
493
493
493
450
497
497
497
460
501
409
503
503
503
503
503
263
322
306
306
306
115
432
443
443
443
443
443
443
443
443
443
443
116
116
116
116
301
271
502
502
502
502
502
502
476
476
476
476
476
476
476
476
316
161
67
67
67
67
67
67
67
300
358
358
358
358
358
358
358
358
358
358
358
358
358
358
358
358
358
358
358
358
381
391
431
436
313
313
408
408
408
155
156
156
166
433
433
449
449
449
449
449
449
449
449
449
74
273
463
463
463
463
463
463
176
435
112
112
112
112
112
112
112
112
379
446
446
446
446
446
446
446
446
471
471
471
471
471
471
363
363
363
452
452
452
452
452
452
452
147
468
468
468
468
468
468
468
468
492
135
135
135
135
135
135
506
506
385
378
378
378
378
71
457
457
457
457
457
457
457
136
136
136
136
136
136
136
35
444
444
444
444
444
444
444
445
445
445
445
445
445
445
445
445
445
445
445
445
372
372
372
372
372
291
291
291
291
291
291
291
291
291
291
291
312
312
367
367
303
303
303
103
103
103
459
459
459
459
459
459
459
459
459
459
146
146
146
146
365
365
365
365
327
327
193
193
193
193
193
460
460
460
460
451
451
451
451
451
451
451
41
43
465
465
465
465
465
465
465
438
438
305
305
305
37
262
262
262
319
86
86
86
86
42
117
117
304
304
448
448
448
448
448
448
448
448
448
458
458
458
458
458
458
458
40
490
174
174
174
174
174
99
148
456
456
456
456
456
456
38
477
477
477
477
477
477
477
477
33
33
434
434
450
450
450
450
450
450
450
450
450
428
467
467
467
467
467
467
467
439
439
439
439
439
473
299
299
299
299
330
45
377
377
377
39
292
292
294
331
331
454
454
454
454
454
454
454
261
384
384
384
158
364
364
364
364
373
373
373
373
373
171
171
362
362
362
362
165
165
165
165
461
461
461
461
461
461
461
461
164
164
164
164
70
70
70
70
70
70
70
70
370
370
236
491
491
491
48
163
441
441
441
441
361
361
64
64
64
64
64
64
64
64
64
64
64
64
46
311
138
268
268
464
464
464
464
464
464
464
82
470
470
470
470
470
470
470
470
470
470
382
382
440
440
440
149
149
149
272
32
32
32
32
32
32
32
32
32
32
32
32
32
32
32
32
32
32
32
32
32
32
32
32
32
143
143
143
143
143
143
390
172
159
153
270
442
442
442
442
442
442
442
442
442
442
442
442
442
192
192
68
68
68
68
68
68
68
68
309
466
466
466
466
466
466
466
466
154
90
90
90
90
380
380
380
145
145
145
145
145
145
145
462
462
462
462
462
462
462
462
462
160
297
371
407
407
407
66
66
66
66
66
66
66
66
66
66
66
260
260
260
260
260
260
260
260
260
260
144
144
144
144
144
144
144
144
144
144
144
374
307
307
307
307
369
369
360
396
296
296
296
320
298
237
469
469
469
469
469
469
469
469
469
191
191
191
191
191
191
295
295
376
376
376
376
376
376
376
376
376
376
376
376
44
173
173
314
475
475
475
475
475
475
455
455
455
455
455
455
447
447
447
447
447
447
447
447
447
447
114
114
259
259
259
259
259
259
259
259
259
259
259
259
259
259
259
259
259
308
308
308
308
308
437
499
499
499
499
426
426
426
426
426
426
426
426
426
426
426
426
426
426
426
426
383
383
368
368
368
368
359
359
359
359
359
359
359
359
389
389
474
474
474
34
293
293
293
293
80
80
80
80
80
80
387
92
92
92
453
453
453
453
453
453
453
189
189
189
189
189
189
189
189
189
189
189
189
189
189
189
189
189
189
238
238
162
233
72
427
427
427
427
427
427
427
65
157
157
328
328
36
366
366
69
69
69
69
69
69
69
318
318
318
375
302
302
393
248
111
419
57
418
186
337
284
338
50
118
118
239
239
167
167
167
181
181
182
119
