1
2
2
2
2
2
2
2
2
2
2
2
2
2
2
2
2
2
9
20
14
22
22
22
14
26
12
1
30
30
30
30
30
30
37
36
39
40
40
45
39
46
46
46
46
46
46
46
46
46
46
56
56
56
56
56
39
62
62
62
62
62
62
62
68
39
71
71
71
71
71
71
71
71
71
71
71
71
71
71
71
71
71
71
71
71
71
71
71
71
71
71
71
71
71
71
71
71
71
71
71
71
71
108
108
108
108
108
114
115
68
68
39
118
120
40
30
2
97
119
107
106
106
36
36
36
36
36
36
10
98
98
52
94
94
94
94
94
94
94
94
94
94
94
94
94
94
94
94
94
94
94
42
42
101
101
101
101
101
101
101
101
101
101
101
101
105
96
112
112
112
66
66
111
111
18
18
18
15
15
15
15
15
15
15
67
67
67
67
67
67
67
67
113
113
93
93
93
93
93
93
93
24
11
12
12
12
12
12
12
19
68
68
68
9
9
9
9
13
13
13
13
13
13
13
17
17
17
100
16
16
16
16
16
16
16
16
16
95
59
59
59
59
102
35
35
35
35
69
69
14
14
75
3
74
73
65
85
72
63
84
64
38
38
38
38
70
70
70
115
116
117
117
117
29
29
29
