2
3
4
5
6
7
8
9
10
11
12
13
14
15
16
17
18
19
20
21
22
23
24
25
26
27
29
30
31
32
33
34
35
36
36
38
40
41
42
42
46
47
48
49
50
51
52
53
54
55
56
57
58
59
60
61
62
63
64
65
66
67
68
69
70
71
72
73
74
75
76
77
78
79
80
81
82
83
84
85
86
87
88
89
90
91
92
93
94
95
96
97
98
99
100
101
102
103
104
105
106
107
108
109
110
111
112
113
86
94
116
117
118
119
119
118
118
46
77
46
74
107
92
31
34
33
32
46
2
5
91
72
56
97
119
95
78
79
81
90
85
91
84
83
88
86
89
80
47
92
87
82
41
46
103
48
104
102
49
106
88
91
85
72
92
108
88
74
107
110
109
64
118
110
109
60
11
10
61
60
11
10
8
7
28
95
54
112
65
76
109
63
108
110
109
78
84
83
79
81
80
118
4
4
60
11
10
8
7
28
6
119
65
64
8
5
7
28
60
11
10
3
8
7
28
60
11
10
89
11
10
58
57
8
7
56
56
28
73
61
60
58
57
82
31
34
33
32
55
65
10
28
47
2
47
47
46
46
71
62
118
118
34
33
32
2
119
65
64
86
97
119
84
85
8
7
28
