1
2
3
5
6
6
6
6
6
6
6
6
6
6
14
13
5
19
19
19
19
19
24
23
1
27
1
29
29
29
31
33
1
35
3
5
38
38
38
38
38
38
38
38
38
38
38
38
38
51
1
53
55
56
56
56
34
34
5
62
62
62
62
62
62
62
62
62
62
62
1
74
74
77
1
78
3
1
81
81
81
81
81
81
81
81
84
84
5
92
92
92
92
92
92
92
92
92
92
92
5
104
104
104
104
104
104
104
104
104
104
104
104
104
104
104
104
104
104
104
104
104
104
104
104
129
130
5
131
131
131
131
134
5
137
137
137
137
134
5
143
143
143
143
143
148
1
150
3
1
153
1
155
3
5
158
158
158
158
158
158
158
158
158
158
158
158
158
158
158
158
158
158
158
158
158
158
158
158
158
158
158
158
158
158
158
158
158
158
158
158
195
196
27
29
74
153
53
158
147
147
147
147
147
106
112
88
88
169
169
16
45
151
151
128
185
185
65
191
187
187
96
176
72
72
48
48
23
127
15
15
95
124
186
51
51
110
122
175
175
183
183
188
64
182
132
138
50
50
50
50
120
190
70
11
11
10
170
12
12
148
148
148
148
87
156
156
79
79
118
184
194
194
194
125
86
86
108
94
49
49
66
47
47
47
46
46
71
102
102
179
179
126
100
178
44
44
103
103
171
116
84
84
84
84
84
84
177
177
85
85
14
14
173
173
114
57
189
189
9
3
3
192
192
174
22
22
22
73
73
180
24
101
36
36
172
172
13
13
193
181
181
83
83
83
37
37
90
91
4
4
80
80
25
157
157
26
152
152
