2
3
4
6
7
8
9
10
11
12
13
14
15
16
17
18
19
20
21
22
23
24
25
26
27
28
29
30
31
32
33
34
35
36
37
38
39
40
41
42
43
44
45
46
47
48
49
50
51
52
53
54
56
57
58
59
60
61
62
63
64
65
66
67
68
69
70
71
72
73
74
75
76
75
78
79
80
81
82
83
84
85
86
87
88
89
90
91
92
93
94
95
96
97
98
99
100
101
102
103
104
105
106
107
108
109
110
111
112
113
114
115
116
117
118
119
120
121
122
123
124
125
126
127
128
110
112
131
132
133
134
135
136
137
138
139
140
141
142
143
144
145
146
147
148
149
150
151
152
153
154
155
156
157
158
159
160
161
162
163
164
165
166
167
168
169
170
171
172
173
174
175
176
177
178
179
180
181
182
183
184
185
186
187
188
189
190
191
192
193
194
187
185
81
81
81
81
81
104
144
145
146
19
131
104
104
85
89
160
159
8
43
154
153
104
164
104
63
104
163
104
93
168
66
62
40
43
92
104
7
8
93
104
163
43
131
104
104
161
104
165
104
162
62
165
131
137
42
41
43
137
104
104
63
7
8
8
159
7
8
145
146
19
131
88
54
53
28
27
104
164
160
159
104
104
83
81
104
92
39
43
63
40
43
131
39
43
63
96
92
167
104
104
93
167
43
131
96
92
160
104
89
81
27
29
153
81
168
104
83
81
7
8
160
104
104
92
162
104
8
76
74
160
159
161
23
24
104
66
62
166
62
93
32
29
159
104
7
8
104
166
104
81
84
81
32
29
153
27
76
74
28
27
62
54
53
92
154
153
