2
3
4
5
6
7
8
9
10
11
12
13
14
15
16
17
18
19
20
21
22
23
24
25
26
27
28
29
30
31
32
33
34
35
36
37
38
39
40
41
42
43
44
45
46
47
48
49
50
51
52
53
54
55
56
57
58
59
60
61
62
63
64
65
66
67
68
69
70
71
72
73
74
75
76
77
78
79
80
81
82
83
84
85
86
87
88
89
90
91
92
93
94
95
96
97
98
99
100
101
102
103
104
105
106
107
108
109
110
111
112
113
114
115
116
117
118
119
120
121
123
124
125
126
127
128
129
130
131
132
133
134
135
136
137
138
139
140
141
142
143
144
145
146
147
148
149
150
151
152
153
154
155
156
157
158
159
160
161
162
163
164
165
166
167
168
169
170
171
172
173
174
175
176
177
178
179
180
181
182
183
184
185
186
187
188
189
190
191
192
193
194
195
196
197
198
199
200
201
202
203
204
205
206
207
208
209
210
211
212
213
214
215
216
217
218
219
220
221
222
223
224
225
226
227
228
229
230
231
232
233
234
235
236
237
238
239
240
241
242
243
244
245
246
247
248
249
250
251
252
253
254
255
256
257
258
259
260
261
262
263
264
265
266
267
268
269
270
271
272
273
274
275
276
277
278
279
280
281
282
283
284
286
287
288
289
290
291
292
293
294
295
296
297
298
299
300
302
303
304
305
306
307
308
309
311
312
313
314
315
316
317
318
319
320
321
322
323
324
325
326
327
328
329
330
331
332
333
334
335
336
337
338
339
340
341
342
343
344
345
346
347
348
349
350
351
352
353
354
170
129
159
60
313
231
203
86
48
313
78
60
312
313
148
125
154
34
306
60
313
62
21
66
312
313
131
77
150
64
313
33
161
134
78
312
313
30
313
2
74
45
29
10
34
38
14
23
39
35
33
37
12
16
30
22
63
312
313
75
87
64
78
203
60
66
48
72
312
313
177
148
184
186
6
4
19
30
64
78
66
312
313
155
38
78
313
13
18
19
77
45
29
33
35
16
34
14
30
22
23
129
63
312
313
172
153
153
158
144
141
11
167
164
136
127
43
26
133
157
96
161
60
313
81
313
137
16
141
160
15
171
87
64
78
203
60
66
48
312
313
143
78
77
99
312
313
156
60
313
138
156
352
36
93
72
312
313
154
65
64
60
313
44
146
125
163
128
138
147
60
312
313
68
313
306
302
302
151
267
213
49
265
98
211
48
239
241
29
10
19
17
24
18
7
25
26
15
11
8
9
46
27
45
3
36
14
6
20
12
16
30
13
22
28
123
133
126
147
50
48
67
58
57
60
180
53
85
239
241
313
162
137
145
25
32
174
217
237
229
223
219
253
269
221
52
10
19
41
34
17
7
25
26
9
42
27
3
36
38
40
14
23
43
6
39
12
33
35
37
30
22
38
149
60
312
313
78
60
312
313
41
34
38
40
32
39
37
35
15
31
311
166
63
64
313
166
164
139
99
313
353
152
177
46
150
175
155
162
126
157
213
6
7
172
163
34
176
320
326
336
337
325
340
335
348
319
328
338
339
327
321
347
317
331
322
350
330
323
345
354
341
334
324
329
346
349
343
344
342
332
333
318
351
33
174
58
57
25
26
5
170
31
72
312
313
143
78
203
60
66
48
313
33
135
64
66
313
3
31
160
158
9
135
132
75
231
203
211
6
22
7
165
171
44
144
149
159
60
313
36
151
215
6
9
43
3
33
165
56
25
140
145
81
313
176
130
35
6
123
131
173
78
203
60
48
313
139
10
140
173
127
66
313
169
132
128
130
168
136
22
175
24
168
29
142
12
152
75
191
231
78
203
80
211
48
205
6
29
33
24
22
42
167
3
32
306
353
203
60
48
313
134
72
312
313
146
142
169
78
211
77
48
312
313
56
26
2
190
302
308
123
35
38
34
38
