1
2
2
2
2
2
2
2
2
2
2
2
2
2
2
2
2
2
2
2
2
2
2
2
2
2
2
2
2
31
32
32
32
32
32
32
32
32
32
32
32
32
32
32
32
32
32
32
32
32
32
32
32
32
32
32
32
32
32
32
32
32
32
32
32
32
32
32
32
32
32
32
32
32
32
32
32
32
32
32
32
32
32
32
32
32
32
32
32
32
32
32
32
32
32
32
32
32
32
32
32
32
32
32
32
32
32
32
32
32
32
32
32
32
32
32
32
32
32
32
32
32
32
32
32
32
32
32
32
32
32
32
32
32
32
32
32
32
32
32
32
32
32
32
32
32
32
32
32
32
32
32
32
32
32
32
32
32
32
32
32
32
32
32
32
32
32
32
32
32
32
32
32
32
32
32
32
32
32
32
32
32
32
32
32
32
32
32
32
32
32
32
32
32
32
32
32
32
32
32
32
32
32
32
32
32
32
32
32
32
32
32
32
32
32
32
32
32
32
32
32
32
32
32
32
32
32
32
32
32
32
32
32
32
35
238
40
60
61
186
186
181
187
187
188
189
190
191
181
197
186
197
31
255
255
255
255
255
255
255
255
255
255
255
255
255
255
255
255
255
255
255
255
255
255
255
255
255
255
255
255
255
255
285
255
287
255
289
291
31
292
292
292
292
292
292
292
292
292
292
292
292
292
292
292
292
292
292
292
292
292
292
292
292
292
292
292
292
292
292
292
292
292
325
292
327
292
329
292
331
292
333
335
269
338
31
339
339
339
339
339
339
339
339
339
339
339
339
339
339
339
339
339
339
339
339
339
339
339
339
339
339
339
339
339
339
339
339
339
339
339
339
339
339
339
339
339
339
339
339
339
339
339
339
339
339
339
339
339
339
339
339
339
396
339
398
339
400
339
402
339
404
339
406
339
408
339
410
339
412
339
414
339
416
339
418
339
420
339
422
339
424
339
426
339
428
339
430
339
432
339
434
339
436
339
438
339
440
339
442
339
444
339
446
339
448
339
450
339
452
339
454
339
456
339
458
339
460
339
462
339
464
339
466
339
468
468
468
468
339
473
339
475
339
477
339
479
339
481
339
483
339
485
339
487
339
489
339
491
339
493
339
495
339
497
339
499
339
501
339
503
339
505
339
507
339
509
339
511
339
513
339
515
339
517
339
519
339
521
339
523
339
525
1
527
527
527
527
527
527
527
527
527
527
527
527
527
527
527
527
541
541
541
541
541
541
541
541
541
553
541
113
113
113
348
348
348
348
348
348
48
48
361
361
355
166
166
144
144
76
76
88
88
180
180
180
148
148
200
200
126
126
42
42
63
63
47
47
55
55
375
375
375
375
375
375
375
284
284
284
284
207
207
378
230
230
75
75
178
178
128
128
134
134
228
228
174
174
190
368
132
132
222
222
127
127
160
160
52
52
188
188
112
112
143
143
87
87
198
198
198
369
164
133
133
351
351
385
392
118
146
146
165
165
100
100
140
140
366
366
205
205
209
209
356
356
356
356
154
154
175
175
92
92
168
168
46
354
191
56
56
56
167
167
124
61
93
93
93
383
136
136
377
53
53
53
137
283
362
362
223
223
120
120
150
150
213
213
318
318
324
359
316
316
386
386
386
386
386
386
386
386
189
173
173
271
271
201
201
201
37
183
183
364
364
232
232
83
105
105
65
65
269
269
269
269
269
269
269
269
269
269
269
269
269
269
269
269
269
269
269
269
269
269
269
269
269
149
149
224
224
99
99
114
114
114
54
54
220
220
59
59
221
221
157
227
227
374
374
104
104
73
73
231
231
216
216
215
215
229
229
123
74
74
275
275
145
145
145
236
273
312
312
94
94
94
323
311
311
384
384
72
72
103
103
68
68
151
151
276
276
84
84
141
141
155
155
159
184
184
360
117
117
219
219
203
203
203
349
139
139
192
192
35
98
98
66
66
44
313
313
142
142
158
187
187
187
225
225
272
272
177
177
235
367
212
212
129
129
152
152
130
130
101
353
206
206
67
67
115
115
115
135
135
70
70
119
315
315
357
211
211
62
62
45
60
60
91
185
185
185
310
310
310
310
310
310
310
310
310
310
310
310
310
310
310
310
310
310
310
310
310
310
310
310
310
310
310
310
310
310
310
310
310
310
310
310
310
310
310
310
310
310
310
310
58
58
58
86
86
82
82
96
96
389
110
110
372
107
107
352
373
373
373
373
373
373
373
77
77
193
193
350
179
179
317
79
79
108
116
116
116
226
226
388
388
388
388
388
71
71
195
195
218
218
314
314
390
390
274
274
274
274
274
106
106
214
214
234
161
161
122
122
78
147
147
97
97
97
277
277
541
541
541
541
541
541
541
541
541
541
541
541
541
541
541
170
170
391
69
69
89
89
347
347
347
347
347
347
347
102
102
138
138
196
196
196
182
182
182
162
162
181
181
181
121
121
381
381
381
381
153
153
81
81
202
202
319
319
204
204
379
111
111
320
320
281
281
156
156
233
80
80
95
95
95
90
51
199
199
49
49
169
169
208
208
217
217
210
210
172
172
358
358
358
176
176
186
186
186
131
131
197
197
197
363
363
109
109
171
171
43
64
64
125
125
376
376
163
163
50
57
57
57
387
387
387
85
85
194
194
243
246
251
337
337
337
545
545
545
546
546
547
547
547
548
548
548
549
549
549
549
550
550
550
550
551
551
551
551
552
552
552
552
552
552
552
552
552
552
552
554
554
554
554
554
554
554
554
554
554
554
254
