2
3
4
5
6
7
8
9
10
11
12
13
14
15
16
17
18
19
20
21
22
23
24
25
26
27
28
29
30
32
33
34
35
36
37
38
39
40
41
42
43
44
45
46
47
48
49
50
51
52
53
54
55
56
57
58
59
60
61
62
63
64
65
66
67
68
69
70
71
72
73
74
75
76
77
78
79
80
81
82
83
84
85
86
87
88
89
90
91
92
93
94
95
96
97
98
99
100
101
102
103
104
105
106
107
108
109
110
111
112
113
114
115
116
117
118
119
120
121
122
123
124
125
126
127
128
129
130
131
132
133
134
135
136
137
138
139
140
141
142
143
144
145
146
147
148
149
150
151
152
153
154
155
156
157
158
159
160
161
162
163
164
165
166
167
168
169
170
171
172
173
174
175
176
177
178
179
180
181
182
183
184
185
186
187
188
189
190
191
192
193
194
195
196
197
198
199
200
201
202
203
204
205
206
207
208
209
210
211
212
213
214
215
216
217
218
219
220
221
222
223
224
225
226
227
228
229
230
231
232
233
234
235
236
237
40
239
240
241
242
243
244
245
246
247
248
249
250
251
252
253
254
255
256
257
258
259
260
261
262
263
264
265
266
267
268
269
270
271
272
273
274
275
276
277
278
279
280
281
282
283
284
285
286
287
288
289
290
256
292
293
294
295
296
297
298
299
300
301
302
303
304
305
306
307
308
309
310
311
312
313
314
315
316
317
318
319
320
321
322
323
324
325
326
327
328
329
330
331
332
333
334
318
337
321
339
340
341
342
343
344
345
346
347
348
349
350
351
352
353
354
355
356
357
358
359
360
361
362
363
364
365
366
367
368
369
370
371
372
373
374
375
376
377
378
379
380
381
382
383
384
385
386
387
388
389
390
391
392
393
394
395
396
397
398
399
400
401
402
403
404
405
406
407
408
409
410
411
412
413
414
415
416
417
418
419
420
421
422
423
424
425
426
427
428
429
430
431
432
433
434
435
436
437
438
439
440
441
442
443
444
445
446
447
448
449
450
451
452
453
454
455
456
457
458
459
460
461
462
463
464
465
466
467
468
469
470
471
472
473
474
475
476
477
478
479
480
481
482
483
484
485
486
487
488
489
490
491
492
493
494
495
496
497
498
499
500
501
502
503
504
505
506
507
508
509
510
511
512
513
514
515
516
517
518
519
520
521
522
523
524
525
526
527
528
529
530
531
532
533
534
535
536
537
538
539
540
541
542
543
544
545
546
547
548
549
550
551
552
542
554
37
38
39
346
408
406
412
402
404
37
45
365
483
416
164
400
36
428
37
456
36
44
37
38
39
37
505
42
37
37
329
38
39
43
37
37
45
37
400
377
468
448
456
454
452
446
393
261
264
267
37
45
523
43
37
37
456
37
329
37
329
42
37
43
37
164
412
37
466
42
37
37
468
37
329
37
448
37
45
37
329
37
38
37
432
36
44
41
37
38
396
37
42
37
344
424
489
521
396
37
521
164
400
37
424
37
430
340
420
37
481
37
487
345
487
436
485
36
450
164
402
37
414
164
406
37
398
37
37
38
39
164
404
398
37
41
37
38
525
36
38
376
36
38
39
37
265
365
464
43
37
37
327
37
509
37
45
300
299
393
479
296
304
353
359
355
356
357
361
360
358
37
164
438
262
289
37
38
39
36
37
331
365
341
37
523
36
37
446
43
37
386
365
279
391
347
379
282
284
278
387
349
280
273
352
274
272
283
271
258
266
257
260
261
259
264
37
507
43
37
37
499
37
38
39
37
440
37
468
37
45
37
468
37
43
37
375
450
37
468
37
456
43
37
37
464
37
483
37
454
396
37
456
260
261
37
33
503
37
263
293
325
37
38
33
308
297
296
342
489
37
456
37
468
37
456
37
509
260
261
37
45
37
432
36
450
37
42
37
481
37
38
37
473
41
37
38
428
37
416
37
331
33
37
436
43
37
43
294
333
37
434
37
37
38
40
37
475
287
285
164
428
37
422
37
45
37
329
37
511
37
331
37
354
37
485
43
37
37
38
39
42
37
37
456
398
331
329
418
37
464
43
37
44
37
325
37
37
38
39
321
322
379
347
312
324
314
387
320
311
366
316
362
350
368
319
386
391
374
392
363
390
315
389
313
349
318
352
323
388
317
383
306
300
301
295
305
303
297
296
298
299
293
307
37
38
39
37
45
36
43
37
517
513
37
462
371
37
446
414
352
364
460
458
444
446
442
37
45
37
329
477
42
37
302
37
519
37
41
37
38
43
37
505
509
507
503
511
37
456
42
37
37
45
300
327
515
517
365
276
275
281
277
37
446
37
481
37
37
448
37
45
37
37
329
37
33
513
260
261
542
543
528
538
539
533
534
529
532
535
540
530
531
537
536
164
410
519
37
456
36
38
348
343
440
426
438
400
410
37
468
37
418
37
38
39
41
37
38
37
448
37
38
40
42
37
497
493
491
501
36
466
36
43
37
325
300
299
37
479
523
37
333
300
299
256
261
36
450
37
37
519
37
33
515
37
37
37
329
43
37
164
408
37
45
37
45
37
483
164
438
430
432
434
164
426
37
38
40
37
329
37
38
40
364
462
37
462
164
410
42
43
37
36
426
475
473
37
525
37
37
38
39
351
495
499
37
45
37
477
40
40
40
349
300
299
542
535
530
535
530
542
531
536
542
532
537
542
529
538
533
532
533
530
531
535
538
537
536
532
535
538
539
540
533
530
531
537
534
536
532
535
538
539
540
533
530
531
537
534
536
40
