1
2
2
2
2
2
2
5
1
10
10
10
10
10
10
10
10
10
10
10
10
10
23
23
23
23
23
23
23
23
23
23
23
23
23
23
23
23
22
1
41
41
41
41
41
41
41
41
41
41
41
41
41
41
41
41
41
41
41
41
41
41
41
41
41
41
41
68
41
70
66
63
1
74
74
74
74
74
74
74
74
74
74
74
74
74
74
74
74
74
74
74
74
74
74
74
74
74
74
74
74
74
74
74
74
74
74
74
74
74
74
112
85
83
117
118
118
118
120
124
125
125
125
125
125
125
125
125
125
125
125
125
125
125
125
125
125
125
125
125
125
125
125
125
125
145
151
145
153
150
155
155
120
1
159
159
159
159
159
159
159
159
159
159
1
170
170
170
170
170
170
170
170
170
170
170
170
170
170
170
170
170
170
170
170
188
195
196
196
196
196
196
196
196
196
196
196
196
196
196
196
196
196
196
196
196
196
196
196
196
219
5
222
223
223
223
223
223
223
223
223
223
223
223
223
223
223
237
237
237
237
237
237
237
237
237
237
223
248
248
248
248
248
248
248
248
248
248
248
248
248
21
263
264
264
264
264
266
265
1
271
271
271
271
271
271
271
271
271
271
271
271
271
271
271
271
271
271
271
285
291
290
293
293
120
297
298
298
298
298
298
298
298
298
298
298
298
298
298
298
298
298
298
298
298
298
298
299
320
315
323
324
324
324
324
324
324
324
324
324
330
334
1
336
336
336
336
336
336
336
336
336
336
336
336
263
349
349
349
349
349
349
349
349
349
349
349
349
349
349
349
349
349
349
349
349
349
349
349
349
349
349
349
349
349
349
349
349
349
349
349
349
349
349
349
349
349
349
349
349
349
349
349
349
397
397
397
397
349
402
402
402
402
402
402
402
402
402
402
402
349
414
414
414
349
387
1
420
420
420
420
420
420
420
420
420
420
420
420
420
420
420
420
420
420
420
420
420
420
420
420
420
420
420
420
420
420
420
420
420
420
420
420
420
420
420
420
420
420
420
420
420
420
420
420
420
420
420
420
420
420
420
420
420
420
420
420
420
420
420
420
420
420
420
420
420
420
420
420
420
420
420
420
420
420
420
420
420
420
420
420
420
420
420
420
420
420
420
420
420
420
420
420
420
420
420
420
420
420
420
420
420
420
420
420
501
529
501
531
501
533
528
535
420
537
420
539
420
541
541
541
541
541
541
541
541
541
541
541
541
541
541
541
420
557
557
557
557
420
562
562
562
562
562
562
420
569
569
569
569
569
569
569
569
569
495
505
1
581
581
581
581
581
85
263
588
588
588
590
589
591
1
595
595
595
595
595
595
595
595
595
595
595
595
595
595
595
595
595
595
595
595
595
595
595
595
595
595
595
595
595
595
595
595
595
595
595
595
595
595
595
595
595
595
595
595
595
595
595
595
595
595
595
595
609
648
595
650
595
652
652
652
595
656
656
656
656
656
656
595
663
663
663
663
663
663
663
595
671
671
671
671
671
671
671
671
671
595
681
681
681
681
681
681
681
681
681
681
681
681
595
694
694
694
694
694
694
595
375
216
387
705
706
706
706
706
706
706
706
706
706
706
706
706
706
706
706
706
706
706
706
706
706
706
706
706
706
706
706
706
706
706
706
706
706
706
706
706
706
706
706
706
706
706
706
706
706
706
706
706
706
706
706
706
706
706
706
706
706
706
706
706
706
706
706
706
706
706
706
706
706
706
706
706
706
706
706
706
706
706
706
706
706
706
706
706
706
706
706
706
706
706
706
706
706
706
706
706
706
706
706
706
706
706
706
706
706
706
706
706
706
706
706
706
706
706
706
706
706
706
706
706
706
706
706
706
706
706
706
706
706
706
706
706
706
706
706
706
706
706
706
706
706
706
706
706
706
706
706
706
706
706
706
706
706
706
706
706
706
706
706
706
706
706
706
706
706
706
706
706
706
706
706
706
706
706
706
706
706
706
706
706
706
706
706
706
706
706
706
706
706
706
706
706
706
706
706
706
706
706
706
706
706
908
909
910
785
912
913
914
1
915
915
915
915
915
915
915
915
915
915
915
926
85
1
929
929
929
929
929
929
929
929
929
929
929
929
929
929
929
929
929
929
929
929
929
929
929
929
929
929
929
929
929
929
929
929
929
929
929
929
929
929
929
929
929
929
929
929
929
929
929
929
929
929
929
929
929
929
929
929
929
929
929
929
929
929
929
929
929
952
995
5
5
964
414
652
671
70
349
588
656
667
964
964
964
964
964
964
964
618
618
523
826
28
28
144
144
144
144
144
144
144
144
144
144
985
860
55
55
55
55
55
55
55
55
55
55
55
55
55
84
84
84
994
216
216
216
216
368
347
347
347
805
312
312
370
993
235
235
623
623
623
623
623
848
990
62
62
849
22
22
22
22
22
22
22
22
22
22
22
22
22
22
22
22
22
22
22
22
22
22
519
621
802
266
266
266
266
266
266
266
266
266
266
266
266
266
58
58
58
509
384
384
384
384
384
384
384
384
384
384
384
384
809
265
265
265
265
265
265
265
265
265
265
265
265
265
265
265
265
265
265
265
473
473
473
480
480
857
850
590
590
590
590
590
590
590
590
590
590
590
590
590
590
590
590
590
698
698
99
99
99
99
511
511
511
511
526
19
659
659
659
659
659
659
659
659
659
659
659
788
452
452
452
452
452
452
452
452
452
452
452
452
452
452
452
452
452
452
452
452
452
452
452
452
452
810
504
504
86
86
86
86
86
86
565
565
565
565
565
565
39
39
39
797
567
101
780
502
502
502
502
501
501
501
589
589
589
589
589
589
589
589
589
589
589
589
950
364
381
381
381
552
362
378
972
972
972
972
834
876
813
689
689
689
689
864
790
854
855
106
106
106
106
166
869
290
290
290
290
290
290
290
290
290
290
290
466
466
466
466
466
616
620
620
620
620
620
620
620
620
620
620
620
620
345
345
691
691
691
691
691
691
691
691
691
691
691
691
691
984
984
984
984
984
984
851
859
586
586
586
586
586
586
586
586
878
37
37
37
971
971
971
971
143
143
143
143
143
961
64
64
64
64
64
64
64
390
890
367
793
818
522
313
313
313
247
247
247
247
87
87
87
87
87
87
847
958
958
958
958
958
958
958
958
958
376
376
376
376
376
376
376
366
366
470
470
470
470
470
470
470
470
572
635
635
635
635
635
635
635
635
635
635
635
635
635
635
635
635
635
635
635
773
978
978
978
978
978
978
978
807
670
670
781
89
89
89
89
365
365
630
551
551
551
551
551
955
361
361
361
361
361
989
374
882
897
476
476
476
393
393
792
817
83
83
83
83
83
83
83
83
83
83
506
506
506
506
506
640
611
611
611
611
611
218
218
218
218
812
925
925
20
20
20
20
20
20
449
920
920
550
550
550
550
550
550
550
550
550
550
549
549
549
549
996
625
646
287
632
632
632
632
632
632
632
632
632
632
632
632
632
632
632
632
632
776
814
517
392
363
845
510
528
528
674
674
186
186
186
827
976
976
976
976
976
976
490
490
35
35
787
515
612
612
612
612
612
966
966
966
67
67
67
67
67
67
800
887
459
960
870
88
88
88
88
88
288
484
471
471
615
675
675
675
314
314
314
314
314
394
803
644
778
105
105
105
416
609
609
609
609
609
609
609
609
609
609
609
609
609
609
609
609
609
609
609
395
285
285
285
285
285
285
285
285
285
647
647
647
643
643
643
643
643
454
344
344
379
905
986
692
692
692
692
692
692
692
692
692
692
692
692
387
387
873
7
7
7
784
63
63
63
891
371
992
992
992
992
148
148
148
148
148
148
148
148
548
548
548
779
866
906
482
796
109
109
899
559
559
559
619
619
619
619
619
619
619
619
874
536
453
453
453
453
453
453
453
141
141
141
141
141
979
979
979
979
979
979
678
883
286
286
286
828
234
234
234
234
951
951
833
8
8
8
507
507
922
922
922
922
922
922
922
922
922
922
922
840
66
66
66
66
66
66
66
66
66
66
66
66
66
66
66
66
66
66
66
66
66
66
66
66
66
284
284
284
284
284
284
284
284
284
284
895
486
486
486
486
486
660
896
853
524
524
145
145
145
145
145
145
145
145
145
145
5
5
5
5
5
5
5
5
5
5
5
491
491
149
149
149
149
149
149
149
149
149
485
485
485
485
804
95
95
520
215
215
33
576
576
576
576
576
576
576
576
576
576
576
576
576
576
576
576
676
676
676
676
676
901
59
59
59
852
566
566
566
566
566
566
289
289
289
289
289
289
289
289
289
289
289
821
970
970
970
970
505
505
505
505
505
505
885
32
811
639
639
639
865
555
863
185
185
185
185
185
185
185
806
417
591
591
591
591
591
591
591
591
591
591
591
591
591
591
591
591
591
591
591
591
591
31
496
496
496
164
164
164
164
164
844
968
968
968
968
968
968
968
968
189
189
189
189
189
677
677
677
677
954
954
872
877
335
610
610
214
214
214
214
214
214
214
464
464
464
497
497
97
330
585
585
585
585
641
577
577
577
645
957
957
957
957
957
315
315
315
315
315
315
315
315
315
315
315
315
315
29
36
36
560
560
560
560
328
977
977
977
977
977
488
488
488
488
488
488
488
538
894
56
56
56
56
56
56
56
56
56
56
56
56
468
468
468
493
493
775
332
21
21
21
472
472
260
217
217
217
217
217
902
880
868
34
346
346
346
824
622
637
637
637
637
884
518
534
534
534
881
462
499
512
512
96
96
96
96
846
975
975
410
410
410
410
825
668
923
923
923
923
82
82
82
82
94
94
110
110
110
110
110
110
110
110
110
412
412
412
412
412
412
412
412
699
699
699
699
699
699
699
862
375
375
375
475
475
475
475
475
383
634
634
634
634
634
634
634
634
213
213
213
213
213
213
213
213
213
213
213
213
213
213
213
213
213
213
213
213
213
213
213
886
886
886
987
333
875
492
492
907
92
92
92
92
92
92
92
17
17
236
246
774
121
121
121
121
121
121
121
888
91
91
91
91
91
91
91
359
359
359
359
359
359
359
359
359
359
359
359
359
359
359
359
359
359
184
184
184
184
184
184
184
184
184
184
184
184
184
184
316
316
316
316
316
838
628
628
628
628
628
628
628
628
628
575
575
633
633
633
633
633
633
633
633
633
633
633
633
53
53
613
401
401
401
791
245
245
245
245
245
245
794
820
777
963
489
489
900
244
244
411
904
654
892
54
54
54
54
54
54
54
54
54
54
54
54
54
451
451
451
451
451
451
451
451
451
451
451
451
451
451
451
451
451
451
451
451
451
451
451
451
451
898
465
808
983
782
513
636
636
636
636
146
146
146
146
829
967
967
967
448
448
448
448
448
448
448
448
448
448
448
448
448
448
448
448
448
448
448
448
448
448
448
448
448
448
448
448
448
448
448
448
448
448
508
508
889
830
841
61
61
61
142
142
142
142
461
461
461
461
461
461
461
461
461
461
461
461
461
461
461
461
461
461
461
461
461
463
503
503
503
974
856
455
455
455
455
455
455
455
455
455
455
455
627
627
627
627
627
627
627
627
627
627
627
627
627
627
627
627
258
258
258
258
258
258
258
258
258
258
258
258
258
258
258
949
949
837
107
107
959
343
343
343
525
458
458
561
903
991
991
991
991
617
257
257
168
801
816
477
498
498
498
498
498
785
574
574
108
108
38
38
57
57
57
57
57
57
57
57
57
57
57
57
57
57
57
165
583
583
583
583
583
988
861
819
188
188
188
188
188
188
188
460
460
500
500
500
500
554
554
554
554
554
554
554
554
690
795
283
283
283
283
283
478
478
478
478
478
495
495
495
495
495
649
649
649
649
90
90
90
90
90
90
90
474
474
474
474
832
921
571
102
102
102
102
190
190
871
981
396
642
372
372
372
372
372
372
456
456
456
456
456
456
456
456
456
456
456
456
487
487
487
487
487
822
843
679
18
18
18
18
18
18
18
18
18
18
18
18
18
18
18
18
18
18
18
969
969
969
969
969
969
969
969
969
835
893
380
65
65
65
799
573
573
573
317
631
836
233
233
331
331
331
521
373
373
60
60
60
60
232
232
232
232
232
232
232
815
858
962
956
386
386
386
386
386
556
483
483
483
786
111
111
655
655
655
655
655
655
655
481
481
481
481
481
481
481
481
584
584
584
584
584
638
638
638
638
638
638
638
167
167
98
98
98
98
98
614
100
100
540
187
187
187
839
450
450
450
450
450
450
450
450
450
450
450
450
450
450
120
120
120
120
120
120
120
120
120
120
120
120
467
467
467
467
467
318
514
457
457
457
457
457
494
494
494
494
982
982
982
831
93
93
516
479
479
479
479
479
789
342
342
342
342
342
342
342
527
578
842
30
798
867
973
783
879
259
259
259
259
259
259
948
626
823
669
669
980
553
553
553
469
377
377
377
377
377
377
377
377
377
377
377
377
377
377
377
377
377
377
169
965
150
150
150
150
150
150
150
85
85
85
85
85
85
85
85
85
295
254
42
13
600
44
355
229
4
4
425
672
137
430
582
206
673
228
426
601
602
16
207
434
422
179
43
163
423
300
604
27
341
427
429
940
180
14
418
418
418
348
348
115
115
72
72
72
587
587
73
73
73
910
296
296
911
928
928
9
9
913
262
419
419
419
914
191
191
221
221
221
221
221
592
592
269
269
593
593
593
270
270
158
158
40
40
40
701
701
701
122
579
579
702
702
702
580
580
703
703
703
322
322
594
594
704
704
704
997
997
998
998
114
114
