2
3
4
5
6
7
8
9
10
11
12
13
14
16
17
18
19
20
21
22
23
24
25
26
27
28
29
30
31
32
33
34
35
36
37
38
39
40
41
42
43
44
45
46
47
48
49
50
51
52
53
54
55
56
57
58
59
60
61
62
63
64
65
66
67
68
69
70
71
72
73
74
75
76
77
78
79
80
81
82
83
84
85
86
87
88
89
90
91
92
93
94
95
96
97
98
100
101
102
103
104
105
106
107
108
109
110
111
112
113
114
115
116
117
118
119
120
121
122
123
124
125
126
127
128
129
130
131
132
133
134
135
136
137
138
139
140
141
142
143
144
145
146
147
148
149
150
151
152
153
154
155
156
157
158
159
160
161
162
163
164
165
166
167
168
169
170
171
172
173
174
175
176
177
178
179
180
181
182
183
184
185
186
187
188
189
190
191
192
193
194
195
196
197
198
199
200
201
202
203
204
205
206
207
208
209
210
211
212
213
214
215
216
217
218
219
220
221
222
223
224
225
226
227
228
102
230
100
16
107
103
112
106
175
65
100
208
143
113
114
109
40
171
18
202
120
107
113
103
112
111
104
181
13
4
7
205
166
212
18
18
16
120
107
113
103
112
111
104
208
178
177
208
120
103
113
112
111
106
104
114
101
45
166
44
43
103
17
106
18
166
192
166
187
18
157
6
5
3
7
166
87
208
143
113
114
18
208
180
118
208
186
188
166
187
111
107
112
166
180
208
143
113
114
54
17
106
18
208
186
188
187
213
187
103
16
100
208
120
103
113
112
111
108
109
194
208
106
18
212
2
120
103
113
112
111
108
104
208
143
113
114
18
16
18
18
208
143
113
114
40
16
54
166
18
143
107
112
166
201
100
103
110
109
111
120
17
115
208
106
18
100
186
103
87
202
2
103
105
116
104
100
208
63
62
18
208
186
166
187
116
103
105
116
104
100
188
103
40
16
103
105
116
104
100
18
166
191
190
102
103
112
107
109
111
101
106
114
111
186
166
166
193
42
192
166
102
113
112
101
103
105
116
104
100
169
16
115
41
104
143
107
112
105
14
4
7
3
186
171
103
186
166
141
117
143
107
112
166
189
14
18
208
143
112
2
180
120
107
113
103
112
111
104
42
16
193
103
105
116
104
100
208
106
18
18
16
106
41
16
103
18
109
17
214
208
120
17
18
110
16
110
117
141
166
121
42
16
208
143
113
114
192
193
194
102
101
66
208
148
120
166
103
113
112
111
104
120
103
105
112
104
113
115
111
116
106
108
41
16
18
18
112
219
180
18
16
143
121
112
90
166
193
110
161
203
118
100
16
113
16
6
5
166
43
103
113
112
117
17
106
