1
2
2
2
2
2
2
2
2
2
2
2
2
2
2
2
2
2
2
2
2
2
2
24
24
24
24
19
29
21
31
22
33
35
21
38
39
39
39
39
39
39
39
39
39
39
39
39
39
39
39
39
39
39
39
39
39
39
39
39
39
39
39
39
39
39
39
39
39
39
39
39
39
39
39
39
39
39
39
82
71
38
85
85
85
85
85
85
85
85
85
85
85
85
85
99
99
99
99
99
99
99
99
108
109
110
53
59
57
78
78
97
97
91
61
20
20
46
65
76
15
15
74
54
54
44
75
68
68
62
18
18
13
13
11
11
21
21
79
79
79
79
79
79
79
79
94
7
7
96
96
5
5
63
71
71
71
71
71
71
93
93
93
93
93
47
95
51
80
73
106
106
106
106
106
106
77
83
83
83
83
83
52
16
16
81
19
19
60
60
92
9
9
45
50
56
90
90
67
69
55
107
107
107
107
107
98
86
110
