2
3
4
5
6
7
8
9
10
11
12
13
14
15
16
17
18
19
20
21
22
23
24
25
26
27
28
29
30
31
32
33
34
35
36
37
38
39
40
41
42
43
44
45
46
47
48
49
50
51
52
53
54
55
56
57
58
59
60
61
62
63
64
65
66
67
68
69
70
71
72
73
74
75
76
77
78
79
80
81
82
83
84
85
86
87
88
89
90
91
92
93
94
95
96
97
98
99
100
101
102
103
104
105
106
107
108
109
110
111
112
113
114
115
116
117
118
119
120
121
122
123
124
125
126
127
128
129
130
131
132
133
134
135
136
137
138
139
140
141
142
143
144
145
146
147
148
149
150
151
152
153
154
155
156
157
158
159
21
31
162
163
164
165
166
167
168
169
170
171
172
173
174
175
176
177
178
179
180
181
182
183
184
185
186
187
188
189
190
191
192
193
194
195
196
197
198
199
200
201
202
203
204
205
206
207
208
209
210
211
212
213
214
215
216
217
218
219
220
221
222
223
224
225
226
227
228
229
230
231
232
233
234
235
236
237
238
239
240
241
242
243
244
245
246
247
248
249
250
251
252
253
254
255
256
257
258
259
260
261
262
263
264
265
266
267
268
269
270
271
272
273
274
275
276
277
278
279
280
281
282
283
284
285
286
287
288
289
290
291
292
293
294
295
296
297
298
299
300
301
302
303
304
305
306
307
308
309
310
311
312
313
314
315
316
317
318
319
320
321
322
323
324
325
326
327
328
329
330
331
332
333
334
335
336
337
338
339
340
341
342
343
344
345
346
347
348
349
350
351
352
353
354
355
356
357
358
359
360
361
362
363
364
365
366
367
368
369
370
371
372
373
374
375
376
377
378
379
380
381
382
383
384
385
386
387
388
389
390
391
392
393
394
395
396
397
398
399
400
401
402
403
404
406
407
408
409
410
411
412
413
415
416
417
418
419
420
421
422
424
425
426
426
428
430
431
432
433
434
435
436
431
432
439
440
165
165
321
329
388
166
171
316
170
174
306
315
171
170
174
306
46
32
28
171
170
174
306
315
171
173
170
174
387
127
128
13
9
12
8
11
10
334
171
316
170
174
306
315
395
43
28
31
32
406
431
115
312
308
306
299
295
155
171
170
174
306
415
115
2
128
126
2
315
315
396
395
33
2
175
307
306
39
129
33
28
39
116
168
423
322
149
316
171
170
306
307
306
306
315
333
333
171
170
174
306
155
28
395
395
117
298
299
168
316
315
307
308
322
330
321
329
329
329
387
181
171
174
307
306
306
315
396
395
127
129
125
126
2
315
315
315
315
396
171
170
174
306
326
322
334
330
325
333
44
43
103
297
299
171
316
170
174
306
315
25
396
326
32
2
2
47
45
307
306
177
21
171
168
387
316
315
330
329
127
28
396
33
2
315
315
30
127
129
125
126
315
315
315
316
315
155
43
46
105
106
104
45
107
103
30
35
40
108
175
171
173
170
174
168
423
387
306
46
28
31
32
154
316
315
126
105
155
104
154
329
329
315
315
178
166
171
172
173
170
174
33
2
2
330
28
39
171
168
124
2
326
322
173
174
334
330
333
325
395
395
315
315
315
2
294
299
316
166
305
171
173
299
169
294
297
298
174
295
296
306
293
395
333
333
171
174
171
174
171
170
174
388
389
25
29
7
26
28
37
24
31
41
21
30
17
39
42
27
168
395
395
171
326
322
170
174
334
330
333
325
326
334
330
333
126
177
388
389
40
330
329
31
33
32
42
38
2
330
307
306
306
315
315
315
307
306
306
315
306
180
178
166
169
171
172
173
170
174
168
294
297
298
299
295
296
148
147
149
148
147
149
171
316
170
174
306
315
315
125
126
147
388
315
315
315
28
154
154
396
26
28
27
307
306
307
308
307
308
171
322
170
330
321
329
387
395
106
105
107
299
296
334
316
28
32
315
315
322
307
306
406
389
388
387
395
387
334
330
333
395
395
308
23
22
139
43
388
316
315
315
171
322
173
174
330
321
329
2
103
2
166
431
166
