2
3
4
5
6
7
8
9
10
11
12
13
14
15
16
17
18
19
20
21
22
23
24
25
26
27
28
29
13
31
32
33
34
35
36
37
38
39
40
41
42
43
44
45
46
47
48
49
50
51
52
53
54
55
56
57
58
59
60
61
62
63
64
65
66
67
68
69
70
71
72
73
74
75
76
77
78
79
80
81
82
83
84
85
86
87
88
89
90
91
92
93
94
95
96
97
98
99
101
102
103
104
105
106
107
108
109
110
111
112
113
114
115
116
117
118
119
120
121
122
123
124
125
126
127
128
129
130
131
132
133
134
135
136
137
138
139
140
141
142
143
144
145
146
147
148
149
150
151
152
153
154
155
156
157
158
159
160
161
162
163
164
165
166
167
168
169
170
171
172
173
174
175
176
177
178
179
180
181
182
183
184
185
186
187
188
189
190
191
192
194
195
196
197
198
199
200
201
202
203
204
205
206
207
208
209
210
211
212
213
214
215
216
217
218
219
220
221
223
224
225
226
227
228
229
230
231
232
233
234
235
236
237
238
239
240
241
242
243
244
245
246
247
248
249
250
251
252
253
254
255
256
257
258
259
260
261
262
263
264
265
266
267
268
269
270
271
272
273
274
275
233
277
278
279
280
281
282
283
284
285
286
287
288
289
290
291
292
293
294
295
296
297
298
299
300
301
302
303
304
305
306
307
308
309
310
311
312
313
314
315
316
317
318
319
320
321
322
323
282
242
241
228
231
230
235
229
102
106
239
122
101
156
152
148
155
154
153
151
131
111
104
110
149
134
104
10
105
111
104
90
55
39
45
48
37
40
85
165
149
134
104
160
104
240
109
108
104
167
104
134
111
134
111
165
104
125
114
106
238
240
224
239
105
102
104
229
114
111
104
211
197
196
198
199
202
195
113
134
111
147
104
11
248
228
229
227
234
134
111
86
134
111
10
7
304
60
55
49
236
6
4
210
27
2
123
105
110
102
111
104
107
165
11
152
112
228
233
229
88
90
62
61
39
85
109
8
300
14
2
10
112
188
187
186
148
149
134
104
238
228
231
230
235
229
110
102
111
104
237
18
21
25
18
21
298
41
33
294
57
228
229
197
196
198
199
202
195
211
197
196
198
199
202
195
134
111
90
34
39
33
38
85
317
316
114
111
234
240
236
238
237
228
231
233
239
229
286
285
12
86
230
35
94
92
228
230
231
233
235
229
166
104
301
5
128
191
189
187
197
196
198
199
202
195
3
105
196
195
143
104
45
114
47
294
15
286
284
287
2
105
237
226
104
234
111
46
228
233
229
35
36
48
37
40
47
236
294
57
294
57
12
242
134
111
110
32
147
86
114
113
104
240
49
134
111
10
7
88
89
39
85
35
45
33
37
47
20
17
24
287
2
6
86
62
88
90
39
34
41
42
33
44
43
85
114
299
315
160
104
238
241
228
233
229
46
45
242
106
104
107
113
19
22
298
15
284
287
2
210
171
170
102
104
232
5
9
201
200
6
11
4
10
12
5
7
3
320
293
316
231
295
147
18
298
23
15
27
284
287
2
14
237
149
134
104
228
229
318
289
102
112
284
285
228
230
231
233
114
148
146
150
149
145
134
103
104
109
108
104
133
197
196
198
199
202
195
101
105
290
284
288
297
296
49
90
34
39
33
38
85
197
196
198
199
202
195
303
60
55
49
114
302
60
55
49
110
166
104
8
4
5
3
4
134
111
41
238
86
294
57
106
88
91
90
39
34
36
35
33
38
85
85
52
315
315
101
2
2
2
2
18
21
298
15
287
145
233
229
230
231
233
233
6
11
4
10
12
5
7
3
233
233
233
233
