1
2
2
2
2
2
2
2
2
2
2
2
2
2
2
2
2
2
2
2
2
2
2
2
2
2
2
26
29
2
31
31
31
31
31
31
31
31
31
31
31
31
31
35
45
35
47
44
49
18
18
53
18
18
18
18
18
59
60
60
60
60
60
60
61
67
62
69
63
71
63
73
64
75
64
77
65
79
66
81
66
66
1
85
85
85
85
85
85
85
85
85
85
85
85
85
85
85
85
85
85
85
85
85
85
85
85
85
85
85
85
85
85
85
85
85
85
85
85
85
85
85
85
85
85
85
85
85
85
85
85
85
85
85
85
85
85
85
85
85
85
85
85
85
85
85
85
85
85
85
85
85
85
85
85
85
158
158
158
158
50
22
44
44
44
44
44
162
33
161
161
17
17
17
25
23
26
26
155
155
155
21
21
21
21
108
108
115
15
43
43
18
119
122
122
122
122
122
19
24
30
40
40
40
118
118
118
118
118
41
14
16
16
16
38
38
38
38
114
39
42
42
110
110
12
35
35
35
34
20
11
11
11
11
11
13
55
