2
3
4
5
6
7
8
9
10
11
12
13
14
15
16
17
18
19
20
21
22
23
24
25
26
27
28
29
30
31
32
33
34
35
38
39
40
41
42
43
44
45
46
47
48
49
50
51
52
53
54
55
56
57
58
59
60
61
62
63
64
65
66
67
68
69
70
71
72
73
74
75
76
77
55
79
80
81
82
83
84
85
86
87
88
89
90
91
92
93
94
95
96
97
98
99
100
101
102
103
104
105
106
107
108
109
110
111
112
113
114
115
116
117
118
119
120
121
122
123
124
125
126
127
128
129
130
131
132
133
134
135
136
137
138
139
140
141
142
143
144
145
146
147
148
149
150
151
152
153
154
155
149
157
150
160
161
162
163
164
165
166
167
168
169
170
172
172
175
176
177
178
179
180
181
182
183
184
185
186
187
188
189
190
191
192
193
194
195
196
197
198
199
200
201
202
203
204
205
206
207
208
209
210
211
212
213
214
215
216
217
218
219
220
221
222
223
224
225
226
227
228
229
230
231
232
233
234
235
236
237
238
239
240
241
242
243
244
245
246
247
248
249
250
251
252
253
254
255
256
257
258
259
260
261
262
263
264
265
266
267
268
269
270
271
272
273
274
275
276
277
278
279
280
281
282
283
285
286
287
288
289
290
291
292
293
294
295
296
297
298
299
300
301
302
303
304
305
306
307
308
309
310
311
312
313
314
315
316
317
318
319
320
321
322
323
324
325
326
327
328
329
330
331
332
333
334
335
336
337
338
339
340
341
342
343
344
345
346
347
348
349
350
351
320
353
354
355
356
357
358
359
361
362
363
364
365
366
367
368
369
370
371
372
373
374
375
376
377
378
379
380
381
382
383
384
385
386
387
388
389
390
391
392
393
394
395
396
397
398
399
400
401
402
403
404
405
406
407
408
409
410
411
412
413
414
415
416
417
418
419
420
421
422
423
424
425
426
427
428
429
430
431
432
433
434
435
436
437
438
439
440
441
442
443
444
445
446
447
448
449
450
451
452
453
454
455
436
437
457
458
446
460
461
462
463
464
465
466
467
468
469
470
471
472
473
474
475
476
477
478
479
480
481
482
483
484
485
486
487
488
489
490
491
492
480
494
495
496
497
498
499
500
501
502
503
504
505
506
507
508
509
510
511
512
497
514
515
516
517
518
519
520
521
522
523
524
525
526
527
528
529
530
531
532
533
534
535
536
537
538
539
540
541
542
543
544
545
546
547
548
549
550
520
523
553
554
555
556
557
558
559
560
561
562
563
564
565
566
567
568
569
570
571
572
573
574
114
324
536
324
297
536
297
10
4
11
3
5
227
412
416
97
82
243
231
208
424
365
411
559
562
566
561
443
434
434
450
445
467
426
387
389
364
365
411
501
506
503
504
502
505
219
209
509
495
496
500
500
413
412
415
414
416
407
371
484
476
486
476
84
83
365
216
394
386
339
338
365
413
412
415
414
416
411
411
448
446
447
99
569
559
560
567
561
179
180
178
181
213
477
297
301
308
302
388
389
395
375
386
413
412
140
559
564
560
562
567
566
561
565
571
523
516
515
15
29
28
487
488
489
180
235
298
222
208
273
297
414
272
120
121
122
119
271
213
208
273
270
540
128
302
10
4
11
3
12
6
5
28
28
310
309
311
195
194
175
221
471
464
41
465
467
209
38
413
412
214
39
95
265
64
501
506
503
504
187
502
500
213
407
407
310
309
311
368
149
413
412
415
414
416
411
411
523
197
522
521
516
515
175
34
31
14
415
414
486
86
334
128
214
450
445
186
42
15
29
28
363
500
178
39
216
214
7
8
9
243
229
415
128
443
29
30
179
178
182
237
15
29
28
501
506
177
504
183
502
185
213
195
179
177
183
181
184
129
538
537
191
530
527
532
540
213
216
152
40
41
545
365
411
198
175
31
29
181
213
217
208
264
41
39
42
40
368
222
273
49
141
427
365
414
411
222
273
413
412
415
414
416
411
411
363
221
471
46
464
41
465
467
209
38
128
520
523
519
516
515
213
214
413
412
415
414
452
437
439
451
435
438
436
450
33
15
29
28
57
54
41
39
124
193
191
363
339
338
126
127
125
124
410
364
365
411
412
365
411
386
124
233
471
46
464
466
465
467
209
38
129
428
382
364
365
411
150
471
46
464
41
465
467
38
437
439
448
435
438
447
436
445
220
209
124
41
213
216
413
412
415
414
416
411
411
501
503
504
502
505
500
500
500
214
162
395
375
425
426
388
364
365
411
394
386
364
364
85
61
41
364
362
477
478
487
488
489
486
486
363
243
216
208
172
319
477
161
194
176
177
178
185
184
494
500
41
94
99
140
150
96
93
88
98
335
82
84
86
172
114
364
362
516
515
522
175
64
65
162
161
500
128
129
232
430
363
300
236
299
219
238
341
216
208
297
337
276
219
60
64
65
209
62
426
365
411
368
363
239
324
426
394
387
365
411
220
135
243
265
114
15
29
28
216
467
498
495
426
394
365
415
411
213
14
198
530
529
527
532
533
528
536
175
238
150
208
114
46
38
452
451
123
122
240
208
183
365
15
29
28
408
407
429
401
413
412
415
414
411
411
407
124
81
540
419
423
398
364
365
411
213
384
364
365
484
218
477
545
63
213
324
500
500
430
401
413
412
414
411
411
407
219
63
60
64
61
209
62
83
199
538
192
189
190
196
531
515
175
536
175
544
539
526
413
412
33
15
29
28
153
152
143
117
123
116
127
125
119
120
126
121
118
124
363
219
67
41
209
59
38
324
332
324
330
500
175
205
334
114
114
81
213
214
407
407
361
28
536
500
324
324
411
168
205
407
162
150
10
321
208
208
150
437
436
437
448
435
447
436
445
243
448
446
447
434
445
219
67
209
205
59
243
172
319
219
209
205
216
67
59
216
515
521
515
498
520
523
516
515
523
516
515
523
96
515
99
93
140
150
335
82
84
86
172
523
516
515
515
94
98
94
94
98
336
86
88
82
84
