2
3
4
5
6
7
8
9
10
11
12
13
14
15
16
17
18
19
20
21
22
23
24
25
26
27
8
9
10
30
31
32
33
34
35
36
37
38
39
40
41
42
43
44
45
46
47
48
49
50
51
52
53
54
55
56
57
58
59
60
61
62
63
64
65
66
67
68
69
70
71
72
73
74
75
76
77
78
79
80
81
82
83
84
85
86
87
88
89
90
91
92
93
51
65
66
59
48
58
63
54
60
92
57
53
52
61
64
62
39
50
48
47
31
32
34
35
33
37
41
56
48
55
38
4
39
41
48
35
47
9
10
47
74
48
41
47
47
4
41
48
73
72
67
36
70
47
47
47
47
47
38
47
47
41
48
91
50
47
82
38
37
68
71
41
44
67
36
40
39
38
37
79
