1
2
2
2
2
2
2
2
2
2
2
2
2
2
2
2
2
2
2
2
2
2
2
2
2
2
2
2
2
2
2
2
2
2
2
2
2
2
28
40
31
42
2
44
44
44
44
2
49
49
29
51
54
55
55
55
55
55
55
55
55
55
55
55
55
55
68
68
68
68
68
68
68
68
68
68
59
61
64
63
83
67
1
85
85
85
85
86
90
86
92
87
94
87
96
88
98
89
100
85
102
102
102
102
85
89
89
41
111
112
113
114
114
114
114
114
114
114
114
114
114
114
114
114
114
114
114
114
114
114
114
114
114
114
114
114
114
138
141
114
143
143
143
143
143
143
143
143
143
143
143
143
143
147
157
147
159
156
161
162
64
32
28
134
66
156
156
156
156
156
145
38
75
137
135
77
87
138
133
133
133
133
39
39
39
39
39
39
86
36
11
33
35
62
19
127
20
20
155
155
67
67
67
67
67
67
67
60
13
74
105
47
136
34
78
142
46
126
14
128
23
150
150
150
150
151
10
10
10
10
10
124
147
147
147
146
48
123
123
123
89
89
89
76
76
125
88
88
88
18
37
79
80
81
82
84
84
112
109
109
