1
2
2
2
2
2
2
2
2
2
2
2
2
2
15
15
15
19
2
9
17
23
24
24
24
24
24
24
24
24
24
24
24
24
24
24
24
39
39
39
39
39
39
39
39
39
39
39
39
39
39
39
39
39
39
39
39
24
60
60
60
64
64
64
38
66
67
68
68
68
68
68
68
74
74
77
73
73
73
81
81
74
1
85
85
85
88
89
89
89
89
89
89
89
89
89
85
92
1
101
101
101
101
101
101
101
101
110
101
9
23
113
113
113
113
113
113
113
113
113
113
113
113
113
113
113
113
113
113
113
113
113
113
113
113
113
113
113
113
113
113
113
113
125
129
1
148
148
148
148
148
148
148
148
148
148
148
148
148
148
148
148
148
148
148
148
148
148
148
148
148
148
148
148
148
148
148
148
148
181
181
181
181
181
167
187
187
187
187
148
192
192
192
192
192
148
198
198
198
198
198
148
204
204
204
204
209
210
211
148
213
92
192
175
38
175
175
220
1
221
221
221
221
221
221
221
221
221
221
221
221
221
221
221
221
221
221
221
221
221
221
221
221
221
221
221
221
221
221
221
221
221
221
221
221
221
221
221
221
221
221
221
264
264
264
264
264
264
221
271
271
271
271
271
271
271
271
271
221
221
283
221
235
236
237
237
239
239
246
175
260
268
1
295
295
295
295
295
295
295
295
295
295
295
295
295
295
295
295
295
295
295
295
295
316
316
316
316
316
316
316
316
316
316
316
316
316
316
316
316
316
316
316
316
316
316
339
295
312
23
342
342
342
342
342
342
342
342
342
342
342
342
342
342
342
342
342
342
342
342
342
342
342
342
342
342
342
342
342
342
342
342
342
342
342
342
342
342
342
342
342
342
342
342
342
342
342
389
389
389
342
393
393
393
393
393
393
393
393
342
402
402
402
402
402
402
402
402
402
402
402
402
402
402
402
402
402
402
402
421
402
423
423
423
427
67
428
428
428
428
428
428
428
428
428
428
428
428
428
428
428
428
428
428
428
428
448
448
448
448
448
448
23
455
455
455
455
455
455
455
455
455
455
455
455
455
455
455
455
455
455
455
455
455
455
455
455
455
480
480
480
480
480
480
480
480
455
489
489
489
489
489
489
489
489
489
489
489
489
489
489
503
503
503
503
503
503
503
503
503
503
503
503
489
516
516
516
516
516
516
516
516
67
525
525
525
525
525
525
525
525
525
525
525
525
525
525
525
525
525
525
525
525
525
525
525
525
525
525
525
525
525
525
525
525
525
525
525
525
525
562
562
562
562
562
562
562
562
562
562
562
525
574
574
574
574
574
574
574
574
574
574
574
574
534
221
2
101
204
295
85
198
402
440
440
190
196
196
196
418
418
360
207
207
9
9
140
140
140
140
140
236
236
236
236
236
236
236
568
568
568
568
568
568
329
329
329
329
329
329
329
349
349
349
349
349
445
445
524
373
268
268
268
268
541
386
386
107
107
175
175
400
400
400
400
511
511
511
511
511
511
37
37
37
331
331
331
331
331
331
331
331
331
331
331
354
354
354
232
232
232
232
232
232
253
253
472
145
145
94
94
161
270
270
270
488
74
251
251
551
551
572
572
572
572
572
106
106
106
172
172
172
172
172
172
172
172
277
315
315
242
242
242
14
247
247
388
178
309
309
309
377
371
313
313
11
243
243
243
575
575
575
575
575
575
575
314
314
314
314
314
314
314
314
314
18
18
18
18
18
18
18
176
176
176
176
176
176
476
336
336
336
244
244
502
502
180
180
179
179
330
330
330
330
384
384
384
87
87
559
559
13
577
577
577
577
577
577
577
8
8
8
8
8
8
8
171
171
171
171
171
171
171
246
246
246
246
246
246
246
246
246
246
378
378
378
378
186
186
186
186
186
186
280
280
280
280
554
554
416
512
441
441
561
561
561
561
561
234
234
545
545
58
58
58
58
58
58
58
58
58
58
58
125
125
351
351
401
401
401
401
401
401
143
139
139
139
139
139
139
139
139
139
139
139
139
139
513
513
374
374
59
59
59
59
59
334
334
174
174
202
202
202
130
130
130
126
126
126
126
276
276
571
571
571
571
571
571
237
237
237
237
237
237
237
237
237
153
262
262
555
555
167
167
167
259
259
51
51
265
265
265
248
248
499
499
499
499
499
52
52
191
191
191
191
191
191
191
191
546
546
55
160
419
419
433
433
442
442
501
50
50
50
454
454
579
579
579
579
579
579
579
365
365
365
177
177
177
177
177
177
266
266
266
474
446
446
98
98
98
560
560
560
560
560
560
560
560
453
453
453
453
520
364
203
203
203
203
278
369
240
240
240
240
263
263
263
263
263
263
263
263
263
533
533
533
533
533
533
538
538
279
279
279
279
279
582
128
128
128
128
128
128
128
128
128
128
128
128
128
128
443
443
352
352
352
438
438
410
432
432
451
61
61
61
61
56
56
56
233
233
195
195
412
136
136
136
136
136
136
136
136
136
136
136
136
136
136
136
136
136
136
136
142
142
338
338
338
338
542
542
542
208
382
382
382
382
382
382
382
332
332
332
332
332
332
332
332
332
332
332
332
332
332
332
332
63
63
523
261
261
261
261
261
261
261
261
261
261
261
261
261
261
539
539
133
133
133
133
133
133
133
133
133
133
235
235
235
235
235
235
235
522
522
522
392
392
255
255
255
437
437
258
157
157
435
435
435
435
417
436
436
53
53
123
123
123
361
540
366
497
497
497
497
257
257
257
257
257
257
257
73
537
537
578
578
578
578
578
578
578
578
578
578
514
514
514
514
514
514
514
514
275
275
275
275
170
170
170
170
170
170
170
170
415
415
415
415
548
548
155
155
155
155
134
134
134
134
134
134
134
134
134
162
444
444
444
553
553
169
169
350
350
350
35
35
35
35
35
35
35
35
35
498
498
498
498
498
312
312
312
312
312
312
312
312
312
312
312
312
312
312
312
312
312
312
312
312
312
312
312
312
312
312
312
312
105
105
124
124
124
124
124
124
124
124
124
124
124
124
124
124
124
124
124
124
124
124
383
383
383
375
375
375
375
163
163
385
385
534
534
534
534
534
534
534
534
534
534
534
534
17
17
17
413
239
239
239
239
239
581
12
103
103
103
103
103
434
434
434
434
475
62
62
62
62
92
231
231
231
231
231
231
231
137
137
137
370
156
36
36
36
36
543
411
411
411
411
381
381
381
381
381
88
88
164
164
135
135
473
550
550
168
168
260
260
159
159
159
16
16
16
16
16
16
16
166
166
166
166
166
166
166
166
333
333
333
333
333
333
439
439
439
535
535
535
535
515
376
254
335
335
379
173
547
547
104
104
104
521
521
54
54
197
197
197
197
426
580
580
580
580
580
580
580
580
580
580
165
165
165
165
165
250
250
549
549
144
245
245
245
249
249
249
425
380
380
380
380
573
573
573
573
573
576
576
576
576
576
576
576
310
310
532
532
532
532
532
532
532
34
34
34
34
34
420
420
420
420
420
420
420
420
420
420
420
353
353
544
544
500
500
500
500
500
500
500
500
500
500
500
500
267
267
267
129
129
10
10
10
10
10
10
10
10
127
127
127
269
269
49
49
49
552
552
138
138
138
138
138
138
414
368
447
447
158
158
158
158
158
158
358
452
452
97
359
583
141
141
337
256
256
256
256
38
38
38
570
570
570
570
570
570
570
570
570
570
570
241
367
238
238
238
387
303
303
303
303
193
29
29
29
29
29
490
114
114
429
429
223
223
526
526
152
189
30
30
530
408
390
308
188
188
188
188
184
567
317
185
304
304
529
305
305
305
305
323
343
222
510
227
296
328
102
496
322
149
149
149
149
272
146
587
147
99
100
341
341
282
282
282
282
285
285
285
285
285
285
286
286
286
286
286
286
287
287
287
287
287
287
288
288
288
288
288
288
289
290
65
65
65
80
66
66
66
66
291
291
291
292
292
292
292
293
293
293
293
293
294
212
109
109
112
112
214
215
216
76
217
217
217
218
219
219
219
