2
3
4
5
6
7
3
4
9
10
12
13
14
15
16
17
18
19
20
21
22
23
24
25
26
27
28
29
30
31
32
33
34
35
36
37
38
39
40
41
42
43
44
45
46
47
48
49
50
51
52
54
55
56
57
58
60
61
62
63
64
65
66
67
68
69
70
71
72
73
74
75
76
77
78
79
80
81
82
83
84
85
86
87
88
89
90
91
92
93
94
95
96
97
98
99
100
101
102
103
104
105
106
107
108
109
110
111
112
113
114
115
116
117
118
119
120
121
122
123
124
125
126
127
67
69
70
130
131
122
123
134
135
136
137
138
139
140
141
142
143
144
145
146
147
148
149
150
151
152
153
154
155
156
157
158
159
160
161
162
163
164
165
166
167
168
169
170
171
172
173
174
175
176
177
178
179
180
181
183
184
185
186
187
188
189
190
191
192
194
195
196
197
198
199
200
201
202
203
204
205
206
207
208
209
210
211
212
213
214
215
216
217
218
219
220
221
222
223
224
225
226
227
228
229
230
231
232
233
234
235
236
237
238
239
240
241
242
243
244
245
246
247
248
249
250
251
252
253
254
255
256
257
258
259
260
261
197
240
229
230
265
266
267
268
269
270
271
272
273
274
275
276
277
278
279
280
281
282
283
284
285
286
287
288
289
290
283
292
293
294
295
296
297
298
299
300
301
302
303
304
305
306
307
308
309
310
311
312
313
314
315
316
317
318
319
320
321
322
323
324
325
326
327
328
329
330
331
332
333
334
335
336
337
338
339
340
341
342
343
344
345
346
347
348
349
350
351
352
353
354
355
356
357
358
359
360
361
362
363
364
365
366
367
368
369
370
371
372
373
374
375
376
377
377
44
84
328
333
116
117
67
113
341
343
330
23
348
341
332
201
196
199
333
145
218
336
141
145
242
246
239
243
244
247
248
346
47
48
142
22
332
169
361
332
329
333
82
88
76
114
259
252
245
311
310
365
362
366
347
184
327
240
69
151
272
273
135
84
69
114
219
220
221
63
122
120
84
231
202
311
352
336
319
321
317
305
315
299
298
297
300
302
301
309
156
277
272
273
135
197
365
363
366
347
184
327
351
335
63
64
75
65
68
74
243
223
203
198
202
250
203
346
335
333
335
333
331
261
241
242
76
172
203
198
199
202
238
227
218
226
211
195
220
333
118
116
90
67
62
69
70
61
72
71
113
360
333
73
153
142
137
139
140
144
145
138
360
335
337
332
328
333
331
197
365
367
358
366
347
184
327
148
155
151
147
269
272
270
271
267
268
135
283
152
147
267
135
135
360
336
333
142
137
141
143
138
144
140
145
348
335
118
62
67
61
66
113
311
310
309
82
88
76
200
361
343
328
310
116
118
119
67
62
64
63
61
66
113
256
242
247
244
333
332
334
331
296
172
253
257
246
247
312
82
118
67
73
75
65
68
113
18
310
230
229
232
201
202
337
156
155
150
272
269
270
271
273
135
135
152
151
3
4
135
240
242
245
243
244
308
305
297
142
145
244
336
46
170
228
215
259
261
252
255
258
251
257
240
245
243
244
149
150
155
268
135
114
269
270
271
268
145
302
145
313
153
136
137
141
139
145
140
144
138
333
116
89
118
90
67
113
199
171
157
156
155
154
280
158
272
273
268
135
341
343
332
328
348
332
333
173
312
284
267
268
135
135
118
62
67
61
66
113
76
145
173
32
313
151
272
267
273
135
135
73
74
221
299
313
297
309
196
227
152
151
158
3
4
135
254
239
246
247
248
311
310
309
169
335
60
311
230
228
63
73
65
74
348
328
333
114
348
304
332
334
333
331
224
214
203
198
202
234
237
136
142
145
144
35
332
329
333
84
233
283
156
280
282
267
135
201
171
311
310
247
248
365
366
347
184
327
341
285
170
238
76
296
82
88
76
343
332
333
197
219
220
69
114
321
317
305
322
315
299
297
300
302
301
309
17
113
135
296
218
79
238
309
227
309
183
3
4
135
4
3
4
135
122
305
297
332
329
333
136
141
145
147
267
152
267
267
226
195
