2
3
4
5
6
7
8
9
10
11
12
13
14
15
16
17
18
19
20
21
23
24
25
26
27
28
29
30
31
32
33
34
35
36
37
38
39
40
41
42
43
44
45
46
47
48
49
50
51
52
54
55
56
57
58
59
60
59
62
63
64
65
66
67
68
69
70
71
72
73
74
75
76
77
78
79
80
81
80
84
85
86
87
88
89
90
91
92
93
94
95
96
97
98
99
100
101
102
103
104
105
106
107
108
109
110
111
112
113
114
115
116
117
118
119
120
121
122
123
124
125
126
127
128
129
130
131
132
133
134
135
136
137
138
139
140
141
143
144
145
146
147
148
149
150
151
152
153
154
155
156
157
158
159
160
161
162
163
164
165
166
167
168
169
170
171
172
173
174
175
176
177
178
179
180
181
182
183
184
185
186
187
188
189
190
191
192
193
194
195
165
171
198
199
200
201
202
203
204
205
206
207
208
209
210
211
212
213
214
215
216
217
218
219
220
221
222
223
224
225
226
227
228
229
230
231
232
233
234
235
236
237
238
239
240
241
242
243
244
245
246
247
248
249
250
251
252
253
254
255
256
257
258
259
260
261
262
263
264
265
266
267
268
269
270
271
272
273
274
275
276
277
278
279
280
281
282
283
284
285
286
287
79
132
130
117
109
127
138
113
133
111
110
118
134
85
86
97
89
130
106
107
101
100
99
96
85
98
86
90
120
218
220
219
63
63
133
119
129
114
112
85
98
237
251
237
252
71
67
63
63
116
115
128
97
202
203
204
71
78
221
72
73
67
68
201
63
63
255
246
247
166
85
88
95
25
169
6
79
132
130
110
118
113
108
97
85
94
87
95
164
222
221
206
202
63
119
76
71
78
75
77
72
74
73
70
163
167
168
161
162
166
164
165
169
63
230
4
5
68
6
63
222
237
237
85
88
95
5
70
63
244
101
100
99
85
95
244
123
120
85
98
29
25
56
25
6
79
169
168
122
85
97
239
63
165
129
135
85
95
188
179
176
168
161
162
164
169
212
214
213
206
202
25
54
245
239
63
24
161
164
166
237
237
248
219
227
215
226
202
67
242
240
237
241
3
129
96
95
71
63
51
25
216
5
161
144
120
121
122
85
98
95
201
79
202
232
245
25
168
248
98
24
235
167
132
133
111
117
127
138
136
137
97
85
91
93
92
86
202
247
270
263
238
242
240
245
241
248
244
63
63
37
175
177
180
56
160
160
163
33
124
126
125
144
67
95
161
164
190
168
166
169
165
25
227
226
203
204
85
85
88
95
161
224
223
225
67
63
84
85
87
95
33
25
64
160
160
85
237
5
238
63
79
238
79
25
242
230
240
237
245
68
239
247
246
64
243
241
244
248
25
225
67
26
231
245
25
167
237
95
162
239
63
65
162
24
221
208
215
63
63
163
129
95
27
26
95
4
8
7
255
247
246
222
221
206
202
63
163
168
161
162
164
165
169
76
77
267
266
73
263
238
67
237
68
239
63
63
130
113
131
108
135
85
95
86
67
11
2
33
25
245
237
63
160
79
54
230
63
68
79
55
79
55
69
79
55
5
177
56
163
162
78
72
73
68
201
63
68
6
63
78
165
190
165
270
238
242
240
245
241
248
244
63
165
266
238
67
237
68
63
