2
3
4
5
5
8
9
10
11
12
13
14
15
16
17
18
20
21
22
23
24
26
27
28
29
30
31
32
33
34
35
36
37
38
39
40
41
42
43
44
45
46
47
48
49
50
51
52
53
54
55
56
57
58
59
60
61
62
63
64
65
66
67
68
69
70
71
72
73
74
75
76
77
78
79
80
81
82
83
84
85
86
87
88
89
90
91
92
93
94
95
96
97
98
99
100
101
102
103
104
105
106
107
108
109
110
111
112
113
114
115
116
117
118
119
120
121
122
123
124
125
126
127
128
129
130
131
132
133
134
135
136
137
138
139
140
141
142
143
144
145
146
147
148
149
143
145
115
127
131
135
124
158
159
160
161
162
163
164
165
166
167
168
169
160
161
169
175
176
177
178
179
179
182
183
184
185
186
186
189
190
191
192
193
194
195
196
197
198
199
200
201
202
203
204
205
206
207
208
209
210
211
212
213
214
215
216
217
218
219
220
221
222
223
224
225
226
227
228
229
230
231
232
233
234
235
236
237
238
239
240
241
242
243
244
245
246
89
89
23
22
21
14
21
30
28
137
46
38
39
46
38
39
46
49
50
30
28
137
46
47
38
39
48
51
30
28
140
98
100
109
33
32
127
30
28
133
84
84
46
38
39
40
46
47
38
39
48
51
135
178
177
46
38
39
40
215
207
86
86
131
215
206
201
200
90
46
39
49
45
51
50
97
9
10
8
14
8
27
97
90
80
26
26
82
169
165
163
162
164
215
216
201
199
200
99
44
95
95
46
38
39
48
51
42
3
4
46
38
39
48
51
50
209
194
193
191
208
197
198
195
196
192
46
38
39
143
99
44
93
93
46
38
39
40
30
28
129
46
38
39
127
46
38
39
41
45
98
46
38
39
78
46
38
39
76
46
38
39
43
31
27
46
47
38
39
39
41
43
40
46
47
38
39
28
114
147
166
167
160
161
173
46
38
39
131
226
215
201
203
200
10
215
216
206
201
200
46
38
39
48
43
51
50
145
30
28
133
201
200
30
28
137
185
184
215
206
209
201
200
215
199
46
38
39
30
28
126
9
14
30
28
129
30
28
129
46
38
39
213
210
209
206
214
190
207
211
208
212
78
14
170
170
82
80
170
170
97
97
97
190
170
190
14
19
190
76
170
170
30
28
126
30
28
140
166
167
160
161
173
