1
2
2
2
2
2
2
2
2
2
2
2
2
2
2
2
2
2
2
2
2
2
2
2
2
2
2
2
2
2
2
2
2
2
2
2
2
2
13
40
26
42
27
44
28
46
29
48
30
50
31
52
32
54
2
56
56
56
36
60
38
62
39
64
23
24
25
43
43
43
43
43
43
43
21
21
78
79
79
79
79
79
79
79
79
79
79
79
79
79
79
79
79
79
79
79
79
79
79
79
79
79
79
79
79
79
79
79
79
79
79
79
79
79
79
79
79
79
79
79
79
79
79
79
79
79
79
79
79
79
79
79
79
79
79
79
79
79
79
79
79
79
79
79
79
130
148
150
152
154
139
156
140
158
146
160
79
162
162
164
164
162
167
162
169
90
91
92
144
78
175
175
175
175
175
175
175
175
175
175
175
175
175
175
175
175
175
175
175
194
175
196
175
198
198
198
175
202
202
202
184
78
207
207
207
207
207
207
207
207
207
207
207
207
207
207
207
207
207
225
226
227
228
78
229
229
229
229
229
229
229
229
229
229
229
229
229
229
229
229
229
229
229
229
229
229
229
229
229
229
229
229
229
229
229
229
229
229
229
229
229
229
229
229
229
229
229
229
229
229
229
229
229
229
229
229
229
229
229
229
229
229
229
229
229
229
229
229
229
229
229
229
229
229
229
229
229
229
229
229
229
229
229
229
229
229
229
229
229
229
229
229
229
229
229
229
229
229
229
229
229
229
229
229
229
229
229
229
229
229
229
229
229
229
229
229
229
229
229
229
229
229
229
229
229
229
229
229
229
229
229
229
229
229
229
229
229
229
229
229
229
229
229
229
229
229
229
229
229
229
229
229
229
229
229
229
229
229
229
384
384
384
384
384
384
384
384
384
384
384
384
384
384
384
384
384
256
402
263
404
264
406
265
408
296
410
304
412
305
414
307
416
308
418
310
420
312
422
313
424
319
426
330
428
332
430
333
432
337
434
339
436
340
438
342
440
343
442
357
444
446
448
358
450
358
452
454
358
456
359
458
359
460
462
359
464
360
466
360
468
470
360
472
362
474
364
476
365
478
480
366
482
368
484
369
486
370
488
371
490
372
492
373
494
373
496
374
498
375
500
377
502
378
504
379
506
380
508
380
510
381
512
383
514
380
380
19
19
108
20
20
111
111
111
90
90
90
90
90
224
272
272
272
272
272
272
507
29
29
29
265
265
265
300
300
337
349
349
18
18
127
127
110
110
291
291
34
34
34
34
505
505
511
511
485
485
485
383
383
383
383
383
308
308
308
340
340
340
340
243
243
243
309
493
493
248
423
423
9
9
9
9
9
322
322
286
286
287
287
357
128
128
128
263
263
263
445
445
445
445
155
358
358
358
358
358
403
403
403
403
403
403
403
403
403
188
188
188
188
188
188
188
188
188
328
328
347
347
347
41
41
130
130
130
318
318
318
439
439
350
350
377
479
479
479
477
477
477
83
491
491
266
266
266
266
266
266
299
299
320
320
320
320
320
320
320
320
320
320
320
26
26
37
37
245
245
245
12
12
256
256
256
126
126
96
250
250
250
35
35
35
35
35
269
269
269
269
86
86
301
301
277
277
277
277
278
278
278
278
278
278
31
31
31
255
27
326
326
279
279
279
279
353
353
353
253
253
348
348
348
275
275
275
360
360
360
360
360
367
367
367
15
15
100
219
219
331
331
17
17
17
332
332
221
221
453
453
453
149
149
149
260
356
481
293
25
25
268
374
487
487
487
117
441
441
441
513
513
513
85
85
85
461
461
461
483
483
483
290
290
290
314
314
314
475
475
475
335
335
191
191
191
191
281
281
281
281
281
121
121
296
296
324
324
427
427
346
346
346
242
242
147
98
98
282
282
102
267
267
267
267
267
187
187
187
187
187
187
285
33
33
33
33
129
129
129
341
94
307
307
307
497
497
497
489
489
489
411
411
119
119
382
382
382
382
405
405
425
425
186
186
329
329
321
321
419
310
310
310
91
91
91
336
370
370
409
409
184
184
184
184
184
184
184
184
184
184
184
184
184
184
184
241
359
359
359
359
359
359
22
22
28
28
334
334
323
323
323
361
361
361
503
503
218
251
251
251
251
251
216
240
240
240
240
240
306
306
352
352
352
298
298
10
355
355
501
501
264
264
264
220
220
433
449
449
92
92
92
413
88
89
89
89
89
327
327
327
103
443
443
319
319
319
319
319
303
303
21
21
246
246
246
378
378
378
118
39
39
415
276
276
369
369
297
297
297
244
244
11
14
343
343
343
112
294
294
294
38
38
38
183
183
183
183
373
373
373
280
280
280
280
280
379
312
312
249
249
249
249
363
363
363
217
16
16
274
274
274
274
274
274
313
313
381
381
381
381
345
345
368
333
333
465
465
407
407
32
32
32
317
317
317
317
288
288
344
344
344
283
283
431
338
261
261
261
261
261
457
457
104
104
469
469
469
36
36
36
36
36
189
189
273
273
273
273
273
273
138
257
257
421
330
330
254
254
254
254
254
372
289
259
499
499
316
316
316
302
302
205
205
205
417
24
24
30
30
30
473
473
252
252
376
315
315
315
315
315
315
315
23
23
258
258
258
258
258
305
305
305
87
311
311
185
185
185
185
185
185
185
185
185
185
429
380
380
380
146
295
292
271
271
271
271
271
120
325
325
304
304
304
284
284
284
284
284
247
339
262
262
354
354
163
351
351
84
371
144
106
239
176
176
236
180
516
516
171
517
517
206
206
206
76
77
228
