2
3
4
5
6
7
8
9
10
11
12
13
14
15
16
17
18
19
20
21
22
23
24
25
26
27
28
29
30
31
32
33
34
35
36
37
38
39
40
41
42
43
44
46
47
48
49
50
51
52
53
54
55
56
57
58
59
60
61
52
63
65
66
67
69
70
71
72
73
74
75
76
77
78
79
80
81
82
83
84
85
86
87
88
89
90
91
92
93
94
95
96
97
98
99
100
101
102
103
104
105
106
107
108
109
110
111
112
113
114
115
116
117
118
119
120
121
122
123
124
125
126
127
128
129
130
131
132
133
134
135
136
137
138
139
140
141
142
143
144
145
146
147
148
149
150
151
152
153
154
155
156
157
159
160
161
162
163
164
165
166
167
168
169
170
171
172
173
174
175
176
177
178
179
180
181
182
183
184
185
186
187
188
189
190
191
192
193
194
195
196
197
198
199
200
201
202
203
204
205
206
207
208
209
210
211
212
213
214
215
112
198
171
198
171
87
144
106
80
72
87
144
112
97
72
19
29
28
30
10
78
10
93
19
10
10
10
95
100
75
73
77
72
22
10
9
130
77
72
7
80
80
87
144
8
80
78
213
212
27
24
20
6
5
77
112
80
72
193
171
175
182
25
176
22
101
98
87
72
144
143
142
77
72
144
141
105
103
173
174
215
83
80
72
171
211
147
56
55
95
112
176
184
183
185
108
72
7
78
107
198
112
84
136
136
102
80
77
72
56
55
184
183
185
77
23
10
109
72
19
78
213
212
77
85
73
82
80
78
52
77
72
19
77
72
172
104
171
198
77
19
77
80
19
77
81
72
135
77
78
198
206
198
204
198
198
69
54
69
