1
2
2
2
2
2
2
2
2
2
2
2
2
2
2
2
2
2
2
2
2
2
2
2
2
2
2
2
2
2
2
32
2
34
2
36
38
39
40
40
40
40
40
40
40
40
40
40
40
40
40
40
40
40
40
40
40
40
40
40
40
40
40
40
40
40
1
69
69
69
69
69
69
69
69
69
69
69
69
69
69
69
69
69
69
69
69
69
69
69
69
69
69
69
69
69
69
69
69
69
69
69
69
69
69
69
69
69
69
69
69
69
69
69
69
69
69
69
69
69
69
69
69
69
126
69
128
69
130
69
132
69
134
69
136
69
138
69
140
69
142
69
144
69
146
69
148
69
150
69
152
69
154
69
156
69
158
69
160
69
162
69
164
69
166
69
168
69
170
69
172
69
174
69
176
69
178
69
180
69
182
69
184
69
186
69
188
69
190
69
192
69
194
69
196
69
198
198
198
198
69
203
69
205
69
207
69
209
69
211
69
213
69
215
69
217
69
219
69
221
69
223
69
225
69
227
69
229
69
231
69
233
69
235
69
237
69
239
69
241
69
243
69
245
69
247
69
249
69
251
69
253
69
255
257
258
258
258
258
258
258
264
264
264
264
261
270
271
271
271
271
271
271
271
271
271
271
271
271
271
271
271
279
288
289
286
270
291
291
291
291
291
291
291
291
291
291
291
291
291
291
305
305
305
305
291
310
310
310
310
310
279
317
318
1
319
319
319
319
319
319
319
319
319
319
319
319
319
319
319
319
319
319
319
319
319
319
319
319
319
319
319
319
319
319
319
319
319
352
319
354
319
356
319
358
319
360
362
363
16
366
367
367
367
367
367
367
367
367
367
367
378
371
377
1
381
381
381
381
381
381
381
381
381
381
381
381
381
381
381
381
381
381
381
381
381
381
381
381
381
381
381
381
381
381
381
381
381
381
381
381
381
381
381
381
381
381
381
381
381
381
381
381
381
381
381
381
381
381
381
381
381
381
381
381
381
381
381
381
381
381
381
381
381
381
381
381
381
381
381
381
381
381
381
381
381
381
381
381
381
381
381
381
381
381
381
381
381
381
381
381
381
381
381
381
381
381
381
381
381
381
381
381
381
381
381
381
381
381
381
381
381
381
381
381
381
381
381
381
381
381
381
381
381
381
381
381
381
381
381
381
381
381
381
381
381
381
381
381
381
381
381
381
381
381
381
381
381
381
381
381
381
381
381
381
381
381
381
381
381
381
381
381
381
381
381
381
381
381
381
381
381
381
381
381
381
381
381
381
381
381
381
381
381
381
381
381
381
381
381
381
381
381
381
381
381
381
381
381
409
389
588
384
536
536
535
535
539
530
538
537
410
535
546
530
546
540
39
604
604
604
604
604
604
604
604
604
604
604
604
604
604
604
604
618
618
618
618
618
618
618
618
618
630
618
366
632
632
632
632
632
632
632
632
632
632
632
632
632
632
632
632
632
632
650
650
650
650
650
632
656
656
656
656
656
656
656
656
632
665
665
665
665
665
665
665
665
665
665
665
665
665
678
678
678
678
678
678
678
678
678
678
632
689
689
689
689
689
694
694
694
694
694
694
694
372
704
16
706
372
16
16
16
366
711
711
711
711
711
711
711
711
711
711
711
711
711
711
711
711
711
711
711
711
711
711
711
711
711
711
711
711
711
711
711
711
728
745
746
746
371
371
729
727
726
366
752
752
752
752
752
752
752
752
752
752
752
752
752
765
765
765
765
765
765
752
772
772
772
772
772
772
752
779
779
779
779
779
779
779
779
787
787
787
787
787
787
795
796
16
798
372
372
801
16
16
16
257
805
805
805
805
805
805
805
805
805
805
805
805
805
805
805
805
805
805
805
805
805
805
805
828
828
828
828
828
828
828
828
828
828
828
828
828
828
828
825
845
846
846
846
846
846
846
846
846
846
855
855
855
855
855
855
279
684
78
78
78
78
78
78
462
462
462
647
647
647
647
647
397
397
91
91
85
85
85
85
372
515
515
493
493
771
771
771
771
771
425
425
437
437
529
529
529
497
497
717
717
717
717
717
549
549
778
778
778
778
475
475
391
391
412
412
396
396
726
726
726
404
404
105
105
105
105
105
105
105
31
31
31
31
821
108
556
556
664
738
738
738
738
738
738
853
853
853
579
579
653
424
424
729
729
729
527
527
477
477
722
722
722
280
280
280
280
302
302
302
302
302
302
302
302
302
302
483
483
577
577
861
861
861
861
861
861
523
523
539
793
676
676
98
481
481
661
661
661
661
661
661
661
661
661
661
791
279
279
279
279
279
279
279
571
571
476
476
509
509
401
401
816
537
537
461
461
492
492
436
436
547
547
547
99
513
852
852
81
81
482
482
115
122
688
467
495
495
732
735
735
735
735
735
514
514
449
449
723
723
723
723
723
489
489
96
96
554
554
558
558
660
660
660
660
660
660
660
660
660
660
86
86
86
86
503
503
834
524
524
441
441
47
517
517
854
854
854
818
620
395
84
377
377
377
540
281
281
281
281
677
405
405
405
516
516
473
410
662
662
662
442
442
442
786
113
822
822
107
485
485
788
285
285
285
285
285
402
402
402
30
486
92
92
693
572
572
469
469
700
700
499
499
345
345
562
562
351
89
343
343
116
116
116
116
116
116
116
116
538
522
522
720
720
720
720
720
690
18
18
655
655
655
550
550
550
719
386
824
701
715
718
532
532
721
721
721
721
648
648
648
648
648
648
648
94
94
581
581
432
454
454
716
716
716
716
716
683
649
16
16
16
16
16
16
16
16
16
16
16
16
16
16
16
16
16
16
16
16
16
16
16
16
16
414
414
654
654
654
654
654
654
498
498
573
573
448
448
463
463
463
826
403
403
569
569
827
408
408
570
570
506
576
576
680
737
737
737
737
737
104
104
453
453
422
422
580
580
284
284
284
565
565
762
762
762
762
762
762
762
762
762
762
762
762
762
564
564
578
578
472
764
764
263
423
423
375
375
375
733
733
733
733
733
22
22
494
494
494
585
20
124
124
124
339
339
443
443
443
350
763
763
763
763
763
730
730
730
730
730
730
338
338
114
114
421
421
452
452
417
417
727
500
500
23
23
433
433
490
490
504
504
508
533
533
90
466
466
568
568
552
552
552
374
374
374
79
488
488
541
541
384
447
447
415
415
815
312
340
340
393
491
491
507
724
724
724
724
724
536
536
536
574
574
19
19
526
526
584
646
646
646
646
646
646
646
646
646
646
646
646
646
646
97
561
561
478
478
501
501
479
479
450
686
83
83
555
555
416
416
687
112
371
371
371
371
371
464
464
464
484
484
736
736
736
736
736
419
419
342
342
468
87
87
87
87
87
560
560
315
315
315
817
411
411
313
394
409
409
440
534
534
534
792
337
337
337
337
337
337
337
337
337
337
337
337
337
337
337
337
337
337
337
337
337
337
337
337
337
337
337
337
337
337
337
337
337
337
337
337
337
337
337
337
337
337
337
337
407
407
407
435
435
692
692
431
431
445
445
119
459
459
102
82
456
456
103
103
103
103
103
103
103
426
426
80
542
542
734
734
734
734
734
790
725
725
725
725
725
528
528
262
262
344
428
428
457
465
465
465
283
283
283
303
303
303
303
303
303
303
376
376
376
575
575
819
118
118
118
118
118
420
420
544
544
567
567
777
777
777
860
860
860
860
314
341
341
120
120
21
21
21
21
21
455
455
682
563
563
583
510
510
471
471
373
373
373
427
496
496
446
446
446
24
24
618
618
618
618
618
618
618
618
618
618
618
618
618
618
618
519
519
261
261
261
261
261
681
121
418
418
438
438
77
77
77
77
77
77
77
451
451
487
487
728
728
728
545
545
545
531
531
531
789
511
511
530
530
530
470
470
111
111
111
111
502
502
430
430
551
551
346
346
685
109
553
553
460
460
823
823
823
347
347
28
28
679
505
505
582
429
429
444
444
444
282
282
282
282
282
439
300
300
300
300
300
300
300
300
300
400
548
548
398
398
518
518
770
770
557
557
566
566
559
559
88
88
88
88
88
88
88
521
521
831
831
831
525
525
535
535
535
480
480
93
93
546
546
546
731
458
458
520
520
825
825
825
392
413
413
474
474
106
106
512
512
399
406
406
406
117
117
117
434
434
543
543
259
809
776
768
652
814
287
287
287
287
364
364
364
590
592
799
800
800
800
800
800
802
601
803
803
380
804
703
844
844
844
862
862
797
744
629
629
629
629
629
629
629
629
629
629
629
707
707
707
707
707
748
748
708
708
709
600
710
750
631
631
631
631
631
631
631
631
631
631
631
751
621
621
621
749
269
269
705
623
623
623
623
624
624
624
624
625
625
625
625
626
626
626
627
627
627
628
628
