1
2
2
2
2
2
2
2
2
2
2
2
2
2
2
2
19
20
20
20
20
20
20
20
20
20
20
20
20
20
20
20
20
20
20
20
20
20
20
20
20
20
20
20
20
20
20
20
20
20
20
20
20
20
20
20
20
20
20
23
63
56
65
20
67
20
69
69
69
69
69
69
69
69
69
69
69
69
69
69
70
84
48
19
87
87
87
87
87
89
13
13
80
80
80
80
80
80
80
11
53
42
42
42
60
85
85
45
45
45
45
45
45
45
45
45
45
62
62
48
48
48
48
48
48
48
48
48
48
61
61
61
61
61
61
61
61
50
52
54
37
37
37
37
37
37
37
37
57
44
44
44
44
44
44
44
44
44
44
83
83
83
83
56
56
56
56
56
56
56
56
56
56
56
56
51
79
10
10
10
43
43
43
43
43
66
39
39
39
40
40
40
55
55
46
46
46
46
46
46
81
81
81
81
81
38
38
38
38
38
38
38
38
36
82
82
82
82
82
82
82
82
82
58
47
47
47
27
9
26
32
72
25
22
70
34
18
