2
3
4
5
6
7
8
9
10
11
12
13
14
15
16
17
18
19
20
21
22
23
24
25
26
27
28
29
30
31
32
33
34
35
36
37
38
39
40
41
42
43
44
45
46
47
48
49
50
51
52
53
54
55
56
57
58
59
60
61
62
63
64
65
66
67
68
69
70
71
72
11
75
76
77
78
79
80
81
82
83
84
85
86
87
88
89
90
91
92
93
94
95
96
97
98
99
100
101
102
103
104
105
106
107
108
109
110
111
112
113
114
115
116
117
118
119
120
121
122
123
124
125
126
127
128
129
130
131
132
133
134
112
117
136
137
138
139
141
142
143
144
145
146
147
148
149
150
151
152
153
154
155
156
157
158
159
160
161
162
163
164
165
166
167
168
169
170
171
172
173
174
175
176
177
178
179
180
181
182
183
184
185
186
187
188
189
190
191
192
193
194
195
196
197
198
199
200
201
202
203
204
205
206
207
208
209
210
211
212
213
214
215
216
217
218
219
220
221
222
223
224
225
226
227
228
230
231
232
233
234
235
236
237
238
239
240
241
242
243
244
245
246
247
248
249
250
251
252
253
254
255
256
247
254
260
261
262
263
264
265
266
267
268
269
270
271
272
273
274
275
276
277
278
279
280
281
282
283
284
285
286
287
288
289
290
291
292
293
294
288
296
297
298
299
300
283
203
201
164
207
200
202
212
210
211
208
207
209
87
82
81
121
80
123
124
83
122
79
120
84
119
6
7
43
25
178
42
36
38
37
35
46
159
165
193
192
144
210
211
207
209
191
99
101
100
264
265
261
178
284
31
6
7
87
82
81
109
110
80
83
79
113
86
84
85
107
98
202
262
114
110
108
122
98
264
265
261
72
46
70
43
190
182
153
87
81
80
79
151
143
202
206
143
152
61
190
187
184
44
25
99
101
100
179
144
147
87
91
82
109
112
80
79
111
81
110
83
113
86
84
85
107
98
214
214
189
190
145
144
146
141
245
64
48
27
43
2
45
284
162
144
190
180
150
149
185
161
144
60
56
57
58
199
163
212
211
209
198
182
190
98
164
144
211
209
87
82
81
247
244
80
248
83
79
84
245
246
243
163
197
210
208
196
263
270
190
264
265
261
179
144
146
147
235
234
99
101
100
98
124
263
264
268
265
270
261
123
284
245
40
50
26
27
29
163
212
144
210
211
209
37
35
263
266
262
268
270
269
261
267
87
82
81
109
110
80
83
79
113
86
84
85
107
98
41
26
28
45
218
166
214
120
64
62
190
235
234
27
46
62
2
32
6
6
7
43
25
192
284
246
12
33
114
112
108
183
60
56
46
57
58
43
244
179
144
146
247
41
26
6
5
36
87
88
82
81
244
80
248
83
79
84
245
246
243
193
192
114
108
111
87
88
82
247
244
248
83
243
202
49
27
6
2
25
263
262
266
264
265
270
269
261
267
114
108
113
168
167
214
165
206
216
215
160
190
151
206
169
216
215
206
206
46
44
45
25
178
33
6
121
284
31
6
2
2
248
32
6
87
88
82
247
244
248
83
246
243
178
36
38
214
214
263
267
46
179
144
64
109
51
27
6
99
101
100
41
40
50
26
27
29
34
34
98
43
25
98
98
2
43
25
233
43
25
25
98
122
119
98
87
87
