1
2
2
2
2
2
2
2
2
2
2
2
2
2
2
2
2
2
2
2
2
2
2
2
2
2
2
2
2
2
2
2
2
2
2
2
2
2
2
2
2
2
2
2
2
2
2
2
2
2
2
2
2
2
2
2
2
2
2
61
62
62
62
62
62
62
62
62
62
62
62
62
62
62
62
77
77
77
77
77
70
70
70
61
88
88
88
88
88
88
88
88
88
88
88
88
101
102
103
1
104
104
104
104
104
104
104
104
104
104
104
104
104
104
104
104
104
104
104
104
104
104
104
104
104
104
104
104
104
104
104
104
104
104
104
104
104
104
104
104
104
104
104
104
104
104
104
104
104
104
104
104
104
104
104
104
104
104
104
104
104
104
104
104
104
104
104
104
104
104
104
104
104
104
104
104
104
104
104
104
104
104
104
104
104
104
104
104
104
104
104
104
104
104
104
104
104
104
104
104
104
104
104
104
104
104
104
104
104
104
104
104
104
104
104
104
104
104
104
104
104
104
104
104
104
104
104
104
104
104
104
104
104
104
104
104
104
104
104
104
104
104
104
104
104
104
104
104
104
104
104
104
104
104
104
104
104
104
104
104
104
104
104
104
104
104
104
104
104
104
104
61
276
276
276
276
276
276
276
276
276
276
276
276
276
289
289
1
292
292
292
292
292
292
292
292
292
292
292
292
292
292
292
292
292
292
292
292
292
292
292
292
292
292
292
292
292
292
292
292
292
292
292
292
292
292
292
292
292
292
292
292
292
292
292
292
292
292
292
292
292
292
292
292
292
292
292
292
292
292
1
355
355
355
355
355
355
355
355
355
355
355
355
355
355
355
355
355
355
355
355
355
355
355
355
355
355
355
355
355
355
355
355
355
355
355
355
355
355
355
355
355
355
355
355
355
355
355
355
355
355
355
355
356
408
61
410
410
410
410
410
410
410
410
410
410
410
410
423
424
425
61
426
426
426
426
426
426
426
426
426
426
426
426
426
426
426
426
426
426
426
426
426
426
426
426
426
426
426
426
426
426
426
426
426
426
426
426
463
464
465
466
61
467
467
467
467
467
467
467
467
467
467
467
467
467
467
467
467
467
467
467
467
467
467
467
467
492
493
494
495
495
495
495
495
495
495
495
495
495
495
495
495
495
495
495
495
495
495
495
495
495
495
495
495
495
495
495
495
495
495
495
495
495
495
495
495
495
495
495
495
495
495
495
495
495
495
543
544
544
544
545
545
545
545
545
1
553
553
553
553
553
553
553
553
553
553
553
553
553
553
553
553
553
553
553
553
553
553
553
553
553
553
553
553
553
553
553
553
553
553
553
553
553
553
553
553
553
553
553
553
553
553
553
553
553
553
553
553
553
553
553
553
553
553
553
553
553
553
553
553
553
553
553
553
553
553
553
553
553
553
553
553
553
553
553
553
553
553
553
553
553
553
553
553
553
553
553
553
553
553
553
553
553
553
553
553
553
553
553
553
553
553
553
553
553
553
553
553
553
553
553
553
553
553
553
553
553
553
553
553
553
553
553
553
553
553
553
553
553
553
553
553
553
553
553
553
553
553
553
553
553
553
553
553
553
553
553
553
553
553
553
553
553
553
553
553
553
553
553
553
553
553
553
553
553
553
553
553
553
553
553
553
553
553
553
553
553
553
61
736
736
736
736
76
61
742
742
742
742
742
742
742
742
742
742
749
750
750
1
756
756
756
756
756
756
756
756
756
756
756
756
756
756
756
756
756
756
756
756
756
756
756
756
756
756
756
756
756
756
756
756
756
756
756
756
756
756
756
756
756
756
756
756
756
756
756
756
756
756
756
756
756
756
756
756
756
756
756
756
756
756
756
756
756
756
756
756
756
756
756
756
756
756
756
756
756
756
756
756
756
756
756
756
756
756
756
756
756
756
756
756
756
756
756
756
756
756
756
756
756
756
756
756
756
756
756
756
756
756
756
756
756
756
756
756
756
756
756
756
756
756
756
756
756
756
756
756
756
756
756
756
756
756
756
756
756
756
756
756
756
756
756
756
756
756
756
756
756
756
756
756
756
756
756
756
756
756
756
756
756
756
756
756
756
756
923
924
925
1
926
926
926
926
926
926
926
926
926
926
926
926
926
926
926
926
926
926
926
926
926
926
926
926
926
926
926
926
926
926
926
926
926
926
926
926
926
926
926
926
926
926
926
926
926
926
926
926
926
926
926
927
978
61
980
980
980
980
980
984
985
61
988
988
988
988
988
993
993
993
993
998
999
999
999
999
999
999
999
999
999
999
999
999
999
999
999
999
999
999
999
999
999
999
999
999
999
999
999
999
999
999
999
999
999
999
999
999
999
999
999
999
999
999
999
999
999
999
999
999
999
999
999
999
999
999
999
999
999
999
999
999
999
999
999
999
999
999
999
999
999
999
999
999
999
999
999
999
999
999
999
999
999
999
999
999
999
999
999
999
999
999
999
999
999
999
999
999
999
999
999
999
999
1100
1100
1100
1100
1100
61
1106
1106
1106
1106
1106
1106
1106
1106
1106
1106
1106
1118
30
251
1121
1
1122
1122
1122
1122
1122
1122
1122
1122
1122
1122
1122
1122
1122
1122
1122
1122
1122
1122
1122
1122
1122
1122
1122
1122
1122
1122
1122
1122
1122
1122
1122
1122
1122
1122
1122
1122
1122
1122
1122
1122
1122
1122
1122
1122
1122
1122
1122
1122
1122
1122
1122
1122
1122
1122
1122
1122
1122
1122
1122
1122
1122
1122
1122
1122
1122
1122
1122
1189
1189
1189
1189
1189
1
1195
1195
1195
1195
1195
1195
1195
1195
1195
1195
1195
1195
1195
1195
1195
1195
1195
1195
1195
1195
1195
1195
1195
1195
1195
1195
1195
1195
1195
1195
1195
1195
1195
1195
1195
1195
1195
1195
1195
1195
1195
1195
1195
1195
1195
1195
1195
1195
1195
1195
1195
1195
1195
1195
1195
1195
1195
1195
1195
1195
1195
1195
1195
1195
1195
1195
1195
1195
1195
1195
1195
1195
1195
1195
1195
1195
1195
1195
1195
1195
1195
1195
1195
1195
1195
1195
1195
1195
1195
1195
1195
1195
1195
1195
1195
1195
1195
1195
1195
1195
1195
1195
1195
1195
1195
1195
1195
1195
1195
1195
1195
1195
1195
1195
1195
1195
1195
1195
1195
1195
1195
1195
1195
1195
1195
1195
1195
1195
1195
1195
1195
1195
1195
1195
1195
1195
1195
1195
1195
1195
1195
1195
1195
1195
1195
1195
1195
1195
1195
1195
1195
1195
1195
1195
1195
1195
1195
1195
1195
1195
1195
1195
1195
1195
1195
1195
1195
1195
1195
1195
1195
1195
1195
1195
1195
1195
1195
1195
1195
1195
1195
61
1377
1377
1377
1377
76
1
1383
1383
1383
1383
1383
1383
1383
1383
1383
1383
1383
1383
1383
1383
1383
1383
1383
1383
1383
1383
1383
1383
1383
1383
1383
1383
1383
1383
1383
1383
1383
1383
1383
1383
1383
1383
1383
1383
1383
1383
1383
1383
1383
1383
1383
1383
1383
1383
1383
1383
1383
1383
1383
1383
1383
1383
1383
1383
1383
1383
1383
1383
1383
1447
1448
1448
1448
1448
1448
1448
1448
1448
1448
1448
1448
1448
1448
1448
1448
1448
1448
1448
1448
1448
1448
1448
1448
1448
1448
1448
1448
1448
1448
1448
1448
1448
1448
1448
1448
1448
1448
1448
1448
1448
1448
1448
1448
1448
1448
1448
1448
1448
1448
1448
1448
1448
1448
1448
1448
1448
1448
1448
1448
1448
1448
1448
1448
1448
1448
1448
1448
1448
1448
1448
1448
1448
1448
1448
1448
1448
1448
1448
1448
1448
1448
1448
1448
1448
1448
1448
1448
1448
1448
1448
1448
1448
1448
1448
1448
1448
1448
1448
1448
1448
1448
1448
1448
1448
1448
1448
1448
1448
1448
1448
1448
1448
1448
1448
1448
1448
1448
1448
1448
1448
1448
1448
1448
1448
1448
1448
1448
1448
1448
1448
1448
1448
1448
1448
1448
1448
1448
1448
1448
1448
1448
1448
1448
1448
1448
1448
1448
1448
1448
1448
1448
1448
1448
1448
1448
1448
1448
1448
1448
1448
1448
1448
1448
1448
1448
1448
1448
1448
1448
1448
1448
1448
1448
1448
1448
1448
1448
1448
1448
1448
1448
1448
1
1631
1631
1631
1631
1631
1631
1631
1631
1631
1631
1631
1631
1631
1631
1631
1631
1631
1631
1631
1631
1631
1631
1631
1631
1631
1631
1631
1631
1631
1631
1631
1631
1631
1631
1631
1631
1631
1631
1631
1631
1631
1631
1631
1631
1631
1631
1631
1631
1631
1631
1631
1631
1631
1631
1631
1
1687
1687
1687
1687
1687
1687
1687
1687
1687
1687
1687
1687
1687
1687
1687
1687
1687
1687
1687
1687
1687
1687
1687
1687
1687
1687
1687
1687
1687
1687
1687
1687
1687
1687
1687
1687
1687
1687
1687
1687
1687
1687
1687
1687
1687
1687
1687
1687
1687
1687
1687
1687
1687
1687
1687
1687
1687
1687
1687
1687
1687
1687
1687
1687
1687
1687
1687
1687
1687
1687
1687
1687
1687
1687
1
1762
1762
1762
1762
1762
1762
1762
1762
1762
1762
1762
1762
1762
1762
1762
1762
1762
1762
1762
1762
1762
1762
1762
1762
1762
1762
1762
1762
1762
1762
1762
1762
1762
1762
1762
1762
1762
1762
1762
1762
1762
1762
1762
1762
1762
1762
1762
1762
1762
1762
1762
1762
1762
1762
1762
1762
1762
1762
1762
1762
1762
1762
1762
1762
1762
1762
1762
1762
1762
1762
1762
1762
1762
1762
1762
1762
1762
1762
1762
1762
1762
1762
1762
1762
1762
1762
1762
1762
1762
1762
1762
1762
1762
1762
1762
1762
1762
1762
1762
1762
1762
1762
1762
1762
1762
1762
1762
1762
1762
1762
1762
1762
1762
1762
1762
1762
1762
1762
1762
1762
1762
1762
1762
1762
1762
1762
1762
1762
1762
1762
1762
1762
1762
1762
1762
1762
1762
1762
1762
1762
1762
1762
1762
1762
1762
1762
1762
1909
1909
1909
1909
1909
1909
1762
1916
1916
1916
1916
1916
61
1922
1922
1922
1922
1922
1922
1922
1922
1922
1922
1922
30
251
1936
1937
1
1938
1938
1938
1938
1938
1938
1938
1938
1938
1938
1938
1938
1938
1938
1938
1938
1938
1938
1938
1938
1938
1938
1938
1938
1938
1938
1938
1938
1938
1938
1938
1938
1938
1938
1938
1938
1938
1938
1938
1938
1938
1938
1938
1938
1938
1938
1938
1938
1938
1938
1938
1938
1938
1938
1938
1938
1938
1938
1938
1938
1938
1938
1938
1938
1938
1938
1938
1938
1938
1938
1938
1938
1938
1938
1938
1938
1938
1938
1938
1938
1938
1938
1938
1938
1938
1938
1938
1938
1938
1938
1938
1938
1938
1938
1938
1938
1938
1938
1938
1938
1938
1938
1938
1938
1938
1938
1938
1938
1938
1938
1938
1938
1938
1938
1938
1938
1938
1938
1938
1938
1938
1938
1938
1938
1938
1938
1938
1938
1938
1938
1938
1938
1938
1938
1938
1938
1938
1938
1938
1938
1938
1938
1938
1938
1938
1938
1938
1938
1938
1938
1938
1938
1938
1938
1938
1938
1938
1938
1938
1938
1938
1938
1938
1938
1938
1938
1938
1938
1938
1938
1938
1938
494
2111
2111
2111
2111
2111
2111
2111
2111
2111
2111
2111
2111
2111
2111
2111
2111
2111
2111
2111
2111
2111
2111
2111
2111
2111
2111
2111
2111
2111
2140
2140
2140
2140
2111
2145
2145
2145
1
2149
2149
2149
2149
2149
2149
2149
2149
2149
2149
2149
2149
2149
2149
2149
2149
2149
2149
2149
2149
2149
2149
2149
2149
2149
2149
2149
2149
2149
2149
2149
2149
2149
2149
2149
2149
2149
2149
2149
2149
2149
2149
2149
2149
2149
2149
2149
2149
2149
2149
2149
2149
2149
2149
2149
2149
2149
2149
2149
2149
2149
2149
2149
2149
2149
2149
2149
2149
2149
2149
2149
2149
2149
2149
2149
2149
2149
2149
2149
2149
2149
2149
2149
2149
2149
2149
2149
2149
2149
2149
2149
2149
2149
2149
2149
2149
2149
2149
2149
2149
2149
2149
2149
2149
2149
2149
2149
2149
2149
2149
2149
2149
2149
2149
2149
2149
2149
2149
2149
2149
2149
2149
2149
2149
2149
2149
2149
2149
2149
2149
2149
2149
2149
2149
2149
2149
2149
2149
2149
2149
2149
2149
2149
2149
2149
2149
2149
2149
2149
2149
2149
2149
2149
2149
2149
2149
2149
2149
2149
2149
2149
2149
2149
2149
2149
2149
2149
2149
2149
2149
2149
2149
2149
2149
2149
2149
2149
2149
2149
2149
2149
2149
2149
2149
2149
2149
2149
2149
2149
2149
2149
2149
2149
2149
2149
2149
2149
2149
2149
2149
2149
2149
2149
2149
2149
2149
2149
2149
2149
2149
2149
2149
2149
2149
2149
2149
2149
2149
2149
2149
2149
2149
2149
2149
2149
2149
2149
2149
2149
2149
2149
2149
2149
2149
2149
2149
2149
2149
2149
2149
2149
2149
2149
2149
2149
2149
2149
2149
2149
2149
2149
2149
2149
2149
2149
2149
2149
2149
2149
2149
2149
2149
2149
2149
2149
2149
2149
2149
2149
2149
2149
2149
2149
2149
2149
2149
2282
2426
2426
2283
2429
2429
2284
2432
2432
2289
2435
2292
2437
2295
2439
2425
2441
2443
2149
2445
2445
2445
2445
2445
2445
2445
2445
2445
2445
2445
2149
2457
2457
2457
2457
2457
2149
2463
2463
2463
2463
2463
2149
2469
1
2471
2471
2471
2471
2471
2471
2471
2471
2471
2471
2471
2471
2471
2471
2471
2471
2471
2471
2471
2471
2471
2471
2471
2471
2471
2471
2471
2471
2471
2471
2471
2471
2471
2471
2471
2471
2471
2471
2471
2471
2471
2471
2471
2471
2471
2471
2471
2471
2471
2471
2471
2471
2471
2471
2471
2471
2471
2471
2471
2471
2471
2471
2471
2471
2471
61
2537
2537
2537
2537
2537
2543
2541
1
2545
2545
2545
2545
2545
2545
2545
2545
2545
2545
2545
2545
2545
2545
2545
2545
2545
2545
2545
2545
2545
2545
2545
2545
2545
2545
2545
2545
2545
2545
2545
2545
2545
2545
2545
2545
2545
2545
2545
2545
2545
2545
2545
2545
2545
2545
2545
2545
2545
2545
2545
2545
2545
2599
2600
2600
2600
2600
2600
2600
2600
2600
2600
2600
2600
2600
2600
2600
2600
2600
2600
2600
2600
2600
2600
2600
2600
2600
2600
2600
2600
2600
2600
2600
2600
2600
2600
2600
2600
2600
2600
2600
2600
2600
2600
2600
2600
2600
2644
2644
2644
2644
2608
2649
2609
2651
2632
2653
2635
2655
2641
2657
2600
2659
2661
1
2662
2662
2662
2662
2662
2662
2662
2662
2662
2662
2662
2662
2662
2662
2662
2662
2662
2662
2662
2662
2662
2662
2662
2662
2662
2662
2662
2662
2662
2662
2662
2662
2662
2662
2662
2662
2662
2662
2662
2662
2662
2662
2662
2662
2662
2663
2708
1938
88
553
410
1448
1106
736
104
426
1195
1377
1922
701
701
701
701
1576
1576
469
475
1381
2080
2080
2160
2160
2160
23
23
1590
1590
678
678
678
678
726
1848
1848
1848
409
1021
1039
1812
1812
1812
1812
1812
1812
1812
1812
2043
2043
2043
2043
2498
2498
676
676
676
676
676
676
2015
2015
2015
382
590
590
590
590
590
590
590
1609
1609
1363
1363
512
178
178
178
178
1030
1352
1352
251
251
251
669
52
52
52
1077
2590
2590
2590
2189
2189
2189
917
1619
1619
1619
2053
2053
2053
2052
2052
2052
2372
2372
566
2578
2578
2578
1761
2268
2268
2268
2268
2268
2268
2268
2268
2268
2268
2268
2268
215
215
1473
1473
1473
1473
965
965
2039
615
615
1230
1622
2634
1878
1878
881
881
1557
1557
521
605
605
1866
1866
2234
2234
2234
2234
2234
2234
2234
2234
2234
2234
2234
2234
2234
2234
2234
2530
2530
2231
2231
2231
2231
2231
2231
2231
2231
2231
2231
2231
2231
2231
2231
2231
2345
2345
219
219
219
221
221
221
229
229
229
2291
1115
2549
2549
2549
2549
2549
2549
2493
17
17
768
572
572
572
1930
1930
1786
700
700
700
700
700
2532
112
112
446
2658
1261
1949
1949
33
33
33
338
338
1328
1328
1328
1491
1491
1491
979
2397
2397
1851
1851
1851
1851
1851
1851
1851
1851
1851
1851
1851
708
708
708
1962
1962
1962
2640
2640
2640
2640
182
182
182
1306
1306
1306
1311
1343
1526
1526
1526
1526
2301
2301
950
950
1551
1551
1551
93
93
255
255
1701
2025
2025
11
11
176
176
176
739
739
739
739
739
739
2004
2004
2004
1647
1332
1270
1808
1808
1808
1808
1808
1808
1808
1808
460
1800
1846
1846
1846
1846
1846
1846
375
375
1837
1837
1837
1837
1837
1837
1837
1837
1837
1837
2260
2260
2260
2260
2260
2260
2260
2260
2260
2260
2260
2260
2260
2260
49
49
49
1882
1890
861
1879
1879
1942
2067
2067
2067
2067
2222
2222
2222
2222
2222
2222
2222
2222
2222
2222
2222
576
576
2293
1582
1582
2155
2478
2478
508
508
508
508
508
508
508
508
508
322
1648
2313
2313
1738
2512
871
1601
1601
1601
1863
809
1548
1548
1548
1514
1514
1514
1514
1638
2382
2382
366
1541
1541
1541
406
1853
1853
1853
1853
1853
1853
1853
1853
1853
1853
1853
129
129
129
381
2383
2383
2354
2354
654
654
654
1823
473
1635
1635
256
256
451
451
653
2694
450
2315
2315
28
28
288
288
288
288
483
2428
697
697
697
697
2526
2582
2582
2582
684
684
684
684
684
781
680
680
680
680
46
46
46
206
206
206
1904
1570
1570
1155
1749
481
205
205
1388
1388
1953
1953
1953
307
1424
1424
1424
2036
2036
74
74
287
287
580
580
1209
271
271
2037
2037
284
284
284
284
1421
1421
1421
2364
2364
2424
2424
2424
2424
1891
2497
2497
193
193
1038
2594
2594
2594
1831
1831
1831
1831
1831
1831
1831
1831
117
117
1817
1817
1817
1817
1817
1817
1817
1817
1817
1445
1445
2307
2307
1996
1996
1996
2401
2401
2411
2411
1092
1092
1092
1085
1085
2490
2490
1814
1814
1814
1814
1814
1814
1814
1814
1700
1700
1700
1700
1700
1673
1217
1217
330
313
2217
2217
2217
2217
2217
2217
2217
2217
1156
1281
1281
223
223
223
1959
1959
180
180
180
302
2378
2378
2184
2184
983
983
983
983
2586
2586
2586
2586
2586
1616
1616
2255
2255
2255
2255
2255
2255
2255
2255
2255
2255
2255
2255
2255
2255
51
51
51
2177
2177
2177
2476
2621
1494
1494
1494
1998
1998
1314
2068
2068
2068
437
437
437
1859
2701
174
174
174
1229
2221
2221
2221
2221
2221
2221
2221
2221
2221
2221
2221
1256
1256
306
306
306
306
306
1708
1784
1784
1784
1784
1784
1784
1784
1784
1784
1784
819
1401
235
235
235
1775
1775
1775
1775
1775
283
2336
2336
1022
2300
2300
1342
1041
1041
1312
1312
944
944
2377
2377
730
2269
2269
2269
2269
611
611
2676
2676
2676
2676
2676
2676
2676
2676
2676
2676
2676
1732
1877
1877
1926
1926
140
140
657
675
675
675
675
19
19
1776
1776
1776
1776
1776
1852
1852
1852
1852
1852
1852
1852
1852
1852
1852
1852
1793
1793
2256
2256
2256
2256
2256
2256
2256
2256
2256
2256
2256
2256
2256
2256
2256
1529
1529
1529
2176
2176
195
195
1951
1951
1951
2350
2350
2350
2138
2138
2138
1915
2540
2540
2540
2560
2560
2560
2563
2563
2563
1158
458
1409
2565
2565
2565
699
699
699
699
699
699
1561
1561
1561
696
696
1518
1518
1518
1518
672
672
672
672
343
348
2243
2243
2243
2243
2243
2243
2243
2243
2243
2243
2243
2243
2243
108
108
1739
1429
1429
2193
2193
2381
2381
2381
405
2179
2179
2179
1614
1614
2171
2171
2171
2187
2187
2187
59
59
648
648
648
648
1611
1611
1018
2166
2166
2166
2166
24
24
269
269
269
2014
2014
2014
2014
2325
2325
1560
1560
1833
1833
1833
1833
1833
1833
1833
1833
806
806
367
1423
1423
1423
1502
1502
1502
1485
1485
1485
1753
1753
246
246
1563
1563
1563
2106
200
200
740
1302
1302
1084
184
184
519
2491
2491
2491
362
362
1670
1672
2483
2483
2483
2310
2310
2316
2316
396
396
609
609
1350
1350
2562
2562
2562
349
349
261
261
385
1693
1693
2340
2340
2572
2572
2572
2572
2019
2019
300
300
300
2312
2312
275
862
167
167
167
511
2504
365
1400
107
107
211
211
211
2298
2298
2298
2351
2351
1710
868
1148
1304
1304
1304
1304
2367
2367
1864
2017
2017
2017
43
43
43
53
53
252
252
1779
1779
1779
1779
1779
1779
1779
1779
1779
1779
1653
1653
1653
72
32
32
32
32
392
392
158
158
158
158
2200
1694
1694
1694
1480
1480
1480
1308
1308
671
671
671
671
671
671
1316
118
118
118
268
268
268
1972
1972
2212
2373
2373
2001
2001
2001
2440
2440
2440
2440
2440
164
164
164
1329
1329
1595
1595
984
984
984
1564
1844
1844
1844
1602
1602
1602
1770
1770
1770
1770
1770
2338
2338
1964
1964
1964
289
289
289
289
289
2333
2333
1108
1108
1432
1432
2100
2556
2556
1266
1947
1947
1947
2267
2267
2267
2267
2267
2267
2267
2267
2267
2267
2267
2267
2267
1558
1558
2009
2009
1885
1903
2346
2346
689
689
689
689
689
1305
1305
1305
438
2192
2192
2192
1559
1559
2229
1624
1624
591
591
591
591
591
683
683
683
683
683
2595
352
1967
1967
1967
2024
2024
1677
1677
1677
1677
1677
1871
2482
1094
471
1263
2577
2577
2577
2174
2174
784
1168
1168
1168
1168
1168
1168
1168
1168
2088
2088
2088
1271
285
285
285
285
285
299
299
299
2319
2319
2639
2639
2639
2639
2639
2639
2639
2224
818
1478
1478
1478
963
963
963
963
963
963
963
963
963
963
963
1460
1460
2450
40
40
40
1640
518
1422
1422
1604
2696
217
217
217
2132
2132
2132
31
31
31
2064
2064
1346
1346
2335
2335
479
1668
2065
2065
2065
2065
1646
1187
1187
445
445
2454
331
415
415
1503
1503
1503
325
325
1669
1669
1669
1975
1975
2208
2208
2208
2208
2208
2208
2208
2208
1858
196
196
520
486
2012
2012
2012
2012
2412
2412
1471
1471
142
142
1834
1834
1834
1834
1834
1834
1834
1834
1437
1437
1463
1463
693
693
2096
2096
528
528
528
75
2232
2292
2292
2292
2292
729
2365
2365
709
709
709
1925
1925
1546
1546
1546
347
347
523
523
523
523
523
523
523
523
651
651
651
1171
1171
1171
1171
1171
1171
1171
1171
1795
1795
863
2295
2295
2295
2295
2236
455
455
670
1073
1073
1697
1697
1697
1697
1697
1116
1116
1116
1116
1116
1116
1486
1486
1486
1398
1398
1803
335
1309
1309
1883
2078
2078
766
1212
1212
1212
1212
1212
1214
1214
318
106
106
60
60
1531
516
516
516
516
516
516
516
516
516
1847
1847
1847
1847
2157
2157
2157
2157
2157
1427
214
214
214
1713
71
686
686
686
686
686
2417
2417
2417
2421
2421
2421
2421
2421
1665
1274
1274
1274
1651
1651
1651
1651
1651
1651
1651
1651
1651
1651
1651
2245
2245
2245
2245
2245
2245
2245
2245
2245
266
266
1983
1983
1719
758
1860
2400
2400
1623
1623
1807
1807
1807
1807
1807
1881
614
2069
2069
2069
2525
1900
1671
1671
2194
2194
2194
1824
1824
1824
1824
1824
1824
1824
1824
2207
1955
1955
377
377
96
1159
110
110
110
1901
2248
2248
2248
2248
2248
2248
2248
2248
2248
2633
2633
581
581
581
127
127
127
400
1317
1357
2054
2054
2054
2309
2309
209
209
209
209
667
667
667
2211
2211
2211
2211
2211
2211
2211
2211
2283
2283
2283
2283
2283
694
694
1554
1554
1554
1945
1945
2008
2008
2008
2344
2344
2566
2566
2566
1089
1089
262
262
2161
2161
2161
2161
1589
1741
1567
1567
1676
1676
38
38
350
1586
1586
1586
1431
1431
222
222
222
2083
2083
2083
2083
2083
1420
1420
1420
1420
417
15
15
1521
1521
1521
1521
395
2058
2058
2058
2495
627
627
704
704
704
704
136
136
1802
2204
526
526
526
526
526
526
1533
1533
1533
1533
1711
2201
578
578
1712
1966
1966
1966
1060
2627
1172
1172
1172
1172
1172
1172
1172
1172
1172
1172
2477
2477
2203
2266
2266
2266
2266
2266
2266
2266
2266
2266
1788
1788
1788
1788
1788
1788
1788
1324
763
114
114
114
224
224
224
1552
1552
1552
1600
1600
1600
30
30
30
351
351
351
21
21
2387
2387
2584
2584
2584
885
1805
1805
1425
1828
1828
1828
1828
1828
1828
1828
1828
1828
747
747
747
747
747
747
1562
1562
1562
2289
2289
2289
2289
2035
633
633
633
703
703
703
703
703
703
703
2263
2263
2263
2263
2263
2263
2263
2263
2263
2263
2263
2263
2263
2263
2263
2263
2263
2535
1505
1505
1505
137
137
1873
1873
1578
1578
131
131
131
2637
9
9
248
248
248
132
132
132
2063
2063
1861
1510
1510
1510
1510
20
20
56
56
1538
1538
1538
2585
2585
2585
2585
1504
1504
1504
1442
2042
2042
2042
2042
2042
880
880
1973
1973
2370
2370
1397
1508
1508
1508
250
250
250
1358
1358
2135
2135
2135
1226
264
264
1897
682
682
153
153
2379
2379
353
1725
1725
2451
2451
874
1426
1426
2509
192
192
1434
1434
719
719
719
719
810
2527
2527
1781
1781
1781
1781
1781
1597
1597
2057
2057
2057
1782
1782
1782
1782
2542
635
635
635
725
725
725
725
725
725
1960
1960
170
170
170
2394
2394
2359
2359
545
545
545
545
613
2082
2082
2082
2082
2082
2520
198
198
1735
1730
2084
2084
2084
2084
2084
442
2506
1483
1483
2168
2168
2431
2311
2311
2209
2361
2361
1135
1280
2290
2531
2524
2524
2294
2475
2643
2643
2643
2643
2643
2643
461
1787
1787
1787
1787
1787
2589
2589
2589
1809
1809
1809
1809
1809
1809
1809
1809
1650
2597
2597
2597
2597
1865
1462
1462
2206
724
22
22
172
172
172
2664
2664
2664
1277
1277
1989
565
1826
1165
1165
1165
1165
1165
1165
1165
1165
1338
938
2479
2033
2033
751
751
751
751
751
751
374
374
374
869
1254
1254
1254
2118
2118
1477
1477
2178
2178
1544
1544
1544
26
26
2186
2186
2186
190
190
2420
2050
2050
1527
1527
706
706
706
706
1606
1606
622
622
695
695
695
695
695
663
663
663
746
1319
143
143
1780
1780
1780
1780
2284
2284
2284
2284
2284
1969
1969
1969
1307
1307
732
732
732
1264
1507
1507
1507
1507
391
391
391
2097
2097
2558
2558
2558
109
109
832
36
36
1830
1830
1830
1830
1830
1830
1830
1830
952
1438
1438
2343
2343
2555
258
258
2183
2183
2183
650
650
650
650
650
2126
2126
2126
2126
92
1509
1509
1509
187
187
165
165
165
2196
2196
2196
2196
2196
2196
593
593
1652
1652
1842
1842
1842
91
2598
947
947
35
35
35
507
507
507
507
507
507
507
507
507
705
2235
1568
1568
873
1737
1737
303
303
303
303
303
303
303
1368
677
677
677
677
677
2125
2125
2125
2125
186
186
1056
169
169
169
585
585
585
585
585
585
659
1988
2085
2085
2085
2085
2085
835
2423
2079
2079
2302
2302
2299
2299
2299
1441
1441
2167
2167
2167
2167
2167
1681
2326
2326
1223
867
2074
2074
316
1330
1330
2697
2697
2697
1718
1626
1626
1626
5
5
2374
2374
1439
1439
2021
2021
579
579
1481
1481
1481
1481
1057
721
721
825
1580
1580
145
145
1257
1257
1699
1275
1275
1275
1804
1804
1804
1804
1605
1605
2318
2318
2571
2571
2571
2571
2533
2533
2533
2533
1095
1074
1074
1836
1836
1836
1836
1836
1836
1836
1836
1836
1550
1550
1550
1581
1581
1581
1581
7
7
1098
1098
1098
857
1946
1946
1736
1954
1954
1954
2581
2581
2581
571
571
571
571
2660
1482
1482
1482
1482
829
829
1577
1577
769
956
12
12
1637
2508
245
245
1742
1337
2214
2214
2214
2214
2214
2214
2214
2214
317
779
115
115
2059
2059
2059
378
378
1840
1840
1840
1840
2628
2631
1990
2296
2296
2296
2296
1114
1114
128
128
128
2070
2070
2070
333
1976
125
125
748
748
748
748
748
748
1325
656
993
993
993
993
993
993
993
1566
204
204
2254
2254
2254
2254
2254
2254
2254
2254
2254
2254
2254
2254
2254
2254
25
25
324
324
2094
2094
2077
2077
2342
2342
48
48
2022
2022
2278
2278
2278
2278
1326
1326
1385
1385
1385
1385
1385
1649
2422
2510
2580
2580
2580
197
197
2396
2396
233
233
233
2251
2251
2251
2251
2251
2251
2251
2251
2251
2251
2251
1458
1980
485
1334
1334
2349
2349
587
587
1023
380
662
662
662
139
139
70
70
70
70
70
70
70
70
70
70
70
70
70
70
70
70
70
2122
2122
1987
1987
808
808
1418
1418
1418
1680
2049
2049
2049
1958
1958
384
2093
2093
692
692
1252
1252
1252
1252
1347
1850
1850
1850
1850
1850
1850
1850
1850
1850
1850
584
584
584
207
207
207
6
6
2485
644
644
644
922
589
589
589
589
589
1777
1777
1777
1777
1777
1540
1540
1540
2362
2362
2197
230
230
230
230
272
272
2027
539
1369
1585
1461
2287
47
47
394
817
1615
1615
177
177
177
177
807
807
506
506
393
393
1950
1950
1321
1575
1575
515
515
515
515
515
515
515
515
515
1641
2416
2416
2416
2416
674
674
1375
2137
2137
2137
2137
2137
2137
2137
2137
2632
2632
2632
2632
2632
2632
2632
899
2550
2550
1272
457
457
2679
1612
1612
1162
2392
2392
2110
1133
1327
1327
1327
1829
2262
2262
2262
2262
2262
2262
2262
2262
2262
2262
1536
1536
1536
1265
157
157
157
157
2062
2062
617
617
821
992
992
992
992
992
992
992
1267
1818
1818
1818
1818
1818
1818
1818
1818
1818
1818
2249
2249
2249
2249
2249
2249
2249
2249
2249
2249
1216
1216
1180
1180
1180
1811
1811
1811
1811
1811
1811
1811
1811
1811
1376
1820
1820
1820
1820
1820
1820
1820
1820
1820
1072
2576
2576
2576
514
1522
1522
1522
1799
1799
1799
1799
1799
1799
1799
1799
1799
1799
1799
1799
1799
1799
1799
1799
1799
1799
1994
1994
1994
948
948
1163
1163
1163
1163
1163
202
202
1154
1726
1726
2091
2091
2091
1549
1549
1549
2568
2568
2568
2246
2246
2246
2246
2246
2246
2246
2246
2246
822
2385
2385
490
1136
239
239
2399
2399
967
146
146
487
487
124
124
1403
1177
1177
1177
1177
1772
1772
1772
1772
1772
1772
1772
1772
1772
1772
10
10
10
1164
1164
1164
1164
1164
1164
1164
1164
1920
1920
1920
1920
1974
1974
199
199
2227
673
673
673
673
1178
150
150
2642
1273
1273
621
1370
2393
2393
1090
1090
1090
1810
1810
1810
1810
1810
1810
1810
1810
1810
2016
2016
2016
828
828
2331
2331
339
339
1724
1724
1728
1728
1584
1584
1584
1310
1310
274
225
225
225
122
122
265
265
265
2588
2588
2588
2588
864
1720
2390
2390
1888
2003
2003
2003
361
1887
601
783
826
1608
1608
2407
2407
2407
2162
2162
2162
2162
1430
1746
1746
387
1435
1435
1528
1528
1528
1528
1528
1683
440
440
1790
1790
1790
1790
2253
2253
2253
2253
2253
2253
2253
2253
2253
2253
2253
2253
2253
2087
2087
1714
2438
2438
2438
2438
2438
2438
960
2109
1457
1457
2453
2453
866
2553
2553
1970
1970
370
2073
2073
2073
2136
2136
2136
2136
2622
2573
2573
2573
2573
2573
1792
1792
69
94
94
94
414
1259
2191
2191
2191
173
173
173
1855
1855
1855
728
1506
1028
1511
1511
1511
1759
2247
2247
2247
2247
2247
2247
2247
2247
2247
2247
2247
2247
2247
2238
1488
1488
119
119
2005
2005
2005
2123
2123
2123
2123
2123
2123
2514
2322
2322
2579
2579
2579
1963
1963
1963
166
166
166
1579
1579
1579
1579
2040
879
210
210
210
210
884
2133
2133
2133
2133
1789
1789
1789
1789
1789
1789
1789
2028
2028
679
679
679
1036
1036
2528
778
2541
2541
1399
2681
1948
1948
1981
8
8
1333
872
1977
2010
2010
388
305
2551
2551
2641
2641
2641
2641
1419
1419
1419
1985
454
1914
1914
1914
1914
162
162
162
577
577
1796
1796
2086
2086
2086
2086
2086
1378
2282
2282
2282
2282
2282
2282
1512
1512
1512
1512
1573
1573
2391
2391
1523
1523
1523
2414
2414
830
1490
1490
1490
1993
1993
1993
1993
1919
1919
1839
1839
1839
1839
1839
1839
1839
1839
1839
1880
2436
2436
2436
2436
2436
2436
2436
2436
1323
154
154
966
1667
928
928
928
2265
2265
2265
2265
2265
2265
1086
1539
1539
1539
582
582
582
2380
2380
228
228
228
690
690
690
690
690
452
1892
2202
2202
2202
2202
2202
2202
2202
2202
1055
462
462
462
1778
1778
1778
1778
1783
1783
1783
1783
488
870
2693
389
329
1440
1440
968
968
968
2386
2386
517
517
517
517
517
517
517
517
517
386
2418
2418
2418
2368
2368
1905
1905
2169
2169
2169
2173
2173
2173
1862
1203
328
2366
2366
2654
718
718
1228
1870
2241
2507
1933
1933
1933
1933
1933
1933
2358
2358
575
575
439
439
596
1760
1760
1760
1362
1856
2409
2409
1815
1815
1815
1815
1815
1815
1815
1815
681
681
681
1756
1756
1756
477
2308
2308
2225
2225
2225
2225
2225
2225
2225
2225
2225
2225
2225
2225
2225
2018
2018
4
4
4
4
1798
156
156
156
156
163
163
639
639
639
2220
2220
2220
2220
2220
2220
2220
2220
2449
691
691
691
691
691
1117
1117
1117
1117
1117
1117
448
1832
2317
2317
2288
2513
985
985
985
1869
1517
1517
253
253
449
449
1627
668
2164
2164
2371
2371
1227
2264
2264
2264
2264
2264
2264
2264
2264
2264
2264
2264
376
376
1019
2327
2327
216
216
216
18
18
1444
1444
2656
95
2638
2638
2638
2638
2638
2499
453
453
2363
2363
240
240
16
16
2089
2089
2089
369
2569
2569
2569
247
247
247
647
647
13
13
655
655
655
1498
1498
1498
510
510
510
510
510
510
510
510
510
1886
2182
2182
2182
2285
1607
1607
941
941
941
941
941
941
941
941
941
941
941
1599
1599
1515
1515
1515
2046
2046
2046
625
625
625
964
964
1791
1791
1791
1791
1791
1791
1791
1791
1791
1791
1791
1791
1791
2561
2561
2561
1130
1130
1130
1130
1130
1130
1130
1130
1130
1130
1130
1130
1130
1130
126
126
2279
2279
2279
2279
2279
608
159
159
159
607
1984
123
123
1596
1596
2492
2492
537
537
574
574
236
236
1456
1456
2261
2261
2261
2261
2261
2261
2261
2261
2261
2261
2261
2261
2261
2261
2261
949
1501
1501
1501
1525
1525
1525
1525
2341
2341
2452
717
717
1268
189
189
1664
416
416
416
943
568
1740
1740
1530
1530
1530
1530
1530
1530
2045
2045
2045
2045
1868
2210
1374
1076
2682
734
734
489
1497
1497
1497
1588
1588
1588
1618
1618
1639
2635
2635
2635
2635
2635
2635
2635
2635
2635
2635
2635
2635
2635
1572
1572
1145
2375
2375
883
2071
2071
314
2102
2102
2102
1621
1621
2032
2032
2276
2276
2276
2276
2276
2276
2276
2276
2276
1603
824
1417
1417
2515
2271
2271
2271
2271
2271
1874
1874
1843
1843
1843
1709
1613
1613
2134
2134
2134
2134
2134
2134
2677
1758
1758
2522
270
270
270
2006
2006
2006
2056
2056
2056
2103
2103
2103
1642
1889
2081
2081
1170
1170
1170
1170
1170
1170
1170
1170
2090
1752
1752
2272
2272
2272
2272
2272
2272
315
1472
1472
1476
1827
1827
1827
1827
1827
1827
1827
1827
1827
2516
2199
2199
2199
2199
2199
2199
2199
2199
44
44
688
688
688
688
688
2570
2570
2570
2570
2570
2570
2570
336
336
336
2198
243
243
1750
1750
2692
2692
2692
2692
2692
2692
2692
2692
2692
2692
2692
1543
1543
1543
341
341
57
57
1176
1176
1176
1176
1176
1176
1176
1176
1176
1176
273
811
1175
1175
1175
1574
1574
1895
1895
1971
1971
407
407
2323
2323
1644
2130
2130
2130
2130
2130
2130
2404
2404
2404
859
859
628
628
628
1433
344
1255
1255
1838
1838
1838
1838
1838
1838
1838
1838
827
827
1320
257
257
649
649
649
649
649
649
649
148
148
1825
1825
1825
1825
1825
1825
1825
1825
286
286
286
286
286
2107
2107
878
2517
2591
2591
2591
152
152
1181
1181
1181
1181
1181
1181
1181
1181
1181
1181
1181
1181
2023
2023
2215
151
151
1729
1729
623
623
623
623
1961
1961
2007
2007
2007
2163
2163
2163
2163
2259
2259
2259
2259
2259
2259
2259
2259
2620
2620
2620
2620
2620
2061
2061
2061
2101
2101
2101
858
858
1194
1194
1194
1194
1194
1194
2257
2257
2257
2257
2257
2257
2257
2257
2257
2257
2257
2257
2257
2257
37
37
37
619
1173
1173
1173
1173
1173
1173
1173
1173
1173
1173
2494
2494
2105
664
242
242
1110
1110
227
227
227
1513
1513
1513
1513
1078
1139
1731
1731
2388
2388
733
1995
1995
1995
149
149
50
50
50
50
220
220
220
2384
2384
1436
2408
2408
2252
2252
2252
2252
2252
2252
2252
2252
2252
2252
2252
1684
1721
1849
1849
1849
1849
1849
1849
1849
1496
1496
1496
665
2104
2104
2104
2348
2348
1598
1598
2337
2337
1091
1091
1091
1091
2519
2519
2124
2124
2124
2124
2124
2124
2124
2554
2536
188
188
337
337
2334
2334
2352
2352
2044
2044
2044
2044
2596
2596
2596
2596
1075
1075
260
260
1520
1520
1520
2395
2395
2521
2521
583
583
583
1318
160
160
160
2587
2587
2587
2587
1037
2185
2185
1059
111
111
263
263
147
147
1225
2330
2330
2280
2280
2280
2280
2280
2280
2280
882
882
2678
2239
752
752
2626
1278
1278
459
953
1547
1547
1547
155
155
2281
2281
2281
2281
2281
2281
27
27
2075
2075
1269
2356
2356
171
171
171
1629
1629
212
212
212
1532
1532
1532
1532
946
1534
1534
1773
1872
897
443
443
599
599
456
2709
737
116
116
1499
1499
1499
620
1516
1516
1262
2213
141
141
731
1020
1020
1020
2237
2237
2237
2237
2237
2237
2237
2237
2237
2237
2237
2237
2237
1380
1380
1380
1380
1380
1380
646
646
666
666
666
1587
1587
1587
1169
1169
1169
1169
1169
1169
1169
1169
244
244
2250
2250
2250
2250
2250
2250
2250
698
698
698
698
698
698
1898
185
185
185
951
1545
1545
1545
203
203
1751
1033
2158
856
1204
1204
1204
2680
1025
238
238
238
1583
1371
372
1137
1166
1166
1166
1166
1166
1166
1166
1166
1166
2190
2190
2190
321
570
1360
1360
1992
1992
1992
1992
1303
1303
1682
1771
1771
1771
1771
1771
1771
1771
1771
1771
1771
447
447
2405
2405
2405
831
1908
727
727
1027
1340
714
714
714
2434
1391
1391
134
134
134
282
282
1748
1748
2353
2353
1902
595
1253
1253
1253
42
42
921
14
14
687
687
687
687
687
2223
138
138
2425
2425
1206
637
637
637
1744
1744
1335
1500
1500
1500
34
34
34
1723
1723
2072
2072
2273
2273
2273
2273
1734
1734
2357
2357
2066
2066
2066
2066
1896
1896
113
113
2305
2305
2226
368
213
213
213
707
2129
2129
2129
2129
2129
2129
2129
2398
2398
1645
2060
2060
2060
1224
1493
1493
1493
1364
920
1893
1757
815
2306
2306
2218
2218
2218
2218
2218
2218
383
2228
2228
2228
2228
2228
2228
2228
2228
2228
2228
2228
2228
2228
2095
2095
1643
2369
2369
1715
567
876
2583
2583
2583
332
1080
685
685
685
685
685
642
642
642
1569
1569
41
41
652
780
323
323
323
1446
2098
2098
2320
2320
716
716
716
716
2304
2304
1617
1617
1894
1894
2029
2029
259
259
603
603
358
358
358
1058
1484
1484
1484
1484
1484
1819
1819
1819
1109
1109
1986
1986
179
179
179
179
1816
1816
1816
1816
1816
1816
1816
1816
1816
569
569
569
1535
1535
2413
2413
602
2574
2574
2574
2574
2539
2539
2539
2539
2539
2539
2539
1258
1258
1978
1978
2559
2559
2355
2355
762
1492
1492
1492
1029
1841
1841
1841
1841
1841
1841
1841
1841
1841
1097
1097
1097
232
232
232
232
1774
1774
1774
1774
2026
1716
2329
2329
2329
2557
2557
1806
175
175
175
319
1279
1524
1524
1524
2529
1610
1610
1743
1743
1743
1743
1743
1743
1743
1087
1087
2286
2286
2286
2286
2593
2593
2593
1161
715
2180
2180
1854
1854
1854
1854
1854
1854
1854
1854
1854
1854
1854
1854
1854
1854
371
2456
342
1813
1813
1813
1813
1813
1813
1813
1813
586
586
586
586
586
586
586
135
135
320
1991
1991
1991
1991
2172
2172
1487
2630
54
54
1979
1979
2242
418
2219
2219
2219
2219
2219
2219
2020
2020
2020
735
735
1157
1443
1443
340
588
588
509
509
509
509
509
509
509
509
1785
2402
2402
2402
130
130
130
1625
1625
1625
1406
2297
2297
2297
2297
2297
2415
2415
2415
2415
2552
2552
354
354
1821
1821
1821
1821
1821
1821
1982
1982
2181
2181
2523
2592
2592
888
1956
1956
1620
1620
1620
2275
2275
2275
2275
2275
2275
2275
1389
1389
133
133
133
816
2339
2339
624
624
624
624
624
2244
2244
2244
2244
2244
2244
2244
2233
2567
2567
2567
1747
1747
2321
2321
1344
1344
1943
1943
1943
1941
1941
1941
1941
1071
1999
1999
1999
1349
2051
2051
2051
2170
2170
1331
1331
1899
234
234
234
2314
2314
1876
1722
1722
1722
1722
1722
1722
1722
1722
1722
1722
1722
1469
1469
2165
2165
2165
2165
2165
2175
2175
2175
2332
2332
1167
1167
1167
1167
1167
1167
1167
1167
1167
2328
2328
875
1952
1952
254
254
641
641
972
1957
1957
2376
2376
1174
1174
1174
1174
1174
1174
1174
1174
1174
1174
1174
1174
2031
191
191
2518
1696
1153
2139
2139
2139
814
660
660
660
860
860
1542
1542
1542
39
39
1997
1997
1997
710
710
710
2216
2205
2205
2205
2205
2205
2205
2205
2205
1565
1565
29
29
2030
2092
2092
2092
1390
1390
2406
2406
2406
267
267
267
2389
2389
713
713
713
945
945
2270
2270
2270
2270
2270
121
121
121
2303
2303
2636
2636
2013
2013
2013
2013
1556
1556
2188
2188
2188
942
942
597
597
2099
2099
334
231
231
231
231
702
702
702
702
441
441
441
1944
1944
1944
2120
2120
2120
2120
2120
2120
2120
2120
2120
2120
2120
2120
898
120
120
120
2076
2076
901
1727
1727
1727
1822
168
168
168
1857
1412
1745
1745
1313
2047
2047
2047
237
237
745
1537
1537
1537
919
1459
1459
1459
1553
1553
1553
573
573
573
1835
1835
1835
1835
1835
1835
1835
1835
1835
1906
1906
632
632
749
749
749
749
749
749
749
1160
1160
1160
1160
1160
1160
2002
2002
2002
55
55
379
2505
218
218
218
630
630
630
940
2347
2347
2131
2131
2131
2131
2131
1276
1276
1884
1474
1474
491
1208
823
2575
2575
2575
2575
444
1924
1924
820
1428
1428
658
2258
2258
2258
2258
2258
2258
2258
2258
2258
2258
2258
2258
2258
2258
2258
144
144
1322
1489
1489
1489
1260
2419
1628
241
241
1353
1555
1555
360
2128
2128
2128
2128
2324
2324
2360
2360
1968
1968
1968
2000
2000
2000
1797
1797
1965
1965
1965
1495
1495
1495
2011
2011
900
2489
2489
2489
2489
2489
2489
2489
2489
2489
2489
2489
2489
1179
1179
1179
1179
1179
1179
1179
208
208
208
208
2410
2410
1345
934
1867
1867
1479
1479
1479
226
226
226
777
782
390
1188
327
812
1733
1134
1134
877
1907
1907
1907
522
522
522
522
522
522
522
1207
1475
1475
2127
2127
2127
2127
2127
2500
2048
2048
2048
413
1932
1932
1932
1932
1932
1932
1571
1571
1717
2159
2159
2159
2159
201
201
720
720
181
181
181
1315
1875
592
592
1845
1845
2148
2148
2055
2055
2055
1519
1519
1519
45
45
1794
1794
1035
2511
2502
2564
2564
2564
2230
194
194
249
249
249
373
2034
750
750
750
750
750
750
750
2240
2240
2240
2240
2240
2240
2240
2240
2240
2240
2240
2240
2240
513
2403
2403
2119
1142
962
2534
2534
2274
2274
2274
2274
2496
2496
2496
2496
2496
2496
2496
2496
2496
2496
2496
2496
161
161
161
2038
2455
661
661
661
2041
2041
2041
2041
2041
183
183
1088
1088
1088
1931
1026
326
326
1040
2195
2195
2195
2195
2195
2195
555
1008
67
2602
1384
2546
1107
1014
1016
1451
1767
1007
558
558
1202
1764
1923
2663
1013
1003
1015
2611
105
1910
1192
1001
1123
1939
428
1004
1011
2610
356
1453
2154
505
505
1454
1454
3
564
1006
927
986
987
83
84
84
84
84
85
1934
1934
1934
1934
1935
1935
1935
1935
996
741
2544
753
1119
1119
1119
1119
755
755
1120
1120
1120
1120
1382
