1
2
2
2
2
2
2
2
2
2
2
2
2
2
2
11
17
11
19
13
21
14
23
30
11
14
14
14
35
11
11
20
11
11
15
42
43
43
43
43
43
43
43
43
43
43
43
43
43
43
43
43
43
43
43
55
64
65
65
65
65
65
65
65
65
65
65
65
65
65
65
65
65
65
65
65
65
65
65
65
65
65
65
65
65
64
94
94
94
94
94
94
94
94
94
94
94
94
94
94
89
14
14
14
14
13
13
13
13
55
60
84
84
79
79
79
93
93
12
52
52
52
52
104
106
77
77
107
62
85
85
85
85
85
56
56
56
75
75
80
80
15
15
15
61
57
74
74
74
74
74
89
89
89
59
20
86
86
86
86
86
86
86
82
90
90
90
88
88
88
88
88
88
88
99
99
99
99
101
76
76
81
81
54
54
54
100
102
105
87
87
87
87
87
87
87
87
87
51
83
83
83
83
83
83
83
83
92
92
103
50
78
78
78
78
78
78
78
78
78
78
91
91
11
11
11
11
11
11
11
11
11
11
58
108
108
108
108
49
48
53
72
6
6
6
31
31
31
33
34
36
36
37
37
39
40
