1
2
2
2
2
2
2
2
2
2
2
2
2
2
2
2
2
2
2
2
2
2
2
2
2
2
2
2
2
2
2
2
2
2
2
2
2
2
2
2
2
2
2
44
44
43
47
49
34
34
52
32
32
55
33
33
33
59
59
60
61
61
37
63
37
65
65
65
2
2
35
35
35
71
73
36
75
36
77
30
39
30
39
30
83
31
31
86
38
38
89
90
91
39
30
39
30
39
32
32
32
32
32
109
110
31
112
31
43
31
116
117
118
118
118
118
118
118
118
118
118
118
118
118
118
118
118
118
118
118
118
118
118
118
118
118
118
140
144
146
147
139
118
139
118
139
153
137
139
43
157
137
159
159
138
138
138
1
163
163
163
163
163
163
163
163
163
163
163
163
163
163
163
163
163
163
163
163
163
163
163
163
163
163
180
190
192
193
117
194
194
194
194
194
194
194
194
194
194
194
194
194
194
194
194
194
194
194
194
194
194
194
194
194
194
194
194
194
194
194
194
194
194
194
194
210
231
213
233
215
235
219
237
220
239
221
241
222
243
223
245
225
247
228
249
194
251
194
253
194
255
194
257
194
259
194
261
194
263
265
266
267
267
267
267
267
267
267
267
267
267
267
267
267
267
267
267
267
267
267
267
44
255
263
261
259
257
280
280
280
282
142
219
219
182
182
182
281
281
42
137
137
137
137
137
137
137
137
137
137
137
137
137
185
185
175
175
175
175
175
175
175
175
175
175
279
279
215
222
222
222
224
224
224
187
187
187
174
178
178
178
178
178
178
178
220
220
220
220
221
221
136
136
136
136
136
136
136
136
214
214
214
214
214
214
38
38
38
38
38
38
38
38
38
38
38
38
135
135
135
135
135
217
217
29
29
29
29
29
183
183
242
285
285
285
32
32
32
32
32
32
32
32
32
32
32
32
32
32
32
32
32
32
32
284
284
218
218
218
210
210
210
138
138
138
138
138
138
138
138
138
138
138
138
138
138
138
138
40
40
34
34
34
34
34
34
34
34
34
34
34
34
34
34
278
278
186
186
186
186
186
186
186
186
186
186
186
181
181
181
184
184
229
223
223
189
189
189
189
212
212
286
286
209
209
209
209
209
209
209
209
209
209
209
209
209
209
209
41
287
176
176
176
176
176
176
176
176
176
143
188
188
188
188
188
30
30
30
30
30
30
30
30
30
30
30
30
30
30
30
30
213
213
213
213
213
39
39
39
39
39
39
39
39
39
39
39
39
39
39
39
39
139
139
139
139
139
139
139
139
139
139
139
139
139
139
139
139
139
139
139
35
35
35
35
35
35
35
35
35
35
35
35
35
33
33
33
33
33
33
33
33
33
33
33
33
33
33
33
33
31
31
31
31
31
31
31
31
31
31
31
31
31
31
31
31
31
31
180
180
141
141
141
277
277
277
27
27
27
27
27
27
179
191
191
36
36
36
36
36
36
36
36
36
36
36
36
36
225
225
225
228
228
228
28
28
28
28
28
28
28
28
28
28
28
37
37
37
37
37
37
37
37
37
37
37
37
37
226
226
226
226
226
226
283
283
283
216
164
26
24
24
171
195
22
268
148
148
148
148
50
50
50
50
50
50
50
50
50
50
50
150
150
150
150
51
51
51
152
152
152
155
155
155
53
54
54
54
158
158
158
158
56
56
56
56
56
56
56
56
56
160
160
160
160
57
161
161
161
161
58
58
58
162
162
162
62
62
62
64
64
153
153
153
153
153
153
153
153
153
154
154
154
154
66
66
67
67
67
68
68
68
69
69
70
74
74
74
76
77
77
78
79
79
79
79
80
81
81
82
82
82
83
83
83
83
83
83
84
84
84
84
84
84
84
84
84
84
84
85
85
85
87
87
87
88
88
89
89
89
89
89
89
89
89
89
89
89
89
92
92
92
92
92
92
92
92
92
92
92
92
93
93
93
93
93
93
93
93
93
93
93
93
94
94
94
95
95
95
96
102
102
102
102
102
102
104
104
104
104
104
104
105
105
105
105
105
107
107
107
108
109
110
111
113
115
115
115
