2
3
4
5
6
7
8
9
10
11
12
13
14
15
16
17
18
19
20
21
22
23
24
25
26
27
28
29
30
31
32
33
34
35
36
37
38
39
40
41
42
43
44
45
46
47
48
34
50
51
35
53
54
33
56
57
58
13
14
37
17
18
62
20
64
22
23
24
66
67
68
69
70
44
36
74
9
76
40
78
79
80
81
82
31
84
85
38
87
88
29
39
30
92
93
94
95
96
102
104
105
107
108
41
42
111
43
113
114
115
32
118
119
120
121
122
123
124
125
126
127
128
129
130
131
132
133
134
135
136
137
138
139
140
141
142
143
144
145
126
131
148
149
150
151
152
136
154
155
156
141
158
142
143
160
161
162
163
164
165
166
167
168
169
170
171
172
173
174
175
176
177
178
179
180
181
182
183
184
185
186
187
188
189
190
191
171
186
194
195
196
197
198
199
200
201
202
203
204
205
206
207
208
209
210
211
212
213
214
215
216
217
218
219
220
221
222
223
224
225
226
227
228
229
230
231
232
233
234
235
236
237
238
239
240
241
242
243
244
245
246
247
248
249
250
251
252
253
254
255
256
257
258
259
260
261
262
263
264
221
267
268
269
270
271
272
273
274
275
276
277
278
279
280
281
282
283
284
285
286
287
163
253
253
253
253
253
273
275
267
284
143
196
195
214
171
194
274
272
41
218
277
130
119
128
124
133
125
120
123
132
267
194
171
194
180
173
165
169
168
172
166
171
167
170
274
267
202
196
195
261
225
226
202
164
171
194
166
217
169
164
166
171
167
194
196
195
203
257
196
259
119
129
124
120
125
134
126
123
226
220
203
202
208
263
176
175
178
9
19
22
3
21
25
4
14
163
130
128
129
127
131
218
214
19
3
10
4
106
184
185
211
287
273
271
40
176
175
277
178
42
43
19
22
15
13
16
20
21
25
5
6
267
163
274
270
219
223
205
207
196
259
218
214
277
142
141
130
119
128
124
133
125
120
123
132
267
194
41
103
176
175
178
42
43
9
19
22
3
21
25
4
14
163
271
267
187
188
164
173
166
171
167
170
194
259
194
215
171
194
171
194
204
195
203
217
164
171
194
196
203
274
270
221
222
210
207
196
197
198
203
204
199
201
206
205
200
259
17
275
183
186
213
182
188
164
172
166
194
131
189
164
166
171
194
40
176
175
277
178
43
9
19
22
3
13
21
25
4
267
163
196
195
203
205
255
40
176
175
277
178
43
9
19
22
3
13
21
25
4
267
163
284
218
214
140
277
142
213
216
130
119
128
124
133
125
120
123
132
267
194
176
175
178
43
9
19
22
3
21
25
4
14
163
176
175
277
178
42
43
9
19
22
3
13
21
25
4
267
163
40
176
175
277
178
43
19
22
15
13
16
20
21
25
5
6
267
163
168
166
140
213
194
270
272
267
19
17
20
16
18
97
166
180
181
176
175
178
43
9
19
3
21
25
4
14
44
163
196
195
203
201
200
251
9
3
15
13
16
20
10
4
23
24
106
176
175
178
43
9
19
22
3
21
25
4
14
163
223
222
196
195
203
199
287
273
271
208
163
163
100
99
194
194
163
267
277
125
123
267
175
43
9
19
22
3
21
25
4
14
163
130
133
132
194
42
3
4
142
119
120
142
119
120
25
42
6
5
130
133
132
194
277
9
19
22
3
13
4
267
163
277
125
123
267
43
130
133
132
194
42
3
4
142
119
120
19
3
4
22
163
119
129
124
131
120
125
134
126
123
277
125
123
267
20
18
17
16
97
19
3
4
22
163
43
19
3
4
43
41
103
43
40
3
25
4
25
178
22
40
3
4
15
13
16
20
5
6
175
277
19
22
13
21
25
5
6
267
163
40
6
5
19
3
4
22
163
9
19
3
15
13
16
20
10
4
23
24
106
175
277
9
19
22
3
13
21
25
4
267
163
175
277
9
19
22
3
13
21
25
4
267
163
40
3
4
40
3
4
43
15
13
16
20
5
6
277
19
13
5
6
267
175
22
21
25
163
40
6
5
43
17
41
43
25
40
6
5
