1
2
2
2
2
2
2
2
2
2
2
2
11
17
18
18
18
18
18
18
18
18
18
18
18
18
18
31
18
33
18
35
18
37
18
39
39
39
43
44
44
44
44
44
44
44
51
52
51
54
44
56
56
56
56
56
56
62
63
62
43
67
67
67
67
67
67
67
67
67
67
67
67
67
67
67
67
67
67
67
67
67
67
89
89
89
89
89
89
85
85
86
87
84
102
103
103
106
107
108
109
109
109
109
109
109
109
109
109
109
109
109
109
109
109
109
109
109
109
109
109
109
109
109
109
109
109
109
109
109
124
108
141
141
141
141
141
146
141
148
141
150
141
152
141
154
141
156
141
158
141
160
141
162
145
165
108
166
166
166
166
166
166
166
166
166
166
166
166
166
166
166
166
166
166
166
166
166
166
166
166
166
166
166
166
166
166
166
166
166
166
166
166
166
166
166
166
166
166
166
166
166
166
166
166
166
166
166
166
166
166
166
166
166
166
166
166
166
166
166
166
166
166
166
166
166
166
166
166
166
166
166
166
166
166
124
246
247
247
250
250
250
251
252
252
253
180
180
180
112
93
93
93
93
93
144
222
178
178
233
233
173
168
243
209
209
27
27
27
210
210
120
201
201
201
128
128
179
179
179
229
195
195
195
218
237
237
181
181
181
143
77
77
77
77
77
77
77
77
77
26
26
26
188
188
188
191
191
191
171
228
82
82
82
118
219
85
85
85
85
200
200
83
83
83
133
133
207
207
216
216
205
205
176
176
213
213
204
134
134
189
189
189
94
94
94
136
136
220
214
214
79
79
190
190
190
125
249
239
239
212
212
230
230
230
129
129
138
138
238
238
137
137
124
124
198
215
215
182
182
182
236
236
121
135
135
242
242
11
11
11
11
127
127
235
235
50
50
50
50
50
131
115
115
217
217
23
23
23
23
172
10
10
10
10
10
80
80
80
244
122
86
86
86
206
62
132
132
199
193
193
193
142
142
142
142
142
142
87
87
87
87
192
192
192
232
232
186
186
186
231
231
231
231
25
197
61
61
81
81
81
130
111
194
194
194
234
234
175
175
196
196
196
119
208
208
126
126
187
241
241
184
184
184
183
183
221
123
123
225
185
185
60
60
84
84
84
84
84
177
254
117
211
211
30
30
30
240
240
88
88
88
88
88
28
28
28
28
28
28
145
253
256
164
66
101
96
15
97
98
99
