2
3
4
5
6
7
8
9
10
11
12
13
14
15
16
17
18
19
20
21
22
23
24
25
26
27
28
29
30
31
32
33
34
35
36
37
38
39
40
41
42
43
44
45
46
47
48
49
50
51
52
53
54
55
56
57
58
59
60
61
62
63
64
65
66
67
68
69
70
71
72
73
74
75
76
77
78
79
80
81
82
83
84
85
86
87
88
89
90
91
93
94
95
96
97
98
99
100
101
102
103
104
105
106
107
108
109
110
111
112
113
114
115
116
117
118
119
120
121
122
123
124
125
126
127
128
129
130
131
132
133
134
135
136
137
138
140
141
142
143
144
145
146
147
148
149
150
151
152
153
154
155
156
157
158
159
160
161
162
163
165
166
167
168
169
170
171
172
173
174
175
176
177
178
179
180
181
182
183
184
185
186
187
188
189
190
191
192
193
194
195
196
197
198
199
200
201
202
203
204
205
206
207
208
209
210
211
212
213
214
215
216
217
218
219
220
221
222
223
224
225
226
227
228
229
230
231
232
233
234
235
236
237
238
239
240
241
242
243
244
245
246
247
248
249
250
251
252
253
254
255
256
257
258
259
260
261
262
263
264
265
266
267
268
269
270
271
272
273
274
275
276
277
278
172
280
281
282
283
284
285
286
287
288
289
290
291
292
293
294
295
296
297
298
299
300
301
302
303
304
305
306
307
308
309
310
311
312
313
314
315
316
317
318
319
320
322
323
324
325
326
327
328
329
330
331
332
333
334
335
336
337
338
339
340
341
342
343
344
345
346
347
348
349
350
351
352
353
354
355
356
357
358
359
360
361
362
363
364
365
366
367
368
369
370
371
372
373
374
375
376
377
378
379
380
381
382
383
384
385
386
387
388
389
390
391
392
393
394
395
396
397
398
399
400
401
402
403
404
405
406
407
408
409
410
411
412
413
414
415
416
417
418
419
420
421
422
423
424
425
426
427
428
429
430
431
432
433
434
435
436
437
438
439
440
441
442
443
444
445
446
447
448
449
450
451
452
453
454
455
456
457
458
459
460
461
462
463
464
465
466
467
468
469
470
471
472
473
474
475
476
477
478
479
480
481
482
483
484
485
486
487
488
489
490
491
492
493
494
495
496
497
498
499
500
501
502
503
504
505
506
507
508
509
510
511
513
514
515
516
517
518
519
520
521
522
523
524
525
526
527
528
529
530
531
532
533
534
535
536
537
538
539
540
541
542
543
544
545
546
547
548
549
550
551
552
553
554
555
556
557
558
559
560
561
562
563
564
565
566
555
568
569
570
571
572
519
519
519
335
341
424
322
322
78
76
96
75
97
72
2
302
287
281
282
341
6
7
48
30
341
344
463
474
322
51
187
341
436
341
423
322
322
234
496
185
426
338
287
340
69
66
63
65
67
68
237
187
548
335
345
372
373
336
184
289
330
358
322
185
104
341
246
245
173
187
303
305
534
543
553
555
554
188
110
2
190
226
206
223
207
175
191
180
187
176
188
536
187
219
186
185
181
184
187
501
542
345
539
410
335
335
353
322
240
235
238
263
205
244
179
187
176
188
552
2
551
322
2
551
544
542
345
347
554
83
227
53
32
48
2
257
173
338
324
83
541
335
334
333
345
336
80
70
73
76
74
77
60
410
335
383
542
345
322
186
181
176
341
333
284
294
285
361
334
333
342
336
330
341
340
322
487
322
269
238
174
187
176
346
2
322
334
219
184
453
322
347
251
104
9
334
339
283
284
378
384
388
542
345
322
111
110
2
231
553
362
478
375
374
335
334
333
336
324
322
322
341
178
338
555
424
322
331
342
337
341
330
487
157
144
142
149
148
379
515
334
64
61
66
14
63
65
67
62
68
60
46
31
33
50
61
66
14
63
67
65
62
9
60
60
397
335
331
434
505
506
504
507
503
334
553
552
556
6
7
48
30
433
434
187
368
351
324
322
322
285
283
281
284
282
341
334
334
348
371
362
445
478
476
395
324
322
322
358
322
417
396
383
542
334
333
345
520
322
502
212
220
221
222
225
177
339
64
62
341
145
519
348
534
533
566
322
487
565
335
78
76
96
75
97
72
2
51
49
50
30
542
345
347
554
253
254
172
174
168
187
176
272
339
37
6
419
519
558
562
541
335
334
542
543
333
535
536
538
336
537
322
191
334
347
41
43
208
185
187
189
176
51
209
542
345
540
336
346
2
322
343
384
335
322
487
358
322
187
176
247
248
205
187
176
253
186
190
176
335
346
2
322
183
187
542
345
540
287
281
282
209
175
176
269
268
174
187
176
396
429
333
241
258
172
184
187
176
259
303
297
294
305
281
284
47
41
43
42
40
218
219
185
181
184
399
362
478
335
334
333
336
322
487
322
189
176
36
6
7
336
498
497
78
76
96
75
97
72
2
282
240
237
235
202
204
183
187
176
354
322
498
497
246
176
341
341
269
189
322
487
207
206
210
322
91
51
89
48
480
80
322
289
368
559
542
556
345
540
324
227
240
242
171
417
423
331
522
49
30
201
533
341
336
185
187
176
429
392
335
333
50
157
185
184
187
242
240
187
183
187
376
375
374
377
335
334
333
341
324
111
110
2
398
415
186
187
336
187
341
334
236
176
334
240
187
338
333
299
302
281
284
282
208
253
186
183
185
184
176
335
419
519
45
55
31
32
34
341
61
63
65
172
42
40
339
187
186
335
552
338
344
339
343
324
287
281
83
81
78
76
96
75
97
72
2
32
51
81
2
242
237
202
204
187
176
37
6
78
76
96
75
97
72
2
368
340
324
15
38
183
354
322
205
181
187
176
335
78
76
96
75
97
72
2
79
73
76
51
75
74
77
48
187
236
242
170
185
183
184
176
46
31
6
5
41
216
176
190
505
506
504
507
503
110
2
176
54
32
6
2
30
295
288
513
515
514
341
146
145
147
175
180
167
185
322
322
335
368
405
331
324
322
322
341
157
293
294
285
335
342
336
341
38
6
227
336
295
285
283
286
542
556
345
281
36
6
2
2
183
335
379
335
185
183
184
189
176
151
150
144
143
142
148
149
147
146
145
147
341
83
290
282
56
32
6
205
187
176
341
553
322
111
322
45
46
55
31
32
34
187
176
39
39
48
182
2
30
140
60
2
551
60
532
532
519
524
322
48
165
165
30
30
182
30
519
526
484
484
280
519
528
487
48
322
2
322
345
2
2
551
165
551
322
322
142
555
66
325
555
325
555
555
