1
2
2
2
2
2
2
2
2
2
2
2
2
2
2
2
2
2
1
20
20
20
20
20
20
20
20
20
29
29
29
29
29
29
29
29
29
29
29
29
29
29
29
29
29
29
29
29
29
20
51
51
51
51
51
51
51
51
51
51
51
20
63
63
63
63
63
63
63
63
63
63
63
63
63
63
63
63
63
63
55
55
56
56
56
57
57
89
59
91
74
93
62
95
61
97
98
59
100
101
101
101
101
101
101
101
101
101
101
101
101
101
101
101
101
101
101
101
101
101
101
101
101
101
101
101
101
101
116
131
124
133
125
135
126
137
127
139
128
141
129
143
130
145
147
148
148
148
148
148
148
148
148
148
148
148
148
148
148
148
148
148
148
148
148
148
148
148
148
148
148
148
148
148
148
148
148
148
183
184
184
184
184
184
184
184
184
184
184
184
184
184
184
184
184
184
184
184
184
184
184
184
207
207
207
207
207
207
207
207
184
216
216
216
216
216
216
216
216
184
225
225
225
225
225
225
225
225
225
184
235
184
237
237
237
237
237
184
243
243
243
243
243
243
243
184
251
251
251
254
164
159
195
195
195
195
176
176
176
176
144
144
144
144
144
144
144
144
123
109
109
109
109
109
109
109
223
223
223
223
223
229
142
142
142
142
142
142
142
142
172
172
172
172
172
172
172
124
201
201
201
9
9
14
169
169
169
169
169
48
48
48
181
181
17
120
253
253
253
253
76
76
76
157
157
157
254
254
254
254
77
77
77
77
77
77
77
230
230
170
170
170
170
113
113
248
140
140
140
140
140
140
140
140
212
212
212
212
233
50
50
242
242
242
242
136
136
136
122
158
158
158
158
158
158
158
158
12
47
47
47
110
53
53
15
40
40
13
165
59
59
59
59
129
117
117
117
16
78
214
214
214
214
214
179
128
175
175
175
175
175
175
121
221
221
118
118
118
118
213
213
213
231
161
161
22
249
126
245
246
246
246
246
56
56
56
56
199
199
134
134
134
134
134
134
134
134
42
196
196
196
196
41
41
206
236
180
125
49
49
241
241
241
241
241
241
204
204
204
204
204
55
55
55
55
52
52
11
202
202
202
202
202
74
74
74
74
74
74
74
74
74
74
74
138
138
138
138
138
138
138
73
73
73
162
162
232
232
232
232
75
75
75
75
75
127
174
197
197
114
114
80
80
80
203
203
203
203
54
54
198
198
119
119
18
60
81
81
81
81
81
81
81
81
222
222
160
163
163
163
163
111
111
234
167
247
79
79
79
79
205
205
205
57
57
57
112
215
215
215
215
215
215
208
208
70
190
226
21
21
149
149
186
240
188
209
211
211
255
255
255
82
82
83
84
84
87
88
88
90
90
92
92
92
92
92
98
99
99
