2
3
4
5
6
7
8
9
10
11
12
13
14
15
16
17
18
19
20
21
22
23
24
25
26
27
28
29
30
31
32
33
34
35
36
37
38
39
40
41
42
43
44
45
46
47
48
49
50
51
52
53
54
55
56
57
58
59
60
61
62
63
64
65
66
67
68
69
70
71
72
73
74
75
76
77
78
79
80
81
82
83
84
85
86
87
88
58
90
59
92
68
94
62
96
61
60
99
101
102
103
104
105
106
107
108
109
110
111
112
113
114
115
116
117
118
119
120
121
122
123
124
125
126
127
128
129
130
131
132
133
134
135
136
137
138
139
140
141
142
143
144
145
146
148
149
150
151
152
153
154
155
156
157
158
159
160
161
162
163
164
165
166
167
168
169
170
171
172
173
174
175
176
177
178
179
180
181
184
185
186
187
188
189
190
191
192
193
194
195
196
197
198
199
200
201
202
203
204
205
206
207
208
209
210
211
212
213
214
215
216
217
218
219
220
221
222
223
224
225
226
227
228
229
230
231
232
233
234
235
236
237
238
239
240
241
242
243
244
245
246
247
248
249
250
251
252
253
254
255
15
182
188
189
225
207
180
175
179
181
108
106
103
102
107
101
101
101
101
108
106
103
105
104
102
107
224
218
220
219
217
228
108
106
103
102
107
101
101
101
174
173
181
154
155
156
153
101
213
188
189
10
15
3
180
172
179
171
181
46
44
45
152
151
6
101
254
228
252
225
77
69
71
158
157
182
105
104
243
101
62
61
65
68
69
66
71
226
207
180
172
179
181
115
105
246
108
106
103
102
107
101
101
101
230
209
225
184
227
44
29
242
238
239
240
106
104
101
101
160
159
152
154
155
156
153
182
16
46
44
45
102
20
29
4
39
38
19
15
58
24
23
20
101
105
103
102
5
77
222
232
208
209
211
150
101
181
178
154
155
156
153
101
219
217
103
105
104
102
223
208
210
227
151
182
29
246
101
244
209
228
244
184
58
24
23
20
214
188
108
106
103
102
107
101
101
101
29
188
189
225
207
38
29
194
215
151
101
44
29
242
238
228
239
240
225
223
208
188
187
218
24
59
23
20
22
20
15
231
209
188
184
207
180
181
60
70
68
69
71
67
65
64
72
106
103
102
107
101
101
101
64
65
66
162
163
228
226
227
207
76
70
39
64
69
101
178
215
188
115
105
78
72
67
213
188
184
184
22
20
214
188
115
108
7
58
62
61
70
65
68
69
66
29
218
220
182
164
9
15
165
103
102
228
182
246
78
70
72
67
233
209
188
62
61
60
105
222
232
223
208
209
211
216
216
29
225
207
51
51
148
148
184
225
207
225
207
207
105
104
101
59
23
24
58
23
60
62
61
58
23
60
65
21
68
69
58
24
23
