1
2
2
2
2
6
8
2
10
11
12
12
12
12
12
12
12
12
12
12
12
12
12
12
12
12
12
12
12
12
12
12
12
12
12
12
12
12
12
12
12
12
12
12
35
47
11
49
49
49
49
49
54
54
54
54
54
54
54
54
54
54
54
54
54
54
54
54
71
72
71
74
74
74
74
74
74
74
74
74
74
74
74
74
74
74
74
74
91
91
91
91
74
96
96
96
96
96
96
96
96
96
96
107
107
74
110
110
110
110
110
87
117
118
118
118
118
118
118
118
118
118
118
118
118
118
118
118
118
118
118
118
118
118
118
118
118
118
118
118
118
134
147
136
149
126
151
140
153
143
155
155
155
155
155
161
161
161
145
165
146
167
167
118
170
170
170
170
170
170
170
166
179
1
180
180
180
180
180
180
180
180
180
180
180
180
191
71
194
194
194
194
194
194
194
194
194
194
194
194
194
194
194
194
194
194
194
194
194
194
194
194
194
194
194
194
194
194
194
194
194
194
194
194
194
194
194
194
194
235
235
203
239
240
240
240
240
240
240
240
240
240
240
240
240
240
240
240
240
240
240
240
240
240
240
240
240
240
240
240
240
240
240
240
240
240
240
240
240
240
240
240
240
240
240
240
240
240
240
240
240
240
240
240
240
240
240
240
246
296
288
298
289
300
290
302
293
304
294
306
294
308
295
295
295
295
1
314
314
314
314
314
314
314
314
314
314
314
71
326
326
326
326
326
326
326
326
326
326
336
336
336
326
340
340
340
326
333
84
83
348
11
349
349
349
349
349
349
349
349
349
349
349
349
349
349
349
349
349
349
349
349
349
349
349
349
349
349
349
349
349
349
349
349
349
349
349
349
349
349
351
388
388
388
388
349
393
393
393
393
349
398
398
398
398
398
398
398
398
387
1
408
408
408
408
408
408
408
408
408
408
408
413
420
413
422
424
189
1
426
426
426
426
426
426
426
426
426
426
426
426
426
426
426
426
426
426
426
426
447
6
449
6
451
451
452
441
426
5
426
216
426
459
203
225
440
440
71
464
464
464
464
464
464
464
464
464
473
473
473
464
477
477
477
477
477
84
83
485
464
326
464
464
398
473
340
426
2
477
357
357
357
357
357
357
357
58
58
190
190
186
186
437
437
437
210
210
210
216
221
270
148
148
148
148
362
371
371
371
371
207
207
207
39
89
328
229
382
272
272
90
90
105
285
285
280
280
137
137
137
136
277
277
418
476
440
440
440
440
440
440
440
231
231
231
231
284
284
225
225
225
202
202
202
202
202
333
333
333
475
94
402
402
402
386
386
386
439
46
335
335
150
281
281
481
368
368
374
374
384
384
384
211
218
218
434
434
112
416
48
237
292
95
79
79
79
79
446
446
413
413
51
51
378
378
282
282
4
369
369
369
215
228
228
228
230
230
230
175
175
358
358
358
86
206
206
364
364
364
273
273
273
319
330
468
468
205
205
260
233
233
295
295
295
361
361
361
361
34
34
34
34
34
470
470
470
113
266
266
466
129
41
41
262
109
188
188
329
329
359
359
359
359
35
35
35
35
185
185
401
401
417
217
217
479
52
52
187
187
101
101
101
24
24
412
412
42
42
365
375
403
403
403
403
81
78
78
291
133
232
45
144
6
6
36
443
443
131
209
209
26
26
26
467
467
37
127
145
87
87
88
88
283
283
5
208
208
146
405
405
405
356
356
356
356
85
85
85
380
380
226
404
404
404
57
57
376
376
376
367
367
367
367
367
367
367
367
367
367
367
80
80
80
80
204
204
204
370
370
370
53
53
377
377
377
140
331
331
331
338
472
139
139
135
135
135
222
222
189
189
219
219
219
343
343
343
286
286
438
99
261
261
114
114
114
224
224
224
154
82
385
385
385
40
442
442
442
372
372
372
25
25
25
366
366
366
366
366
366
366
366
366
482
482
482
50
445
106
234
469
173
173
383
383
383
383
100
100
100
84
84
84
363
363
381
381
381
381
257
257
257
332
332
332
134
436
436
436
436
436
436
269
102
102
102
287
287
220
223
223
83
83
83
83
138
138
318
318
373
373
373
373
471
471
471
132
93
43
43
43
43
43
43
213
203
387
387
387
387
387
169
38
444
444
334
339
379
379
379
379
379
435
435
435
128
268
214
214
441
441
441
441
441
441
212
212
212
212
130
227
227
227
227
227
227
360
360
360
247
354
182
182
351
317
350
125
352
316
316
13
409
409
353
344
484
484
484
346
346
347
347
116
486
455
455
455
457
457
345
345
460
461
462
462
462
463
463
407
448
425
450
7
483
483
483
456
458
459
459
459
459
459
