2
3
4
5
6
7
4
9
6
12
13
14
15
16
17
18
19
20
21
22
23
24
25
26
27
28
29
30
31
32
33
34
35
36
37
38
39
40
41
42
43
44
45
46
47
48
49
50
51
52
53
54
55
56
57
58
59
60
61
62
63
64
65
66
67
68
69
70
72
73
74
75
76
77
78
79
80
81
82
83
84
85
86
87
88
89
90
91
92
93
94
95
96
97
98
99
100
101
102
103
104
105
106
108
109
110
111
112
113
114
115
116
118
119
120
121
122
123
124
125
126
127
128
129
130
131
132
133
134
135
136
137
138
139
140
141
142
143
144
145
146
147
148
149
150
151
152
153
154
155
156
157
158
159
160
162
163
164
165
166
167
168
169
170
171
172
173
174
175
176
177
178
168
180
181
182
183
184
185
186
187
188
189
190
191
192
193
194
195
196
197
198
199
200
201
202
203
204
205
206
207
208
209
210
211
212
213
214
215
216
217
218
219
220
221
222
223
224
225
226
227
228
229
230
231
232
233
234
235
236
237
238
240
241
242
243
244
245
246
247
248
249
250
251
252
253
254
255
256
257
258
259
260
261
262
263
264
265
266
267
268
269
270
271
272
273
274
275
276
277
278
279
280
281
282
283
284
285
286
287
288
289
290
291
292
293
294
295
296
297
298
299
300
301
302
303
304
305
306
307
308
309
310
311
312
313
314
315
316
317
318
319
320
321
322
323
324
325
326
327
328
329
330
331
332
333
334
335
336
337
338
339
340
341
342
343
344
345
346
347
338
349
350
351
352
353
354
355
356
357
358
359
360
361
362
363
364
365
366
367
368
369
370
371
372
373
374
375
376
377
378
379
380
381
382
383
384
385
386
387
388
389
390
391
392
393
394
395
396
397
398
399
400
401
402
403
404
405
406
407
408
409
410
411
412
413
414
415
416
417
418
419
420
421
422
423
418
425
426
427
428
429
430
431
432
433
434
435
436
437
438
439
440
441
442
443
444
445
446
427
448
435
450
428
429
436
453
454
455
456
457
458
437
460
461
462
463
464
465
466
467
468
469
470
471
472
473
474
475
476
477
478
479
480
481
482
483
484
475
486
72
74
72
393
91
477
194
426
96
366
367
19
355
354
352
12
55
56
181
184
184
183
430
428
429
204
195
194
196
214
265
145
146
144
126
362
24
21
352
12
209
195
194
17
110
327
230
381
265
271
81
76
97
291
292
265
293
138
126
125
123
265
276
417
474
214
215
445
443
430
432
431
222
212
196
199
265
293
197
196
199
203
201
196
199
200
435
327
194
474
92
364
399
12
364
44
12
428
17
326
326
138
265
293
478
352
12
354
12
383
25
12
199
214
198
435
426
111
410
34
236
293
92
77
76
75
91
215
430
411
410
55
56
364
12
265
293
3
32
354
12
199
222
212
196
222
212
196
172
171
21
354
12
75
207
194
361
354
12
265
274
275
318
327
464
464
205
194
267
197
196
57
56
54
42
12
12
12
28
21
25
13
16
434
465
194
111
265
262
465
135
17
16
263
107
181
183
327
326
387
370
355
350
23
21
17
16
182
180
400
399
411
227
198
478
55
56
181
183
106
99
74
23
16
409
408
17
16
381
352
364
406
399
12
75
91
74
265
135
200
15
126
2
2
16
215
433
135
194
194
23
17
16
465
464
16
126
126
96
477
96
340
265
293
3
209
194
126
400
399
12
355
353
354
352
227
83
194
379
393
199
364
399
12
55
56
29
374
12
39
43
24
35
18
355
353
354
350
352
12
77
76
75
74
209
195
194
28
354
12
55
56
42
354
12
124
435
327
194
337
465
143
140
136
122
121
213
232
181
184
214
198
235
481
74
326
291
292
427
74
264
262
85
81
111
225
201
196
141
74
26
383
12
17
441
440
427
30
354
12
23
17
16
31
23
40
38
355
354
353
352
12
481
74
464
57
430
97
232
465
172
171
21
354
12
12
106
99
74
76
75
194
360
354
27
368
22
12
258
24
12
6
327
194
123
437
430
432
433
427
431
264
106
99
74
291
292
227
213
232
207
76
75
194
139
126
316
314
30
354
12
12
6
465
194
135
92
20
39
37
14
12
12
214
200
383
21
38
355
12
168
17
427
431
327
337
351
353
352
393
398
426
326
426
135
267
197
196
214
215
445
430
432
428
197
196
200
199
135
214
232
215
212
197
196
42
12
12
267
12
180
180
393
314
349
170
12
314
314
12
408
408
12
336
434
465
75
6
327
435
327
477
473
441
440
427
427
431
435
327
427
428
430
431
196
432
431
38
435
417
426
2
6
465
75
427
431
437
430
428
429
199
