1
2
2
2
2
2
2
2
9
10
9
12
2
14
14
14
14
14
14
20
21
20
25
26
26
26
26
26
26
26
26
26
26
26
26
26
26
26
26
26
26
26
26
26
26
26
26
26
26
26
26
26
26
26
26
26
26
26
26
26
26
26
26
26
26
26
26
26
26
26
26
26
26
26
26
26
26
26
26
26
26
26
26
26
26
26
26
26
26
26
26
26
26
26
26
26
26
26
26
26
26
61
106
107
107
107
107
107
107
107
107
107
107
107
116
25
122
122
122
122
122
127
122
129
122
131
122
133
122
135
122
137
122
139
122
141
122
143
126
146
147
148
148
148
148
148
148
148
148
148
148
148
148
148
148
157
160
164
162
25
167
167
167
167
167
167
167
167
167
167
167
167
167
167
167
167
167
167
167
167
167
167
167
167
167
167
167
167
167
167
61
147
199
199
199
199
199
199
199
199
199
207
207
211
147
212
212
212
212
212
212
212
212
212
212
212
212
212
225
212
227
212
229
212
231
212
233
233
233
147
237
237
237
237
237
237
237
237
237
237
247
237
249
246
251
253
241
241
241
257
242
242
260
243
243
244
244
265
1
266
266
266
266
266
266
266
266
266
266
266
266
266
266
266
266
266
266
266
266
266
266
288
288
288
288
288
288
286
283
284
284
285
26
167
40
40
40
170
125
292
292
292
292
292
82
38
38
93
93
33
28
103
69
69
70
70
221
221
221
61
61
61
178
39
39
39
186
186
89
55
55
55
78
97
97
241
241
241
241
241
41
41
41
124
276
276
276
276
276
276
276
276
276
48
48
48
220
220
220
240
240
240
240
240
240
240
240
51
51
51
31
88
176
281
281
281
79
284
284
284
284
60
60
67
67
191
191
282
282
282
76
76
65
65
36
36
73
73
64
192
192
49
49
49
162
293
293
293
194
194
80
74
74
50
50
50
278
278
183
99
99
72
72
90
90
90
187
187
196
196
98
98
195
195
182
182
58
75
75
42
42
42
96
96
179
193
193
102
102
150
116
116
116
116
95
95
185
185
8
8
8
8
8
189
77
77
173
173
217
217
217
217
32
115
115
115
115
115
104
279
279
279
180
66
243
243
243
243
243
243
285
285
285
20
59
190
190
53
53
53
123
123
123
123
123
123
286
286
286
286
52
52
52
92
92
46
46
46
91
91
91
91
57
219
19
19
280
280
280
188
169
54
54
54
94
94
35
35
56
56
56
68
68
177
184
184
47
101
101
44
44
44
43
43
81
242
242
242
242
242
242
242
181
181
207
207
207
207
207
207
207
85
45
45
18
18
283
283
283
283
283
37
71
71
175
224
224
224
244
244
244
244
244
244
100
100
287
287
287
287
287
222
222
222
222
222
222
126
238
238
145
24
297
298
121
299
254
254
254
300
295
209
209
209
209
209
209
209
210
257
257
257
257
258
258
258
260
260
260
261
261
261
263
263
263
264
264
264
265
265
265
