1
2
2
2
2
2
2
2
2
2
2
2
2
2
2
2
2
2
2
2
2
2
2
2
2
2
2
2
2
2
2
2
2
2
2
2
2
2
2
2
2
2
2
2
2
2
2
2
2
2
2
2
2
54
56
57
57
57
57
57
57
57
57
57
57
57
57
57
57
57
57
57
57
57
57
57
57
57
57
57
57
57
57
57
57
57
57
57
62
91
63
64
69
71
73
75
76
1
101
101
101
101
101
101
101
101
101
101
101
101
101
114
101
116
101
118
110
110
110
110
56
125
125
125
125
125
125
125
132
132
132
136
131
138
139
139
139
139
139
139
139
139
139
139
139
139
139
139
153
22
22
66
85
83
144
30
30
27
27
67
89
72
15
15
15
52
65
7
17
17
17
84
8
48
35
44
44
34
90
11
133
47
47
25
25
146
63
63
37
37
86
16
16
16
112
112
9
12
21
21
45
45
10
18
18
18
150
39
39
43
43
54
54
29
29
110
110
110
110
110
110
110
110
110
24
24
40
40
14
14
14
26
26
38
38
131
131
131
131
131
131
145
46
19
19
19
20
20
111
111
111
111
111
13
13
143
53
151
41
41
42
42
87
49
49
28
28
31
31
88
147
152
152
36
36
23
23
51
148
149
68
94
137
95
96
121
97
122
98
123
99
124
100
