1
2
2
2
2
2
2
2
2
9
10
13
14
14
14
14
14
14
14
14
14
14
14
14
14
14
14
14
14
14
14
14
14
14
14
14
14
14
14
14
14
14
14
14
14
14
14
14
14
14
14
14
14
14
14
14
14
14
14
14
14
14
14
14
14
14
14
14
14
14
14
14
14
14
14
14
14
14
14
14
14
14
14
14
14
14
14
14
14
14
14
14
14
14
14
31
98
39
100
41
102
43
104
45
106
47
108
49
110
51
112
53
114
55
116
63
118
66
120
68
122
70
124
72
126
74
128
79
130
14
132
132
132
132
132
132
132
132
132
132
14
143
143
143
143
144
148
14
150
150
150
150
150
151
156
158
158
158
158
159
160
160
160
160
160
160
160
160
160
160
160
160
160
160
175
159
176
176
176
176
176
159
182
182
182
182
182
182
159
189
189
189
189
189
189
189
189
189
189
189
189
189
189
200
204
1
206
206
206
206
206
206
206
206
206
206
206
206
206
206
206
206
206
206
206
206
206
206
206
206
206
206
206
206
206
206
236
236
236
236
8
8
8
8
245
8
231
206
8
250
250
250
250
250
8
253
254
255
255
256
257
8
8
8
8
8
8
8
8
8
159
267
267
267
159
271
271
271
271
271
272
277
277
277
277
277
277
277
277
277
277
277
277
206
150
160
143
182
176
267
188
55
55
55
55
55
109
279
54
54
140
140
140
140
140
140
203
57
57
40
40
280
33
155
138
48
77
77
229
229
229
229
229
229
229
229
229
229
229
229
229
229
229
229
229
229
229
229
229
229
229
229
229
229
34
6
6
60
60
276
95
62
62
202
93
93
93
93
83
83
101
285
149
149
152
152
152
152
152
113
82
82
82
82
82
82
82
82
82
275
177
228
228
228
127
168
131
78
78
186
64
64
71
71
96
42
42
94
157
157
200
200
200
200
200
200
200
200
61
61
49
49
49
49
166
235
235
103
145
145
145
145
145
90
90
141
141
63
63
63
63
63
63
43
43
43
43
139
139
139
139
139
139
72
72
72
72
72
72
8
8
8
75
75
53
53
53
53
53
56
56
167
68
68
68
68
68
68
68
68
119
52
52
233
233
270
88
88
165
165
165
165
181
66
66
66
66
66
66
163
51
51
51
51
286
89
89
89
41
41
41
41
179
154
154
180
9
9
47
47
47
47
10
35
45
45
45
45
92
92
92
92
58
58
87
87
39
39
39
39
125
36
36
171
274
85
85
178
70
70
70
70
70
70
129
105
79
79
79
79
79
79
79
76
76
107
201
67
67
234
99
74
74
74
74
74
44
44
197
91
121
147
184
117
7
170
183
123
123
123
32
32
32
32
46
46
185
198
111
69
69
73
73
65
50
50
81
81
30
30
30
30
30
30
30
38
268
59
59
37
115
187
31
31
164
269
80
80
199
199
191
15
151
272
193
144
134
16
207
241
242
242
242
242
242
242
242
243
245
245
246
246
246
246
247
249
249
249
249
249
249
249
249
249
249
249
249
249
249
249
249
249
249
249
249
249
249
249
249
249
249
249
258
259
259
259
260
260
260
260
260
260
261
262
262
262
262
262
263
263
263
263
263
263
263
263
264
264
264
264
264
264
264
264
264
264
264
265
265
265
265
265
265
266
266
266
266
266
