2
3
4
5
6
7
8
9
10
11
12
14
15
16
17
18
19
20
21
22
23
24
25
26
27
28
29
30
31
32
33
34
35
36
37
38
39
40
41
42
43
44
45
46
47
48
49
50
51
52
53
54
55
56
57
58
59
60
61
62
63
64
65
66
67
68
69
70
71
72
73
74
75
76
77
78
79
80
81
82
83
84
85
86
87
88
89
90
91
92
93
94
95
96
97
98
99
100
101
102
103
104
105
106
107
108
109
110
111
112
113
114
115
116
117
118
119
120
121
122
123
124
125
126
127
128
129
130
131
132
133
134
135
136
137
138
139
140
141
142
143
144
145
146
147
148
149
150
151
152
153
154
155
156
157
26
27
28
29
160
161
162
163
164
165
166
167
168
169
170
171
172
173
174
168
176
177
178
179
180
181
182
183
184
185
186
187
188
189
190
191
192
193
194
195
196
197
198
199
200
201
202
203
204
205
206
207
208
209
210
211
212
213
214
215
216
217
218
219
220
221
222
223
224
225
226
227
228
229
230
231
232
233
234
235
236
237
238
239
240
241
242
243
244
235
246
247
248
249
236
237
238
239
240
251
206
216
221
222
224
227
258
259
260
261
262
263
264
265
266
267
268
269
270
271
272
273
274
275
276
277
278
279
280
281
282
283
284
285
286
287
288
289
252
132
271
132
267
267
271
182
56
36
92
29
14
48
271
85
22
141
136
137
134
135
19
193
63
87
85
22
271
19
151
133
22
82
91
230
232
231
233
234
210
215
214
223
213
208
220
226
212
224
218
207
209
219
216
217
221
211
227
222
225
20
3
2
68
87
271
23
72
87
196
16
18
14
14
81
87
40
271
143
143
139
151
150
14
150
52
145
152
36
93
78
80
97
19
14
271
176
226
225
216
73
165
80
84
22
182
84
22
84
22
23
85
22
19
150
150
273
191
195
192
193
194
271
267
87
70
36
92
50
14
271
221
224
42
139
144
143
14
143
36
33
78
14
91
36
64
93
97
14
44
36
92
14
136
137
134
135
14
132
73
91
36
93
97
14
9
10
5
85
22
54
36
92
26
14
85
22
271
69
91
36
93
33
71
97
14
64
85
22
231
214
267
36
33
164
273
271
271
176
91
36
67
93
97
14
161
36
92
52
14
271
36
33
25
42
36
92
14
176
80
14
176
5
4
48
36
15
14
4
33
46
36
92
14
15
17
14
14
59
87
36
33
36
40
92
14
71
33
24
162
271
48
86
176
91
36
93
71
97
14
75
44
36
93
80
97
28
19
14
77
87
46
193
84
22
231
32
36
93
75
27
14
85
22
192
33
67
144
182
56
4
162
182
69
33
71
31
16
20
14
85
22
182
195
50
84
22
84
22
66
85
22
82
91
24
20
22
17
21
18
19
21
267
66
87
22
54
182
36
32
161
267
85
22
196
195
176
14
150
271
267
143
14
14
206
236
210
208
218
209
217
221
219
215
221
224
220
221
222
224
236
230
232
231
233
234
210
215
214
223
213
208
220
226
212
224
218
207
209
219
216
217
221
211
227
222
225
236
236
233
214
221
233
215
214
209
221
219
214
233
214
209
221
219
233
215
214
217
209
221
212
219
230
234
213
218
226
217
221
212
211
227
219
232
220
221
222
224
236
232
220
221
222
224
