2
3
4
5
6
7
8
9
10
11
12
13
14
15
16
17
18
19
20
21
22
23
24
25
26
27
28
29
30
31
32
33
34
35
36
37
38
39
40
41
42
43
44
45
46
47
48
49
50
51
52
53
54
55
56
57
58
59
60
61
62
63
64
65
66
67
68
69
70
71
72
73
74
75
76
77
78
79
80
81
82
83
84
85
86
87
88
89
90
91
92
93
94
95
96
97
98
99
100
101
102
103
104
105
106
107
108
109
110
111
112
113
114
115
116
117
118
119
120
121
122
123
124
125
126
127
128
129
130
131
132
133
134
135
136
137
138
139
140
141
142
143
144
145
146
147
148
149
150
151
152
153
154
155
156
157
158
159
160
161
162
163
164
165
166
167
168
169
170
171
172
173
174
71
6
44
160
135
125
133
38
11
7
12
3
17
41
9
20
4
44
125
61
7
3
17
25
4
11
4
10
160
38
4
41
11
4
17
87
28
20
57
123
7
4
83
112
90
25
132
123
107
87
28
84
11
20
87
28
20
123
61
38
172
76
99
52
6
4
8
11
88
134
135
16
6
6
140
77
134
71
15
59
18
134
61
7
7
132
62
93
14
4
11
169
132
123
107
87
28
165
170
85
11
20
3
18
4
41
159
6
8
135
5
4
134
61
128
6
44
83
12
13
17
60
4
146
6
7
20
4
5
123
125
62
131
7
153
169
132
125
59
38
154
170
116
6
14
4
3
85
4
160
123
38
54
52
4
82
160
153
86
60
125
166
131
154
14
11
4
47
123
60
91
125
133
4
2
56
160
38
72
90
25
169
132
123
107
87
28
170
84
11
20
80
6
4
133
24
124
9
11
16
4
8
5
10
4
94
169
170
84
11
7
57
11
10
167
123
168
6
7
20
4
10
2
40
159
131
6
4
169
62
170
25
123
107
148
42
108
62
99
16
135
94
125
71
107
126
38
9
2
2
44
160
135
125
133
38
11
7
3
17
9
153
169
56
132
125
154
170
64
116
10
6
166
38
4
51
6
4
14
11
12
134
135
30
52
40
123
133
38
131
11
3
10
4
19
4
38
3
94
6
7
111
4
41
126
2
4
41
126
2
4
169
100
170
99
100
101
4
52
133
38
11
3
100
101
38
125
62
4
19
100
160
162
159
38
4
165
4
13
2
76
