1
2
2
2
2
2
2
2
2
2
2
2
2
2
2
2
2
2
20
21
22
22
22
22
22
22
22
30
21
31
31
31
31
31
31
31
31
31
31
31
31
31
31
31
31
31
31
31
31
31
31
31
31
31
31
31
31
31
31
31
31
31
31
31
31
31
31
31
31
31
31
31
31
31
31
31
31
31
31
31
31
31
31
31
31
31
31
31
31
31
31
31
31
31
31
31
31
31
31
31
31
31
31
31
31
31
31
31
31
31
31
31
31
31
31
31
31
31
31
113
122
31
124
120
126
31
128
31
130
130
130
130
130
130
130
130
130
31
140
31
142
142
142
142
142
31
148
148
148
148
148
148
148
148
31
157
157
157
157
157
157
157
157
157
157
157
31
169
169
169
169
169
169
81
177
178
178
178
178
178
178
178
178
178
178
178
178
178
178
178
178
178
178
178
178
178
199
199
199
199
178
204
204
204
204
204
204
204
204
178
213
213
213
213
217
217
217
217
217
217
217
217
178
226
226
226
226
226
226
178
233
233
233
233
233
233
233
233
233
233
233
233
233
233
233
233
233
233
233
233
233
233
233
233
233
233
233
178
261
261
261
261
261
261
261
261
261
261
261
261
261
261
261
261
261
261
261
261
261
261
261
261
261
261
261
178
289
289
289
289
289
289
289
289
289
289
289
289
289
289
289
289
178
306
306
306
306
306
306
306
306
306
306
306
306
306
306
306
322
177
323
323
323
323
323
323
323
323
323
323
323
323
323
323
323
323
323
323
323
323
323
323
323
323
323
348
323
350
350
350
350
354
355
21
357
357
357
357
357
357
357
357
357
357
357
357
357
357
373
374
375
376
377
378
379
380
363
382
364
384
363
386
365
365
389
365
391
392
392
392
392
392
392
392
392
392
392
392
392
392
392
392
392
392
392
392
392
392
392
392
392
392
392
392
392
392
392
392
392
392
392
392
392
392
392
392
392
392
392
392
435
435
435
435
435
435
435
435
435
392
445
445
445
445
445
445
445
445
445
445
445
445
445
445
445
445
392
462
462
462
462
462
392
468
468
468
468
468
468
392
475
475
475
475
475
475
475
475
475
475
475
475
475
475
475
392
491
491
491
491
491
491
491
491
491
491
491
491
491
491
491
491
491
491
511
392
513
514
515
516
517
517
517
517
517
517
517
517
517
517
517
528
526
530
526
532
526
534
534
526
537
537
537
537
526
542
542
542
526
546
546
546
546
517
551
551
551
527
555
21
557
557
557
557
562
563
563
563
563
563
563
563
563
563
563
563
563
563
563
563
563
563
563
563
563
563
563
563
563
563
563
563
563
563
563
563
563
563
563
563
563
563
563
563
563
563
563
563
563
563
563
563
563
563
563
563
563
563
563
563
563
563
563
563
563
563
563
563
563
563
563
563
563
563
563
563
563
563
563
563
563
563
563
563
563
563
563
563
563
563
563
563
563
563
563
563
563
563
563
563
563
563
563
563
563
563
563
563
610
667
611
669
612
671
613
673
620
675
563
677
677
677
681
681
681
681
681
681
681
681
563
690
690
690
690
690
563
696
696
696
696
654
701
563
703
703
703
703
703
711
712
714
714
21
715
715
715
715
715
715
715
715
715
715
715
715
715
715
715
715
715
715
715
715
715
715
715
715
715
715
715
715
715
715
715
715
715
715
715
715
715
715
715
715
715
715
715
715
715
715
715
715
715
715
715
715
744
768
768
747
771
771
771
748
775
775
775
749
779
779
779
715
783
783
783
783
696
435
261
289
557
233
517
306
276
276
276
660
621
592
598
605
785
364
419
419
274
274
274
508
637
740
740
305
305
305
305
645
645
639
450
406
406
406
406
406
406
406
612
612
623
580
580
90
526
526
434
434
434
434
434
434
774
147
418
628
484
631
631
736
736
560
502
502
502
633
313
313
313
587
247
591
591
591
591
591
655
661
661
622
644
191
490
490
490
490
490
297
297
297
500
500
500
500
500
471
471
471
471
471
692
520
520
520
662
662
216
256
411
411
137
25
25
25
413
413
777
777
777
777
777
257
778
607
98
487
487
487
127
505
367
367
367
367
525
525
525
708
708
708
708
314
156
431
458
745
745
745
745
745
745
745
277
619
498
498
498
371
371
371
371
11
438
438
80
80
80
80
80
80
80
80
80
80
80
80
80
80
80
80
80
80
80
80
80
80
80
80
80
80
80
80
80
80
80
80
86
666
666
118
129
129
129
129
129
129
353
648
101
101
101
101
101
115
115
115
115
115
488
488
488
488
316
19
99
99
99
259
259
259
259
259
259
259
259
259
88
88
88
88
88
88
88
88
88
88
702
300
594
347
282
764
764
764
764
764
424
524
524
524
743
743
743
743
743
743
743
743
743
743
284
317
412
412
412
412
412
412
453
453
453
190
190
13
13
13
13
13
13
13
13
749
749
749
749
749
749
151
151
192
746
746
746
746
746
146
146
737
501
203
203
203
550
369
422
422
422
422
610
610
100
100
585
585
585
93
93
93
93
93
93
93
93
93
93
93
670
443
627
250
286
286
286
286
286
286
286
286
428
428
428
664
664
664
664
356
652
254
522
522
522
504
460
460
460
460
460
460
460
460
16
81
81
81
461
288
288
288
288
288
288
288
288
288
288
773
616
728
728
728
728
728
728
728
728
728
728
728
728
728
728
728
728
728
738
102
102
102
102
102
102
102
102
102
102
102
102
102
102
102
102
102
102
102
102
102
102
102
102
102
102
102
102
102
193
193
523
523
523
113
113
113
113
113
747
747
747
747
747
430
430
430
430
430
430
245
245
245
245
245
245
245
245
245
629
640
758
758
758
758
758
84
84
84
91
91
91
91
91
91
91
91
91
91
91
672
699
699
766
766
766
766
766
766
766
735
735
741
741
741
741
312
112
112
112
407
407
733
733
733
18
596
634
634
651
647
742
742
742
742
742
742
742
742
742
362
106
106
106
106
654
654
654
654
654
654
674
97
97
97
97
97
608
608
608
608
606
606
459
659
659
659
625
108
108
108
319
611
611
626
417
417
280
559
559
656
656
303
593
214
27
753
753
753
753
753
753
285
589
589
589
589
320
320
320
649
617
246
246
246
125
757
757
757
757
757
165
165
630
466
466
466
454
454
497
425
425
252
110
451
609
210
781
781
781
781
781
781
781
781
452
452
452
755
755
755
755
755
754
754
754
754
754
249
437
155
527
527
527
527
527
527
527
527
527
527
739
251
643
643
643
485
482
275
632
632
473
366
366
366
595
467
467
467
370
370
136
298
105
105
105
105
105
105
105
105
105
455
455
455
624
624
646
646
421
421
82
166
166
763
763
763
763
763
763
296
95
95
95
95
95
95
95
95
95
95
95
95
95
145
260
260
260
260
260
260
260
260
260
260
109
109
109
109
109
109
109
109
109
109
109
410
103
103
556
556
556
604
604
604
15
12
415
415
415
636
408
408
519
519
519
295
295
295
509
509
509
283
248
248
248
730
232
232
232
232
232
409
486
734
734
734
167
167
167
167
167
167
153
153
153
635
635
318
588
588
588
588
588
641
641
641
641
641
641
641
756
756
756
756
756
14
751
751
751
751
751
751
752
752
752
752
752
752
761
761
761
761
761
583
583
583
583
583
583
583
583
583
729
729
729
729
729
729
614
614
614
301
518
518
518
154
499
499
499
499
120
120
120
120
120
120
120
120
120
120
120
120
120
615
365
365
365
365
365
457
83
83
83
83
83
83
83
83
83
83
83
83
83
83
83
83
83
579
579
760
760
760
760
760
590
638
481
481
481
168
168
168
168
168
168
613
273
273
273
273
273
273
273
273
273
423
423
96
96
96
96
96
96
96
96
96
426
663
663
663
663
676
346
346
346
472
223
29
29
321
321
321
321
94
94
94
94
94
94
94
782
782
782
782
782
17
744
744
744
744
744
744
744
744
744
744
521
521
521
521
92
92
92
92
92
92
92
363
363
748
748
748
748
748
748
433
618
765
765
765
765
765
287
287
287
287
287
287
287
287
287
368
368
224
750
750
750
750
750
750
693
436
107
107
107
107
107
152
152
597
278
121
253
414
414
414
700
315
141
141
258
258
258
258
258
258
258
258
489
489
489
489
135
135
135
759
759
759
759
759
279
483
304
304
304
302
599
603
603
762
762
762
762
762
762
650
581
581
581
581
581
581
581
581
581
144
144
114
114
114
114
114
114
114
114
104
104
138
474
345
345
345
345
345
345
345
345
345
345
345
345
345
345
345
345
345
345
117
420
420
281
600
600
429
429
429
352
352
352
352
352
139
139
139
602
255
503
87
89
89
89
89
89
89
89
225
299
668
337
45
359
575
52
52
52
68
68
65
164
577
719
43
402
64
64
55
53
53
53
75
158
158
158
24
447
447
159
159
344
344
360
718
50
400
358
382
382
382
384
386
512
373
375
375
377
377
377
381
383
385
385
387
389
389
390
