1
2
2
5
5
5
6
7
7
7
7
7
7
7
7
7
7
7
7
7
7
7
7
7
14
25
19
27
27
27
19
31
20
20
21
21
39
40
40
40
40
40
40
40
40
40
40
40
40
40
40
40
40
40
40
40
40
40
61
61
40
64
64
64
64
64
40
70
70
70
70
70
70
40
80
81
81
81
85
80
86
86
86
90
39
91
91
91
91
91
91
91
91
91
91
91
91
91
91
91
91
91
91
91
91
91
91
91
91
91
91
91
91
91
91
91
91
91
91
91
91
91
128
128
128
128
128
134
80
135
135
135
139
140
141
141
141
142
142
142
142
6
151
151
151
151
151
151
140
158
158
158
158
158
158
158
158
158
158
158
158
158
158
158
158
158
158
158
158
158
158
158
158
158
158
158
158
158
158
158
158
158
158
158
158
158
158
158
158
158
158
158
158
158
158
158
158
158
158
158
158
158
158
158
158
158
158
158
158
158
158
158
158
158
158
158
158
158
158
158
158
158
158
158
158
158
158
158
237
237
158
240
240
80
243
243
243
243
243
248
248
248
248
253
80
254
254
254
258
143
143
143
143
143
143
143
143
54
127
126
126
15
84
84
257
257
183
192
192
192
192
192
211
211
59
59
246
118
118
57
57
57
57
57
57
57
241
241
220
114
114
114
114
114
114
114
114
114
114
114
114
114
114
114
114
114
69
121
121
121
121
121
121
121
121
121
121
138
138
205
216
216
216
142
142
142
142
142
142
132
132
132
223
164
164
225
206
206
206
206
20
20
20
20
60
60
113
113
113
113
113
113
113
162
162
162
238
238
230
68
73
73
16
24
74
74
14
14
14
14
75
209
209
179
22
22
89
89
120
224
186
178
178
178
178
178
178
212
212
212
115
122
181
181
181
181
234
175
175
191
191
191
191
191
203
67
76
76
218
218
218
156
156
156
156
177
177
171
171
51
51
51
51
51
51
51
51
51
51
190
190
201
229
117
167
167
157
157
157
157
157
222
214
214
214
200
166
166
53
53
53
53
213
213
213
228
228
193
193
193
193
193
195
195
210
210
210
235
231
227
173
173
125
184
184
184
116
208
208
208
196
196
131
131
180
180
180
180
180
23
23
168
168
168
168
217
217
217
133
133
169
215
215
215
163
163
163
163
29
189
189
189
174
174
219
219
219
219
219
219
219
219
219
219
219
219
17
17
17
17
165
165
233
233
18
18
18
18
18
194
226
176
176
236
172
172
182
182
182
182
182
199
199
199
4
4
4
221
21
21
21
21
197
197
197
185
207
207
170
170
170
202
232
232
232
188
188
198
198
187
187
204
19
19
8
47
92
103
41
145
145
145
35
35
36
79
37
37
38
148
148
149
149
150
150
150
