2
3
4
2
3
4
7
8
9
10
11
12
13
14
15
16
17
18
19
20
21
22
23
24
25
26
27
28
29
30
31
32
35
36
37
38
40
41
42
43
44
45
46
47
48
49
50
51
52
53
54
55
56
57
58
59
60
61
62
63
64
65
66
67
68
69
70
71
72
73
74
75
76
79
81
82
83
84
83
86
87
88
89
88
91
92
93
94
95
96
97
98
99
100
101
102
103
104
105
106
107
108
109
110
111
112
113
114
115
116
117
118
119
120
121
122
123
124
125
126
127
128
129
130
131
132
133
97
135
136
137
138
137
141
142
143
144
145
148
149
150
151
152
153
154
155
156
157
158
159
160
161
162
163
164
165
166
167
168
169
170
171
172
173
174
175
176
177
178
179
180
181
182
183
184
185
186
187
188
189
190
191
192
193
194
195
196
197
198
199
200
201
202
203
204
205
206
207
208
209
210
211
212
213
214
215
216
217
218
219
220
221
222
223
224
225
226
227
228
229
230
231
232
233
234
235
236
237
238
239
240
241
242
243
244
245
246
247
248
249
250
251
252
246
254
255
256
257
256
257
84
89
138
86
135
254
81
50
94
127
112
10
81
81
254
254
183
235
236
161
160
158
208
158
47
70
248
111
92
127
65
47
46
43
70
64
174
158
96
117
115
98
99
101
110
105
111
104
103
108
106
109
100
112
107
102
66
126
123
124
122
108
111
105
92
112
128
135
135
158
218
138
158
257
84
89
4
138
147
127
130
129
185
159
158
225
235
236
181
158
15
16
13
12
42
41
98
104
103
99
101
100
243
161
159
160
175
158
227
65
71
72
9
11
71
70
13
10
12
33
71
208
158
158
15
16
86
86
109
185
183
235
187
159
161
160
158
194
236
158
93
102
236
161
160
158
158
171
158
235
236
161
160
158
158
66
71
72
219
158
243
152
155
154
153
171
158
171
158
49
42
46
44
45
43
50
95
243
77
187
158
158
225
97
159
158
152
155
154
153
7
183
257
218
158
158
159
158
48
49
46
41
218
84
158
236
240
235
236
161
160
158
181
158
194
236
158
159
227
227
171
158
108
236
161
160
94
194
236
158
181
158
130
129
235
236
161
160
158
15
16
236
161
160
158
219
158
243
130
129
236
218
89
158
161
159
158
158
9
235
187
158
171
158
168
183
247
220
236
161
96
160
158
243
91
158
15
16
13
12
159
158
182
158
15
16
8
13
12
237
227
171
158
235
171
158
235
236
161
160
158
194
236
158
246
243
248
185
15
16
13
12
194
236
158
183
208
158
236
171
158
158
183
174
236
180
158
181
158
180
158
158
15
33
7
70
91
243
40
84
4
147
13
12
15
77
13
12
15
138
147
89
147
257
4
147
