1
2
2
2
6
5
5
5
4
4
4
14
15
15
15
16
20
21
21
21
21
21
21
21
21
21
21
21
21
21
21
31
1
37
37
37
37
37
37
37
37
37
37
37
37
37
37
37
37
37
37
37
37
37
37
37
37
61
64
65
65
66
67
67
67
67
67
67
67
67
67
67
67
67
67
67
67
67
67
67
67
87
88
2
28
58
85
79
79
80
54
56
24
5
5
52
78
47
47
25
34
57
86
23
74
74
83
82
82
51
29
75
53
30
49
49
60
33
61
61
81
77
77
46
48
59
4
4
3
3
18
76
84
84
55
71
38
62
9
9
10
10
12
12
13
13
