1
2
2
2
2
2
2
2
2
2
2
2
13
13
13
2
17
17
17
17
17
17
17
17
17
17
27
27
27
27
27
27
27
27
27
27
27
35
1
40
40
40
40
40
40
40
40
40
40
40
40
40
40
40
40
40
40
40
40
40
40
40
40
64
64
47
68
33
33
33
33
63
63
11
11
24
24
57
47
47
47
47
8
8
20
20
36
36
48
48
46
12
12
10
10
52
38
38
38
38
25
25
62
62
49
49
50
15
37
37
16
9
30
54
55
55
45
45
45
45
21
21
21
23
23
31
7
7
6
22
22
56
56
59
59
53
53
58
58
58
26
26
66
32
32
60
60
18
18
3
67
