1
2
2
2
2
2
2
2
2
2
2
2
2
2
2
2
2
2
2
2
2
2
2
2
2
2
2
2
2
2
2
2
2
2
2
2
2
2
2
2
2
2
2
2
2
2
2
2
2
2
2
2
2
2
2
2
2
2
2
2
2
2
2
2
2
2
2
2
2
2
2
2
2
2
2
2
2
2
2
2
2
2
2
2
2
2
2
2
2
2
2
2
2
2
2
2
2
2
2
2
2
2
2
2
2
2
2
2
2
31
111
33
113
58
115
117
117
117
117
117
117
2
124
124
124
124
124
129
124
131
124
133
2
135
135
135
135
135
135
135
135
135
2
145
1
147
147
147
147
147
147
147
147
147
147
147
147
147
147
147
147
147
147
147
166
166
112
1
170
170
170
170
170
170
170
170
170
170
170
170
170
170
170
170
170
170
170
170
170
170
170
170
170
170
170
170
170
199
199
199
199
199
199
199
199
199
199
199
199
1
212
212
212
212
212
212
35
220
221
221
221
221
221
221
221
221
221
221
221
221
221
221
221
221
221
221
221
221
221
221
221
221
221
221
221
221
221
221
221
221
221
221
133
131
129
43
55
179
35
35
35
35
35
162
162
162
162
162
164
164
91
187
187
187
187
187
187
62
251
251
251
214
49
209
209
56
190
190
190
39
39
39
39
39
146
146
239
239
239
239
154
69
105
110
70
70
70
70
70
100
193
193
193
193
193
193
89
38
181
181
181
181
181
207
207
60
60
84
92
185
185
185
185
185
41
41
41
41
66
66
66
210
210
122
156
156
59
59
59
50
246
28
28
28
28
28
28
28
81
205
205
205
205
184
184
97
140
240
240
93
45
71
71
79
79
90
48
24
24
46
137
94
112
112
32
32
217
217
109
242
242
74
189
189
189
189
189
243
73
73
98
215
64
64
40
40
40
25
25
163
163
163
163
163
163
183
183
183
183
27
27
159
159
159
247
247
252
252
216
216
216
216
108
108
108
34
34
34
34
34
158
95
33
33
33
33
33
33
238
238
238
238
238
238
238
238
238
238
238
238
238
238
182
182
182
182
72
106
106
106
106
121
121
121
29
99
249
249
249
249
104
26
26
26
26
26
26
26
26
47
88
37
37
37
37
195
198
51
192
192
192
192
192
192
192
192
192
192
78
78
155
101
54
54
245
245
245
53
22
22
22
22
22
208
208
31
31
241
241
42
42
42
191
191
255
85
86
68
96
197
63
63
63
63
80
168
168
168
168
168
52
23
23
248
248
30
83
160
160
160
76
188
87
244
244
244
244
58
58
67
107
107
107
186
186
186
186
36
36
61
65
65
65
65
65
65
65
65
65
65
65
65
65
65
206
206
206
206
213
171
126
126
173
153
153
127
127
149
149
148
148
152
125
125
3
169
219
219
