2
3
4
5
6
7
8
9
10
11
12
13
14
15
16
17
18
19
20
21
22
23
25
26
28
29
31
32
33
34
35
36
38
39
40
41
42
43
44
45
46
47
48
50
51
52
53
54
55
56
57
58
59
60
61
62
63
64
65
66
67
68
69
68
2
2
2
10
15
67
66
67
12
69
22
19
67
66
16
3
19
3
6
3
32
37
67
69
11
6
8
5
12
3
17
32
37
21
67
13
12
6
3
67
12
69
15
21
67
12
69
68
15
67
12
8
69
67
12
68
11
6
19
3
27
67
12
68
10
12
3
17
32
37
67
12
8
5
22
15
67
12
69
8
67
66
13
12
16
3
17
32
37
67
8
11
67
69
11
6
3
32
37
19
3
27
3
32
37
19
3
27
3
32
37
3
32
37
3
32
37
3
3
32
37
3
3
32
37
3
32
37
3
32
37
6
3
32
37
3
32
37
