2
3
4
5
6
7
8
9
10
11
12
13
14
15
16
17
18
19
20
21
22
23
24
25
26
27
28
29
30
31
32
33
34
35
36
37
38
39
40
41
42
43
44
45
46
47
48
49
50
51
52
53
54
55
56
57
58
59
60
61
62
63
64
65
66
67
68
69
70
71
72
73
74
75
76
77
78
79
80
81
82
83
84
85
86
87
88
89
90
91
92
93
94
95
96
97
98
99
100
101
102
44
45
46
47
104
109
110
111
112
113
114
115
116
117
118
119
120
121
122
123
124
125
126
127
128
129
130
131
132
133
134
135
136
137
138
139
140
141
142
143
144
145
146
147
148
149
150
151
152
153
154
155
156
157
158
159
160
161
162
163
164
165
166
167
168
169
170
171
172
173
174
175
176
177
178
179
180
181
182
183
184
185
186
187
188
189
190
191
192
193
194
195
196
197
198
199
200
201
202
203
204
205
206
207
208
209
210
211
212
214
215
216
217
218
219
220
221
222
223
224
225
226
227
228
229
230
231
232
233
234
235
236
237
238
239
240
241
242
243
244
245
246
247
248
249
250
251
252
253
254
255
256
257
258
259
260
261
262
263
264
265
266
267
268
269
270
271
272
273
274
275
276
277
278
279
280
281
282
283
284
285
286
287
288
289
290
291
292
293
294
295
296
297
298
299
300
301
302
303
304
305
306
307
308
309
310
311
312
313
314
315
316
317
318
319
320
321
322
291
292
325
315
329
330
331
332
333
334
335
336
337
338
339
340
341
342
343
337
338
339
340
341
342
343
345
346
347
348
349
350
351
352
353
354
355
356
357
358
359
360
361
362
363
364
365
366
367
368
369
370
371
372
373
374
375
376
377
378
379
380
381
382
383
384
385
386
387
388
389
390
391
392
393
394
395
396
398
399
400
401
402
403
349
405
406
407
408
409
410
411
412
413
414
415
416
417
418
419
420
421
422
423
424
425
426
427
428
429
430
431
432
433
434
435
436
437
438
439
440
441
442
443
444
445
446
447
448
449
450
451
452
453
454
455
456
457
458
460
462
463
464
465
466
467
468
469
470
471
472
473
474
475
476
477
478
479
481
483
484
485
486
487
488
489
490
491
492
493
494
495
496
497
498
500
501
502
503
504
505
506
507
508
509
510
511
512
513
514
515
516
517
518
519
520
521
522
523
524
525
526
527
528
529
530
531
532
533
534
535
536
537
538
539
540
541
542
543
544
545
546
547
548
549
550
551
552
553
554
555
556
557
558
559
560
561
562
563
564
565
566
567
568
569
570
571
572
573
574
575
576
577
578
579
580
581
582
583
584
585
586
587
588
589
590
591
592
593
594
595
596
597
598
599
600
601
602
603
604
605
606
607
608
609
610
612
613
614
615
616
617
618
619
620
621
622
623
624
625
626
627
628
629
630
631
632
633
634
635
636
637
638
639
640
641
642
643
644
645
646
647
648
649
650
651
652
653
654
655
656
657
658
659
660
661
662
663
664
665
666
667
668
669
670
671
672
673
674
675
676
677
678
679
680
681
682
683
684
685
686
687
688
689
690
691
692
693
694
695
696
697
698
699
700
701
702
703
704
705
706
707
708
709
710
711
712
713
714
715
716
717
718
719
720
721
722
723
724
725
726
727
728
729
730
732
734
735
736
737
738
739
740
741
742
743
744
745
746
747
748
749
750
752
753
754
755
756
757
758
759
760
761
762
763
764
765
766
767
768
769
770
771
772
773
774
775
776
761
762
763
764
765
766
767
768
769
770
771
772
773
774
775
776
778
779
780
781
782
783
784
785
786
787
788
789
790
791
792
793
794
795
796
797
798
799
800
801
802
803
804
805
806
807
808
809
810
811
812
813
814
815
816
817
818
819
820
821
822
823
824
825
826
827
828
829
830
831
832
833
834
835
836
837
838
839
840
841
842
843
844
845
846
847
848
849
850
851
852
853
854
855
856
857
858
859
860
861
862
863
864
865
866
867
868
869
870
871
872
873
874
875
876
877
878
879
880
881
882
883
884
885
886
887
888
889
890
891
892
893
894
895
896
897
898
899
900
901
902
903
904
905
906
907
908
855
893
912
913
860
859
916
917
918
919
920
921
922
923
924
925
926
927
928
929
930
931
932
933
934
935
936
937
938
939
940
941
942
943
944
945
946
947
948
949
950
951
952
953
954
955
956
957
958
959
960
961
962
963
964
965
966
967
968
969
970
971
972
973
974
975
976
977
978
979
980
981
982
983
984
985
986
987
988
989
990
991
992
993
994
996
997
998
999
1000
1001
1002
1003
1004
1005
1006
1007
1008
1009
1010
1011
1013
1014
1015
1016
1018
1019
1020
1021
1022
1023
1024
1025
1026
1027
1028
1029
1030
1031
1032
1033
1034
1035
1036
1037
1038
1039
1040
1041
920
405
405
405
405
274
967
966
251
519
518
892
83
18
14
3
15
20
577
575
567
576
8
15
21
251
519
517
518
82
83
3
15
10
922
162
917
683
687
649
658
647
751
445
422
446
427
501
502
503
83
15
23
9
20
692
691
946
949
920
342
762
763
505
614
919
596
597
162
600
574
692
691
270
270
630
738
747
746
946
948
647
947
939
160
598
567
569
162
406
630
781
782
780
938
920
342
762
763
57
444
740
742
741
735
418
660
85
83
14
3
15
20
307
83
18
3
15
20
736
740
742
741
635
313
252
287
245
277
268
844
780
796
82
83
3
15
10
406
500
255
251
518
294
435
405
251
518
85
83
3
15
4
20
920
342
762
763
520
521
519
965
83
3
15
10
596
597
162
600
574
83
14
3
15
10
20
162
917
683
687
649
658
647
751
467
692
691
269
227
786
784
787
788
967
970
966
445
422
446
118
117
427
110
111
251
519
518
863
440
253
251
519
518
851
847
918
659
794
848
946
920
342
762
763
83
18
15
20
1008
1001
251
519
518
297
296
293
435
405
596
162
600
567
574
920
83
8
18
3
23
15
21
10
24
20
107
844
661
464
967
966
794
519
518
224
293
435
405
409
890
862
967
966
409
341
342
340
577
575
567
576
570
571
572
574
684
690
688
162
917
689
687
650
658
657
648
649
647
751
920
83
18
3
15
10
107
941
692
691
82
83
18
13
3
15
20
191
186
187
175
176
177
178
850
855
854
847
849
853
852
506
504
505
247
246
244
248
231
372
917
371
349
347
348
356
362
850
846
411
410
405
658
863
871
968
967
969
970
971
966
253
257
521
518
787
521
251
519
518
467
465
466
83
86
3
15
4
20
57
83
14
3
15
10
20
917
683
651
658
663
751
792
779
791
630
143
83
18
14
3
5
15
10
20
410
405
692
691
356
83
3
15
596
597
162
600
574
844
783
920
342
762
763
82
83
86
84
18
13
3
15
20
275
244
274
684
790
926
224
688
917
683
658
668
751
245
406
405
798
967
969
966
373
251
519
518
464
83
18
3
15
20
83
18
14
3
5
15
24
20
82
83
18
3
15
596
597
922
162
600
574
938
920
342
762
763
630
946
441
521
372
917
371
349
347
348
356
362
570
571
572
573
574
83
15
20
596
597
162
600
574
216
789
85
83
18
3
15
10
20
160
436
920
340
762
763
244
596
598
922
600
567
569
574
520
521
519
781
844
305
614
445
422
446
427
633
632
631
892
891
51
315
293
295
405
82
83
3
15
10
967
966
372
917
371
349
346
348
356
350
895
692
691
694
693
795
353
354
355
356
357
268
253
521
257
518
992
789
596
597
162
600
574
149
151
150
152
168
169
167
692
691
329
439
440
429
426
414
83
18
3
15
17
24
20
162
917
683
687
649
658
647
751
123
294
422
435
423
433
405
892
891
247
246
244
245
248
664
659
655
658
665
657
663
656
662
666
654
660
661
895
797
483
796
350
786
785
787
788
949
435
424
634
636
967
966
851
57
294
435
405
162
917
683
687
649
658
647
751
920
83
18
3
15
10
107
268
244
596
597
162
600
574
786
789
785
790
784
787
788
791
792
83
18
3
15
17
24
20
747
746
737
149
280
279
285
283
82
83
18
13
3
15
17
24
20
162
917
683
687
649
658
647
751
372
917
371
349
347
348
356
362
83
15
23
20
784
596
598
922
600
567
569
574
438
657
171
162
163
935
1000
940
942
939
941
867
875
83
86
14
3
15
20
165
166
168
169
167
694
693
280
281
278
279
144
920
83
18
3
15
10
83
3
15
424
620
618
783
847
83
3
15
10
967
966
844
851
596
597
162
600
574
798
895
999
1000
599
781
596
598
922
600
567
569
574
920
342
762
763
306
878
797
790
793
780
844
122
244
415
648
521
257
518
895
343
3
10
503
293
295
435
405
83
15
20
415
85
82
83
84
18
13
3
15
20
787
788
82
83
18
13
3
15
20
251
517
518
307
295
330
435
51
662
85
82
83
18
13
3
15
20
292
291
328
327
500
83
18
3
15
4
20
441
692
691
892
890
863
872
691
930
790
269
251
518
617
245
407
850
306
521
793
83
3
15
10
4
188
191
186
177
181
178
253
257
521
518
244
229
83
13
19
14
3
23
15
9
17
10
20
8
18
22
16
21
24
4
844
467
465
468
464
489
520
521
519
968
966
253
251
257
519
518
846
431
190
192
186
180
179
405
193
782
920
342
762
763
372
917
371
349
347
348
356
362
692
691
305
797
358
362
374
373
374
373
895
971
966
873
353
354
355
360
358
356
359
362
350
920
342
762
763
863
850
847
998
946
948
520
521
519
882
847
405
788
786
785
784
787
788
83
52
3
15
83
3
15
10
521
144
138
294
435
405
965
442
175
180
179
176
177
181
178
253
521
518
406
500
520
521
374
373
596
597
162
600
574
20
633
521
895
520
521
967
966
473
920
468
162
917
683
687
649
658
647
751
574
846
875
786
787
788
786
492
494
253
257
521
518
217
693
83
18
3
15
17
10
24
20
338
408
122
413
445
422
446
427
615
616
617
596
597
162
600
574
619
109
189
406
109
352
360
351
844
255
251
518
424
506
504
374
373
244
934
251
517
518
57
255
414
521
795
109
136
224
253
521
518
443
999
1000
998
1001
269
520
521
424
83
15
10
20
85
82
83
13
3
15
10
20
924
405
483
406
614
111
110
313
255
256
251
517
518
216
685
686
654
655
658
657
656
920
340
762
763
407
414
417
418
410
408
416
189
890
893
867
83
18
3
15
17
24
20
620
619
618
305
162
917
683
687
649
658
647
751
895
873
247
246
244
248
83
86
14
3
15
20
83
84
18
13
3
15
20
692
691
851
946
948
243
269
268
275
261
267
266
269
265
264
263
240
248
232
234
239
233
237
242
238
228
241
236
235
274
225
226
83
18
3
15
17
10
24
20
920
342
762
763
785
405
148
147
132
417
253
224
224
329
244
230
895
791
436
251
519
518
662
650
660
739
306
436
495
792
500
780
3
10
874
262
280
282
281
284
278
279
285
283
162
917
683
687
649
658
647
751
967
970
966
688
162
917
683
687
650
658
657
648
649
647
751
967
966
144
895
83
18
15
20
920
342
762
763
634
636
635
895
483
143
138
614
473
920
468
374
373
1009
596
597
162
600
574
782
362
410
434
874
735
737
735
737
224
735
224
224
224
844
745
894
739
224
224
224
224
614
224
500
405
405
630
965
270
739
844
349
347
348
920
8
23
21
10
844
349
347
348
349
347
348
349
347
348
341
342
340
847
349
346
348
893
855
150
152
855
162
153
162
153
162
153
162
153
162
153
162
153
162
153
176
162
153
315
293
295
292
291
328
323
920
