2
3
4
5
6
7
8
9
10
11
12
13
14
15
16
17
18
19
20
21
22
23
24
25
26
27
28
29
30
31
32
33
34
35
36
37
38
39
40
41
42
43
44
45
46
47
48
49
50
51
52
53
54
55
56
57
58
59
61
62
63
64
65
66
67
68
69
70
71
72
73
74
75
76
64
65
78
66
80
81
67
84
85
86
87
88
89
90
91
92
93
94
95
96
97
98
99
100
101
102
103
104
105
107
108
109
110
111
112
113
114
115
116
117
118
119
120
121
122
123
124
125
126
127
128
129
130
131
132
133
134
135
136
137
138
139
140
141
142
143
144
145
146
147
148
149
150
151
152
153
154
155
156
157
158
159
160
129
162
132
164
137
166
167
168
169
170
171
172
173
174
175
176
177
178
179
180
179
180
107
107
133
107
133
4
94
88
56
57
55
55
171
174
94
169
170
4
8
148
9
126
174
94
169
170
4
9
37
56
57
107
174
94
169
170
94
87
107
126
67
4
88
85
87
90
89
118
107
119
102
103
101
107
93
169
170
51
120
174
94
169
170
118
93
169
170
169
170
171
84
128
107
130
107
141
65
137
135
134
63
3
107
24
110
135
134
148
27
4
95
86
102
103
101
100
142
120
93
92
169
170
168
46
118
107
141
119
130
107
125
100
84
107
153
84
107
157
126
93
169
170
137
67
