2
3
4
5
6
7
8
9
10
11
12
13
14
15
16
17
18
19
20
21
22
23
24
25
26
27
28
29
30
32
33
34
35
36
37
38
39
40
41
42
44
45
46
47
48
49
50
51
52
53
54
55
56
57
58
59
60
61
62
63
64
65
66
67
68
69
70
71
72
73
74
75
76
77
78
79
80
81
82
83
84
85
86
87
88
89
90
91
92
93
94
95
96
97
98
99
100
101
102
103
104
105
106
107
108
109
110
111
112
113
114
115
116
117
118
119
120
121
122
123
124
125
126
127
128
129
130
131
132
133
134
135
136
137
138
139
140
141
142
143
144
145
146
147
148
149
150
151
152
153
154
155
156
157
134
108
160
161
162
100
165
166
167
168
169
170
171
172
173
174
175
176
177
178
179
180
181
182
183
184
185
186
187
188
189
190
191
192
193
194
195
196
197
198
199
200
202
203
204
205
206
207
208
209
210
211
212
213
214
215
216
217
218
219
220
221
222
223
224
225
226
227
228
229
230
231
232
233
234
235
236
237
238
239
240
241
242
243
244
245
246
247
248
249
250
251
252
252
131
125
146
110
112
109
100
147
101
146
146
224
214
222
225
223
221
213
224
219
214
222
225
216
217
223
220
215
218
221
102
128
125
145
141
135
138
253
125
95
96
87
86
135
253
44
125
14
119
104
118
135
92
253
125
44
104
118
136
253
92
125
210
119
104
118
136
253
92
125
126
44
48
131
125
146
17
90
102
74
48
119
104
118
136
253
92
125
11
127
125
121
210
44
46
48
52
47
51
49
57
53
44
119
104
118
135
92
253
125
59
60
229
231
230
232
228
227
54
46
49
50
129
125
119
72
73
46
60
45
18
4
3
100
151
152
149
148
94
150
146
163
146
11
107
118
95
96
99
131
125
146
87
86
136
135
253
125
44
58
135
251
125
44
136
253
125
46
130
147
129
131
126
128
92
92
146
14
142
143
145
136
135
138
139
46
59
48
52
60
51
61
57
53
45
125
130
125
146
95
98
97
101
129
132
127
100
96
133
93
130
131
126
94
128
125
125
106
93
44
130
125
146
72
106
73
46
60
55
50
58
56
18
18
151
152
149
148
150
146
146
130
125
146
18
18
4
3
108
100
98
99
102
97
94
111
151
152
149
148
150
146
163
146
44
117
60
55
50
87
55
56
75
59
51
58
61
45
53
44
18
4
3
135
251
125
44
133
132
125
224
214
222
225
223
213
44
233
229
231
230
234
232
228
87
55
56
18
119
107
95
96
99
95
96
104
136
253
92
255
254
125
92
121
146
146
146
121
146
152
149
148
150
146
152
149
150
146
100
101
110
112
109
147
146
94
121
217
223
100
98
131
132
125
104
136
253
92
255
254
125
99
151
146
126
151
152
149
150
146
151
146
