1
2
2
2
2
2
2
2
2
2
2
2
2
2
2
2
2
2
2
2
2
2
2
2
2
2
2
2
2
2
2
2
2
2
2
2
2
2
2
2
2
2
2
2
2
2
2
48
48
51
52
52
52
52
52
52
52
52
52
52
52
52
52
52
52
52
52
52
52
52
59
73
72
75
77
60
72
80
81
81
81
81
81
81
81
81
81
81
81
81
81
81
81
81
81
97
99
81
101
101
101
101
101
101
101
101
101
101
101
101
101
101
101
116
116
116
81
120
120
120
120
120
120
120
81
128
128
128
16
16
16
16
115
16
51
138
138
138
138
138
138
138
138
138
138
138
138
138
138
138
138
138
138
138
138
138
138
138
138
138
138
138
138
138
138
168
168
171
51
172
172
172
172
172
172
172
172
172
172
172
172
172
172
172
172
172
172
172
172
172
172
172
172
172
172
172
172
172
201
201
201
201
201
201
208
208
208
208
208
209
210
210
212
212
212
212
212
212
212
212
212
212
212
212
212
212
212
210
228
228
228
210
232
232
232
210
236
236
236
236
236
236
236
236
236
236
236
236
236
236
236
236
236
236
255
256
257
257
257
257
257
257
257
257
257
257
257
257
257
257
257
257
257
257
257
257
257
257
257
257
257
261
283
263
51
286
286
286
286
286
286
286
286
286
286
286
286
286
286
286
286
286
286
301
305
301
307
80
309
309
309
309
309
309
309
309
309
309
309
309
309
51
323
323
323
323
323
323
323
323
323
323
323
323
323
323
323
323
323
323
323
323
323
323
323
323
323
323
323
332
351
333
353
334
355
323
357
329
331
336
336
337
338
347
366
367
367
367
367
371
286
52
309
323
189
189
241
294
294
294
331
331
331
331
331
331
296
191
191
239
163
217
21
21
21
25
30
40
253
154
157
157
68
68
68
67
67
67
67
314
314
314
125
125
125
19
19
261
62
62
62
62
62
242
207
207
207
207
207
42
332
243
300
36
36
91
91
91
91
91
91
91
271
192
192
339
339
339
339
170
170
108
108
94
130
130
27
27
221
369
50
93
15
15
15
15
15
15
33
33
322
322
322
322
247
220
329
329
329
329
329
18
18
18
295
89
89
167
167
72
72
344
344
344
344
344
344
346
263
263
263
263
263
263
263
263
263
263
263
24
39
39
39
39
39
39
98
92
41
41
41
41
41
41
41
41
131
131
131
233
251
188
188
17
17
327
327
327
327
327
327
95
190
190
190
190
190
190
190
190
169
169
169
169
169
169
169
169
169
44
97
97
97
97
97
97
289
70
70
318
318
318
318
318
318
318
318
318
318
318
259
259
304
336
336
336
336
336
336
252
16
16
16
246
219
352
338
338
338
338
338
338
111
111
111
111
111
111
111
196
196
196
196
196
196
196
196
196
196
249
61
61
61
61
61
277
277
278
302
124
124
26
26
240
96
96
96
96
96
96
96
71
71
316
316
316
316
316
115
126
126
109
109
109
156
333
43
193
193
193
193
193
193
193
193
193
226
319
319
319
319
319
129
129
129
20
20
90
90
90
90
90
90
90
90
158
158
264
343
152
152
152
330
330
330
330
330
330
37
100
100
197
197
334
244
31
31
28
28
28
248
69
69
69
69
69
69
69
222
114
114
114
114
214
340
148
148
148
148
148
148
148
148
153
153
35
35
35
164
165
165
317
317
317
317
34
34
34
356
321
321
354
162
150
150
150
200
200
200
200
200
200
200
200
200
200
200
107
107
160
341
345
345
345
345
345
161
149
149
149
149
149
149
149
149
149
328
328
328
328
328
328
299
227
66
195
195
195
195
60
60
60
60
60
166
166
151
29
14
32
32
187
187
187
187
187
187
187
238
224
23
326
326
326
326
326
245
159
218
342
110
110
155
155
155
337
337
337
337
337
337
335
335
335
335
335
335
335
335
320
291
216
127
127
315
315
315
250
113
22
22
22
22
22
22
22
112
211
211
211
38
38
38
38
38
38
225
215
223
258
53
173
121
121
186
182
139
139
183
310
287
105
285
78
78
78
133
134
359
359
135
360
360
137
132
362
362
363
363
364
364
136
