2
3
4
5
6
7
8
9
10
11
12
13
14
15
16
17
18
19
20
21
22
23
24
25
26
27
28
29
30
31
32
33
34
35
36
37
38
39
40
41
42
43
44
45
46
47
48
49
50
52
53
54
55
56
57
58
59
60
61
62
63
64
65
66
67
68
69
70
71
72
73
74
75
76
52
78
79
81
82
83
84
85
86
87
88
89
90
91
92
93
94
95
96
97
98
99
100
101
102
103
104
105
106
107
108
109
110
111
112
113
114
115
116
117
118
119
120
121
122
123
124
125
126
127
128
129
130
131
132
133
134
135
136
137
138
139
140
141
142
143
144
145
146
147
148
149
150
151
152
153
154
155
156
157
158
159
160
161
162
163
164
165
166
167
168
169
170
165
172
173
174
175
176
177
178
179
180
181
182
183
184
185
186
187
188
189
190
191
192
193
194
195
196
197
198
199
200
201
202
203
204
205
206
207
202
203
204
205
206
210
211
212
213
214
215
216
217
218
219
220
221
222
223
224
225
226
227
228
229
230
231
232
233
234
235
236
237
238
239
240
241
242
243
244
245
246
247
248
249
250
251
252
253
254
254
257
258
259
260
261
262
263
264
265
266
267
268
269
270
271
272
273
274
275
276
277
278
279
280
281
282
283
284
285
286
287
288
289
290
291
292
293
294
295
296
297
298
299
300
301
302
303
304
305
306
307
308
309
310
311
312
313
314
315
316
317
318
319
320
321
322
323
324
325
326
327
328
329
330
331
332
333
334
335
336
337
338
339
340
341
342
343
344
345
346
347
348
349
350
351
352
353
354
355
356
357
358
359
360
361
362
363
364
365
367
368
369
370
371
372
257
257
2
257
190
184
237
303
288
304
349
348
347
350
324
325
304
186
201
237
143
213
16
4
2
6
8
41
237
155
147
140
66
57
58
66
54
57
58
315
309
81
123
122
120
20
2
277
55
54
56
57
58
237
205
206
203
204
202
5
335
237
288
5
6
88
85
87
82
84
86
83
272
193
172
349
347
324
325
138
138
101
101
85
120
120
8
9
213
370
49
88
13
5
10
6
11
12
8
7
93
24
310
82
237
213
349
348
350
324
325
20
4
2
302
81
81
138
138
63
66
349
348
347
350
324
325
325
273
276
266
268
272
274
271
267
275
270
269
5
22
31
8
7
10
6
85
88
24
33
22
31
8
7
10
6
123
122
120
236
237
190
185
18
2
349
348
347
350
324
325
87
184
182
203
186
204
185
183
201
165
146
144
143
142
147
140
145
138
8
88
85
86
83
120
120
288
57
58
24
92
319
123
312
122
84
88
310
311
120
262
261
288
349
348
347
350
324
325
237
20
4
2
237
213
350
349
348
347
350
324
325
103
102
105
106
81
116
81
205
206
179
176
177
175
174
138
201
138
237
55
54
56
57
58
279
278
282
292
123
122
38
9
237
88
85
87
86
83
120
120
57
58
310
312
311
84
81
105
123
122
106
105
104
140
335
12
194
182
179
175
183
181
174
172
201
213
24
123
313
122
120
123
122
120
2
2
95
88
85
87
84
82
86
83
161
140
265
344
155
151
145
349
348
347
350
324
325
5
122
120
175
174
335
237
23
43
8
9
48
237
64
63
65
66
59
57
58
213
110
103
106
105
213
344
146
144
143
142
141
147
140
145
155
145
36
13
6
145
146
144
24
318
96
310
7
8
10
350
310
82
350
146
152
144
141
160
159
161
164
154
156
162
151
138
138
138
103
102
147
344
348
346
350
324
325
142
146
144
143
142
141
147
140
145
138
349
348
347
350
324
325
288
213
65
196
175
174
138
264
261
270
57
58
147
140
143
38
2
23
43
194
176
177
173
175
178
174
237
213
8
349
348
350
324
325
237
144
213
344
103
102
151
146
144
349
348
347
350
324
325
349
348
347
358
350
324
325
357
311
292
213
123
122
309
81
309
237
106
34
5
7
10
6
12
11
105
212
228
232
24
43
22
8
7
10
213
213
213
257
52
172
120
128
201
201
168
168
201
81
286
104
270
270
57
58
105
105
349
348
105
349
348
105
102
349
348
349
348
349
348
105
