1
2
2
2
2
2
2
2
2
2
2
2
2
2
2
2
2
2
2
2
2
2
2
2
2
2
2
2
2
2
2
2
2
2
2
2
2
2
2
2
2
2
2
2
2
2
2
2
2
2
2
2
2
2
2
2
2
2
2
2
2
2
2
2
2
2
2
2
2
2
2
2
2
2
2
2
2
2
2
2
2
2
2
2
2
2
2
2
2
2
2
2
2
2
2
2
2
2
2
2
2
2
2
2
2
2
2
2
2
2
2
2
2
2
2
2
2
2
2
2
2
2
2
2
2
2
2
2
2
2
2
2
2
2
2
2
2
2
2
2
2
2
2
2
2
2
2
2
2
2
2
2
2
2
2
2
2
2
2
2
2
2
2
2
2
2
2
2
2
2
2
2
2
2
2
2
2
2
2
2
2
2
2
2
2
2
2
2
2
2
2
2
2
2
2
2
2
2
2
2
2
2
2
2
2
2
2
2
2
2
2
2
2
2
2
2
2
2
2
2
2
2
2
2
2
2
2
2
2
2
2
2
2
2
2
2
2
2
2
2
2
2
2
2
2
2
2
2
2
2
2
2
2
2
2
2
2
2
2
2
2
2
2
2
2
2
2
2
2
2
2
2
2
2
2
2
2
2
2
2
2
2
2
2
2
2
2
2
2
2
2
2
2
2
2
2
2
2
2
2
2
2
2
2
2
2
2
2
2
2
2
2
2
2
2
2
2
2
2
2
2
2
2
2
2
2
2
2
2
2
2
2
2
2
2
2
2
2
2
2
2
2
2
2
2
2
2
2
2
2
2
2
2
2
2
356
356
356
356
356
356
356
356
69
365
123
367
367
127
370
370
141
373
195
375
375
285
378
2
380
380
380
380
380
333
386
386
386
390
391
391
391
391
391
391
391
391
391
391
391
391
391
391
391
391
391
391
391
391
391
391
391
391
391
391
391
391
391
391
391
391
391
391
391
391
391
391
391
391
391
391
391
391
391
391
391
391
391
391
391
391
391
391
391
391
391
391
391
391
391
391
391
391
391
391
391
391
391
391
391
391
391
391
391
391
391
391
391
391
391
391
391
391
391
391
391
391
391
391
391
391
391
391
391
391
391
391
391
391
391
391
391
391
391
391
391
391
391
391
501
501
501
501
501
501
501
501
501
501
501
501
501
501
501
501
501
501
501
501
501
501
501
501
501
501
501
501
501
501
501
501
501
501
501
501
501
501
501
501
501
501
501
501
501
501
501
501
501
551
553
555
557
559
561
563
565
567
569
571
573
575
402
577
403
579
404
581
391
583
583
583
583
391
588
588
588
588
588
391
594
391
596
422
598
422
600
602
391
604
604
604
604
604
604
374
426
427
428
431
216
216
291
291
291
291
291
291
291
291
291
291
291
498
469
469
204
172
172
426
240
268
268
41
385
452
173
72
384
138
317
256
132
132
447
447
447
447
447
91
139
139
294
294
294
236
311
311
286
286
286
286
286
169
39
48
237
433
433
433
270
270
264
146
318
326
382
473
473
473
473
42
47
198
198
257
257
445
250
250
73
454
298
354
56
56
56
56
56
481
65
301
332
152
79
79
221
267
182
182
182
484
377
67
67
67
211
425
80
38
287
287
287
287
287
287
232
186
186
186
101
50
50
203
355
313
443
443
443
60
90
90
90
90
90
90
90
90
135
545
234
315
122
122
122
489
436
210
310
461
238
295
295
295
295
295
376
134
75
75
75
75
75
75
75
75
75
75
75
75
75
75
75
428
428
274
274
442
442
442
201
201
290
290
470
470
155
105
168
478
478
87
156
466
128
61
487
195
195
195
292
497
497
609
609
609
308
316
383
383
472
472
187
187
187
187
187
187
187
187
187
456
293
450
127
127
127
127
127
127
127
219
219
449
449
242
184
184
184
88
88
53
53
85
54
297
297
142
142
299
193
55
328
328
185
185
185
185
159
69
69
69
69
69
69
69
69
69
69
69
69
490
430
97
323
259
259
342
247
179
248
424
64
64
64
64
64
68
68
84
84
84
432
432
432
189
189
434
269
269
269
129
388
388
388
44
44
44
44
44
423
220
220
324
319
212
167
167
437
89
300
277
277
463
463
463
467
83
83
83
83
83
366
51
51
51
51
51
51
312
312
278
304
304
500
500
58
58
307
307
307
607
151
157
45
331
341
309
309
309
477
477
477
477
137
154
46
46
46
344
59
451
451
451
444
140
140
222
141
141
546
71
608
608
608
608
608
427
265
180
175
289
289
289
289
289
103
144
144
453
200
200
200
260
441
441
217
419
419
419
174
174
493
371
371
218
244
244
188
188
188
188
379
379
379
379
233
161
162
479
479
479
479
479
479
479
160
325
368
329
329
329
329
459
465
465
465
285
285
285
285
285
285
285
285
66
66
66
66
66
66
224
197
183
183
183
183
183
183
183
183
183
183
183
305
205
63
63
63
63
63
336
336
352
599
303
40
130
252
486
548
181
181
181
592
592
145
243
246
246
471
471
474
474
474
474
457
494
93
107
241
57
57
99
261
446
431
431
150
150
150
121
121
491
491
491
131
458
550
550
223
171
171
226
239
488
49
296
296
296
296
296
296
296
374
464
464
43
448
448
448
448
448
249
249
435
62
136
136
194
194
194
194
438
438
420
420
343
343
215
215
499
483
148
81
81
81
81
81
275
302
77
77
77
77
77
77
77
77
77
77
77
77
77
77
77
77
123
123
123
123
123
123
123
123
123
123
123
123
485
95
196
196
196
280
280
280
245
70
70
235
422
422
422
422
422
422
422
422
422
149
153
340
593
593
593
460
455
455
455
455
455
455
273
273
421
421
158
209
147
126
126
165
165
165
165
165
165
165
165
165
165
165
165
165
440
440
468
306
306
306
306
306
306
306
306
306
306
306
482
389
284
284
284
258
258
258
258
258
258
199
225
439
429
476
476
476
76
76
271
271
271
208
176
410
4
7
549
3
597
597
26
406
404
404
584
584
403
403
12
12
595
595
408
413
413
413
402
402
412
612
613
614
614
615
