1
2
2
2
2
2
2
2
2
10
10
10
10
10
16
17
10
19
20
20
20
20
20
20
20
20
20
20
20
20
20
20
20
20
20
20
20
20
20
20
20
20
43
45
20
47
47
47
47
47
47
47
47
47
47
47
47
47
47
52
62
52
64
61
66
35
59
19
70
70
70
70
70
70
70
70
70
70
70
70
70
70
70
70
70
70
70
70
70
70
70
70
70
70
70
70
70
70
70
70
70
70
70
70
70
70
70
70
70
70
70
70
70
70
70
70
119
120
120
120
120
120
120
120
120
120
120
120
120
120
120
120
120
120
120
120
120
120
120
120
120
120
120
132
148
149
149
149
149
149
149
149
149
149
149
149
149
149
149
149
149
149
149
149
149
149
149
149
149
149
149
149
149
149
149
149
149
149
149
149
184
184
184
184
152
189
155
191
156
193
176
195
179
197
182
199
149
201
203
204
204
204
204
204
204
209
207
208
196
67
135
34
170
181
181
181
181
181
171
202
39
61
61
61
61
61
208
208
146
146
50
209
209
136
136
136
136
136
136
183
183
183
141
35
35
42
40
172
175
206
143
143
143
164
164
164
164
164
43
43
180
180
38
38
38
38
38
210
210
178
138
10
10
10
137
140
145
145
145
145
207
207
31
60
33
133
133
133
133
133
182
182
182
182
182
36
36
8
139
92
95
95
179
179
179
179
179
179
177
177
41
46
57
57
57
142
91
91
6
132
132
132
58
58
30
32
134
134
134
134
134
134
134
166
55
55
55
55
200
200
56
59
174
176
176
176
176
176
28
52
52
52
51
37
27
165
7
144
144
144
144
9
9
9
29
125
125
124
124
157
158
68
69
147
147
