2
3
4
5
6
7
8
9
10
11
12
13
14
15
16
17
18
19
20
21
22
23
24
25
26
27
28
29
30
31
32
33
34
35
36
37
38
39
40
41
42
43
44
45
46
47
48
49
50
51
52
53
54
55
56
57
58
59
60
61
62
63
64
65
66
67
68
69
70
71
39
2
2
2
39
39
39
39
2
39
39
16
5
2
12
34
21
23
17
16
37
3
7
15
4
2
2
39
39
39
39
2
2
2
2
39
40
39
3
2
39
2
2
39
33
14
5
4
2
39
2
2
2
48
39
39
39
54
50
70
49
45
67
56
40
2
2
66
47
