1
2
2
2
2
2
2
2
2
2
2
2
2
2
2
2
2
2
2
2
2
2
2
2
2
2
2
2
2
2
2
2
2
2
2
2
2
2
2
2
2
2
2
2
2
2
2
2
2
2
2
2
2
2
2
2
2
2
2
2
2
2
2
2
2
2
2
2
2
2
2
2
2
2
2
2
2
2
2
2
2
19
83
34
85
34
87
34
89
34
91
34
93
33
96
97
97
97
97
97
97
97
97
97
97
97
97
97
97
97
97
97
97
97
97
97
97
97
97
97
97
97
97
97
97
97
97
97
97
97
97
97
97
97
97
97
97
97
97
97
97
97
97
97
97
97
97
97
97
97
112
153
97
155
155
155
155
155
155
155
97
163
97
165
165
165
97
169
169
169
169
169
169
97
176
176
176
176
176
176
176
176
176
97
186
186
186
186
186
186
186
186
186
186
186
186
97
199
199
199
199
199
199
181
207
179
181
181
181
212
213
213
213
213
213
213
213
213
213
213
213
213
213
213
213
213
213
213
213
213
213
213
213
213
237
237
237
237
237
237
237
237
213
246
246
246
246
246
246
246
246
246
246
213
257
257
257
257
257
257
257
257
257
257
257
257
257
257
257
257
257
257
257
257
257
257
257
253
282
179
253
253
253
169
176
165
179
48
48
48
113
113
159
66
151
151
151
144
73
121
269
40
148
280
50
50
75
115
115
115
65
33
33
120
34
34
39
61
227
227
227
118
126
126
126
126
180
180
180
270
277
277
277
277
277
78
51
51
51
63
276
276
276
45
45
45
45
45
45
45
45
45
45
45
45
52
52
81
147
53
53
112
112
112
112
112
112
112
112
112
112
124
195
150
150
56
56
233
242
242
242
125
154
154
140
140
146
146
146
203
203
30
30
30
30
30
30
30
30
30
30
30
30
30
252
252
252
272
272
272
272
272
172
172
172
172
172
197
197
197
197
197
197
197
197
197
197
197
29
145
253
253
253
253
253
160
184
223
223
223
223
223
223
223
47
204
204
204
204
204
204
204
251
76
80
80
137
137
137
137
137
137
137
137
122
122
134
244
244
244
244
46
46
46
57
57
275
275
275
275
268
123
123
123
123
226
226
226
37
37
37
37
37
152
152
152
183
224
224
82
194
194
194
194
231
232
232
232
232
232
271
271
271
250
130
130
130
130
130
74
230
168
168
168
119
196
196
196
196
196
196
196
196
196
196
196
196
225
225
225
70
141
141
72
117
255
94
279
279
279
279
279
279
279
279
279
279
279
279
234
278
278
278
278
278
278
278
36
36
36
64
173
55
55
55
55
38
38
38
38
236
67
67
67
235
54
54
54
54
60
229
229
229
229
41
77
245
138
138
138
138
138
138
138
138
138
138
138
181
181
181
181
254
254
162
162
131
131
131
136
136
136
136
136
136
136
136
116
68
68
133
62
256
228
42
273
273
35
143
142
114
114
114
44
44
58
58
167
59
71
129
69
69
161
161
128
139
139
149
79
135
135
135
135
135
135
135
135
241
243
243
274
274
274
274
182
182
182
182
43
43
43
43
43
43
217
178
221
103
106
177
104
222
249
248
95
95
209
209
209
209
209
284
284
284
284
284
284
284
210
285
285
211
211
286
206
206
281
