2
3
4
5
6
7
8
9
10
11
12
13
14
15
16
17
18
19
20
21
22
23
24
25
26
27
28
29
30
31
32
33
34
35
36
37
38
39
40
41
42
43
44
45
46
47
48
49
50
51
52
53
54
55
56
57
58
59
60
61
62
63
64
65
66
67
68
69
70
71
72
73
74
75
76
77
78
79
80
81
82
83
84
85
86
87
88
89
90
91
92
93
94
95
97
98
99
100
101
102
103
104
105
106
107
108
109
110
111
112
113
114
115
116
117
118
119
120
121
122
123
124
125
126
127
128
129
130
131
132
133
134
135
136
137
138
139
140
141
142
143
144
145
146
147
148
149
150
151
152
153
154
155
156
157
158
159
160
161
162
163
164
165
166
167
168
169
170
171
172
173
174
175
176
177
178
179
180
181
182
183
184
185
186
187
188
189
190
191
192
193
194
195
196
197
198
199
200
201
202
203
204
205
206
179
208
209
210
211
213
214
215
216
217
218
219
220
221
222
223
224
225
226
227
228
229
230
231
232
233
234
235
236
237
238
239
240
241
242
243
244
245
246
247
248
249
250
251
252
253
254
255
256
257
258
259
260
261
262
263
264
265
266
267
268
269
270
271
272
273
274
275
276
277
278
279
280
281
250
283
284
285
286
163
163
163
155
4
13
15
101
99
156
18
111
102
110
107
14
122
259
10
99
257
10
9
19
103
104
102
18
35
34
101
19
5
10
10
251
220
221
101
127
125
99
102
177
178
155
263
264
261
259
262
263
15
10
11
9
10
271
278
264
32
31
49
50
10
3
16
4
13
15
18
9
10
4
24
101
54
10
103
101
104
105
102
106
169
176
186
165
126
189
102
109
4
9
216
240
239
238
99
199
199
142
101
151
101
99
200
201
13
7
23
24
20
21
6
12
22
4
14
19
5
248
249
155
273
265
267
258
266
173
174
99
170
171
198
190
192
188
99
189
187
193
100
102
191
2
101
160
161
247
249
155
156
176
218
222
217
221
237
246
257
15
205
127
99
202
98
200
201
247
21
10
13
162
225
235
226
99
102
213
155
101
102
109
230
245
240
214
10
7
9
54
9
276
272
265
266
262
124
101
99
102
220
218
215
42
3
16
4
18
111
102
110
180
269
222
12
190
188
189
187
216
243
233
222
217
221
280
260
261
155
124
131
101
99
102
8
216
167
99
166
101
127
198
190
99
187
188
189
193
100
98
102
191
250
221
155
10
101
102
13
101
252
40
277
271
276
234
280
274
270
278
264
259
262
263
218
261
265
262
267
263
258
266
41
10
9
18
169
4
13
7
18
44
43
4
17
220
68
41
13
219
55
3
4
17
22
242
222
217
221
45
23
237
136
137
204
151
101
99
105
102
106
109
199
160
161
178
155
256
253
157
158
99
98
102
162
179
103
99
104
102
155
176
101
28
15
101
9
246
215
15
267
266
7
107
102
103
104
102
48
10
4
11
165
11
15
108
10
4
157
158
108
140
141
101
10
136
137
151
101
99
105
102
109
238
240
239
275
261
263
266
181
184
180
99
47
46
4
25
13
18
237
155
246
163
199
155
163
257
155
155
13
5
160
161
101
178
155
160
161
214
220
247
249
155
161
160
214
101
102
161
101
178
249
