1
2
2
2
2
2
2
2
2
2
2
2
2
2
2
2
2
2
2
2
2
2
2
2
2
2
2
2
2
2
2
2
11
34
12
36
13
38
2
40
23
43
44
44
44
44
44
44
44
44
44
44
44
44
44
44
44
44
44
44
44
44
44
44
44
44
44
44
44
44
60
73
62
75
52
77
66
79
69
81
81
81
81
81
87
87
87
71
91
72
93
93
44
96
96
96
96
96
96
96
105
106
107
107
107
107
111
111
111
107
115
115
115
115
107
120
120
120
120
120
108
99
99
10
10
10
10
10
10
10
20
12
24
24
24
24
24
24
8
8
8
8
8
8
8
59
7
7
7
7
7
7
7
74
74
74
74
74
113
25
25
25
25
25
114
60
60
70
23
23
23
23
23
23
23
57
27
118
118
53
71
101
101
22
72
9
9
9
9
9
9
9
64
64
124
124
124
124
6
6
6
6
6
6
6
58
63
63
63
62
62
30
13
66
66
26
26
26
26
26
125
125
125
5
5
5
5
5
5
28
11
65
65
108
61
61
61
15
15
15
15
15
15
15
21
119
119
119
95
19
35
16
16
16
16
16
16
14
14
14
14
14
14
14
14
14
55
69
17
17
17
17
17
17
17
80
18
18
18
18
18
110
110
76
109
109
109
109
109
109
109
54
39
37
56
86
52
121
51
42
