1
2
2
2
2
2
2
2
2
2
2
2
2
2
2
2
2
2
7
20
19
22
19
23
19
19
28
29
29
29
29
29
29
29
29
29
29
29
29
29
29
29
29
29
29
29
29
29
44
1
52
52
52
52
52
52
52
52
52
52
52
52
52
52
52
52
52
52
52
52
52
52
52
52
52
52
52
52
52
52
63
83
64
85
65
87
52
89
80
92
93
93
93
96
96
96
96
96
96
96
96
96
93
106
106
106
106
106
106
106
106
106
93
116
116
116
116
116
116
116
116
106
1
126
126
126
126
126
126
126
126
126
126
126
126
126
126
126
126
126
126
126
126
126
126
136
140
37
62
62
62
62
62
62
47
38
48
64
36
45
32
15
74
43
61
61
61
61
61
61
105
14
14
135
9
9
9
147
147
147
147
147
65
50
138
49
63
102
102
102
137
131
146
16
16
16
16
16
41
71
35
70
70
70
70
39
121
142
142
142
88
86
141
145
145
145
145
145
145
148
148
148
148
148
72
123
123
123
136
124
76
76
76
76
76
103
60
60
60
60
60
60
113
113
113
113
113
59
59
59
59
59
59
19
19
75
75
75
75
75
75
13
77
40
144
95
95
34
58
58
58
58
58
58
143
143
104
104
104
42
134
134
134
101
101
101
101
57
57
57
57
57
78
115
67
67
67
67
67
67
73
84
68
68
68
68
68
68
66
66
66
66
66
66
66
66
129
129
122
122
122
46
69
69
69
69
69
69
56
56
140
8
8
8
133
133
133
44
55
55
120
132
132
132
132
132
132
31
114
114
114
114
114
33
33
33
33
94
94
3
149
150
125
51
