1
2
2
2
2
2
2
2
2
2
2
2
2
2
2
2
2
2
2
2
2
2
2
2
2
2
2
2
2
2
2
2
2
2
2
2
2
2
2
2
2
2
2
2
2
2
2
2
2
2
2
53
54
56
10
58
59
59
59
59
59
59
59
59
59
59
59
59
59
70
74
75
75
75
75
75
75
75
75
75
75
75
75
75
75
75
75
75
75
75
75
75
75
75
75
75
75
75
75
75
75
75
104
108
109
109
109
109
109
109
109
109
109
109
109
74
121
121
121
121
121
127
127
127
127
127
127
127
127
135
135
135
135
135
135
135
135
135
135
135
74
148
148
148
148
148
148
148
148
148
148
148
148
148
148
148
148
148
148
148
148
148
148
148
148
148
148
148
148
148
148
148
148
148
148
148
148
148
104
105
14
14
23
23
10
10
10
10
104
104
104
104
104
182
182
182
182
182
71
154
154
46
46
46
80
80
80
80
157
157
139
22
22
32
32
19
19
94
94
25
25
40
40
43
43
43
169
169
176
176
17
17
114
164
164
44
44
44
161
161
161
140
38
38
134
170
170
89
89
105
105
105
105
105
162
162
162
35
35
167
167
11
11
11
11
87
87
12
12
12
12
16
16
97
97
173
173
86
86
18
18
81
81
156
156
82
28
28
185
185
185
99
99
179
179
101
101
158
158
42
42
103
103
29
29
83
83
24
24
165
165
20
20
143
175
175
98
98
26
26
155
155
153
153
153
153
145
145
145
145
145
30
30
45
45
45
88
88
181
181
90
90
138
138
27
27
183
183
183
183
183
100
100
163
163
113
113
113
178
178
51
51
51
50
50
50
159
159
166
166
177
177
120
120
31
31
48
48
48
102
102
33
33
142
174
174
146
172
172
39
39
95
95
95
52
52
52
13
13
180
180
184
184
184
184
184
184
144
144
21
21
91
91
96
96
168
168
168
92
92
133
133
133
133
171
171
126
126
126
126
126
126
126
126
34
34
160
160
106
106
106
106
106
36
36
9
9
9
69
69
69
69
69
69
69
69
69
69
69
93
93
141
41
41
49
49
49
47
47
47
85
85
37
37
15
15
84
84
107
107
186
186
187
187
57
57
