1
2
2
2
2
2
2
2
2
2
2
2
2
2
2
2
2
2
2
2
2
2
2
2
2
2
8
29
30
30
30
30
30
30
30
30
30
30
30
30
30
30
30
30
30
30
30
38
50
40
52
52
44
55
37
58
59
59
59
59
59
59
59
59
59
59
59
59
59
59
59
59
61
77
78
78
78
78
78
78
78
78
78
78
78
78
78
78
78
78
78
78
78
78
78
78
78
78
78
78
78
78
78
78
78
78
78
78
78
78
78
78
78
78
78
78
78
78
78
78
78
78
78
78
78
78
78
78
78
78
78
78
78
78
78
78
78
78
78
78
78
78
78
78
78
78
78
78
78
78
78
78
78
78
78
78
78
78
78
78
78
78
78
78
78
78
78
78
78
78
78
78
78
78
78
78
78
78
78
78
78
78
187
188
189
190
190
190
190
190
190
190
190
190
190
190
190
190
190
190
190
190
190
190
190
211
212
213
214
39
217
218
218
218
218
218
218
218
218
218
218
218
218
231
233
234
234
234
234
234
234
234
234
234
234
234
234
240
248
249
249
249
249
249
254
253
58
259
259
259
259
263
259
265
265
265
259
269
269
269
259
273
273
273
273
273
273
273
273
261
189
283
283
283
283
283
283
283
283
283
283
283
283
283
283
283
283
283
283
283
283
283
283
283
299
307
299
309
301
311
204
204
315
316
316
316
316
316
316
316
316
316
316
316
316
316
316
316
316
316
316
316
316
316
316
316
316
316
316
316
316
316
316
316
316
316
316
316
316
316
316
316
316
316
316
316
316
316
316
316
316
316
316
316
316
316
316
316
316
316
316
316
316
316
316
316
316
316
316
316
316
316
316
316
316
316
316
316
316
316
316
316
316
316
316
316
316
316
316
316
316
316
316
316
316
316
316
316
316
316
316
316
316
316
316
316
316
316
316
316
316
316
316
316
316
316
316
316
316
316
316
316
316
316
316
316
316
316
316
316
316
316
316
316
316
316
316
316
316
316
316
316
316
316
316
316
316
316
316
316
316
316
316
316
316
316
316
316
316
316
316
316
316
316
316
316
316
316
316
316
316
316
316
316
316
316
316
316
316
316
316
316
316
316
316
316
316
316
316
316
316
316
316
316
316
316
316
316
316
316
316
316
316
316
316
316
316
316
316
316
316
316
316
316
316
58
529
529
529
529
529
529
529
529
529
529
529
529
529
529
529
529
529
529
529
529
529
529
550
58
553
553
553
553
553
553
553
553
553
553
553
553
553
553
553
553
553
553
564
572
572
553
575
575
575
575
575
575
575
575
575
575
575
575
575
575
575
575
575
575
575
575
575
575
575
575
563
570
570
603
604
604
604
604
604
604
604
604
604
604
604
604
604
604
604
604
604
604
604
604
604
604
604
604
604
604
604
604
604
604
635
636
636
636
636
636
636
636
636
636
636
636
636
636
636
636
636
636
636
636
636
636
636
636
636
636
636
636
636
636
636
636
636
636
636
636
636
636
636
636
636
636
636
636
636
636
636
636
636
636
636
636
636
636
636
636
636
636
636
636
636
636
636
636
636
636
636
636
636
636
636
636
636
636
636
636
636
636
636
636
636
636
636
636
636
636
636
636
636
636
636
636
636
636
636
636
636
636
636
636
636
636
636
636
636
636
636
636
636
636
636
636
636
636
636
636
636
636
636
636
636
636
636
636
636
696
761
696
763
696
765
696
767
696
769
696
771
696
773
696
775
696
777
696
779
779
779
779
698
784
784
726
787
789
790
790
790
790
790
790
790
790
790
790
790
790
800
804
805
806
808
809
809
809
809
809
809
809
809
809
816
315
820
211
822
39
825
826
826
826
826
828
831
828
635
834
834
837
838
838
838
838
838
838
838
838
838
838
838
838
838
838
838
838
838
838
838
838
838
838
838
838
838
838
838
838
838
838
838
838
838
838
838
838
838
838
838
838
838
838
838
838
838
838
838
838
838
838
838
838
838
838
838
838
838
838
838
838
838
838
838
838
838
838
838
838
838
838
838
838
838
838
838
838
838
838
838
838
838
838
838
922
923
838
925
926
926
926
926
926
926
926
926
926
926
926
926
926
926
926
926
926
926
926
926
926
926
926
926
926
926
926
926
953
955
955
926
958
958
926
961
961
961
961
961
961
961
967
969
969
967
972
967
975
965
42
507
390
478
157
157
157
181
44
44
615
755
456
818
818
415
469
699
570
570
570
108
108
108
108
108
108
108
108
108
108
108
108
301
301
301
301
301
301
301
301
853
853
853
853
853
853
853
853
853
853
853
853
299
299
299
299
299
299
299
299
299
299
299
299
299
299
299
299
299
299
299
299
299
299
299
546
546
546
48
397
788
788
65
65
710
146
563
563
563
563
563
563
563
423
158
158
19
272
110
860
877
585
723
723
723
723
723
723
723
723
723
723
723
723
723
723
723
723
723
723
723
723
723
723
501
455
703
703
703
703
703
703
964
964
468
526
737
944
944
878
136
38
38
38
38
38
38
38
38
38
38
147
722
727
727
727
727
47
47
61
61
900
623
623
623
141
400
714
172
619
619
619
619
619
619
619
408
584
462
427
915
527
694
854
624
474
952
952
952
952
459
143
810
398
960
960
960
901
148
438
721
480
182
720
436
388
26
26
26
26
435
521
801
801
801
887
887
21
144
413
128
631
412
547
547
595
852
852
261
525
750
599
74
541
541
541
133
241
241
241
241
481
571
411
620
620
620
620
620
697
697
697
697
697
160
160
396
271
485
913
880
621
621
621
621
621
626
626
757
508
409
54
56
614
138
617
163
170
506
159
159
240
40
40
907
542
542
542
542
542
175
127
700
700
700
700
700
700
700
700
700
700
700
700
700
884
150
25
25
25
177
18
402
407
431
139
502
206
206
206
206
206
206
206
483
13
13
725
725
725
491
544
544
544
207
207
871
500
746
704
73
496
391
709
709
709
709
709
709
709
709
709
116
741
806
806
806
830
711
613
613
613
613
613
613
613
613
613
613
613
613
951
951
951
479
176
64
64
717
443
120
120
419
724
724
724
724
724
724
693
389
908
893
43
43
43
43
912
950
950
950
439
550
894
129
477
732
732
153
171
957
702
883
132
113
712
712
168
406
442
889
889
27
27
27
27
565
565
565
565
565
565
565
565
565
426
119
121
253
695
835
835
835
835
835
46
46
46
46
165
885
885
72
126
879
41
622
622
622
716
151
254
254
63
63
392
420
429
300
300
549
549
589
590
949
949
949
949
949
865
154
498
512
145
625
625
625
246
246
246
246
881
472
169
917
464
401
551
744
744
106
75
75
523
424
451
16
16
16
16
16
16
905
124
417
914
543
543
543
882
754
855
528
15
15
548
548
747
896
268
778
204
204
204
204
204
204
204
204
204
204
204
204
204
204
204
204
204
734
17
131
886
886
448
596
484
633
490
753
897
863
569
569
569
965
67
67
278
278
278
740
140
864
114
45
45
45
45
45
870
895
718
564
564
564
564
183
62
62
62
62
62
62
713
802
166
967
967
967
967
967
726
726
726
726
726
726
726
726
726
726
726
726
726
726
726
726
726
866
418
492
465
134
39
466
476
811
729
729
729
729
729
729
729
729
729
729
729
729
729
729
729
440
20
242
242
242
242
437
800
800
800
800
800
14
14
916
862
509
872
858
858
701
180
630
630
861
421
515
891
489
748
71
518
449
898
597
918
213
213
213
213
213
213
488
592
629
629
629
919
759
414
545
545
545
567
567
573
573
731
731
745
745
856
758
470
823
823
823
823
460
452
416
430
125
632
453
517
627
946
816
816
816
816
816
161
161
888
888
123
310
586
155
519
66
66
66
691
691
691
691
691
691
691
691
691
691
691
691
691
691
691
691
691
691
691
691
691
691
691
691
691
691
691
691
691
691
691
691
691
691
691
691
691
691
691
691
691
691
691
691
117
185
422
899
445
454
22
130
450
524
441
738
743
281
281
281
281
495
696
696
696
696
696
696
696
696
696
696
696
696
696
696
696
696
696
696
696
696
696
696
696
696
696
696
696
696
696
696
696
696
696
696
696
696
696
696
696
696
696
696
696
696
696
696
696
696
505
118
736
857
857
857
458
251
963
112
966
966
302
302
302
23
902
142
403
587
463
698
698
698
782
782
782
568
568
568
568
752
122
593
173
497
921
467
510
707
707
851
410
446
513
828
828
473
562
562
179
24
149
482
618
618
618
618
618
618
618
618
618
618
111
487
444
909
504
742
742
475
162
867
137
511
945
244
244
708
708
943
943
943
943
943
943
943
943
943
943
943
728
728
728
728
728
728
728
728
728
728
728
728
540
540
540
540
540
540
540
540
540
540
540
279
279
279
279
405
588
751
591
184
953
115
167
516
522
457
486
733
733
733
598
514
594
178
156
520
69
69
69
69
434
705
705
135
904
920
42
42
42
42
42
186
503
947
948
499
399
280
280
719
447
692
692
494
859
538
538
538
538
538
538
538
538
432
433
493
873
906
428
954
730
730
730
425
107
107
107
394
461
628
628
749
205
205
205
205
205
205
205
205
205
205
735
798
798
109
152
395
756
174
739
890
715
760
868
262
262
262
262
164
874
821
821
243
243
869
267
471
393
903
706
706
560
560
611
198
235
236
197
260
260
530
295
298
195
797
797
930
322
294
673
293
196
37
37
60
60
640
255
255
314
314
314
922
976
977
977
977
187
924
803
216
824
600
601
602
57
819
807
247
247
833
974
974
313
313
313
