2
3
4
5
6
7
8
9
10
11
12
13
14
15
16
17
18
19
20
21
22
23
24
25
26
27
28
29
30
32
33
34
35
36
37
38
39
40
41
42
43
44
45
46
47
48
49
18
14
9
10
11
13
12
29
26
28
14
9
10
11
13
12
10
13
10
13
48
35
34
36
33
43
39
34
36
42
41
37
43
44
35
40
38
39
42
33
41
37
44
40
35
38
29
25
26
19
27
14
9
10
11
13
12
29
14
6
14
11
12
2
9
10
13
14
9
13
12
29
14
13
7
47
32
18
18
14
9
10
11
13
12
14
12
28
14
8
14
2
