2
3
4
5
6
7
8
9
10
11
12
13
14
15
16
17
18
20
21
22
23
24
25
26
27
28
29
30
31
32
33
34
35
36
37
38
39
40
41
42
43
44
45
46
47
48
49
50
51
52
53
54
55
56
57
58
59
60
61
62
63
64
65
66
67
68
69
70
71
72
73
74
75
76
77
78
79
80
81
82
83
84
85
86
87
88
89
90
91
92
93
94
95
96
97
98
99
100
101
102
103
104
105
106
107
108
109
110
111
112
113
114
115
116
117
118
119
120
121
122
123
124
125
126
25
51
39
35
34
36
33
38
37
125
71
37
98
35
118
119
80
73
35
3
94
35
3
10
35
85
35
87
35
78
33
37
75
116
77
20
125
20
81
35
97
35
106
79
35
73
90
35
118
119
117
10
89
73
35
102
35
118
117
17
3
86
35
3
10
95
35
93
35
118
119
114
27
99
35
126
51
39
38
82
35
74
27
88
35
100
35
3
10
3
10
36
101
35
118
119
92
35
44
20
118
119
117
83
35
96
35
84
35
91
35
117
117
114
125
10
