1
2
2
2
2
2
2
2
2
2
2
2
2
2
2
16
18
19
19
19
19
19
19
19
27
18
28
28
28
28
28
28
28
28
28
28
37
40
18
41
41
41
41
41
41
41
41
41
41
41
41
41
41
41
41
41
41
41
41
41
41
41
41
41
41
41
41
41
41
41
41
41
41
75
75
41
78
78
78
78
41
83
83
83
83
83
83
83
83
83
83
83
83
83
83
83
83
83
83
83
83
83
83
83
83
83
83
83
83
83
83
83
83
83
83
83
83
83
41
121
121
121
121
121
121
121
121
121
121
121
121
121
41
135
135
135
135
135
135
135
135
135
135
135
135
135
53
149
54
151
41
153
153
153
153
153
153
153
160
160
160
160
160
160
71
167
74
18
170
170
170
170
170
170
170
170
170
170
170
170
183
184
184
184
184
184
184
184
184
184
184
184
184
184
184
184
184
184
184
184
184
184
184
184
184
184
184
184
184
184
184
184
184
184
184
184
184
184
184
184
184
184
184
184
184
184
184
184
184
184
184
184
184
236
238
239
239
239
239
239
239
239
239
239
239
239
239
239
239
239
239
239
239
239
239
239
239
239
239
239
239
239
239
239
239
239
239
239
244
273
245
246
251
253
255
257
258
183
283
283
283
283
283
283
283
283
283
283
283
283
283
296
283
298
283
300
292
292
292
292
238
307
307
307
307
307
307
307
314
314
314
318
313
18
320
320
320
320
320
320
320
320
320
320
320
320
320
320
320
320
320
320
320
320
320
320
320
320
320
320
320
337
204
204
248
267
265
7
119
212
212
209
209
249
271
134
254
179
179
197
197
197
234
172
172
172
172
172
247
25
56
56
56
56
56
56
189
63
120
34
199
199
199
266
190
230
154
173
173
173
173
173
33
217
226
226
165
216
340
340
340
340
161
272
193
315
61
61
61
61
61
61
229
229
9
207
207
337
337
337
245
245
148
62
219
219
26
26
26
26
268
198
198
198
36
294
294
191
67
67
175
175
194
203
203
227
227
192
200
200
200
162
13
221
221
335
225
225
236
236
211
211
292
292
292
292
292
292
292
292
292
163
178
178
206
206
35
222
222
196
196
196
208
208
333
333
333
174
174
174
174
174
220
220
313
313
313
313
313
313
345
345
8
166
228
346
346
346
346
65
65
65
347
347
347
347
58
58
58
58
58
58
201
201
201
55
55
55
55
338
338
338
338
202
202
293
293
293
293
293
32
32
32
195
195
66
343
343
73
341
341
341
341
6
168
168
235
176
176
38
38
38
57
57
57
57
57
57
57
57
57
57
14
223
223
224
224
342
342
342
269
60
60
60
60
60
60
60
60
60
60
60
60
60
71
231
231
210
210
182
182
182
213
213
270
164
177
177
344
344
10
15
15
218
218
59
59
59
59
59
59
59
59
59
59
59
59
180
180
336
336
336
205
205
233
147
181
181
181
339
339
339
339
11
37
37
12
250
332
332
332
332
332
332
332
332
332
332
332
332
49
47
325
46
276
319
277
278
303
279
304
280
305
281
306
282
348
348
