2
3
4
5
6
7
8
9
10
11
12
13
14
15
16
17
19
20
21
22
23
24
25
26
21
28
29
30
31
32
33
34
35
36
37
38
39
37
41
42
43
44
45
46
47
48
49
50
51
52
53
54
55
56
57
58
59
60
61
62
63
64
65
66
67
68
69
70
71
72
73
74
75
76
77
78
79
80
81
82
83
84
85
86
87
88
89
90
91
92
93
94
95
96
97
98
99
100
101
102
103
104
105
106
107
108
109
110
111
112
113
114
115
116
117
118
119
120
121
122
123
124
125
126
127
128
129
130
131
132
133
134
135
136
137
138
139
140
141
142
143
144
145
146
147
148
149
150
151
152
153
154
155
156
157
158
159
160
161
162
163
164
165
166
167
168
169
170
171
172
173
174
175
176
177
178
179
180
181
182
184
185
186
187
188
189
190
191
192
193
194
195
196
197
198
199
200
201
202
203
204
205
206
207
208
209
210
211
212
213
214
215
216
217
218
219
220
221
222
223
224
225
226
227
228
229
230
231
232
233
234
235
236
237
239
240
241
242
243
244
245
246
247
248
249
250
251
252
253
254
255
256
257
258
259
260
261
262
263
264
265
266
267
268
269
270
271
272
273
274
276
277
278
279
280
281
282
283
284
285
286
287
288
289
290
291
292
293
294
295
296
297
298
299
300
301
303
304
305
306
307
308
309
310
311
312
313
314
315
316
317
311
319
320
321
322
323
324
325
326
327
328
329
330
331
332
333
334
335
336
337
338
339
340
341
342
343
344
345
346
347
348
191
187
246
241
241
3
118
192
191
191
186
246
241
133
241
37
171
191
193
186
191
35
33
34
37
28
246
20
157
156
155
159
158
153
188
133
118
30
191
193
185
241
2
188
160
35
33
34
37
28
29
191
191
187
160
191
335
333
329
323
160
241
188
314
69
63
52
49
50
51
191
300
5
191
187
333
334
323
243
240
146
133
191
186
60
59
21
22
241
191
193
187
29
288
287
188
148
135
37
171
191
191
186
191
296
193
191
193
186
160
5
191
185
334
191
186
191
16
192
191
294
293
295
288
289
286
287
285
300
160
37
171
191
186
31
191
186
191
193
185
191
185
20
325
323
35
33
34
37
28
191
187
317
316
311
310
312
314
333
323
3
153
191
333
334
331
323
67
47
135
335
333
329
323
74
71
72
65
45
75
191
193
187
45
48
44
78
335
333
327
323
191
185
284
288
287
296
298
31
29
30
192
191
67
333
323
48
335
333
330
323
5
120
83
191
37
171
31
29
30
58
74
71
72
59
65
53
45
54
75
3
191
187
191
185
335
333
323
241
64
61
69
68
72
65
52
49
50
133
45
51
75
46
191
298
191
187
37
36
28
191
188
241
160
37
171
333
323
3
3
16
191
185
69
71
62
68
72
70
65
52
50
45
51
75
37
171
333
334
323
191
185
191
146
37
36
28
335
333
328
323
3
28
28
3
246
328
324
329
325
327
330
331
22
326
323
322
19
118
135
19
83
311
311
311
311
288
311
288
311
294
311
295
311
333
334
