2
3
4
5
6
7
8
9
10
12
13
14
15
16
17
18
19
20
21
22
23
24
13
14
20
27
28
29
31
32
33
34
35
36
37
38
39
40
41
42
43
44
45
46
47
48
49
50
51
52
54
55
56
57
58
59
60
61
62
63
64
65
66
67
68
69
70
71
72
73
74
75
76
77
78
79
55
56
57
70
55
32
65
55
56
57
69
43
55
56
57
12
12
42
70
55
56
57
43
32
56
55
56
57
56
31
46
57
65
55
56
32
47
49
21
12
12
69
38
36
43
35
55
43
55
46
55
55
56
57
32
57
55
57
65
55
56
57
35
70
56
57
12
22
21
12
