1
2
2
2
2
2
2
2
2
2
2
2
2
2
2
2
2
18
18
18
2
22
22
22
22
22
22
22
22
22
22
22
22
22
22
22
22
22
22
22
22
12
44
45
45
45
45
45
45
45
45
45
45
45
45
45
45
45
45
45
45
45
45
45
45
45
45
45
45
45
45
45
45
45
45
67
79
80
80
80
80
80
80
80
80
80
80
80
80
80
80
80
80
80
80
80
99
99
99
99
104
104
107
107
80
110
110
110
110
110
110
110
110
110
120
120
123
123
126
126
129
129
132
132
135
135
138
138
97
142
143
143
143
143
143
143
143
143
143
143
143
143
143
143
143
143
143
143
143
143
143
143
143
143
162
169
170
170
170
170
170
170
170
170
170
170
170
170
170
183
183
170
186
186
164
190
191
191
191
191
191
191
191
191
191
191
191
191
191
191
191
191
191
191
191
191
191
191
191
191
191
191
191
191
191
191
191
191
191
191
191
191
191
191
226
231
232
232
232
232
232
232
232
232
232
232
243
244
244
244
244
244
244
244
244
244
244
244
244
256
258
259
259
259
259
259
34
34
267
268
268
268
268
268
268
268
268
268
268
268
268
268
268
268
268
284
286
287
287
287
287
287
287
287
287
287
287
287
287
287
287
287
287
287
287
287
287
287
287
287
287
301
313
314
314
314
314
314
314
314
314
314
314
314
314
314
314
314
314
223
332
333
333
333
333
333
333
333
333
333
333
333
333
333
333
333
333
333
333
333
333
333
333
333
333
333
333
333
333
333
333
333
333
333
333
333
333
333
333
333
333
333
333
333
333
333
333
333
333
333
333
333
333
333
333
333
333
333
333
333
333
333
333
333
333
333
333
333
333
333
333
333
333
333
333
333
333
333
333
333
333
333
333
333
333
333
333
333
333
333
333
333
333
333
333
333
333
429
429
429
429
429
429
429
429
429
333
439
439
439
439
439
439
439
439
439
444
449
449
333
452
452
452
452
452
452
452
452
452
452
452
452
452
452
399
467
467
333
470
470
470
418
474
474
333
477
477
477
477
477
477
477
333
485
485
485
485
485
333
491
491
491
491
491
491
391
499
500
500
500
500
500
500
500
500
500
500
500
500
500
500
500
500
500
500
500
500
500
500
500
500
500
500
500
500
500
500
500
500
500
500
500
500
500
500
500
500
500
500
500
500
500
500
500
500
500
500
500
500
500
500
500
500
500
500
500
500
500
500
500
500
500
500
500
500
500
500
500
500
500
500
500
500
500
500
500
500
102
582
583
583
583
583
583
583
583
583
583
583
583
583
583
596
596
596
596
596
596
596
596
605
607
609
611
613
583
615
594
618
619
619
619
619
619
619
619
619
619
619
619
619
619
619
619
619
619
619
619
619
619
619
619
619
619
619
619
619
619
619
619
619
619
619
619
619
619
619
619
619
619
619
619
619
619
619
619
619
619
619
619
619
619
619
619
619
619
619
619
619
619
619
619
619
619
619
619
619
619
619
619
619
619
619
619
619
619
619
619
619
619
619
619
619
619
619
619
619
619
619
619
619
619
619
619
619
619
619
619
619
619
619
619
619
619
619
619
619
619
619
619
619
619
619
619
619
619
619
619
619
619
619
619
619
619
619
619
619
619
619
619
619
619
619
619
619
619
619
619
619
619
619
619
619
619
619
619
619
619
619
619
619
619
619
619
619
619
619
619
619
619
619
619
619
619
619
619
619
619
619
619
619
619
619
619
619
619
619
619
619
619
619
801
801
664
804
795
806
806
806
795
810
810
810
619
814
814
814
814
619
819
819
819
819
819
682
826
827
827
827
827
827
827
833
835
836
836
836
836
836
836
836
836
836
836
836
836
836
836
836
836
836
836
836
836
836
836
857
860
861
861
861
861
861
861
861
861
861
861
861
861
861
861
861
861
861
861
861
861
861
861
861
868
885
880
888
889
889
889
889
889
889
889
889
889
889
889
889
889
889
889
889
889
889
889
889
889
889
907
912
912
915
915
889
918
918
918
918
918
918
918
918
918
918
918
889
930
889
932
106
935
936
936
936
936
936
936
936
936
936
936
936
936
936
936
936
936
936
936
936
936
941
941
959
960
960
960
960
960
960
960
960
960
960
960
960
960
973
973
973
973
971
979
980
980
980
980
980
980
980
980
980
980
980
980
980
980
980
980
980
980
980
980
980
980
980
980
980
980
980
980
980
980
980
980
980
980
980
980
980
980
980
980
980
980
980
980
980
980
980
980
980
980
980
980
980
980
980
980
980
980
980
980
980
980
980
980
980
980
980
980
980
980
980
980
980
980
980
980
980
980
980
980
980
980
980
980
980
980
980
980
980
980
980
980
980
980
980
980
980
980
980
980
980
980
980
980
980
980
980
980
980
980
980
980
980
980
980
980
980
980
980
980
980
980
980
980
980
980
980
980
980
980
980
980
980
1022
1115
1116
1116
1116
1116
1116
1116
1116
223
142
1125
1125
1125
1125
1125
1125
1125
1125
1125
1125
1125
1125
1125
1125
1125
1125
1125
1125
1125
1125
1125
1125
1125
1125
1125
1125
1125
1125
1125
1125
1125
1125
1125
1125
1125
1125
1155
1163
1164
1164
1164
1164
1164
1164
1164
1164
1164
1164
1164
1164
1164
1164
1164
1164
1164
1164
1182
1182
1182
1182
1182
1182
1182
1182
1164
1191
1191
1191
1191
1191
1191
1191
1191
1199
1164
1201
1201
1201
1201
1201
1201
1201
1201
1201
1201
1211
1211
1211
1211
1211
1164
1217
1217
1217
1217
1217
1217
1217
1217
1217
1217
1217
1217
1229
1229
1229
1229
1229
1229
1164
1236
1236
1236
1236
1236
1236
1236
1236
1236
1236
1236
1236
1236
1249
1249
1249
1249
1249
1249
1249
1249
1249
1249
1249
1249
1249
1249
1164
1264
1264
1264
1264
1264
1264
1264
1164
1272
1272
1272
1272
1164
979
1278
1278
1278
1278
1278
1278
1278
1278
1278
1278
1278
1278
1278
1278
1278
1278
1278
1278
1278
1278
1278
1278
1278
1278
1278
1278
1278
1278
1278
1278
1278
1278
1278
1278
1278
1278
1278
1278
1278
1278
1318
1318
1318
1318
1318
1318
1318
1318
1318
1318
1318
1318
1318
1318
1278
1333
1333
1333
1333
1333
1333
1333
1333
1333
1333
1333
1333
1333
1333
1337
1348
1348
1348
1338
1352
1352
1352
1339
1356
1356
1356
1340
1360
1360
1360
1341
1364
1364
1364
1342
1368
1368
1368
1343
1372
1372
1372
1344
1376
1376
1376
1345
1380
1380
1380
1278
1384
1384
1384
1384
1384
1384
1384
1384
1384
1384
1384
1384
1384
1384
1291
1400
1401
1401
1401
1401
1401
1401
1401
1401
1401
1401
1401
1401
1401
1401
1401
1401
1401
1401
1401
1401
1418
1422
1422
1401
1425
1425
1425
1401
1429
1429
1429
1429
1429
1429
1418
1437
1438
1438
1438
1438
1438
1438
1438
223
1447
1448
1448
1448
1448
1448
1448
1448
1448
1448
1448
1448
1448
1448
1448
1448
1448
1457
582
1466
1466
1466
1466
1466
1466
1466
1466
1466
1466
1466
1466
1466
1466
1466
1466
1466
1483
1466
243
1486
1486
1486
1486
1486
1486
1486
1486
1486
1486
1486
1486
1486
1486
1486
1486
1486
1486
1486
1486
1486
1486
1486
1486
1510
1510
1510
1510
1486
1515
1515
1515
1515
1515
1515
1515
1515
1515
1515
1515
1515
1486
1528
1528
1528
1528
1528
1528
1528
1528
1528
1528
1528
1486
1540
1540
1486
1543
1543
1543
1486
1547
1547
1486
1550
1550
1486
1553
1553
1553
1553
1553
1553
1553
1553
1553
256
1
1564
1564
1564
1564
1564
1565
1570
1570
1570
1570
1566
1575
1575
1575
1575
1575
1567
1582
1583
1583
1583
1583
1583
1583
1583
1583
1583
223
223
1595
1596
1596
1596
1596
1596
1596
1596
1596
1596
1596
1596
1596
1596
1596
1596
1596
1596
1596
1596
1596
1596
1596
1596
1596
1596
1596
1596
1596
1596
1622
1627
1628
1628
1628
1628
1628
1628
1628
1628
1628
1628
1628
1628
1628
1628
1628
1628
1628
1628
1628
1628
1628
1628
223
1652
1653
1653
1653
1653
1654
1658
1655
1660
1655
1663
1664
1664
1664
1664
1664
1664
1664
1664
1664
1664
1664
1664
1664
1664
1664
1664
1664
1664
1664
1664
1664
1664
1664
1664
880
286
1690
1690
1690
1690
1690
1690
1690
1690
1690
1690
1690
1690
1690
1690
1690
1690
297
297
297
835
1710
1710
1710
1710
1710
1710
1710
1710
1710
1710
1710
1710
1710
1710
1710
1710
1710
1710
1710
1710
1710
1710
1721
1733
264
258
1736
1736
1736
1736
1736
34
34
1744
1745
1745
1745
1745
1745
1745
1745
1745
1745
1745
1755
1755
1755
1755
1755
1755
1755
1755
1755
1755
1755
1755
1754
143
1547
1553
1528
1550
1540
1515
35
1647
1647
1647
1647
1647
1647
307
307
307
376
376
418
1534
1534
686
686
686
1649
1649
754
928
726
726
726
726
1643
215
295
295
295
1358
976
382
385
385
875
875
1142
1618
406
460
460
1444
1331
1331
1637
420
572
572
572
572
879
72
299
299
299
159
882
882
297
297
297
297
297
297
297
297
297
297
297
297
297
297
224
224
224
224
224
224
224
224
224
224
224
224
224
224
224
722
722
722
1293
969
969
969
969
969
969
969
969
969
1625
1625
1625
769
769
769
769
1077
1077
1122
874
874
772
772
386
386
375
720
708
708
1428
1421
425
29
29
776
776
743
743
729
729
678
677
760
62
62
774
719
719
719
719
909
909
732
732
732
1722
1722
559
559
845
571
571
571
571
1083
1083
1346
1346
298
298
298
458
458
458
458
718
718
718
1366
309
309
309
162
162
162
162
162
162
702
1757
1275
1275
1475
1475
1475
1475
1475
1475
77
77
77
77
77
77
328
423
423
423
423
423
423
423
423
423
423
423
1673
434
166
166
166
166
65
65
65
65
65
65
65
421
421
421
421
421
752
752
752
462
926
153
153
1701
413
413
674
1740
1740
709
39
39
667
1589
818
818
818
923
923
923
604
1717
1717
1717
1717
163
163
163
163
163
163
163
163
700
700
1418
880
880
880
563
563
563
1561
1195
1195
1195
280
688
688
688
688
688
1120
66
66
66
66
66
66
407
407
407
407
407
407
1119
790
790
790
1532
1532
1532
90
90
90
90
90
90
90
90
90
90
1560
751
780
780
780
780
780
1206
1206
1206
1206
747
1750
1750
1750
1518
908
908
908
908
908
1243
1243
1242
1242
1242
1242
1242
1242
212
1109
1443
739
1718
227
876
876
1089
481
481
481
255
1141
1761
723
723
723
570
570
570
570
570
570
1579
1644
1644
1644
1644
1644
1492
1492
1492
1492
304
304
304
304
483
721
721
868
868
868
868
1224
211
1177
1177
564
564
564
564
564
564
731
731
731
38
595
1138
1138
1138
75
75
75
75
75
1210
1210
1210
1210
1210
1210
1210
1210
1210
558
558
558
558
558
558
558
558
558
558
558
558
558
558
558
558
558
558
558
558
558
558
558
558
558
558
1461
1461
1704
1416
902
902
902
711
1370
592
592
750
693
693
177
1562
219
1507
1507
69
69
69
69
69
1111
414
414
414
1226
1226
977
977
1615
1615
1688
744
744
744
1642
1484
1484
1137
1137
1137
1137
914
931
931
931
931
931
931
577
577
567
567
733
733
733
1432
1558
1558
1558
1558
1298
1298
1107
1588
694
694
694
694
373
373
373
373
373
373
1457
1457
1457
910
910
910
1295
1295
1295
179
578
578
1156
833
93
93
93
93
93
93
93
93
1687
1687
1687
1687
1687
1619
1753
1181
1181
1181
1181
1181
1181
1181
1181
1181
1181
1181
1181
1181
1181
1181
1181
1181
1181
1181
1181
1181
1181
1181
704
824
1248
1248
1248
1248
1248
1248
1248
1248
1248
1248
1248
1248
1248
1248
1248
1248
1248
1248
1248
1764
1764
1764
753
569
569
1146
1146
779
779
701
701
701
701
701
1679
1741
1739
32
32
446
68
68
68
68
68
1207
1754
301
301
301
9
9
9
9
9
9
9
873
873
970
687
687
687
687
687
181
181
181
181
829
76
76
157
692
692
1765
42
42
42
1759
167
71
761
1291
1291
907
907
907
907
907
907
907
907
907
213
715
697
697
697
749
758
1296
1296
16
668
1374
396
1751
1751
1751
1751
1123
383
857
857
857
857
857
857
30
30
155
155
155
155
249
249
381
381
1148
1148
706
1244
1521
1521
712
737
737
737
740
924
924
924
1617
1617
1684
1684
1684
1684
490
490
911
911
911
391
391
391
684
684
684
11
11
11
1539
1539
1539
21
21
264
436
436
436
436
1641
561
561
561
785
180
703
703
1121
412
793
793
933
933
614
614
614
614
844
844
1502
1502
1502
1502
1590
1590
411
411
411
411
1350
73
1108
707
1616
1616
1455
1455
798
798
404
1459
1621
1246
221
1132
1132
576
1417
1417
1417
372
372
372
372
372
372
372
372
372
372
372
1674
1674
741
741
1292
1292
789
789
789
789
789
789
789
789
789
789
789
789
789
789
1681
1681
1178
1178
282
282
282
282
282
310
310
310
310
310
310
310
387
1271
1566
1566
1566
1566
278
1749
1105
1105
1105
913
913
57
57
57
57
57
917
1512
725
118
118
823
690
690
690
59
251
251
463
463
870
666
666
666
666
666
666
666
666
666
666
666
666
666
666
666
666
666
666
666
666
666
666
666
666
666
666
666
666
666
666
666
666
666
666
666
311
311
311
593
671
580
903
727
254
775
775
775
207
435
435
374
374
374
685
34
34
34
34
34
34
326
281
1245
303
303
303
409
409
409
698
208
1640
805
813
1495
778
1760
1144
424
673
971
971
971
971
971
971
971
1623
223
223
223
223
223
223
223
223
223
223
223
223
223
223
223
223
672
305
305
305
305
321
1382
1557
1482
1478
1752
1752
1752
466
466
590
1592
1592
905
905
905
1095
683
683
1427
573
443
736
1445
70
70
70
70
1228
1228
1228
1228
1228
1228
1228
1228
1228
1228
1228
1477
161
279
279
464
464
768
1407
884
325
1587
1587
676
97
97
487
487
1636
1636
1636
1636
1636
1636
562
562
562
792
12
1198
1198
1198
216
302
302
302
1747
1493
1493
846
799
329
329
329
329
560
560
886
886
91
91
91
91
91
91
91
91
91
91
1431
1578
1578
594
594
594
594
594
1614
1614
1614
1614
1614
1614
1614
1614
1614
1614
1614
1614
1614
1614
1614
1523
831
494
494
904
904
782
1481
757
757
1535
1535
1676
1676
1676
1676
1270
1270
1270
1763
1763
214
393
283
283
283
283
1526
1526
1526
1526
165
165
165
165
165
877
877
41
41
1378
1269
1269
1269
1269
164
164
164
164
164
164
164
164
927
220
220
210
154
154
154
154
217
36
770
770
1527
1527
175
175
175
748
755
755
755
755
1071
1071
1247
300
300
300
728
728
728
1721
1721
1721
1721
384
384
384
236
236
236
1442
277
1685
1685
1685
1685
1685
1685
1685
1458
616
616
616
616
1209
699
699
61
1675
1675
843
843
843
843
1522
1522
803
803
803
767
1133
1133
17
17
17
679
781
788
1706
1706
1706
1173
1173
1173
1173
1173
1173
1173
1173
1173
1173
1173
1173
1173
1686
1686
1686
1686
797
730
730
730
1297
1297
1297
1513
40
40
762
762
327
1463
791
791
791
791
74
74
74
74
74
74
158
158
1498
1498
1498
1646
1646
1646
1646
1646
1646
1537
482
482
482
1476
1476
1476
1762
800
1462
1462
1462
324
759
1106
1106
1106
1106
238
795
795
795
795
1705
1766
1101
1509
1509
398
1624
1624
1624
784
784
784
784
1591
1591
250
58
58
58
58
58
58
812
178
296
296
1648
1648
1648
1719
742
738
738
738
437
437
174
174
174
777
777
1559
1559
182
182
182
182
240
565
565
724
724
1227
1227
710
1533
1533
410
1576
1576
1508
1650
1176
1176
1683
1683
1683
1683
1683
95
95
67
1289
1289
8
8
1174
1174
1645
1645
1645
1179
417
417
417
417
417
417
417
28
28
682
682
682
682
682
830
1504
1504
1504
1504
1504
1504
330
330
330
330
262
322
489
489
900
900
900
900
900
900
900
444
444
1354
160
160
14
308
308
308
713
713
681
377
445
871
484
1682
156
1638
746
746
786
786
1405
1405
1405
459
459
459
459
459
459
1577
1577
1143
63
1196
574
574
574
574
574
574
869
869
1175
1175
906
906
906
241
566
566
858
1208
1464
1464
426
557
557
15
427
427
783
783
783
783
783
783
1112
1524
1299
1299
745
1300
1300
1525
1525
1525
1525
575
575
252
252
465
766
1362
1480
881
881
881
222
222
222
1622
1622
1622
1622
306
306
306
306
33
33
591
1538
209
1680
10
10
98
98
98
98
98
98
98
380
380
380
380
380
380
1223
1223
1223
1223
1223
670
1520
1520
1677
1677
1677
1677
1703
1703
1703
92
1456
1456
1456
1456
218
319
319
319
319
1505
1505
1505
1505
1505
1505
883
883
883
13
1758
1702
1702
1702
1702
1702
1702
1702
1702
1702
716
925
925
925
176
176
176
714
1197
1506
1506
1506
1506
765
756
764
929
929
929
276
1180
1767
237
1161
1161
323
735
735
735
941
941
941
941
461
1496
1700
1700
1700
1700
1700
763
60
773
1639
691
691
675
102
102
734
734
734
734
734
734
734
734
734
229
229
229
229
229
229
229
229
229
229
229
229
972
972
1397
1397
1276
1276
1460
1225
1225
1494
1494
206
206
497
378
378
378
378
378
771
1479
1441
263
263
228
1720
96
96
64
64
64
64
64
64
568
568
1536
695
695
695
680
878
94
1678
1678
37
1519
1519
1655
1655
579
31
31
31
1497
1497
589
589
589
589
589
1412
1412
1412
1412
515
515
515
899
899
802
1165
654
654
547
547
547
486
550
1489
88
507
507
507
505
505
505
503
503
503
511
511
511
509
509
509
898
47
47
47
533
533
533
535
535
535
543
543
543
521
521
521
519
519
519
517
517
517
968
525
525
525
1488
81
81
81
587
537
537
537
1169
430
549
549
549
513
513
513
4
4
541
541
541
272
272
87
527
527
527
523
523
523
545
545
545
351
1237
1565
1172
1166
357
1449
1487
457
531
531
531
1168
367
529
529
529
539
539
539
1167
312
312
934
934
934
859
1735
1485
