1
2
2
2
2
2
2
2
2
2
2
2
2
2
2
2
2
2
2
2
2
2
2
2
2
2
2
2
2
2
2
2
2
2
2
2
2
2
2
2
2
2
2
2
45
45
45
45
45
45
2
52
52
52
52
52
52
52
52
52
2
2
64
2
16
17
18
18
20
20
27
44
41
49
1
76
76
76
79
80
80
80
80
80
80
80
80
80
76
83
1
92
92
92
92
92
92
92
92
92
92
92
92
92
92
92
92
92
92
92
92
92
113
113
113
113
113
113
113
113
113
113
113
113
113
113
113
113
113
113
113
113
113
113
136
92
109
139
140
140
140
140
140
140
140
140
140
140
140
140
140
140
140
140
140
140
140
140
140
140
140
140
140
140
140
140
140
140
140
140
156
152
139
175
175
175
175
175
175
175
175
175
175
175
175
175
175
175
175
175
175
175
175
175
175
175
175
175
175
175
175
175
175
175
175
175
175
175
175
175
175
175
175
175
175
175
175
175
175
175
222
222
222
175
226
226
226
226
226
226
226
226
175
235
235
235
235
235
235
235
235
235
235
235
235
235
235
235
235
235
235
235
254
235
256
256
256
260
261
262
262
262
262
262
262
262
262
262
262
262
262
262
262
262
262
262
262
262
262
262
262
262
262
262
262
262
262
262
262
262
262
262
262
262
262
262
299
299
299
299
299
299
299
299
299
299
299
262
311
311
311
311
311
311
311
311
311
311
311
311
271
1
325
325
325
325
325
325
325
325
325
325
325
325
325
338
338
338
342
325
78
47
139
346
346
346
346
346
346
346
346
346
346
346
346
346
346
346
346
346
346
346
346
346
346
346
346
346
371
371
371
371
371
371
371
371
346
380
380
380
380
380
380
380
380
380
380
380
380
380
380
394
394
394
394
394
394
394
394
394
394
394
394
380
407
407
407
407
407
407
407
407
261
416
416
416
416
416
416
416
416
416
416
416
416
416
416
416
416
416
416
416
416
436
436
436
436
436
436
1
443
443
443
443
443
443
443
443
443
443
443
443
443
443
443
443
443
443
443
443
443
443
443
443
443
443
443
443
443
443
443
443
443
476
476
476
476
476
462
482
482
482
482
443
487
487
487
487
487
443
493
493
493
493
493
443
499
499
499
499
504
505
506
443
508
83
487
44
298
44
44
515
1
516
516
516
516
516
516
516
516
525
516
78
139
528
528
528
528
528
528
528
528
528
528
528
528
528
528
528
543
543
543
543
543
543
543
543
543
543
543
543
543
543
543
543
543
543
543
543
528
564
564
564
568
569
569
569
298
2
325
516
499
92
76
235
493
428
428
485
491
491
491
251
251
193
502
502
332
332
17
17
17
17
17
17
17
167
167
167
167
167
305
305
305
305
305
305
126
126
126
126
126
126
126
182
182
182
182
182
433
433
415
206
49
49
49
49
278
219
219
522
522
470
470
233
233
233
233
402
402
402
402
402
402
541
541
541
128
128
128
128
128
128
128
128
128
128
128
187
187
187
13
13
13
13
13
13
34
34
363
172
172
85
85
456
51
51
51
379
32
32
288
288
309
309
309
309
309
521
521
521
467
467
467
467
467
467
467
467
58
112
112
23
23
23
337
28
28
221
106
106
106
210
473
204
110
110
334
24
24
24
312
312
312
312
312
312
312
111
111
111
111
111
111
111
111
111
341
341
341
341
341
341
341
367
471
471
471
471
471
471
133
133
133
25
25
393
393
475
475
127
127
127
127
474
474
217
217
217
78
78
296
296
336
314
314
314
314
314
314
314
331
331
331
331
331
331
331
27
27
27
27
27
27
27
27
27
27
211
211
211
211
466
466
466
466
466
466
466
481
481
481
481
481
481
61
61
61
61
291
291
249
403
429
429
298
298
298
298
298
15
15
282
282
562
562
562
562
562
562
562
562
562
562
562
152
152
184
184
234
234
234
234
234
234
170
166
166
166
166
166
166
166
166
166
166
166
166
166
404
404
207
207
563
563
563
563
563
131
131
469
469
497
497
497
157
157
157
153
153
153
153
57
57
308
308
308
308
308
308
18
18
18
18
18
18
18
18
18
43
43
292
292
448
462
462
462
40
40
46
46
46
555
555
29
29
390
390
390
390
390
556
556
486
486
486
486
486
486
486
486
283
283
559
455
252
252
421
421
430
430
392
316
316
316
316
316
316
316
442
442
554
554
554
198
198
198
47
47
47
365
472
472
472
472
472
472
434
434
89
89
89
297
297
297
297
297
297
297
297
441
441
441
441
411
197
498
498
498
498
59
202
21
21
21
21
44
44
44
44
44
44
44
44
44
270
270
270
270
270
270
275
275
60
60
60
60
60
319
155
155
155
155
155
155
155
155
155
155
155
155
155
155
431
431
185
185
185
426
426
243
420
420
439
565
565
565
565
14
14
560
560
560
490
490
245
163
163
163
163
163
163
163
163
163
163
163
163
163
163
163
163
163
163
163
135
135
135
135
169
169
279
279
279
215
215
215
215
215
215
215
503
129
129
129
129
129
129
129
129
129
129
129
129
129
129
129
129
567
567
414
42
42
42
42
42
42
42
42
42
42
42
42
42
42
276
276
160
160
160
160
160
160
160
160
160
160
16
16
16
16
16
16
16
413
413
413
225
225
36
36
36
425
425
39
423
423
423
423
452
452
250
424
424
150
150
150
557
557
194
277
199
388
388
388
388
38
38
38
38
38
38
38
274
274
315
315
315
315
315
315
315
315
315
315
405
405
405
405
405
405
405
405
56
56
56
56
248
248
248
248
465
465
465
465
465
465
465
465
285
285
450
450
450
450
161
161
161
161
161
161
161
161
161
457
432
432
432
290
290
464
464
183
183
183
389
389
389
389
389
539
539
539
539
539
539
539
539
539
109
109
109
109
109
109
109
109
109
109
109
109
109
109
109
109
109
109
109
109
109
109
109
109
109
109
109
109
151
151
151
151
151
151
151
151
151
151
151
151
151
151
151
151
151
151
151
151
520
520
216
216
216
208
208
208
208
458
458
218
218
271
271
271
271
271
271
271
271
271
271
271
271
340
340
340
246
20
20
20
20
20
318
335
366
422
422
422
422
518
518
518
518
518
12
12
12
12
12
12
12
83
566
566
566
566
164
164
164
203
451
280
540
540
540
540
244
244
244
244
214
214
214
214
214
79
79
459
459
162
162
287
287
364
41
41
463
463
454
454
454
339
339
339
339
339
339
339
461
461
461
461
461
461
461
461
130
130
130
130
130
130
427
427
427
272
272
272
272
406
209
35
132
132
212
284
284
468
519
519
519
412
412
259
492
492
492
492
558
558
317
317
317
317
317
317
317
317
317
317
31
31
460
460
460
460
460
286
286
171
26
26
26
30
30
30
258
213
213
213
213
310
310
310
310
310
313
313
313
313
313
313
313
107
107
269
269
269
269
269
269
269
253
253
253
253
253
253
253
253
253
253
253
538
538
538
538
538
186
186
281
281
391
391
391
391
391
391
391
391
391
391
391
391
48
48
48
156
156
333
333
333
333
333
333
333
333
50
50
154
154
154
553
553
553
289
289
165
165
165
165
165
165
247
201
435
435
453
453
453
453
453
453
191
440
440
88
192
320
168
168
134
37
37
37
37
542
542
542
307
307
307
307
307
307
307
307
307
307
307
22
200
19
19
19
220
100
100
100
100
488
381
533
533
533
533
533
141
141
417
417
4
4
263
263
447
484
534
534
267
241
223
105
483
483
483
483
479
304
114
480
101
101
266
102
102
102
102
120
176
3
401
8
93
125
387
517
119
444
444
444
444
53
570
570
570
324
72
72
72
73
73
73
73
74
74
74
74
74
75
173
174
90
507
91
138
138
524
524
63
63
63
63
509
527
527
510
511
66
66
66
66
66
66
67
67
67
67
67
67
68
68
68
68
68
68
69
69
69
69
69
69
70
71
568
568
568
568
512
512
512
513
514
514
514
