2
3
4
5
6
7
8
9
10
11
12
13
14
15
16
17
18
19
20
21
22
23
24
25
26
27
28
29
30
31
32
33
34
35
36
37
38
39
40
41
42
43
44
45
46
47
48
49
50
51
52
53
54
55
56
57
58
59
60
61
62
63
13
65
66
67
68
69
70
71
72
73
74
75
76
77
78
79
80
81
82
83
84
85
86
87
88
89
90
91
92
93
94
95
96
97
98
99
100
101
102
103
104
105
106
107
108
109
110
111
112
113
114
115
116
117
118
119
120
121
122
123
124
125
126
127
128
129
130
131
132
133
134
135
100
137
138
140
141
142
143
144
145
146
147
148
149
150
151
152
153
154
155
156
157
158
159
160
161
162
163
164
165
166
167
168
169
170
171
172
173
174
175
176
177
178
179
180
181
182
183
184
185
186
187
188
189
190
191
192
193
194
195
196
197
198
199
200
201
202
203
204
205
206
207
208
209
210
211
212
213
214
215
216
217
218
219
220
221
222
223
224
225
226
227
228
229
230
231
232
233
234
235
236
237
238
239
240
241
242
243
244
245
246
247
248
249
250
251
252
253
254
255
256
257
258
259
196
262
263
264
265
266
267
268
269
270
271
272
273
274
275
276
277
278
279
280
281
282
283
284
285
286
287
288
289
290
291
292
293
294
295
296
297
298
299
300
301
302
303
304
305
306
307
308
309
310
311
312
313
314
315
316
317
318
319
320
321
322
323
324
325
326
327
328
329
330
331
332
333
334
335
336
337
338
339
340
341
331
343
344
345
346
347
348
349
350
351
352
353
354
355
356
357
358
359
360
361
362
363
364
365
366
367
368
369
370
371
372
373
374
375
376
377
378
379
380
381
382
383
384
385
386
387
388
389
390
391
392
393
394
395
396
397
398
399
400
401
402
403
404
405
406
407
408
409
410
411
412
413
414
415
416
417
418
419
420
421
422
423
424
425
426
427
428
429
430
431
432
433
434
435
436
437
438
439
440
441
442
443
444
445
446
447
448
449
450
451
452
453
454
455
456
457
458
459
460
461
462
463
464
465
466
467
468
469
470
471
472
473
474
475
476
477
478
479
480
481
482
483
484
485
486
487
488
489
490
491
492
493
494
495
496
497
498
499
500
501
502
503
444
447
450
507
481
509
510
511
512
513
514
471
516
517
518
519
520
521
522
523
524
519
526
527
528
529
530
531
532
533
534
535
536
537
538
539
540
541
542
543
544
545
546
547
548
549
550
551
552
553
554
555
556
557
558
559
560
561
562
563
564
565
566
567
560
550
551
552
570
443
516
443
487
443
516
371
487
419
418
483
461
476
487
242
236
188
464
500
333
325
533
417
2
2
528
416
476
166
170
171
172
262
300
302
304
303
301
528
114
117
124
118
115
116
92
178
177
179
180
181
419
418
410
180
16
2
2
476
265
371
235
517
476
476
476
227
232
230
228
401
397
399
400
395
407
536
535
537
127
347
369
368
117
121
125
122
346
346
346
188
175
175
6
8
11
10
416
476
43
346
346
144
143
452
346
446
473
455
2
346
6
7
285
286
300
302
304
303
301
470
516
516
449
480
477
445
446
346
476
476
54
94
95
47
4
2
330
473
10
226
100
104
105
180
448
206
103
95
327
46
4
2
565
419
266
534
418
267
262
112
101
99
103
94
96
95
97
98
473
330
327
328
326
329
325
346
563
533
476
346
528
476
114
119
105
17
2
381
346
448
346
120
116
115
371
448
346
177
180
176
76
76
294
293
329
566
419
266
534
418
267
262
330
327
328
326
329
416
476
367
563
30
8
478
479
10
346
528
476
215
178
179
346
467
478
477
445
346
476
346
478
480
477
479
346
528
220
55
53
54
537
267
237
398
419
418
268
266
265
264
267
416
2
536
267
547
545
531
548
532
530
546
544
549
528
528
284
262
175
175
229
232
227
230
231
228
142
279
296
169
294
295
293
172
146
147
149
148
145
262
397
396
208
346
352
562
528
346
543
124
346
468
445
494
346
476
292
278
262
278
284
143
262
347
53
300
302
304
303
301
299
348
351
533
2
346
2
528
416
476
44
6
289
290
476
448
346
476
39
10
473
455
2
557
556
347
346
347
384
383
385
346
545
544
364
461
186
483
477
484
346
346
537
267
560
445
242
254
416
416
419
418
383
322
320
567
534
299
528
299
416
416
557
558
556
197
199
180
50
49
2
346
370
452
456
445
447
346
419
418
352
454
85
419
266
265
418
264
267
299
299
419
418
436
416
408
178
466
495
496
494
55
180
471
2
2
476
563
6
8
478
477
479
10
528
476
533
417
262
528
416
262
266
418
354
355
55
54
53
323
279
347
349
292
278
289
350
351
291
359
290
156
346
262
419
418
188
175
175
419
418
235
419
418
436
536
535
537
528
416
2
552
550
551
448
487
239
279
376
285
286
164
165
379
288
172
287
375
146
147
149
148
145
346
262
371
124
116
115
122
296
262
419
266
418
193
178
177
180
179
346
175
466
127
347
132
379
369
368
123
117
121
118
125
122
346
346
346
371
528
528
410
348
352
351
39
458
5
8
478
480
477
479
346
346
476
267
528
163
278
373
162
170
372
171
172
262
371
533
417
2
2
528
416
476
410
409
408
224
223
347
455
346
419
418
6
419
418
416
416
448
346
238
419
418
151
150
262
547
546
177
264
179
381
387
382
394
43
357
455
7
52
346
52
266
416
318
565
321
300
534
302
304
303
301
299
412
401
397
398
399
396
400
395
55
53
54
346
237
238
236
240
466
461
477
445
446
476
346
493
535
267
445
446
447
416
163
373
218
170
171
172
346
262
371
448
419
418
416
536
267
448
465
188
175
175
386
384
381
382
385
536
531
535
532
530
537
528
528
528
128
352
135
452
451
31
129
134
455
130
111
539
473
110
478
480
477
104
479
119
102
122
105
2
346
528
476
113
279
281
347
349
278
282
284
350
351
283
359
152
144
146
147
149
148
145
346
262
521
516
178
177
179
215
178
179
346
445
416
371
235
557
562
435
558
440
442
556
560
262
543
262
436
470
325
476
236
470
477
2
2
476
321
328
346
419
418
416
416
517
346
528
416
476
8
11
533
10
416
528
476
416
536
535
537
528
377
262
371
180
448
268
536
535
537
528
241
240
239
256
215
212
178
179
346
474
346
448
528
288
262
537
267
346
39
10
464
455
448
478
476
473
330
327
328
326
329
325
352
364
477
479
445
346
476
346
131
124
121
125
122
346
419
418
416
273
528
416
262
397
180
43
124
346
181
281
282
499
517
416
476
415
409
257
488
489
346
476
548
549
566
319
323
300
534
302
304
303
301
299
30
528
352
462
458
346
346
536
267
143
20
2
2
43
8
476
257
215
178
179
346
300
302
304
303
301
273
567
534
262
528
416
262
105
476
268
266
265
264
267
528
416
193
248
242
237
238
241
236
239
346
346
175
536
531
535
530
537
175
175
535
267
183
350
349
403
386
384
381
387
383
382
346
346
50
49
2
292
262
470
357
353
478
325
325
346
476
20
2
155
154
262
557
558
556
535
267
169
378
377
288
262
371
236
202
436
436
352
448
478
477
479
476
188
439
436
346
188
322
296
262
122
43
350
10
346
536
535
537
439
435
442
300
302
304
303
301
262
262
436
11
180
18
2
346
180
476
533
528
476
476
346
528
531
532
530
528
140
140
416
416
45
45
311
311
416
477
564
564
528
256
204
476
346
478
445
476
346
528
92
528
92
92
416
92
476
92
476
371
184
2
407
476
92
346
394
476
476
476
533
528
476
346
536
535
537
560
8
10
476
8
477
479
476
8
478
480
477
476
476
292
284
471
447
447
102
476
517
476
8
533
528
476
445
470
516
447
476
533
417
2
528
416
476
533
417
2
528
416
476
348
533
2
528
416
476
348
533
2
528
416
476
2
2
560
552
550
551
456
445
447
476
563
533
528
