2
3
4
5
6
7
8
9
10
11
12
13
14
15
16
17
18
19
20
21
22
23
24
25
26
27
28
29
30
31
32
33
34
35
36
37
38
39
40
41
42
43
44
45
46
47
48
49
50
51
52
53
54
55
56
57
58
59
60
61
62
63
64
65
66
67
68
69
70
71
72
7
3
49
40
47
41
37
40
38
47
41
42
37
36
47
46
36
26
27
16
15
11
16
30
55
49
40
48
47
37
47
36
62
2
58
57
44
38
43
48
45
68
26
13
14
28
10
60
22
70
69
24
12
14
64
3
10
48
64
65
60
57
39
45
70
69
46
68
3
53
48
16
13
23
27
12
15
14
28
58
57
35
44
40
38
43
48
47
42
65
60
38
39
45
70
69
46
68
35
28
28
68
28
28
29
29
28
45
68
3
