1
2
2
2
2
2
2
2
2
2
2
2
2
2
2
2
2
2
2
2
2
2
2
2
2
2
2
2
2
2
2
2
2
2
2
2
2
2
2
2
2
2
2
2
2
2
2
2
2
2
2
2
2
2
2
2
2
2
2
2
2
2
2
2
2
2
2
2
2
2
2
2
56
74
76
78
80
65
82
66
84
72
86
2
88
88
90
90
88
93
88
95
2
97
97
18
1
101
101
101
101
101
101
101
101
101
1
111
111
111
111
111
111
111
111
111
111
111
111
111
111
111
111
111
111
111
111
111
111
111
111
111
111
111
111
111
140
133
142
134
144
144
144
135
148
136
150
150
150
111
154
154
154
154
154
154
154
154
92
127
34
137
137
37
37
37
130
130
130
16
16
16
16
53
53
128
128
128
36
36
104
104
104
105
105
105
162
162
162
15
15
15
15
129
129
129
18
18
18
14
54
54
54
29
151
161
161
110
110
110
81
44
12
12
12
56
56
56
38
141
107
107
107
7
133
133
133
133
133
133
124
124
52
52
22
109
109
109
152
152
152
152
135
135
135
11
11
11
160
160
160
160
125
30
30
64
103
103
134
134
26
136
136
159
159
75
75
75
149
106
106
43
10
10
10
131
131
131
131
131
131
131
47
47
13
108
108
108
24
24
28
146
146
146
146
126
55
55
55
143
46
145
20
147
45
45
89
98
8
8
32
17
17
17
122
115
163
100
