2
3
4
5
6
7
9
10
11
12
13
15
16
17
18
19
20
21
22
23
24
25
26
27
28
29
30
31
32
33
34
35
36
37
38
39
40
41
42
43
44
45
46
47
48
49
50
51
52
53
54
55
56
57
58
59
60
61
62
63
64
66
67
68
69
70
71
72
73
74
75
76
77
78
79
80
81
82
83
84
85
87
88
89
90
91
92
93
94
95
96
97
98
99
100
101
102
103
104
105
106
107
108
109
110
111
112
113
114
115
116
117
118
119
120
121
122
123
124
125
126
127
128
129
130
131
132
133
134
135
136
137
138
139
140
141
142
143
144
145
146
147
148
149
150
151
152
153
154
155
156
157
158
159
160
161
162
163
164
166
167
168
169
170
171
172
173
174
175
176
177
178
179
181
182
183
185
186
187
189
190
191
193
195
196
197
199
200
201
203
204
205
206
207
208
210
211
212
213
214
215
217
218
219
220
221
223
224
225
226
227
228
229
230
232
233
234
235
236
237
238
239
240
241
242
243
244
245
246
248
249
250
251
252
253
254
255
259
260
261
262
263
264
265
266
267
268
269
270
271
272
273
274
275
276
277
278
279
280
281
282
283
284
285
286
287
288
289
290
291
292
293
294
295
296
297
298
299
300
87
192
192
192
87
87
194
194
194
87
87
267
123
122
267
171
282
134
280
133
267
276
83
277
275
165
267
171
282
134
280
267
203
267
278
270
271
267
204
203
267
81
274
282
85
280
267
53
49
84
276
178
282
280
277
275
166
267
112
267
100
101
267
270
271
166
270
70
69
282
280
204
203
270
267
122
219
218
217
18
59
61
58
57
60
39
37
40
34
38
49
282
134
16
171
282
134
280
267
270
204
267
100
270
271
48
210
267
114
112
270
271
52
49
70
267
270
271
171
282
134
280
267
123
122
90
91
69
130
267
270
271
80
171
282
134
280
133
267
18
19
84
267
54
49
118
113
171
282
134
280
267
171
282
134
280
267
50
49
171
282
134
280
133
267
270
271
84
276
274
178
277
170
275
166
267
171
282
134
280
267
122
85
100
101
102
79
77
237
233
236
234
223
227
228
226
224
225
276
274
278
275
269
268
267
267
70
69
237
233
232
235
236
234
171
282
134
280
133
267
122
282
280
210
211
51
49
228
227
224
271
267
84
276
277
275
267
69
270
271
267
78
282
139
267
171
282
134
280
133
267
112
100
102
114
112
280
139
267
270
271
267
130
20
35
54
51
52
53
55
50
36
45
46
15
41
15
290
267
267
271
112
171
282
134
280
133
267
130
131
211
267
84
276
178
282
280
277
275
267
166
70
69
171
282
134
280
133
267
19
70
134
280
274
282
280
130
131
267
267
267
71
73
173
174
176
175
267
100
219
218
217
17
210
211
267
17
27
17
39
37
36
47
45
34
46
253
32
17
18
19
100
271
171
282
134
280
267
171
282
134
280
267
171
282
134
280
267
85
276
280
275
84
178
282
277
170
166
267
47
267
78
99
99
44
267
267
87
95
267
43
80
35
267
276
275
276
275
276
275
276
277
275
267
276
275
276
275
269
268
274
276
275
165
267
276
275
277
267
