2
3
4
5
6
7
8
9
10
11
12
13
14
15
16
17
18
19
20
21
22
23
24
25
26
27
28
29
30
31
32
33
34
35
36
37
38
39
40
41
42
24
25
26
34
45
46
47
48
49
50
51
52
53
54
55
56
57
58
59
60
61
62
63
64
65
66
67
68
69
70
71
72
73
74
75
76
77
78
79
81
82
83
84
85
86
87
88
89
90
91
92
93
94
95
96
97
98
99
100
101
102
103
104
105
106
107
108
109
110
111
112
113
114
115
116
117
118
119
120
121
122
123
124
125
126
127
128
129
130
131
132
133
134
135
136
137
138
139
140
141
142
143
144
145
146
147
148
149
150
150
152
148
149
156
157
158
159
160
26
24
25
107
81
11
86
87
85
84
83
86
10
86
21
19
5
22
6
4
20
18
23
2
2
103
81
76
77
71
75
81
119
121
123
122
120
2
47
105
77
107
70
98
104
106
69
51
52
54
53
50
81
114
112
77
115
113
74
98
51
52
54
53
50
81
92
2
81
36
2
17
115
81
85
84
97
111
81
2
2
100
101
97
103
48
81
119
121
123
122
120
118
86
2
10
9
11
76
77
68
97
75
67
81
108
109
22
23
138
40
142
119
8
121
123
122
120
118
10
86
48
49
48
31
30
21
20
55
56
81
119
121
123
122
120
153
19
18
83
41
92
8
81
2
81
105
104
119
121
123
122
120
87
85
84
83
86
2
11
86
34
85
153
10
5
9
4
11
140
39
137
119
8
121
123
122
120
118
9
86
9
86
76
77
68
75
81
32
31
30
41
139
141
8
118
2
118
111
81
59
60
81
32
31
30
9
86
39
85
8
86
81
107
74
81
10
86
85
84
83
86
118
118
10
5
9
6
4
11
2
2
2
100
57
97
98
101
103
102
49
51
52
54
53
50
81
7
81
2
81
85
141
115
81
32
31
34
30
36
81
17
81
142
108
110
97
61
98
109
111
81
112
113
140
10
9
11
2
81
10
9
11
40
85
8
86
81
10
9
11
2
87
119
121
123
122
120
81
81
10
9
11
2
11
86
2
5
6
4
2
45
45
130
130
38
38
2
2
34
10
9
11
103
34
26
24
25
111
153
153
