2
3
4
5
2
8
9
10
11
12
13
14
15
16
17
18
19
20
21
22
23
24
25
26
27
28
29
30
31
32
34
35
36
37
38
39
40
41
42
43
44
45
46
48
49
50
51
52
54
55
56
57
58
59
60
61
54
63
64
65
66
67
68
69
70
71
72
73
74
75
76
77
78
79
80
81
82
83
84
85
86
87
88
89
90
91
92
93
94
95
96
97
98
99
100
101
102
103
104
105
106
107
108
109
110
111
112
113
114
115
74
117
118
119
120
122
123
124
125
122
127
128
129
130
131
132
133
134
135
136
137
138
139
140
141
142
143
144
145
146
147
148
149
150
151
152
153
154
155
156
157
158
159
160
161
162
163
164
144
138
135
168
169
170
171
168
173
174
175
176
177
178
179
180
173
182
183
184
185
186
187
188
189
182
191
192
193
194
197
198
199
200
201
202
203
204
205
206
207
208
209
210
211
212
213
214
215
216
217
219
220
221
222
223
224
225
226
227
228
229
230
231
232
233
234
235
236
237
238
239
240
241
242
243
244
245
246
247
248
249
250
251
252
253
254
255
256
257
258
259
260
261
262
263
264
265
266
267
268
269
270
271
272
273
274
275
276
277
278
279
280
281
282
283
284
285
286
287
288
289
290
291
292
293
294
295
296
297
298
299
300
301
302
303
304
305
306
307
308
309
310
311
312
313
314
315
316
317
318
319
320
321
322
324
325
326
327
328
329
330
331
332
333
334
335
336
337
338
339
340
341
342
343
344
345
346
330
348
349
350
351
352
353
354
355
356
357
358
359
360
361
362
363
364
365
324
324
324
18
63
199
324
198
132
130
26
63
63
63
132
131
130
198
198
328
198
72
132
130
132
130
132
131
130
132
130
132
130
132
130
66
202
132
131
130
132
130
11
132
130
364
357
324
132
130
198
132
130
132
130
132
130
132
130
198
324
38
41
87
74
63
63
324
330
131
129
132
131
130
34
325
324
364
357
198
41
324
324
324
364
358
324
198
316
198
326
85
324
198
70
65
170
169
91
38
198
364
357
67
63
41
131
130
132
131
51
88
198
327
132
130
4
3
41
41
132
130
364
357
132
130
84
19
63
69
132
130
71
85
324
324
324
51
88
132
130
198
123
124
9
83
9
324
96
132
131
130
221
63
63
132
130
132
130
132
130
132
130
68
330
324
324
324
74
132
131
64
132
130
76
198
82
324
89
63
324
198
132
130
82
76
63
198
343
63
63
324
168
2
122
324
63
342
343
341
324
122
2
168
330
329
324
74
73
63
