2
3
4
5
6
7
8
9
10
11
12
13
9
15
17
18
19
20
21
22
23
24
25
26
27
28
29
30
31
32
33
34
36
37
38
24
41
42
43
44
45
46
47
48
49
50
51
52
53
54
55
56
57
58
59
60
61
62
63
64
65
66
67
68
69
70
71
72
73
77
78
79
80
81
82
83
84
85
86
87
88
89
90
91
92
93
94
95
96
97
98
99
100
101
102
103
104
105
106
107
108
109
110
111
112
113
114
115
116
117
118
119
120
121
122
123
124
125
126
127
128
129
130
131
132
133
134
135
136
137
138
139
140
141
142
143
144
145
146
147
148
149
150
151
152
153
154
155
156
157
158
159
160
161
162
163
164
165
166
167
168
169
170
171
172
173
174
175
176
177
178
179
180
181
182
183
184
185
186
187
188
189
190
191
192
193
194
195
196
197
198
199
200
201
202
203
204
205
206
207
208
209
210
211
212
213
214
215
160
161
162
218
219
220
221
175
223
224
194
195
196
197
226
201
229
230
231
232
233
234
235
236
237
238
239
240
241
242
243
244
245
246
247
248
249
250
251
252
253
254
255
256
257
258
259
260
261
262
263
264
265
266
267
268
269
270
271
272
273
274
275
276
277
278
279
280
281
282
283
284
285
286
287
288
289
290
291
292
293
294
295
296
297
298
299
300
301
302
303
304
305
306
307
308
309
310
311
312
313
314
315
316
317
318
319
320
321
322
323
324
325
326
327
328
329
330
331
332
333
334
335
336
337
338
339
340
341
342
343
344
345
346
347
348
349
350
351
352
353
354
355
356
357
358
359
360
361
362
363
364
365
366
367
368
369
370
371
372
373
374
375
376
377
378
379
380
381
382
383
384
385
386
387
388
389
390
391
392
393
394
395
396
397
398
399
400
401
402
403
404
405
406
407
75
211
186
196
172
232
382
292
250
248
361
372
238
243
244
245
98
165
186
185
330
97
92
95
96
77
91
77
183
195
29
160
66
93
99
97
101
92
102
94
100
98
103
95
96
292
250
249
364
372
377
292
250
249
361
372
238
243
239
330
160
168
167
388
358
350
342
344
343
351
352
345
336
341
340
346
356
337
338
339
403
398
401
344
356
252
255
166
163
78
390
404
405
232
230
292
250
373
379
248
361
238
243
244
65
292
250
249
361
238
243
8
232
375
292
367
250
248
361
372
238
243
292
250
249
232
244
240
363
387
385
292
250
249
361
238
243
239
292
367
250
249
373
364
238
243
102
373
30
160
325
324
186
198
29
160
346
375
380
349
344
292
250
249
373
364
238
243
292
250
249
232
243
233
240
360
292
367
250
249
373
248
361
364
372
238
243
244
380
372
341
344
347
171
168
164
162
165
169
173
161
170
172
163
166
163
100
387
385
186
185
93
155
97
92
102
94
154
96
99
101
100
98
103
95
156
77
91
77
196
161
163
292
382
367
250
249
364
372
377
238
243
106
80
78
84
91
365
380
366
347
209
207
28
170
160
160
253
259
377
335
292
250
249
361
238
243
239
155
154
160
125
80
94
79
91
91
292
250
249
364
238
243
239
232
233
189
196
200
49
53
54
201
27
31
188
189
195
187
28
200
169
160
196
162
292
250
373
379
248
361
238
243
236
194
191
183
195
187
29
160
292
250
249
373
364
238
243
101
373
10
11
12
13
9
292
250
249
364
238
243
292
250
249
361
372
238
243
239
186
183
198
195
30
160
232
231
292
250
373
379
248
361
238
243
244
249
292
367
250
249
364
238
243
260
258
232
240
335
238
80
91
212
214
167
206
206
84
126
80
151
152
78
150
149
91
385
351
338
189
176
182
209
207
292
250
249
364
238
243
239
60
95
346
344
351
108
80
78
91
341
344
351
339
380
368
359
346
354
3
2
187
175
181
183
195
178
29
18
160
365
380
362
347
292
367
250
249
361
364
238
243
99
387
385
292
373
364
256
257
232
233
341
351
191
64
65
292
250
249
373
361
238
243
88
77
77
292
250
373
248
361
238
243
325
324
323
261
335
335
344
351
66
356
3
67
382
292
367
250
373
248
361
372
238
243
244
245
240
93
93
99
97
101
92
102
94
100
98
103
95
96
193
292
367
250
249
364
238
243
239
103
380
341
350
292
367
250
249
373
361
364
238
243
182
369
389
404
405
48
49
56
57
58
51
55
50
52
63
375
97
94
170
160
160
92
196
162
161
163
101
376
338
344
372
187
202
200
100
202
123
124
99
97
101
102
100
98
103
95
96
91
182
80
78
79
91
292
250
373
248
361
238
243
324
323
180
179
380
376
372
359
393
341
350
344
347
355
353
348
7
3
186
392
238
232
241
242
335
292
250
249
364
238
243
292
250
373
379
248
361
372
238
243
244
49
53
46
47
45
55
50
43
52
44
56
42
54
58
57
51
74
192
196
162
161
163
234
292
250
248
361
251
253
392
259
254
232
241
237
240
233
235
238
234
236
239
242
190
183
195
187
29
160
343
355
380
369
368
347
380
393
341
344
351
345
355
353
96
342
343
253
259
335
93
141
97
144
94
136
143
145
128
99
101
138
98
140
137
130
132
133
92
102
96
131
146
134
135
129
100
103
139
95
147
142
107
91
91
177
189
202
200
385
292
250
249
364
238
243
239
235
238
234
237
239
236
233
181
180
183
195
187
29
160
213
207
93
99
97
101
92
102
94
100
98
103
95
96
354
351
168
164
165
375
161
163
344
63
335
160
91
335
160
401
206
403
91
8
13
9
186
330
186
154
91
162
97
92
95
96
91
177
189
186
