2
3
4
5
6
7
8
9
10
11
12
13
14
15
16
17
11
20
21
22
23
24
25
26
27
28
29
30
31
32
33
34
35
36
37
38
39
40
41
42
43
44
45
46
47
48
49
50
51
52
53
54
55
56
57
58
59
60
61
62
63
64
65
66
67
68
69
70
71
72
73
74
75
76
77
78
79
80
81
82
83
84
85
86
87
88
89
90
91
92
93
94
95
96
97
98
99
100
101
102
103
104
105
106
107
108
109
110
111
112
113
114
115
116
117
118
119
120
121
122
123
124
125
126
127
128
129
130
131
132
133
134
135
136
137
138
139
140
141
142
143
144
145
146
147
148
149
150
151
152
153
154
155
156
157
158
159
160
161
162
163
164
165
166
167
168
169
170
171
172
173
174
175
176
177
178
179
180
181
183
184
185
186
187
188
189
190
191
192
193
194
195
196
197
198
199
200
201
202
203
204
205
206
207
208
209
210
211
212
213
214
215
216
217
218
219
220
221
222
223
224
225
226
227
228
229
230
231
232
233
234
235
236
237
238
239
240
241
242
243
244
245
246
247
248
249
250
251
252
253
254
255
256
257
258
259
260
261
262
263
264
265
266
267
268
269
270
271
272
273
274
275
276
277
278
279
280
281
282
283
284
285
286
287
288
289
290
291
292
293
294
295
296
297
298
299
300
301
302
303
304
305
306
307
308
309
310
311
312
313
314
315
316
317
318
319
320
321
322
323
324
325
326
327
328
329
330
331
332
333
334
335
336
337
338
339
340
341
342
343
344
345
346
347
348
349
350
351
352
353
354
355
356
357
358
359
360
361
362
363
364
365
366
367
368
369
370
371
372
373
374
375
376
377
378
379
380
381
382
383
384
385
386
387
388
389
390
391
392
393
394
395
396
397
398
399
400
401
402
403
404
405
406
407
408
409
410
411
412
413
414
415
416
417
418
419
420
421
422
118
115
176
78
75
74
59
111
118
174
179
78
72
140
82
78
17
13
93
78
88
78
104
105
106
78
20
80
78
20
140
65
118
80
164
78
281
23
61
140
140
343
279
115
78
109
104
105
107
23
44
71
66
70
46
45
22
49
20
20
140
44
69
20
140
12
290
287
289
283
279
107
78
140
114
78
20
167
140
20
140
118
164
78
96
78
93
78
184
118
145
78
184
140
85
78
5
180
20
122
287
140
130
82
78
118
80
164
78
184
96
78
308
301
140
184
280
48
119
366
140
134
60
62
135
100
78
118
104
105
162
106
78
165
140
73
140
119
93
78
421
118
177
78
116
91
150
118
179
78
184
420
102
78
67
140
118
177
78
105
78
63
135
118
115
176
78
300
307
422
52
50
140
309
302
85
78
24
23
118
164
78
149
118
90
179
78
118
177
78
116
88
78
70
115
78
111
118
174
179
78
118
145
78
184
118
85
145
78
184
20
300
307
280
308
301
106
78
184
20
5
6
4
7
140
92
78
45
23
43
85
78
184
20
102
78
291
290
289
2
140
280
20
420
104
78
70
140
118
115
176
78
118
176
78
118
177
78
116
141
140
140
287
284
289
102
78
49
122
122
285
287
289
140
64
77
82
78
279
108
349
147
177
175
353
146
350
153
176
173
355
168
171
178
164
170
179
149
157
351
174
354
352
154
145
172
169
144
348
163
118
160
150
358
161
151
148
152
344
325
338
322
334
331
332
336
329
346
321
320
345
333
328
339
326
323
327
330
324
347
337
335
140
20
122
281
102
78
90
78
76
88
78
420
91
78
58
100
87
96
114
93
85
78
92
31
28
35
20
66
118
80
164
78
71
140
111
78
118
151
179
78
92
118
145
78
184
131
122
105
78
114
78
140
100
78
47
286
287
289
104
78
422
117
78
49
122
8
184
99
78
116
78
80
78
140
68
118
80
164
78
421
140
140
140
134
53
106
78
88
78
122
91
78
140
184
10
3
4
43
20
20
180
118
151
179
78
92
281
55
140
165
140
421
291
118
177
78
110
78
366
20
90
78
57
90
78
140
118
177
78
116
118
115
176
78
140
131
122
118
151
179
78
92
90
78
51
118
176
78
118
117
178
78
49
140
20
102
78
117
78
309
302
140
422
56
116
78
422
140
54
184
100
96
93
85
78
31
28
35
20
119
122
2
134
134
122
122
20
134
134
119
130
122
130
149
157
174
175
154
172
169
144
163
173
160
150
161
151
344
325
327
330
334
324
331
332
329
345
335
333
328
326
178
347
