2
3
4
5
6
7
8
9
11
12
13
14
15
16
17
18
19
20
21
22
23
24
25
26
27
28
29
30
31
32
33
34
35
36
37
38
39
40
41
42
43
44
45
46
47
48
49
50
51
52
53
54
55
56
57
58
59
60
61
62
63
64
65
66
67
68
69
70
71
72
73
74
75
76
77
78
79
80
81
82
83
84
85
86
87
88
89
90
91
92
93
94
95
96
97
98
99
100
101
102
103
104
105
106
107
108
109
110
111
112
113
114
115
116
117
118
119
120
121
122
123
124
125
126
127
128
129
130
131
132
133
134
135
136
137
138
139
140
141
142
143
144
146
147
148
149
150
151
152
153
154
155
156
157
158
159
160
161
162
163
164
165
166
167
168
169
170
171
172
173
174
175
176
177
178
179
180
181
182
183
184
185
186
187
188
189
190
191
192
193
194
195
196
197
198
199
200
201
202
203
204
205
206
207
208
209
210
211
212
213
214
215
216
217
218
219
220
221
222
223
224
225
226
227
228
229
230
231
232
233
234
235
236
237
238
239
240
241
242
243
244
245
246
247
248
249
250
251
252
253
254
255
256
257
258
259
260
261
262
263
264
265
266
267
268
269
270
271
272
273
274
275
276
277
278
152
152
152
37
37
237
36
37
35
38
49
232
231
221
220
216
221
235
45
255
252
251
238
245
242
90
2
38
271
267
37
13
15
17
30
275
240
242
69
68
70
36
35
96
30
215
41
47
48
136
42
36
44
41
74
262
261
274
240
245
242
206
45
38
240
245
241
242
266
270
267
39
31
40
45
273
240
243
238
241
37
31
30
30
190
237
101
73
35
271
267
148
221
218
92
95
155
92
199
264
200
177
186
182
180
185
190
189
154
184
30
38
65
72
57
115
31
30
30
34
268
270
267
269
243
242
45
94
88
191
182
189
183
179
30
30
164
182
180
189
183
184
179
178
30
30
204
30
45
37
42
31
87
163
45
38
55
30
36
164
45
55
30
30
30
17
254
3
31
43
252
251
245
239
242
43
31
45
202
199
257
207
99
181
187
212
211
188
30
210
3
93
152
45
37
38
56
30
228
232
217
220
219
233
277
240
244
242
15
202
257
264
207
180
181
187
212
211
188
30
30
210
56
30
231
218
219
257
7
260
3
137
36
35
20
36
37
35
38
30
227
45
253
197
90
191
182
190
189
179
30
189
178
30
30
199
257
264
200
186
180
185
190
187
237
30
210
34
45
44
32
48
49
276
240
244
242
15
42
98
97
30
30
147
146
148
31
45
46
69
68
57
36
35
38
30
30
74
45
66
67
45
38
12
15
16
263
242
38
60
70
260
240
268
270
269
241
30
30
103
106
215
74
14
15
16
85
37
37
83
37
31
30
30
270
267
30
30
99
189
188
178
30
30
37
30
30
259
30
40
40
36
58
242
47
46
40
39
36
257
254
260
233
237
37
52
30
202
237
212
211
30
237
31
40
229
217
219
103
239
39
85
37
36
98
30
30
15
16
206
30
252
251
245
242
195
250
249
190
44
39
88
101
90
88
156
73
36
37
35
38
40
154
153
31
152
177
268
270
267
269
30
237
237
30
152
159
30
266
234
234
152
161
233
233
210
237
233
233
30
30
233
237
152
157
30
187
210
7
