2
3
4
5
6
7
8
9
10
11
12
13
14
15
16
17
18
19
20
21
22
23
24
25
26
27
28
29
30
31
32
33
34
35
36
35
39
40
41
42
43
44
45
46
47
48
49
50
51
52
53
54
55
56
57
58
59
60
61
62
63
64
65
66
67
68
69
70
71
72
73
74
75
76
77
78
79
80
81
82
83
84
85
86
87
88
89
90
91
92
93
94
95
96
97
98
99
100
101
102
103
104
105
106
107
108
109
110
111
112
113
114
115
116
117
118
119
120
121
122
123
124
125
126
127
128
129
130
131
132
133
134
135
136
137
138
139
140
141
142
143
144
145
146
147
148
149
150
151
152
153
154
155
156
157
158
159
160
161
162
163
164
165
166
167
168
169
170
171
161
162
171
88
89
176
128
158
180
181
182
183
184
185
186
187
188
189
190
191
192
193
194
195
196
197
198
199
200
201
202
203
204
205
206
207
208
209
210
211
212
213
214
215
216
217
218
219
220
221
222
223
224
225
226
227
228
229
230
231
232
233
234
235
236
237
238
239
240
241
242
243
244
245
246
247
248
249
250
251
252
253
254
255
256
257
258
259
260
255
262
263
264
265
266
267
268
269
270
271
272
273
274
275
276
277
278
279
280
281
282
283
284
285
286
287
288
289
290
291
292
293
294
295
296
297
298
299
300
301
302
303
304
305
306
307
308
309
310
311
312
313
314
315
316
317
318
319
320
321
322
323
324
325
326
327
328
329
330
331
332
333
334
335
336
337
338
339
340
341
342
343
344
345
346
347
348
350
351
352
353
354
355
356
357
358
359
360
361
362
363
364
365
366
367
368
369
370
371
372
373
374
375
376
375
378
379
380
381
382
383
384
385
386
387
388
389
390
391
392
393
394
395
396
397
398
399
400
401
402
403
404
405
406
407
408
409
410
411
412
413
414
415
416
417
418
419
420
421
422
423
424
425
426
427
428
429
430
431
432
433
434
435
436
437
438
439
440
441
442
443
444
445
446
447
448
449
450
451
452
453
454
455
456
457
458
459
460
461
398
463
464
400
436
437
442
443
446
454
455
453
456
457
458
446
444
472
445
446
447
448
449
442
357
357
436
436
256
402
247
379
315
46
159
279
264
46
272
267
357
247
188
182
183
186
193
185
307
316
238
286
264
45
46
262
271
87
88
264
263
45
47
262
262
299
46
135
82
238
3
99
262
262
264
266
262
262
257
311
46
286
263
45
262
244
401
379
267
269
258
254
252
57
99
180
258
73
60
268
270
265
269
272
44
266
267
357
39
254
403
253
456
449
379
307
46
267
249
135
85
44
303
46
159
248
281
284
368
321
285
262
361
320
285
262
250
254
258
251
256
402
379
252
379
275
262
92
86
134
286
281
287
284
45
272
46
262
262
134
58
357
262
211
241
379
366
320
285
262
242
89
364
320
285
262
321
374
285
262
72
257
257
255
246
239
73
55
281
284
273
253
257
56
73
103
244
256
248
402
379
159
199
203
189
188
190
194
180
314
46
256
398
269
267
362
320
285
262
455
281
284
254
277
379
262
188
190
359
320
285
262
245
379
274
262
448
447
447
65
3
108
290
45
44
379
135
75
321
308
370
281
285
262
242
308
46
245
447
321
376
285
262
239
379
79
87
88
264
263
46
47
262
262
245
257
280
287
263
45
262
257
248
184
312
46
363
285
263
262
215
185
238
379
293
45
99
262
262
246
379
276
262
295
45
242
259
86
256
398
87
88
264
263
47
262
135
75
78
111
357
321
375
285
262
455
454
454
73
64
89
448
291
45
44
69
48
43
357
357
378
269
306
316
239
243
135
134
62
357
262
135
82
270
302
46
332
355
180
280
284
289
45
14
241
192
47
367
320
285
262
99
262
262
94
304
316
241
267
296
129
45
44
188
298
46
254
253
254
209
332
355
180
268
250
309
316
257
314
316
159
309
46
286
287
263
45
46
262
253
246
252
193
185
180
134
54
357
262
240
379
454
258
401
243
379
99
321
371
285
262
74
53
357
233
74
264
263
45
44
46
262
146
158
191
440
441
438
439
271
256
402
250
379
379
57
74
357
200
189
190
191
180
308
316
90
287
264
263
47
262
262
135
286
78
87
88
90
287
264
263
47
262
262
301
46
264
45
46
262
379
240
202
187
244
294
45
297
45
306
46
180
355
91
92
79
281
284
45
46
262
262
262
242
379
300
46
321
285
372
262
286
263
45
262
281
284
257
159
360
320
285
262
215
189
188
185
180
87
134
88
264
263
47
262
321
369
285
262
240
247
249
281
263
265
262
262
180
355
300
316
436
358
285
159
257
379
159
258
316
312
437
286
323
111
262
263
45
262
286
78
264
263
45
46
373
321
285
262
159
243
180
251
61
257
91
281
284
262
292
45
320
285
365
262
251
79
279
264
268
262
190
300
46
199
189
188
191
194
187
180
286
78
263
45
46
286
287
263
45
46
262
310
46
73
51
306
332
180
304
46
53
379
258
159
135
134
66
357
262
256
402
249
379
181
313
46
73
52
357
262
330
262
216
39
357
447
262
39
262
262
39
180
454
455
375
285
398
254
189
403
456
449
78
202
