2
3
4
5
6
7
8
9
10
11
12
13
14
15
16
17
18
19
20
21
22
23
24
25
26
27
28
29
30
31
32
33
34
35
36
37
38
39
40
41
42
43
44
45
46
47
48
49
50
51
52
53
54
55
56
57
58
59
60
61
62
63
64
65
66
67
68
69
70
71
72
73
74
75
76
77
78
79
80
81
82
83
84
85
86
87
88
89
90
91
92
93
94
95
96
97
98
99
100
101
102
103
104
105
106
107
108
109
110
111
112
113
114
115
116
117
118
119
121
122
123
124
125
126
127
128
129
131
132
133
134
135
136
137
138
139
140
141
142
143
144
145
146
147
148
149
150
151
152
153
154
155
156
157
158
159
160
161
162
163
164
165
166
167
168
169
170
171
172
173
174
175
176
177
178
179
180
181
182
183
184
185
186
187
188
189
190
191
192
193
194
195
196
197
198
199
200
201
202
203
204
205
206
207
208
209
210
211
212
213
214
216
217
218
219
220
184
222
223
224
225
226
227
228
229
230
231
232
233
234
235
236
237
238
239
240
241
242
244
245
246
247
248
249
250
251
252
253
254
255
256
257
258
259
260
261
262
263
264
265
266
267
268
269
270
271
272
273
274
275
276
277
278
279
280
281
282
283
284
285
286
287
288
289
290
291
292
293
294
295
296
297
298
299
300
301
299
304
305
306
307
308
309
310
311
312
313
314
315
316
317
318
319
320
321
322
323
324
325
326
327
328
329
330
331
332
333
334
335
336
337
338
339
340
341
342
343
344
345
346
347
348
349
350
351
352
353
354
355
356
357
358
359
360
361
362
363
364
365
366
367
368
369
370
371
372
373
374
375
376
377
378
379
380
381
382
383
384
385
386
387
388
389
390
391
392
393
394
395
396
397
398
399
400
401
402
403
404
405
406
407
408
409
31
32
305
27
21
2
305
252
266
252
267
270
261
262
184
144
135
85
38
251
33
250
34
180
178
175
17
153
163
2
166
167
173
136
159
163
158
162
157
211
209
164
147
210
137
208
131
305
2
30
155
205
208
122
2
252
83
203
191
174
159
164
131
252
71
73
31
30
32
34
2
59
66
31
32
259
305
15
259
305
199
168
31
32
34
2
3
2
15
305
63
250
75
31
30
15
51
189
85
22
2
2
227
226
2
131
21
14
2
2
305
305
31
32
34
2
166
5
155
164
4
254
51
21
2
2
172
145
162
164
15
260
75
33
32
184
226
254
71
192
73
90
29
252
252
263
22
257
255
252
256
65
66
85
177
185
124
85
194
143
15
160
29
164
26
2
121
31
32
34
2
83
31
71
67
31
44
15
29
14
131
83
17
135
137
2
2
164
17
15
29
164
2
70
75
32
189
2
305
247
260
44
195
184
175
16
17
15
29
2
131
233
2
2
176
69
229
235
45
17
18
15
2
225
305
263
231
234
192
230
227
15
226
165
166
167
305
67
73
32
262
285
278
253
257
255
260
256
263
259
31
32
34
2
182
192
45
20
21
15
29
164
2
70
192
58
17
29
31
164
32
2
31
32
34
2
131
70
74
54
92
127
15
22
32
2
2
23
24
22
218
85
17
2
328
2
48
122
51
82
192
15
29
164
14
2
2
232
88
35
188
136
17
144
2
94
92
192
15
12
29
5
2
54
20
2
2
251
34
305
192
252
166
167
164
156
328
253
305
253
54
20
2
257
245
255
252
260
254
262
261
258
256
259
263
305
199
168
157
211
212
210
208
166
179
181
136
158
246
260
83
54
89
87
53
85
18
14
2
15
47
128
126
125
68
46
85
194
15
22
29
122
2
38
25
66
38
31
33
186
2
252
2
254
2
216
17
34
211
209
212
210
205
93
166
393
394
395
270
262
261
3
2
187
180
192
184
17
134
29
164
2
2
2
166
282
281
278
253
252
254
57
48
22
2
305
23
260
83
252
245
205
131
2
2
131
2
208
205
208
2
2
255
252
15
2
70
184
15
29
184
184
184
155
