1
2
2
2
2
2
2
2
2
2
2
2
2
2
2
2
2
2
2
2
2
2
2
2
2
2
2
2
2
2
2
2
2
2
2
2
2
2
2
2
2
2
2
2
2
2
2
2
2
2
2
2
2
2
2
2
2
2
2
2
2
2
2
2
2
2
2
2
2
2
2
2
2
2
2
2
2
2
2
2
2
2
2
2
2
2
2
2
2
2
2
2
2
2
2
2
2
2
2
2
2
2
2
2
2
2
2
2
2
2
2
2
2
2
2
2
2
2
2
2
2
2
2
2
57
126
57
128
57
130
132
133
133
133
133
133
133
133
133
133
133
133
133
133
133
133
133
133
133
133
133
133
133
133
133
133
133
133
133
133
133
133
133
133
133
133
133
133
133
133
133
133
133
133
133
133
133
133
133
133
133
133
133
133
133
133
133
133
133
133
133
133
133
133
133
133
133
133
133
133
133
133
133
133
133
133
133
133
133
133
106
133
140
41
41
41
41
71
42
89
89
89
89
185
59
162
204
204
33
33
33
33
33
33
33
190
109
84
84
191
198
31
31
31
31
31
31
31
156
156
82
82
82
38
38
38
38
38
38
38
38
98
111
60
60
195
195
195
195
195
195
195
195
195
195
195
72
72
66
186
91
91
91
91
192
192
202
54
54
124
117
117
117
117
117
117
103
103
65
65
96
96
96
96
139
139
139
92
92
92
92
106
178
86
86
144
36
40
40
40
40
40
40
45
55
61
160
160
160
113
25
25
25
25
25
25
25
90
90
90
90
199
142
180
209
95
95
95
95
152
152
184
184
102
102
102
203
70
70
34
120
120
120
120
52
87
87
149
149
149
159
159
159
182
114
39
39
39
39
39
85
85
85
85
183
183
183
201
121
32
32
32
32
32
88
88
28
28
28
28
28
145
145
179
116
116
116
116
116
116
116
116
116
116
116
116
116
47
112
112
104
104
62
93
93
93
93
93
164
37
37
37
37
37
79
147
27
68
100
100
100
163
46
73
73
73
78
78
99
123
101
101
101
119
119
57
57
57
200
83
29
29
29
29
29
29
29
63
153
153
30
30
30
30
30
158
158
158
205
150
24
141
141
69
56
196
105
157
146
146
146
206
48
155
50
122
51
51
51
143
143
97
97
97
97
94
94
94
94
94
187
53
53
53
53
53
53
53
53
53
26
26
26
26
26
26
26
26
26
26
26
151
151
166
197
44
193
108
212
58
58
58
148
64
64
181
49
67
115
125
35
154
43
136
21
213
