1
2
2
2
2
2
2
9
10
10
10
10
10
10
10
18
19
19
19
19
19
19
19
19
19
19
19
19
19
19
19
32
36
37
37
37
37
40
40
44
45
45
45
45
45
45
45
45
45
45
45
45
45
45
45
45
45
45
45
45
45
45
45
45
45
45
45
45
45
45
45
45
45
45
45
45
45
45
45
45
45
45
45
45
45
45
45
45
45
45
45
45
45
45
45
45
45
45
45
45
45
45
45
45
45
45
45
45
45
45
45
45
45
45
45
45
45
45
45
45
45
45
45
45
45
45
45
45
45
45
45
45
45
45
45
45
45
45
45
45
45
45
45
45
45
94
71
71
71
71
71
71
71
71
71
71
71
71
71
71
90
99
99
106
106
106
106
106
106
114
114
114
114
114
114
114
114
114
121
62
69
69
95
95
88
86
86
86
86
86
86
86
86
116
116
116
116
116
116
116
116
116
116
116
116
85
111
111
111
111
91
91
91
91
91
91
91
108
108
108
108
126
24
140
96
127
128
128
66
66
66
66
93
146
75
75
75
75
75
75
30
110
110
110
110
110
110
110
110
76
76
76
76
76
76
76
76
76
102
102
125
28
143
29
113
113
113
137
32
105
105
105
141
141
145
119
115
115
31
131
131
131
131
131
131
131
25
139
92
142
142
129
129
83
14
112
112
112
120
26
133
101
144
13
134
130
130
78
78
78
78
78
78
78
78
78
107
107
107
107
147
147
132
148
148
148
148
148
148
98
68
89
7
7
64
63
117
61
103
82
84
65
79
118
135
135
135
135
135
135
135
135
135
70
70
70
27
67
123
123
123
123
124
124
138
104
104
100
100
100
87
87
87
87
136
150
150
150
150
16
16
109
109
109
109
109
77
122
122
122
122
122
122
122
11
47
