1
2
2
2
2
2
2
9
9
9
9
9
9
9
10
11
11
11
11
11
11
11
11
11
11
11
11
11
11
11
11
11
11
11
11
11
11
11
36
37
37
37
37
37
37
37
37
37
37
37
37
37
37
37
37
37
37
37
37
37
37
37
60
37
62
62
62
62
62
62
62
37
70
70
70
70
70
70
70
70
47
79
52
82
55
52
85
86
86
86
86
86
86
86
86
86
86
86
86
86
86
86
86
86
86
86
86
86
86
86
86
86
86
86
86
86
86
86
86
86
86
86
86
86
86
86
86
86
86
86
86
86
86
86
86
86
86
86
86
86
86
86
86
86
86
86
86
86
86
86
86
86
86
86
86
86
86
86
86
86
86
86
86
86
86
86
86
86
86
86
86
86
86
86
86
86
86
86
86
86
86
86
86
86
86
86
86
86
86
86
86
86
86
86
86
86
86
86
86
86
86
86
86
86
86
86
86
86
86
86
86
86
86
86
86
86
86
86
86
86
86
86
86
86
86
86
86
86
86
86
86
86
86
86
86
86
86
86
86
86
86
86
86
86
86
86
86
86
86
86
86
86
86
86
86
86
86
86
86
86
86
86
86
86
86
86
86
86
86
86
86
86
86
86
86
86
86
86
86
86
86
86
86
86
86
86
86
86
86
86
86
86
86
86
86
86
86
86
86
86
86
86
86
86
86
86
86
86
86
86
86
86
86
86
86
86
86
86
86
86
86
86
86
86
86
86
86
86
86
86
86
86
86
86
86
86
86
86
86
86
86
86
86
86
86
86
86
86
86
86
86
86
351
351
351
351
86
356
356
356
86
360
360
360
360
360
86
366
366
366
366
366
366
366
366
366
1
376
376
376
376
376
376
376
376
376
376
376
376
376
376
376
376
376
376
376
376
376
376
376
376
376
394
402
404
405
405
405
405
405
405
405
405
405
405
405
405
405
405
405
405
405
405
405
405
405
405
405
405
405
405
405
405
405
405
405
405
405
405
405
405
405
405
444
445
445
445
445
445
445
445
445
445
445
445
445
445
445
445
445
445
445
445
445
445
445
445
445
445
445
445
445
445
445
445
445
445
445
445
445
445
482
482
482
445
486
486
486
486
486
486
486
486
445
495
495
495
495
445
500
500
500
444
504
504
504
504
504
504
504
504
504
504
504
504
504
504
504
504
504
504
504
504
504
504
504
504
504
504
504
504
504
504
504
504
504
504
504
504
504
504
504
504
504
504
504
504
504
504
504
504
504
504
504
504
504
504
504
504
504
504
504
504
504
504
504
504
504
504
504
504
504
504
504
504
504
504
504
504
504
504
504
504
504
504
504
564
588
504
590
590
590
590
590
590
504
597
597
597
597
562
354
354
395
395
395
395
395
395
395
237
21
548
548
222
222
222
222
222
222
222
58
58
345
345
345
345
256
256
256
479
479
479
479
479
479
479
479
322
322
322
322
322
561
343
343
343
343
343
343
264
567
567
567
567
567
567
567
578
578
578
578
17
274
274
274
274
274
274
293
293
293
229
229
229
229
229
229
229
229
229
229
229
229
229
229
229
229
229
229
229
229
229
229
229
229
229
229
229
229
229
229
229
229
229
229
229
229
229
229
229
229
229
229
229
229
579
579
579
579
579
579
579
579
579
579
579
579
579
579
250
250
49
49
49
49
49
49
49
49
49
49
49
49
49
49
233
238
238
587
587
586
586
586
586
600
600
203
203
555
555
75
68
68
68
68
68
68
68
295
295
295
295
295
477
477
477
477
477
477
477
477
477
477
77
77
77
77
316
316
316
316
484
484
315
315
315
315
342
342
342
342
342
342
212
271
271
271
271
271
271
271
271
271
271
271
271
271
271
271
259
321
321
297
297
297
297
297
297
297
297
297
297
297
297
297
22
213
346
346
346
346
294
294
294
294
294
294
294
294
294
294
466
279
279
279
279
272
249
249
569
421
255
255
255
308
308
308
308
308
308
308
308
245
245
245
232
247
227
269
269
269
546
546
263
263
503
318
318
240
240
193
438
438
223
223
397
397
397
355
355
67
440
231
324
324
324
324
552
552
334
334
334
275
275
192
325
325
325
339
339
339
339
339
339
339
339
339
339
339
339
339
182
44
44
44
44
44
45
45
45
491
262
288
302
302
489
489
499
441
234
280
422
422
422
32
197
197
472
472
472
472
472
472
472
472
472
472
472
472
472
423
563
563
563
563
563
563
563
241
241
241
243
243
235
191
228
570
570
570
570
570
502
283
554
554
292
292
292
292
292
292
292
330
330
330
242
424
15
55
55
299
69
69
69
69
69
252
252
252
252
252
252
400
400
400
400
210
585
585
474
474
474
474
474
474
474
474
474
474
474
474
474
24
47
47
47
47
47
47
47
47
47
47
277
470
470
470
470
470
470
470
470
470
470
470
470
341
341
341
341
341
341
20
461
461
461
461
461
461
461
461
461
461
461
461
461
291
291
291
291
291
291
291
291
291
460
460
460
460
460
460
460
460
460
460
460
460
460
12
12
30
261
344
344
344
51
51
51
314
314
314
314
314
314
314
314
48
48
48
48
48
48
326
326
564
564
332
332
332
332
332
464
464
464
464
266
465
468
468
393
428
428
459
459
459
459
459
459
459
459
459
459
459
459
239
290
290
358
568
568
568
568
568
568
254
583
583
583
328
328
328
328
328
328
337
337
337
337
337
337
337
337
337
337
337
337
337
337
337
337
337
337
337
398
340
340
340
340
340
276
276
276
209
427
427
350
350
350
13
551
551
559
559
284
284
284
284
284
284
284
284
284
575
454
454
46
46
46
46
304
304
581
31
319
319
230
327
327
257
257
257
257
420
420
420
420
420
420
420
420
420
420
433
188
236
236
236
594
594
594
396
399
399
399
456
456
456
456
456
456
595
595
426
181
181
202
287
287
287
309
309
309
309
309
309
309
309
545
545
329
329
329
329
329
289
246
246
246
246
246
246
246
571
571
571
571
571
571
571
571
571
571
571
571
571
571
571
571
571
571
571
571
571
571
571
571
571
571
571
571
571
571
270
349
208
208
305
305
305
305
305
305
305
305
566
566
566
566
566
429
429
224
224
336
336
336
336
336
336
336
336
336
336
336
336
336
336
336
336
336
336
78
471
471
471
471
471
471
471
471
471
471
471
473
473
473
473
473
473
473
473
473
473
473
473
473
550
550
27
27
59
59
580
580
580
580
580
580
580
580
19
23
23
439
582
582
582
312
312
312
312
312
312
490
490
268
268
268
248
485
485
560
244
436
331
331
331
331
457
457
317
42
42
42
42
298
298
596
596
576
576
576
576
576
576
576
576
576
576
576
576
25
347
347
347
347
347
347
347
359
434
434
434
348
348
348
348
348
348
348
348
348
348
348
348
348
348
333
333
333
558
558
549
549
258
28
286
286
286
286
286
286
286
251
251
251
251
443
557
557
306
306
306
306
306
306
469
469
311
311
311
311
311
311
311
311
311
57
57
57
57
285
320
320
267
267
267
267
267
267
267
267
267
267
267
267
267
267
267
267
76
76
76
76
76
76
573
307
307
307
307
307
307
323
323
480
425
253
253
253
253
278
278
278
455
572
601
601
313
313
313
313
313
313
313
50
50
296
296
296
296
296
296
296
296
296
296
296
296
296
296
296
296
296
467
467
467
467
467
467
467
467
467
467
458
458
458
458
458
458
458
458
458
458
458
458
338
338
338
338
338
338
338
338
338
338
338
338
338
437
437
437
437
437
556
556
303
303
303
303
303
303
303
303
303
303
303
303
303
303
303
303
303
303
303
303
303
303
303
303
303
462
462
462
462
577
577
577
553
553
265
335
335
394
394
394
394
394
394
394
394
394
394
394
394
394
394
394
394
394
478
478
478
478
282
282
282
282
282
584
584
584
281
281
281
281
281
281
547
547
310
310
310
310
310
310
562
562
562
562
562
562
562
562
562
562
562
562
562
562
562
562
562
529
406
524
38
377
488
88
483
63
602
