2
3
4
5
6
7
8
9
10
11
12
13
14
15
16
17
18
19
20
21
22
23
24
25
26
27
28
29
30
31
32
33
34
35
36
37
38
39
40
41
42
43
44
45
46
47
48
49
50
51
52
53
54
55
56
57
58
59
60
61
62
63
64
65
66
67
68
42
70
71
72
73
74
75
76
77
78
79
80
81
82
83
84
85
86
87
88
89
90
91
92
93
94
95
96
97
98
99
100
101
102
103
104
105
106
107
108
109
110
111
112
113
114
115
116
117
118
119
120
121
122
123
124
125
126
127
128
129
130
131
132
133
134
135
136
137
138
139
140
141
142
143
144
145
146
147
148
149
150
151
152
153
154
155
156
157
158
159
160
161
162
163
164
165
166
167
168
169
170
171
172
173
174
175
176
177
178
179
180
181
182
183
184
185
186
187
188
189
190
191
192
193
194
195
196
197
198
199
200
201
202
203
204
205
206
207
208
209
210
211
212
213
214
215
216
217
218
219
220
221
222
223
224
225
226
227
228
229
230
231
232
233
234
235
236
237
238
239
240
241
242
243
244
245
246
247
248
249
250
251
252
253
254
255
256
257
258
259
260
261
262
263
264
265
266
267
268
269
270
271
272
273
274
275
276
277
278
279
280
281
282
283
284
285
286
287
288
277
278
291
292
293
294
295
296
297
298
299
300
301
302
303
304
305
306
307
308
309
310
311
312
313
314
315
316
317
318
319
320
321
322
308
294
325
326
327
328
329
330
331
332
333
334
335
336
337
338
339
340
341
342
343
344
345
346
347
348
349
350
351
352
353
354
355
356
357
359
360
361
362
363
364
365
366
367
368
369
370
371
372
373
374
375
376
377
378
379
380
381
382
383
384
385
386
387
388
389
390
391
392
393
394
395
396
397
398
399
400
401
402
403
404
405
406
407
408
409
410
411
412
413
414
415
416
417
418
419
420
421
422
423
424
425
426
427
428
429
430
431
432
433
434
435
436
437
438
439
440
441
442
443
444
445
446
447
448
449
450
451
452
453
454
455
456
457
458
459
460
461
462
463
464
465
466
467
468
469
470
471
472
473
474
475
476
477
478
479
480
481
482
483
484
485
486
487
488
489
490
491
492
493
494
495
496
497
498
499
500
501
502
503
504
505
506
507
508
509
510
511
512
514
515
516
517
518
519
520
521
522
523
524
525
526
527
528
529
530
531
532
533
534
535
536
537
538
539
540
541
542
543
544
545
546
547
548
549
550
551
552
553
554
555
556
557
558
559
560
561
562
563
564
565
566
567
568
569
570
571
572
573
574
575
576
577
578
579
580
581
582
583
584
585
586
587
588
589
590
591
592
593
594
595
596
597
598
599
600
601
602
603
604
605
606
607
608
609
610
611
612
613
614
615
616
617
618
619
620
621
622
623
627
629
630
631
632
633
634
635
636
637
638
639
640
641
642
643
644
645
646
647
648
649
650
651
652
653
654
655
656
657
658
659
660
661
662
663
664
665
666
667
668
669
670
671
672
673
674
675
676
677
678
679
680
681
682
683
684
685
686
687
688
689
690
691
692
693
694
695
696
697
698
699
700
701
702
703
704
705
706
707
708
709
710
711
712
713
714
718
719
720
721
722
723
724
718
719
720
721
722
723
724
726
727
728
729
730
731
732
733
734
735
736
737
738
739
740
741
742
743
744
745
746
747
748
740
741
750
751
752
753
752
756
757
758
759
760
761
762
763
764
765
766
767
768
769
770
771
772
773
774
775
776
777
778
779
780
781
782
783
784
785
786
787
788
789
790
791
792
793
794
795
796
797
798
799
800
801
802
803
804
805
806
807
808
809
810
811
812
813
814
815
816
817
818
819
820
821
822
823
824
825
826
827
828
829
830
831
832
833
834
835
836
837
838
839
840
841
803
809
845
846
847
817
849
851
852
853
854
855
856
857
858
859
860
861
862
859
865
866
867
868
869
870
871
872
873
874
875
876
877
878
879
880
881
882
883
884
885
886
887
887
876
877
878
879
880
881
882
884
892
893
894
895
896
897
898
899
900
901
902
903
904
905
906
907
908
909
910
911
912
913
914
915
916
917
918
919
920
921
922
923
924
925
926
927
928
929
930
931
932
933
934
935
936
937
938
858
105
129
114
859
541
876
516
624
539
762
345
343
349
337
353
341
338
351
339
347
885
886
325
325
411
100
795
629
72
109
468
905
897
898
692
312
571
295
297
307
301
294
598
692
312
593
621
812
595
579
571
295
308
300
302
297
305
301
304
299
298
306
293
303
307
292
514
124
261
451
333
393
531
908
907
904
895
896
893
914
81
833
830
862
541
516
335
631
669
447
408
389
404
367
403
394
398
401
371
411
380
400
395
393
397
369
373
399
390
410
379
12
915
53
54
136
100
157
151
363
361
376
390
110
128
398
631
523
867
376
531
452
175
415
363
636
757
760
761
122
368
535
868
695
870
835
865
865
332
520
451
763
759
757
760
758
761
119
915
83
74
631
86
383
629
760
112
102
541
858
533
126
631
91
373
530
115
539
372
90
130
90
95
683
631
111
529
534
757
85
920
631
632
334
128
407
328
922
525
118
900
85
451
763
757
760
761
433
360
413
412
411
523
516
124
104
631
631
412
451
763
757
760
761
760
761
105
326
117
808
329
762
518
649
721
720
719
760
516
524
138
523
516
634
537
403
394
402
392
372
399
404
398
401
400
397
395
391
534
334
631
852
858
532
55
527
808
121
119
88
136
518
746
651
748
730
736
728
732
103
659
654
692
836
183
363
364
131
631
649
732
135
394
393
133
129
431
430
429
428
382
383
362
388
384
28
335
391
516
393
344
327
325
285
287
179
217
181
177
199
415
173
763
762
12
13
23
760
22
359
115
537
331
366
82
554
516
79
448
203
181
173
363
379
364
130
637
632
819
631
96
632
517
114
396
756
571
816
541
887
517
516
878
879
42
521
884
882
880
791
624
626
522
520
805
406
866
631
526
516
360
393
516
120
97
683
631
925
937
929
935
927
933
931
923
914
77
384
516
521
446
449
419
70
359
516
674
631
519
631
367
757
760
761
532
822
724
802
796
807
125
79
75
594
301
285
182
202
286
204
174
288
181
201
287
203
179
180
173
70
917
918
631
134
516
648
721
720
719
692
814
884
631
887
882
632
880
878
641
879
42
791
717
715
716
851
722
887
795
808
879
884
797
800
793
799
803
796
880
794
842
31
127
529
757
760
761
792
800
799
631
92
524
631
107
122
360
392
15
514
2
106
81
98
640
528
685
696
689
877
721
882
876
883
878
629
875
629
76
631
629
631
411
86
394
633
435
378
813
692
747
711
812
811
815
648
733
727
728
731
734
741
732
739
730
736
729
737
735
629
810
343
338
339
347
852
325
526
683
631
78
921
103
760
116
386
635
631
898
899
390
535
446
449
419
278
70
359
631
516
631
633
370
895
896
893
900
37
540
330
375
330
516
269
451
408
360
389
394
371
411
380
363
393
395
373
410
390
379
366
631
76
131
108
525
108
113
448
775
203
181
161
259
173
456
454
363
389
393
381
379
405
96
91
143
631
631
94
631
326
862
631
641
36
406
538
760
761
631
80
140
631
116
472
141
804
84
635
921
638
93
327
801
842
919
783
760
761
638
413
111
326
328
330
332
335
897
898
396
756
906
902
469
395
14
2
629
413
109
34
102
98
72
328
75
830
325
519
761
99
141
782
864
523
516
683
631
528
313
514
916
516
142
211
213
215
241
281
474
416
263
181
183
415
239
389
367
376
374
381
375
364
382
383
372
368
365
366
386
409
385
408
360
396
371
363
377
369
373
390
370
388
379
384
387
70
756
516
80
541
858
636
73
99
87
517
84
106
97
382
392
133
344
336
348
342
870
869
352
350
338
346
340
885
886
865
325
865
332
189
227
423
243
422
191
201
421
193
420
279
187
265
209
195
367
376
403
394
374
402
364
382
383
399
410
366
386
405
385
360
404
396
398
401
371
380
406
363
400
369
393
395
397
390
388
384
379
138
327
398
516
859
631
876
641
715
101
549
9
295
292
296
801
639
121
533
916
107
277
468
363
360
506
503
504
897
893
899
409
521
919
134
536
110
94
427
384
14
2
629
117
73
139
112
903
902
538
860
810
349
344
341
338
351
852
325
118
530
87
285
179
451
415
763
12
759
757
758
760
761
514
821
723
798
876
807
842
826
93
82
637
137
867
360
391
641
858
113
827
794
829
325
516
631
127
523
427
388
448
203
453
181
452
778
175
415
161
173
454
363
120
917
407
918
540
140
95
516
516
101
104
143
804
185
363
366
922
139
920
527
516
142
329
89
427
382
58
516
640
641
858
137
135
126
395
78
363
70
132
631
88
89
132
631
634
74
805
778
454
379
77
123
521
517
516
66
83
440
763
379
381
692
746
651
748
730
736
740
728
734
732
15
514
2
522
123
874
834
338
325
865
325
866
412
389
536
631
369
388
631
333
516
792
797
799
631
151
70
631
92
125
639
331
427
383
65
858
325
359
629
5
4
629
858
51
32
64
791
629
42
5
4
791
42
325
629
42
7
6
12
514
144
514
756
858
514
629
39
629
629
70
287
288
722
795
884
808
800
799
875
723
876
807
875
724
807
277
363
884
887
882
880
878
879
42
791
624
2
875
884
887
882
880
878
879
42
791
717
715
2
875
859
541
876
624
875
859
876
641
715
875
887
803
879
875
793
880
794
875
