1
2
2
2
2
2
2
2
2
2
2
2
2
2
2
2
2
2
2
2
2
2
2
2
2
2
2
2
2
2
31
31
31
2
35
35
35
35
35
35
35
35
35
35
35
35
35
35
35
35
35
35
35
35
2
56
56
56
56
56
56
17
18
18
66
20
20
20
22
22
17
74
2
14
77
14
22
17
81
82
82
82
82
82
82
82
82
82
82
93
94
94
94
94
94
94
94
94
94
94
94
94
94
94
94
94
94
94
94
94
94
94
94
94
94
110
99
103
81
123
123
123
123
123
123
123
123
123
87
86
87
126
128
126
125
125
125
125
125
125
125
125
125
125
125
125
125
125
1
153
153
153
153
153
153
153
153
153
153
153
153
153
170
51
51
51
154
154
154
154
18
18
18
18
18
18
18
18
164
164
164
24
45
45
160
160
160
160
160
160
158
158
158
28
28
156
156
156
105
55
55
55
55
55
55
55
55
55
155
155
155
155
155
155
155
104
49
49
49
13
13
13
13
13
13
13
13
13
13
13
13
13
13
13
13
13
13
161
161
161
161
161
161
14
14
48
48
48
159
159
159
159
159
159
159
44
107
108
19
19
19
19
19
19
19
53
53
53
111
50
50
50
23
162
162
162
162
162
162
162
106
17
17
17
17
17
17
17
20
20
20
20
20
20
20
20
20
102
119
119
119
47
47
47
157
157
157
157
157
157
157
103
103
103
163
163
163
54
54
54
109
29
30
30
30
30
46
46
118
118
118
27
27
22
22
22
22
22
22
22
22
22
22
16
16
16
16
16
52
52
52
101
166
166
166
166
166
166
166
4
8
7
37
40
41
63
63
64
64
64
64
64
65
65
70
70
70
70
71
71
71
71
71
75
75
75
75
75
170
170
170
170
170
170
170
67
67
67
67
67
77
78
79
79
69
69
