1
2
2
2
2
2
2
2
2
9
12
13
13
16
17
18
18
18
18
18
18
18
18
26
26
26
26
26
26
26
26
26
26
26
26
26
26
26
26
26
43
44
18
46
46
46
46
46
46
46
46
46
46
46
46
46
18
60
60
60
60
60
60
60
60
60
60
60
60
60
60
60
60
60
78
79
79
79
79
79
79
79
79
79
79
79
79
79
79
79
79
79
79
79
79
95
100
78
104
104
104
104
104
104
104
104
104
104
104
104
104
104
104
120
121
121
124
125
126
126
126
126
126
126
126
126
126
126
126
126
126
139
139
139
139
139
139
139
139
139
139
139
139
138
13
46
104
60
137
137
137
137
74
74
74
52
147
147
148
148
66
66
117
117
117
51
118
135
45
69
22
22
151
151
94
94
94
94
101
119
119
119
53
53
112
112
57
59
67
6
6
149
149
73
54
77
110
114
25
25
116
43
43
43
43
43
43
43
43
43
43
146
146
111
21
21
109
68
42
42
42
71
72
72
138
138
138
138
138
138
7
133
133
133
133
133
136
58
58
58
70
70
134
134
134
134
134
134
134
9
9
9
75
75
75
75
75
75
75
75
10
10
95
95
95
95
95
95
95
95
95
95
95
95
95
50
150
150
150
115
55
76
113
8
8
4
143
128
3
127
80
19
20
105
152
152
152
152
11
11
