1
2
2
2
2
2
2
2
2
2
2
2
2
2
2
2
2
2
2
2
2
2
2
2
2
2
2
2
2
2
2
2
2
2
2
2
2
2
2
2
2
2
2
2
2
2
2
2
2
2
2
2
2
2
2
2
2
2
2
2
2
2
2
2
2
2
2
2
2
2
2
2
2
2
2
2
2
2
2
2
2
2
2
2
3
86
2
88
88
88
90
92
2
94
94
94
25
98
98
31
101
2
103
103
103
103
103
103
103
103
103
103
103
103
103
103
103
103
103
103
103
103
103
103
103
103
103
103
103
103
103
103
103
103
103
116
137
119
139
129
141
129
143
2
145
145
145
145
79
58
124
126
154
128
128
128
41
99
121
122
122
122
100
43
45
32
113
113
71
112
62
27
27
27
27
75
39
115
128
25
25
25
25
25
50
70
118
144
144
46
68
111
67
79
79
79
79
79
79
79
79
79
79
79
28
28
28
147
69
117
117
42
77
44
131
131
36
78
78
52
127
127
127
127
55
135
30
30
30
60
125
35
65
26
26
26
74
54
38
72
34
34
34
59
33
116
116
116
116
116
116
116
116
116
116
116
57
63
124
124
124
124
124
124
124
124
124
87
87
48
48
48
110
110
126
126
126
64
31
31
31
47
47
47
53
80
80
80
80
80
80
129
129
129
129
129
129
129
129
129
129
51
66
58
73
49
37
56
134
134
134
134
140
130
130
40
91
61
119
29
29
29
7
7
9
9
89
89
10
10
21
8
8
4
150
150
150
151
152
152
153
153
153
153
154
156
