1
2
2
2
2
7
7
2
1
9
9
9
9
9
9
16
16
9
1
18
18
18
18
18
18
25
25
25
25
18
18
28
29
29
29
29
29
29
29
29
29
29
29
29
29
29
29
29
29
29
29
29
29
29
29
29
29
29
29
29
29
29
29
29
29
29
29
29
29
29
29
68
68
68
68
29
73
73
29
76
76
56
73
76
45
45
45
45
24
24
24
24
50
50
50
50
50
50
50
50
59
59
63
72
72
72
64
52
52
6
6
48
48
48
48
48
48
48
57
57
57
57
44
44
47
47
47
47
47
47
56
15
15
15
15
15
55
55
55
55
43
66
66
78
65
75
53
54
46
46
46
46
46
46
46
46
58
58
58
58
58
58
49
49
49
49
49
49
49
49
49
49
49
49
49
49
51
51
51
51
51
51
51
51
51
39
39
40
40
79
8
17
26
27
27
