2
3
4
5
6
7
8
9
10
11
12
13
14
15
16
17
18
19
20
21
22
23
24
25
26
27
28
29
30
31
32
33
34
35
36
37
38
39
40
41
42
43
44
45
46
47
48
49
51
52
53
54
55
56
57
58
59
60
61
62
63
64
65
66
67
68
71
2
52
2
18
13
8
52
70
4
6
10
5
9
7
15
11
2
52
16
52
45
13
14
33
17
9
16
19
3
11
17
18
2
52
4
52
4
17
6
10
18
9
19
15
11
3
2
45
13
14
12
4
7
8
2
31
30
4
18
3
52
2
2
31
30
4
18
13
8
16
14
6
52
52
52
48
61
52
32
6
51
