1
2
2
2
6
7
8
8
8
8
8
8
8
8
8
8
8
8
8
8
8
8
8
8
8
8
8
8
8
8
8
8
8
8
8
8
8
8
8
8
8
8
8
8
8
8
48
8
50
8
52
8
54
8
56
8
58
58
8
61
61
61
8
65
8
67
8
69
69
69
69
69
69
69
69
69
69
69
8
81
24
83
7
85
85
85
85
85
85
85
92
93
95
96
96
96
96
101
7
102
102
102
102
102
102
102
102
102
102
102
102
102
102
116
102
118
102
120
102
122
102
124
102
126
126
102
129
129
102
132
102
134
102
136
136
139
140
141
142
143
144
145
146
147
147
147
147
152
153
154
154
154
154
154
154
154
154
154
154
154
168
168
169
67
65
5
5
40
40
40
40
40
40
112
112
112
34
34
34
33
33
33
35
35
35
37
37
37
137
110
110
110
79
79
79
79
28
28
28
28
107
107
107
47
47
47
47
47
47
113
113
113
32
32
32
71
119
82
82
90
90
130
108
108
108
77
77
27
27
27
27
46
46
46
46
46
46
29
29
29
29
29
72
128
100
100
26
26
26
26
36
36
36
78
78
127
74
31
31
31
73
41
41
41
41
64
44
44
44
44
88
88
25
25
25
25
45
45
45
45
114
114
114
165
165
165
165
165
24
24
24
24
24
24
24
42
42
42
123
39
39
39
39
39
39
39
138
109
109
109
84
89
111
111
111
63
151
151
75
76
87
87
164
164
164
164
164
38
38
38
104
104
104
80
80
80
80
105
105
105
106
106
106
30
30
30
43
43
43
43
43
43
18
13
161
159
160
14
15
12
157
157
16
16
158
156
139
139
139
143
143
143
169
169
169
169
169
