2
3
4
5
6
7
8
9
10
11
12
13
14
15
16
17
18
19
20
21
22
23
24
25
26
27
28
29
30
31
32
33
34
35
36
37
38
40
41
42
43
44
45
46
47
48
49
51
52
53
54
55
56
57
58
59
60
61
62
63
64
65
66
68
69
70
71
72
73
74
75
76
77
78
79
80
81
82
83
84
85
86
87
88
90
91
92
93
94
95
96
97
98
99
100
103
104
105
108
109
110
112
113
114
115
116
117
118
119
120
121
122
123
124
125
126
127
128
129
130
131
132
133
134
135
136
137
138
139
140
141
142
143
144
145
146
147
148
149
150
151
152
153
154
155
156
157
158
159
160
161
162
163
164
165
166
167
168
169
170
171
172
173
174
175
176
177
178
179
180
181
182
183
184
185
186
187
188
189
190
191
192
193
194
195
196
197
198
199
200
201
202
203
204
205
206
207
208
209
210
211
212
213
214
215
216
217
218
219
220
221
222
223
224
225
226
227
228
229
230
231
233
234
235
236
237
238
239
240
241
242
243
244
245
246
247
248
249
250
251
252
253
254
255
256
257
258
259
260
261
262
263
264
265
266
267
268
269
270
271
272
273
274
275
276
277
278
279
280
281
282
113
284
114
286
238
288
289
264
291
292
293
294
295
296
297
298
299
300
301
302
303
304
281
307
308
309
310
311
312
313
314
315
316
317
318
319
320
321
316
325
327
328
329
330
331
332
333
334
335
336
337
338
339
340
341
342
343
344
345
346
347
348
349
350
351
352
353
354
355
356
357
358
359
360
361
363
364
365
366
367
368
369
370
371
372
373
167
166
151
31
32
164
187
312
15
17
16
162
334
354
323
234
234
15
17
16
60
62
63
61
312
170
21
173
20
187
112
69
368
234
234
112
157
85
82
84
73
74
234
115
153
234
234
91
199
201
196
197
115
136
163
158
162
138
137
114
141
112
112
332
234
312
31
141
214
214
136
161
112
234
234
156
169
234
158
260
234
41
54
59
234
168
234
311
309
354
107
312
5
6
8
7
10
9
30
13
150
83
70
74
234
222
158
367
81
71
74
163
75
234
58
60
62
63
61
234
75
223
214
310
312
140
211
234
234
226
139
69
152
154
227
258
234
165
234
211
141
214
234
160
354
101
234
340
346
338
344
348
342
234
234
226
159
234
145
234
155
227
135
112
112
281
144
142
234
72
354
101
147
234
258
234
116
73
115
149
316
315
162
234
312
112
112
311
75
223
214
55
354
107
143
362
141
234
234
137
312
112
115
135
42
234
148
366
365
234
234
146
336
101
211
214
112
226
226
222
214
222
214
226
226
312
201
163
112
354
107
107
42
354
107
41
54
59
354
323
362
72
101
354
101
214
354
101
