1
2
2
2
2
2
2
8
7
6
5
1
13
13
13
13
13
13
13
13
13
13
13
13
13
13
13
13
13
16
24
23
23
22
21
20
19
17
28
8
26
27
30
25
1
46
46
46
46
46
46
8
7
6
5
1
57
57
57
57
57
57
57
8
28
27
24
69
70
70
70
70
70
70
70
70
70
70
70
70
70
70
70
70
70
70
70
70
70
70
70
70
70
70
70
70
70
70
100
70
102
70
104
106
69
107
107
107
107
107
107
107
107
107
107
107
107
107
107
107
107
107
107
107
107
107
107
107
107
107
107
107
107
107
107
107
107
107
140
107
142
107
144
107
146
107
148
150
84
153
69
154
154
154
154
154
154
154
154
154
154
154
154
154
154
154
154
154
154
154
154
154
154
154
154
154
154
154
154
154
154
154
154
154
154
154
154
154
154
154
154
154
154
154
154
154
154
154
154
154
154
154
154
154
154
154
154
154
154
154
154
154
154
154
154
154
154
154
154
154
154
154
154
154
154
154
154
154
154
154
154
154
154
154
154
154
154
154
154
154
154
154
154
154
154
154
154
154
154
154
154
154
154
154
154
154
154
154
154
154
154
154
154
154
154
154
154
154
154
154
154
154
154
154
154
154
154
154
154
154
154
154
154
154
154
154
154
154
154
154
154
154
154
154
154
154
154
154
154
154
154
154
154
154
154
154
154
154
154
154
154
154
154
154
154
154
154
154
154
154
154
154
154
154
154
154
154
154
154
154
154
154
154
154
154
154
154
154
154
154
154
154
154
154
154
154
154
154
154
154
154
154
154
154
154
157
360
162
182
183
308
308
303
309
309
310
311
312
313
303
319
308
319
1
377
377
377
377
377
377
8
7
6
5
388
389
389
389
389
389
389
389
389
389
389
389
389
389
389
389
389
389
389
389
389
389
389
389
389
389
389
389
389
388
418
418
418
418
418
418
418
418
418
418
418
418
418
418
418
418
432
432
432
432
432
432
432
432
432
444
432
69
446
446
446
446
446
446
446
446
446
446
446
446
446
446
446
446
446
446
446
446
446
446
446
446
446
446
446
446
446
446
446
446
446
446
446
446
446
446
446
446
446
446
446
446
446
446
446
446
446
446
446
446
446
446
446
446
446
503
446
505
446
507
446
509
446
511
446
513
446
515
446
517
446
519
446
521
446
523
446
525
446
527
446
529
446
531
446
533
446
535
446
537
446
539
446
541
446
543
446
545
446
547
446
549
446
551
446
553
446
555
446
557
446
559
446
561
446
563
446
565
446
567
446
569
446
571
446
573
446
575
575
575
575
446
580
446
582
446
584
446
586
446
588
446
590
446
592
446
594
446
596
446
598
446
600
446
602
446
604
446
606
446
608
446
610
446
612
446
614
446
616
446
618
446
620
446
622
446
624
446
626
446
628
446
630
446
632
1
634
634
634
634
634
634
8
7
6
5
235
235
235
455
455
455
455
455
455
170
170
468
468
462
288
288
266
266
198
198
210
210
48
302
302
302
270
270
19
322
322
248
248
164
164
185
185
169
169
177
177
16
482
482
482
482
482
482
482
99
99
99
99
329
329
485
640
352
352
197
197
300
300
20
250
250
256
256
350
350
296
296
312
23
475
254
254
63
344
344
249
249
282
282
174
174
310
310
234
234
265
265
7
209
209
320
320
320
476
286
8
255
255
458
458
492
499
240
268
268
22
287
287
222
222
262
262
473
473
327
327
331
331
463
463
463
463
276
276
297
297
214
214
290
290
168
461
313
178
178
178
289
289
246
183
5
24
215
215
215
490
258
258
484
175
175
175
98
259
469
469
345
345
242
242
272
272
133
133
335
335
139
466
131
131
493
493
493
493
493
493
493
493
311
295
295
86
86
6
323
323
323
159
305
305
471
471
354
354
51
205
227
227
84
84
84
84
84
84
84
84
84
84
84
84
84
84
84
84
84
84
84
84
84
84
84
84
84
187
187
271
271
346
346
221
221
236
236
236
383
176
176
342
342
181
181
343
343
279
349
349
481
481
226
226
27
52
195
195
353
353
338
338
337
337
351
351
245
637
380
196
196
90
90
267
267
267
358
88
127
127
216
216
216
138
126
126
61
491
491
194
194
225
225
190
190
636
25
273
273
91
91
206
206
263
263
277
277
281
306
306
467
239
239
341
341
325
325
325
26
456
261
261
314
314
157
220
220
188
188
128
128
166
264
264
280
309
309
309
347
347
87
87
299
299
357
474
28
334
334
251
251
21
62
274
274
252
252
223
460
328
328
189
189
237
237
237
257
257
192
192
15
130
130
241
464
60
333
333
184
184
167
182
182
213
307
307
307
125
125
125
125
125
125
125
125
125
125
125
125
125
125
125
125
125
125
125
125
125
125
125
125
125
125
125
125
125
125
125
125
125
125
125
125
125
125
125
125
125
125
125
125
180
180
180
208
208
204
204
218
218
496
232
232
479
229
229
459
480
480
480
480
480
480
480
199
199
315
315
457
301
301
17
132
201
201
230
238
238
238
348
348
18
495
495
495
495
495
193
193
317
317
340
340
129
129
29
497
497
89
89
89
89
89
228
228
336
336
356
379
283
283
244
244
200
30
269
269
50
219
219
219
92
92
432
432
432
432
432
432
432
432
432
432
432
432
432
432
432
64
292
292
498
191
191
211
211
454
454
454
454
454
454
454
224
224
260
260
318
318
318
304
304
304
284
284
303
303
303
49
243
243
488
488
488
488
4
275
275
203
203
324
324
134
134
326
326
486
233
233
638
135
135
382
96
96
278
278
355
202
202
217
217
217
212
173
321
321
171
171
291
291
330
330
339
339
332
332
294
294
465
465
465
298
298
308
308
308
639
253
253
319
319
319
470
470
231
231
293
293
165
59
186
186
247
247
381
483
483
285
285
172
179
179
179
494
494
494
207
207
316
316
31
35
37
38
39
152
152
152
644
365
368
44
373
436
436
436
437
437
438
438
438
439
439
439
440
440
440
440
441
441
441
441
442
442
442
442
443
443
443
443
443
443
443
443
443
443
443
445
445
445
445
445
445
445
445
445
445
445
376
