1
2
2
2
2
2
2
2
2
2
2
2
2
2
2
2
2
2
2
2
2
2
2
2
2
2
2
2
2
2
2
2
2
2
2
2
2
2
2
2
2
2
2
2
2
2
2
2
2
2
2
2
2
2
2
2
2
2
2
2
2
2
2
2
2
2
2
2
2
2
2
2
2
2
2
2
2
2
2
2
2
2
2
2
2
2
2
2
2
2
2
2
2
2
2
2
2
2
2
2
2
2
2
2
2
19
107
2
109
61
111
72
113
113
116
117
118
118
118
118
118
118
118
118
118
118
118
118
118
118
118
118
118
118
118
118
118
118
118
118
118
118
118
118
118
118
118
118
118
118
118
118
118
118
118
118
118
118
118
118
118
118
118
118
118
118
118
118
118
118
118
118
118
118
118
118
118
118
118
118
118
118
118
118
118
118
118
118
118
118
118
118
118
118
118
118
118
118
118
118
118
118
118
118
118
118
118
118
118
118
118
118
118
118
118
118
118
118
118
118
118
118
118
118
118
118
118
118
118
118
118
118
118
118
118
118
118
118
118
118
118
118
118
118
118
118
118
118
118
118
118
118
118
118
118
118
118
118
118
118
118
118
118
118
118
118
118
118
118
118
118
118
118
118
118
123
278
118
124
281
118
283
283
283
283
145
288
156
290
118
292
292
292
292
292
118
298
298
298
298
298
298
298
207
306
308
308
308
308
308
308
118
315
315
315
315
315
320
315
322
315
324
118
326
118
328
328
328
328
328
328
328
328
328
328
328
328
328
328
328
328
342
345
118
347
347
347
347
347
347
347
347
347
347
347
354
359
118
361
355
364
354
354
354
355
369
370
370
370
370
370
370
370
370
370
370
370
370
370
370
370
370
370
370
370
370
370
370
370
370
370
370
370
370
398
398
398
398
398
398
398
398
370
407
407
407
407
407
407
407
407
370
416
416
416
416
416
416
416
416
416
370
426
370
428
428
428
428
428
428
428
428
428
428
428
370
440
440
440
440
440
440
440
370
448
448
448
448
448
448
448
370
456
456
456
438
369
462
462
462
462
462
462
462
462
462
462
462
462
462
462
462
462
478
478
478
470
482
482
482
472
486
486
486
474
490
490
490
475
494
494
494
476
498
498
498
477
502
502
502
502
324
322
320
186
247
160
160
160
258
477
477
477
477
477
477
477
384
384
384
384
255
267
269
269
269
54
420
243
228
256
161
161
161
70
297
37
165
165
226
41
41
190
190
190
438
438
438
438
438
438
167
167
167
34
234
152
152
36
249
473
94
94
94
94
342
342
354
354
354
46
469
469
99
62
62
62
62
62
62
62
62
62
62
344
102
59
59
59
59
59
66
178
178
178
178
202
202
204
148
148
80
80
80
80
80
80
80
80
80
80
358
358
358
358
358
358
274
274
274
274
274
453
67
96
96
210
210
276
276
276
276
276
276
276
276
403
403
403
403
447
447
447
447
447
447
207
207
181
181
181
181
56
56
56
252
262
180
180
180
180
180
180
180
180
180
180
180
53
53
53
53
53
271
271
271
261
57
57
279
279
185
87
471
471
219
240
183
183
183
183
183
183
466
466
466
85
357
153
153
153
153
153
153
153
153
153
153
153
236
106
166
355
327
327
159
159
159
159
159
159
174
313
263
396
396
396
396
396
396
396
396
396
396
404
404
404
422
395
395
395
395
395
395
395
395
395
395
192
192
192
227
305
305
305
305
305
195
356
356
356
229
229
385
385
385
385
91
146
146
146
146
146
259
164
222
222
154
154
154
154
154
154
154
154
154
150
150
182
182
182
182
182
182
182
182
182
182
110
110
110
110
110
110
238
437
437
257
215
221
341
341
158
158
158
158
171
476
476
476
476
476
476
476
423
423
423
423
275
275
275
275
88
88
88
88
88
88
88
88
239
214
214
340
340
340
340
340
340
340
340
340
340
340
340
340
340
387
387
30
220
268
413
413
43
43
43
43
43
425
45
177
177
177
200
272
272
272
266
179
179
179
179
151
151
68
68
86
86
86
86
86
89
89
89
89
201
273
273
273
82
101
176
176
176
47
47
47
51
51
51
51
51
218
218
218
97
97
97
97
97
97
95
414
414
414
414
414
104
58
58
58
58
196
157
157
157
157
157
157
157
157
157
105
105
390
390
390
198
296
296
474
474
474
474
474
474
474
75
75
75
75
75
75
75
75
291
291
295
295
81
81
248
251
63
63
362
362
48
48
48
289
458
458
458
458
223
223
223
223
223
223
223
459
459
459
76
76
78
78
208
208
208
208
421
421
103
343
253
197
93
93
93
172
172
172
172
424
65
65
65
61
61
61
32
39
169
169
169
169
169
169
169
169
169
193
211
467
467
467
31
31
199
92
244
260
72
72
233
60
60
241
264
44
44
44
44
44
44
44
187
213
213
254
405
405
405
405
405
439
439
439
98
237
412
412
64
90
189
277
212
212
212
212
155
454
450
470
470
470
470
470
470
470
40
40
40
40
40
40
451
451
451
451
388
388
475
475
475
475
475
475
475
225
225
225
397
427
83
149
149
49
49
49
49
205
472
472
472
472
472
472
472
55
446
446
446
446
446
446
446
446
115
77
77
74
74
74
74
52
52
393
393
393
393
393
100
304
304
304
304
304
84
468
468
312
312
312
391
391
391
391
391
245
29
29
29
38
156
156
188
145
145
145
145
145
145
242
170
170
170
170
69
168
386
386
224
224
224
33
392
392
392
392
203
173
173
73
73
73
73
73
250
452
71
71
71
246
353
353
394
394
394
480
282
50
50
406
406
406
406
406
406
399
399
378
21
372
374
441
348
348
382
141
141
316
316
120
400
14
14
402
402
23
417
317
317
128
128
318
318
127
445
124
142
142
142
142
337
337
13
338
125
123
363
365
366
366
461
367
368
