2
3
4
5
6
7
8
9
10
11
12
13
14
15
16
17
18
19
20
21
22
23
24
25
26
27
28
29
30
31
32
33
34
35
36
37
38
39
40
41
42
43
44
45
46
47
48
49
50
51
52
53
54
55
56
57
58
59
60
61
62
63
64
65
66
67
68
69
70
71
72
73
74
75
76
77
78
79
80
81
82
83
84
85
86
87
88
89
90
91
92
93
94
95
96
97
98
99
100
101
102
103
104
105
106
107
108
109
110
111
112
113
114
115
9
118
119
120
121
122
123
124
125
126
127
128
129
130
131
132
133
134
135
136
137
138
139
140
141
142
143
144
145
146
147
148
149
150
151
152
153
154
155
156
157
158
159
160
161
162
163
164
165
166
167
168
169
170
171
172
173
174
175
176
177
178
179
180
181
182
183
184
185
186
187
188
189
190
191
192
193
194
195
196
197
198
199
200
201
202
203
204
205
206
207
208
209
210
211
212
213
214
215
216
217
218
219
220
221
222
223
224
225
226
227
228
229
230
231
232
233
234
235
236
237
238
239
240
241
242
243
244
245
246
247
248
249
250
251
252
253
254
255
256
257
258
259
260
261
262
263
264
265
266
267
268
269
270
271
272
273
274
275
276
277
278
279
280
281
282
283
284
285
286
287
288
289
290
291
292
293
294
295
296
297
298
299
300
301
302
303
304
305
306
307
309
310
311
312
313
314
315
316
317
318
319
320
321
322
323
324
325
326
327
328
329
330
331
332
333
334
335
336
337
338
339
340
341
342
343
344
345
346
347
348
349
350
351
352
353
354
355
356
357
358
359
360
361
362
363
351
365
366
367
368
370
371
372
373
374
375
376
377
378
379
380
381
382
383
384
385
386
387
388
389
390
391
392
393
394
395
396
397
398
399
400
401
402
403
404
405
406
407
408
409
410
411
412
413
414
415
416
417
418
419
420
421
422
423
424
425
426
427
428
429
430
431
432
433
434
435
436
437
438
439
440
441
442
443
444
445
446
447
448
449
450
451
452
453
454
455
456
457
458
459
461
462
463
464
465
466
467
468
469
470
471
472
473
474
475
476
477
478
479
480
481
482
483
484
485
486
487
488
489
490
491
492
493
494
495
496
497
498
499
500
501
502
503
504
505
506
315
315
315
131
137
220
118
118
137
446
444
464
443
465
440
370
374
375
416
398
137
140
259
270
118
24
419
137
232
137
219
118
118
71
292
22
222
134
136
74
24
344
131
141
437
434
431
433
435
436
169
168
132
21
126
154
118
22
137
472
83
82
10
24
330
339
349
351
350
25
478
370
27
60
63
43
44
12
28
17
24
13
25
332
24
56
23
22
18
21
24
297
338
141
335
206
131
131
149
118
75
72
42
81
77
100
16
24
13
25
348
370
347
118
370
347
340
338
141
143
350
451
64
94
10
134
120
451
337
131
130
129
141
132
448
421
400
416
370
438
441
444
442
445
428
206
131
179
338
141
118
23
18
13
137
129
157
130
129
138
132
126
137
136
118
283
118
75
106
11
24
13
142
370
118
130
56
21
249
118
143
88
472
377
130
135
184
174
180
338
141
118
479
478
370
68
349
170
171
274
158
131
130
129
132
120
118
118
137
15
134
351
220
118
127
138
133
137
126
283
175
311
130
432
429
434
382
431
433
435
430
436
428
414
399
401
418
429
434
382
431
435
433
430
377
428
428
193
131
127
230
301
302
300
303
299
130
349
348
352
230
229
374
375
416
398
24
147
164
120
118
118
137
130
130
144
191
274
272
241
167
158
120
118
118
154
118
213
192
179
338
130
129
141
316
118
298
62
49
58
59
57
14
135
432
430
137
315
144
330
329
362
118
283
361
131
446
444
464
443
465
440
370
419
417
418
398
338
141
143
350
91
90
9
11
5
24
13
109
135
215
315
358
354
337
131
130
338
339
129
331
332
334
132
333
118
405
374
28
130
143
409
411
45
22
24
26
13
419
46
338
141
336
132
142
370
118
139
180
131
118
283
154
118
24
13
42
84
85
24
13
90
23
27
13
131
142
370
118
20
24
338
141
336
46
12
13
106
105
11
24
13
192
225
129
95
78
9
21
24
13
96
415
409
411
410
408
55
56
22
18
21
195
274
158
131
130
129
132
118
283
118
26
13
404
374
375
132
294
293
446
444
464
443
465
440
370
72
41
39
77
74
20
24
13
150
118
294
293
83
13
137
137
106
26
118
283
47
44
43
118
459
419
457
416
355
164
338
352
141
336
120
276
448
118
77
64
79
8
213
219
127
318
417
398
38
329
137
132
22
24
13
188
225
131
129
418
22
21
24
77
79
24
20
24
170
171
173
172
131
130
129
137
120
194
211
479
478
370
23
24
132
24
137
130
73
13
130
77
24
134
129
45
90
23
20
22
21
13
131
215
315
137
423
413
399
400
402
429
431
433
9
135
410
408
24
23
131
348
134
140
135
139
120
451
449
446
444
464
443
465
440
370
41
39
79
74
24
13
400
419
449
370
405
374
446
444
464
443
465
440
370
164
136
120
383
406
20
150
118
42
18
24
13
131
446
444
464
443
465
440
370
24
447
441
444
419
443
442
445
416
73
79
7
22
20
21
13
53
13
414
399
374
373
409
27
301
302
300
303
299
13
478
370
309
311
310
422
400
374
370
398
137
12
17
4
22
118
118
131
201
164
127
120
118
118
137
131
138
132
137
64
132
406
374
338
352
141
20
404
374
370
370
131
175
131
22
20
21
26
13
137
451
42
24
13
137
349
118
424
400
374
479
118
24
13
414
423
413
399
400
402
407
407
416
19
370
398
428
370
347
428
328
328
315
320
118
416
2
2
398
398
19
398
315
322
280
280
315
324
283
416
118
370
118
141
370
370
347
2
347
118
118
351
351
121
351
434
121
351
