2
3
4
5
6
7
8
9
10
11
12
13
14
15
17
18
19
20
21
22
23
24
25
26
27
28
29
30
31
32
33
34
35
36
37
38
39
40
41
42
43
44
45
46
47
48
49
50
51
52
53
46
44
56
57
58
59
60
61
62
63
64
65
66
67
68
69
70
71
72
73
74
76
77
78
79
80
81
82
83
84
85
86
87
88
89
90
91
92
93
94
95
96
97
98
99
100
101
102
103
104
105
106
107
108
109
110
111
112
113
114
115
116
117
118
119
120
121
122
123
124
125
126
127
128
129
130
131
132
133
134
135
136
137
138
139
121
123
142
143
144
145
146
147
148
149
150
151
152
153
154
155
156
157
158
159
160
161
162
163
164
165
166
167
168
169
170
171
172
173
174
175
176
177
178
179
180
181
182
183
184
185
186
187
188
189
190
191
192
193
192
195
196
2
2
2
2
2
115
185
186
187
56
178
115
115
6
10
19
18
102
90
74
73
23
115
115
115
161
22
115
149
27
164
160
87
90
148
115
101
102
149
115
22
90
178
115
115
20
115
24
115
21
24
160
142
178
89
88
90
142
115
115
161
101
102
18
102
101
102
186
187
56
178
9
114
113
196
195
115
23
19
18
115
115
4
2
115
148
86
90
161
87
90
178
86
90
161
152
148
26
115
115
149
26
90
178
152
148
19
115
10
2
195
172
73
2
27
115
4
2
101
102
19
115
115
148
21
115
102
193
191
19
18
20
61
60
115
164
160
25
160
149
18
115
175
172
115
101
102
25
115
2
5
2
175
172
73
195
193
191
196
195
160
114
113
148
74
73
