1
2
2
5
5
5
6
7
7
7
7
7
7
7
7
7
7
7
7
7
7
7
7
7
7
7
7
7
7
7
7
7
7
7
7
7
7
7
7
7
7
7
7
7
7
7
7
7
7
7
7
7
7
7
7
7
7
7
7
7
7
7
7
7
7
7
7
7
7
7
7
7
7
7
7
7
7
7
7
7
7
7
7
7
7
42
6
87
87
87
87
87
92
87
94
87
96
87
98
87
100
87
102
87
104
87
106
87
108
91
111
6
112
112
112
112
112
112
112
112
112
112
112
112
112
112
112
112
112
112
112
112
112
112
112
112
112
112
112
112
112
112
42
144
145
145
145
145
145
145
145
145
145
145
145
145
145
158
145
160
145
162
145
164
145
166
166
166
170
171
171
172
21
21
21
115
90
63
19
19
74
74
14
9
84
50
50
51
51
154
154
154
42
42
42
123
20
20
20
131
131
70
36
36
36
59
78
78
22
22
22
89
29
29
29
153
153
153
32
32
32
12
69
121
60
41
41
48
48
136
136
57
57
46
46
17
17
54
54
45
137
137
30
30
30
139
139
61
55
55
31
31
31
128
4
80
80
53
53
71
71
71
132
132
141
141
79
79
140
140
127
127
39
56
56
23
23
23
77
77
124
138
138
83
83
76
76
130
130
134
58
58
118
118
150
150
150
150
13
85
125
47
40
135
135
34
34
34
88
88
88
88
88
88
33
33
33
73
73
27
27
27
72
72
72
72
38
152
133
114
35
35
35
75
75
16
16
37
37
37
49
49
122
129
129
28
82
82
25
25
25
24
24
62
126
126
66
26
26
18
173
52
52
120
157
157
157
81
81
155
155
155
155
155
155
91
172
175
110
