1
2
2
7
1
8
8
8
8
8
8
8
14
1
17
19
20
21
21
21
21
21
21
21
21
21
21
21
21
21
21
21
21
21
21
21
21
21
21
21
15
38
38
48
44
50
51
51
51
51
51
51
51
51
51
51
51
51
51
51
51
51
51
58
69
63
71
71
71
63
75
79
61
61
65
64
61
50
85
85
85
85
85
85
92
4
1
94
94
94
94
94
94
94
94
94
94
104
104
104
104
104
1
110
110
110
110
110
110
110
110
110
110
110
110
110
110
110
110
110
110
110
110
110
110
110
110
110
110
110
110
110
110
110
110
110
110
110
110
110
147
147
147
147
147
153
154
14
14
2
85
51
29
18
136
146
145
145
91
91
91
91
91
91
59
34
34
26
24
24
36
137
137
100
133
133
133
133
133
133
133
133
133
133
133
133
133
133
133
133
133
133
133
4
4
140
140
140
140
140
140
140
140
140
140
140
140
25
144
35
35
35
37
37
37
37
37
135
151
151
151
12
12
150
150
67
67
67
38
38
38
38
64
64
64
64
64
64
64
64
13
13
13
13
13
13
13
13
152
152
31
31
132
132
132
132
132
132
132
73
60
61
61
61
61
61
61
14
14
14
27
27
68
41
58
58
58
58
62
62
62
62
62
62
62
66
66
66
139
32
32
65
65
65
65
65
65
65
65
65
65
134
107
107
107
107
141
28
28
30
40
39
39
90
90
90
90
15
15
33
33
63
63
114
52
113
112
11
124
111
9
123
10
45
45
45
45
46
46
46
46
93
93
93
93
16
16
16
154
155
156
156
156
80
80
80
81
82
82
82
82
82
82
83
83
83
83
84
84
84
