1
2
2
2
2
2
2
2
10
11
11
11
11
11
11
11
11
11
11
11
11
11
11
11
11
11
11
11
11
11
11
11
11
11
11
11
11
11
11
11
11
11
11
11
11
11
11
11
11
11
11
11
11
11
11
11
11
11
11
11
11
11
11
11
11
11
11
11
11
11
11
11
11
11
11
11
11
11
11
11
11
11
11
11
11
11
11
11
11
11
11
11
11
11
11
11
11
11
11
11
11
11
11
11
11
11
11
11
11
11
11
11
11
11
117
118
118
118
118
118
118
118
118
118
118
118
118
118
118
118
118
118
118
118
118
118
118
118
118
118
144
145
145
145
145
60
37
37
37
37
37
37
37
37
37
37
37
37
37
37
56
65
65
72
72
72
72
72
72
80
80
80
80
80
80
80
80
80
87
28
35
35
61
61
54
52
52
52
52
52
52
52
52
82
82
82
82
82
82
82
82
82
82
82
82
51
77
77
77
77
57
57
57
57
57
57
57
74
74
74
74
92
63
63
63
106
143
143
143
133
133
133
62
93
94
94
32
32
32
32
59
112
41
41
41
41
41
41
76
76
76
76
76
76
76
76
42
42
42
42
42
42
42
42
42
68
68
91
109
137
79
79
79
103
71
71
71
107
107
111
85
139
125
81
81
97
97
97
97
97
97
97
142
142
142
105
136
136
136
58
124
124
124
135
135
108
108
95
95
49
6
78
78
78
129
129
129
129
86
132
99
127
127
127
67
110
5
100
96
96
44
44
44
44
44
44
44
44
44
134
134
134
134
73
73
73
73
113
113
98
114
114
114
114
114
114
64
138
34
140
126
55
30
29
83
27
69
48
50
31
45
84
101
101
101
101
101
101
101
101
101
36
36
36
131
33
89
89
89
89
90
90
104
141
70
70
66
66
66
53
53
53
53
102
116
116
116
116
8
8
75
75
75
75
75
128
128
128
123
123
43
130
88
88
88
88
88
88
88
3
13
