2
3
4
5
6
7
8
9
11
12
13
14
15
16
17
18
19
20
21
22
23
24
25
26
27
28
29
30
31
32
33
34
35
36
37
38
39
40
41
42
43
44
45
46
47
48
49
50
51
52
53
54
55
56
57
58
59
60
61
62
63
64
65
66
67
68
69
70
71
72
73
74
75
76
77
78
79
80
81
82
83
84
85
86
87
88
89
90
91
92
93
94
95
96
97
98
99
100
101
102
103
104
105
106
107
108
109
110
111
112
113
114
115
116
118
119
120
121
122
123
124
125
126
127
128
129
130
131
132
133
134
135
136
137
138
139
140
141
142
143
145
146
147
148
149
48
40
48
100
83
38
28
109
39
111
87
30
11
11
11
57
48
87
100
48
83
87
11
11
100
48
83
30
23
25
24
11
11
48
25
11
11
49
87
48
105
106
48
83
104
102
11
11
100
49
110
112
86
30
23
21
22
25
24
11
87
80
37
11
11
48
111
100
83
109
23
25
80
37
11
11
48
127
130
118
19
119
120
121
129
119
120
48
48
95
11
23
21
22
24
87
24
113
23
21
22
24
11
100
49
48
69
86
75
72
11
18
23
14
16
21
22
15
17
24
48
83
48
23
119
99
74
11
20
100
83
99
100
82
24
84
119
121
82
57
48
100
83
99
72
11
11
119
120
121
19
134
120
121
48
119
120
121
134
119
80
11
97
11
21
4
88
79
11
129
119
120
121
22
133
83
119
120
121
48
23
4
83
97
11
18
23
14
16
21
22
15
17
24
134
119
120
121
48
83
11
11
23
24
48
115
23
21
22
24
11
65
120
26
120
121
48
25
25
22
11
83
21
22
11
44
20
48
111
83
109
23
21
22
13
24
37
11
11
133
26
100
48
83
11
83
11
20
119
100
86
48
49
87
48
83
11
11
20
48
111
83
109
5
7
80
69
37
11
11
119
120
121
119
121
42
129
100
69
80
89
99
13
11
2
11
