1
2
2
2
2
2
2
2
2
2
2
2
2
2
2
2
2
2
2
20
20
20
20
20
20
2
27
27
27
27
27
27
27
27
27
27
27
27
27
27
27
27
27
27
27
27
27
27
27
27
27
27
27
27
27
27
57
57
57
61
9
56
56
65
66
66
66
66
66
66
66
73
73
73
66
77
77
77
66
82
65
83
83
83
83
83
83
83
83
83
83
83
94
94
83
97
97
97
83
101
101
101
83
106
107
108
108
108
108
108
108
108
108
108
108
108
108
108
108
108
108
108
108
108
108
128
128
128
128
108
133
133
133
133
133
133
133
141
142
142
142
142
142
142
142
142
142
147
152
142
154
154
154
154
154
154
154
154
154
142
164
164
142
167
167
167
167
142
172
172
172
148
148
148
70
70
148
147
183
184
70
186
187
187
187
187
187
187
187
187
187
187
187
198
198
198
198
187
203
203
203
197
207
10
10
211
211
187
187
214
202
27
167
20
172
93
103
80
80
80
25
138
138
70
72
87
87
87
146
146
146
146
146
11
11
11
11
132
132
132
132
89
89
44
92
193
193
193
193
193
193
193
193
100
100
79
18
18
51
51
53
56
56
56
56
56
91
91
104
104
126
126
126
126
195
195
195
195
195
90
90
10
10
10
12
12
12
12
12
50
42
42
42
42
42
42
42
42
42
42
46
46
46
46
46
46
46
140
140
140
125
125
125
125
125
125
125
125
125
125
125
125
125
99
148
148
148
148
148
162
162
162
162
162
162
162
52
52
127
127
127
127
194
194
194
194
194
194
194
194
206
206
41
88
88
76
76
76
196
196
170
14
14
47
47
47
47
47
131
131
131
202
202
202
45
45
24
24
174
208
75
68
145
145
147
147
147
151
151
151
151
151
151
151
48
48
48
48
48
149
163
163
163
163
163
169
16
54
54
175
19
124
124
124
124
124
124
26
26
139
139
139
139
13
13
171
129
160
116
114
115
84
62
62
81
105
63
64
179
179
179
179
212
212
180
180
180
213
213
213
213
213
213
182
215
215
215
176
210
210
177
177
177
178
181
181
185
