1
2
2
2
2
2
2
2
2
2
2
2
2
2
2
2
2
2
2
2
2
2
2
2
2
2
2
2
2
2
2
2
2
2
2
2
2
2
2
2
2
2
2
2
2
2
2
2
2
2
2
2
2
2
2
2
2
2
2
2
2
2
2
2
2
2
2
2
2
2
2
2
2
2
2
2
2
2
2
2
2
2
2
2
2
2
2
2
2
2
2
32
94
95
96
97
34
92
92
90
75
75
86
14
24
35
69
20
20
53
58
37
7
7
15
62
42
42
88
21
29
72
96
96
31
31
54
23
27
48
48
19
39
39
52
49
70
70
70
6
6
51
51
51
8
8
36
36
55
55
40
40
76
76
76
47
47
67
60
60
60
61
61
61
61
61
85
85
73
9
9
50
50
82
30
38
38
18
80
83
91
45
46
89
81
79
59
68
41
