1
2
2
2
2
2
2
2
2
2
2
2
2
2
2
2
2
2
2
2
2
2
2
2
2
2
2
2
2
2
2
2
2
2
2
2
2
2
2
2
2
2
2
2
2
2
2
2
2
2
2
2
2
2
2
2
2
2
2
2
2
2
2
2
2
2
2
2
2
2
2
2
2
2
2
2
2
2
2
2
2
2
2
2
2
2
2
2
2
2
2
2
2
2
2
2
2
2
2
2
2
2
2
2
2
2
2
2
2
2
2
2
2
2
2
2
2
2
2
2
2
2
2
2
2
2
2
2
2
2
2
2
2
2
2
2
2
2
2
2
2
2
2
2
2
2
2
2
2
2
2
2
2
2
2
2
2
2
2
2
2
2
2
2
2
2
2
2
2
2
2
2
2
2
2
2
2
2
2
2
2
2
2
2
2
2
2
2
2
2
2
2
2
2
2
2
2
2
2
2
2
2
2
2
2
2
2
2
2
2
2
2
2
2
2
2
218
218
219
220
221
221
221
221
221
221
221
221
221
221
221
221
221
221
221
221
221
221
232
240
240
221
243
243
243
243
243
243
243
243
243
243
243
243
243
243
243
243
243
243
243
243
243
243
243
243
268
269
269
269
269
269
269
269
269
269
269
280
279
282
283
283
283
283
283
283
283
283
283
283
283
283
283
283
283
283
283
283
283
283
283
283
283
283
283
283
283
283
283
283
268
314
314
314
314
314
314
314
314
314
314
314
314
314
327
327
330
331
331
331
331
331
331
331
331
331
331
331
331
331
331
331
331
331
331
331
331
331
331
331
331
331
331
331
331
331
331
331
331
331
331
331
331
331
331
331
331
331
331
331
331
331
331
331
331
331
331
331
331
331
331
331
331
331
331
331
331
331
331
331
331
331
331
331
331
331
331
331
331
331
331
331
331
331
331
331
331
331
331
331
331
331
331
331
331
331
331
331
331
331
331
331
331
331
331
331
331
331
331
331
331
331
331
331
331
331
331
331
331
331
331
331
331
331
331
331
331
331
331
331
331
391
456
391
458
391
460
391
462
391
464
391
466
391
468
391
470
391
472
391
474
474
474
474
393
479
479
421
482
393
485
486
486
486
486
486
486
486
486
486
486
486
486
486
486
486
486
486
486
486
486
486
486
486
486
486
486
486
486
486
486
486
486
486
486
486
486
486
486
486
486
486
486
486
486
486
486
486
486
486
486
486
486
486
486
486
486
486
486
486
486
486
486
486
486
486
486
486
486
486
486
486
486
486
486
486
486
486
486
486
486
486
486
486
486
486
486
486
486
486
504
576
576
518
579
579
579
579
579
579
533
586
550
588
556
590
592
593
593
593
593
593
593
593
593
593
593
603
603
194
78
104
165
294
538
538
538
538
538
538
538
538
538
538
449
450
143
551
551
551
102
156
394
442
238
238
238
238
473
429
506
506
506
555
555
135
522
522
557
557
264
85
171
483
483
312
177
405
448
231
231
231
231
231
231
231
535
110
566
237
237
528
528
435
253
418
418
418
418
418
418
418
418
418
418
418
418
418
418
418
418
418
418
418
418
418
418
188
142
398
398
398
398
398
398
510
510
510
510
510
510
510
155
215
518
432
413
232
232
232
232
408
417
421
421
421
421
421
421
421
421
421
421
421
421
421
421
421
421
421
105
529
529
179
152
422
422
422
422
153
163
424
424
424
424
424
424
424
424
424
424
424
424
424
424
424
127
302
302
302
124
209
88
409
298
298
298
298
298
298
298
95
252
584
584
584
584
584
149
114
196
559
559
396
271
309
309
534
389
303
108
202
161
146
176
443
86
205
561
136
276
125
416
167
265
415
123
76
175
122
524
524
210
260
562
562
572
100
308
308
308
540
540
217
310
454
525
525
99
318
101
235
235
241
241
426
426
263
440
440
558
558
558
558
558
453
157
214
445
267
147
544
139
504
504
504
504
567
103
168
117
239
98
311
140
299
299
299
299
299
602
277
392
392
392
392
392
204
273
306
564
254
589
589
84
206
505
505
172
574
536
536
536
536
536
536
536
536
386
386
386
386
386
386
386
386
386
386
386
386
386
386
386
386
386
386
386
386
386
386
386
386
386
386
386
386
386
386
386
386
386
386
386
386
386
386
386
386
386
386
386
386
109
300
300
300
300
300
305
305
452
216
132
195
141
550
565
96
137
213
128
523
549
549
433
438
182
531
531
293
391
391
391
391
391
391
391
391
391
391
391
391
391
391
391
391
391
391
391
391
391
391
391
391
391
391
391
391
391
391
391
391
391
391
391
391
391
391
391
391
391
391
391
391
391
391
391
391
192
296
431
193
145
508
508
509
503
395
395
395
395
395
395
395
395
395
395
395
395
395
568
91
537
537
537
553
90
94
547
547
118
255
526
526
150
393
393
393
393
591
189
477
477
477
512
570
236
236
236
545
447
261
597
170
184
519
519
154
600
197
402
402
97
511
133
200
160
560
560
230
230
420
420
420
178
320
315
517
169
546
546
187
441
399
183
79
297
297
297
297
297
297
297
297
297
404
404
404
404
404
404
404
404
404
530
530
527
527
436
274
174
131
406
191
437
437
292
292
292
292
292
292
292
292
292
292
292
292
542
542
275
166
162
541
585
585
585
554
554
554
554
412
513
513
513
513
130
198
321
106
403
403
419
419
419
419
419
419
571
423
423
423
423
423
423
423
423
423
423
423
423
388
539
92
256
77
446
259
552
552
126
203
211
144
164
515
173
208
427
427
428
428
428
266
514
201
397
262
595
516
599
207
407
407
93
563
121
400
400
569
129
190
186
233
233
233
233
233
233
233
233
233
322
87
113
414
134
387
387
181
390
119
575
120
180
301
301
301
411
115
532
532
533
80
107
116
425
425
425
112
556
82
587
148
257
258
307
307
272
444
185
430
83
199
548
548
548
304
304
304
451
434
507
159
520
410
455
596
596
596
596
596
596
151
521
270
89
439
439
212
573
111
138
158
81
543
401
401
290
8
368
335
484
484
313
313
313
313
313
