2
3
4
5
6
7
8
9
10
11
12
13
14
15
16
17
18
19
20
21
22
23
24
25
26
27
28
29
30
31
32
33
34
35
36
37
38
39
40
41
42
43
44
45
46
47
48
49
50
51
52
53
54
55
56
57
58
59
60
61
62
63
64
65
66
67
68
69
70
44
72
73
40
50
41
77
78
79
42
43
83
84
85
86
87
88
89
90
91
92
93
94
95
96
97
98
99
100
101
102
103
104
105
106
107
108
109
110
111
112
113
114
115
116
117
118
119
120
121
122
123
124
125
126
127
128
130
131
132
133
134
135
136
137
138
139
140
141
142
143
144
145
146
147
148
149
150
151
152
153
154
155
156
157
158
159
160
161
162
163
164
165
166
167
168
169
170
171
172
173
174
175
176
177
178
179
180
181
182
183
184
185
186
187
188
189
190
191
192
193
194
195
196
197
198
199
200
201
203
204
205
206
207
208
209
210
211
212
213
214
215
216
217
218
219
220
221
222
223
224
225
226
227
228
229
230
231
232
233
234
235
236
237
238
239
240
241
242
243
244
245
246
247
248
249
250
251
252
253
254
255
256
257
258
259
260
261
262
263
264
265
266
267
268
269
270
271
272
273
274
275
276
277
278
279
280
281
282
283
284
285
286
287
288
289
290
291
292
293
294
295
296
297
298
299
300
301
302
303
304
305
306
307
308
309
310
311
312
313
314
315
316
317
318
319
320
321
322
323
324
325
326
327
328
329
330
331
332
333
334
335
336
337
338
339
340
341
342
343
344
345
346
347
348
349
350
351
352
353
354
355
356
357
358
359
360
361
362
363
364
365
366
367
368
369
370
371
372
373
374
375
376
377
378
379
380
381
382
383
384
385
386
387
388
389
390
391
392
393
394
395
396
397
398
399
400
401
402
403
404
405
406
407
408
409
410
411
412
413
414
415
416
417
418
419
420
421
422
423
424
425
426
427
428
429
430
431
432
433
434
435
436
437
438
439
440
441
442
443
444
445
446
447
448
449
450
451
452
453
454
455
456
457
458
459
460
461
462
463
464
465
466
467
468
469
470
471
472
473
474
475
476
477
478
479
480
481
482
483
484
485
486
487
488
489
490
491
492
493
494
495
496
497
498
499
500
501
502
504
505
506
507
508
509
510
511
512
513
514
515
516
517
518
519
520
521
522
523
524
525
526
527
528
529
530
531
532
533
534
535
536
537
471
134
135
171
153
220
536
531
535
537
90
88
85
84
89
83
83
83
243
244
415
414
230
174
366
244
90
88
85
84
89
83
83
83
83
244
204
244
377
233
230
232
311
218
239
216
232
361
244
244
233
244
486
27
28
26
243
236
238
230
232
236
239
231
243
218
233
508
507
244
236
269
218
244
232
362
43
44
47
50
51
48
53
242
422
332
289
294
415
345
335
231
218
244
232
351
268
216
244
382
286
310
239
216
97
87
242
192
232
90
88
85
84
89
83
83
83
176
155
171
130
204
240
26
11
232
341
342
233
232
244
242
244
188
184
185
186
289
335
83
244
268
216
349
359
231
218
230
232
499
27
28
26
84
416
216
400
236
487
21
20
341
342
233
472
232
473
460
471
244
451
448
445
447
446
440
6
5
40
2
354
355
236
287
244
236
488
242
204
244
276
230
232
506
83
537
534
510
511
512
509
83
169
154
156
173
231
507
538
11
310
231
218
239
83
244
232
284
6
5
40
2
90
88
85
84
89
83
83
83
134
135
171
153
232
20
11
416
281
236
216
83
243
236
471
471
278
311
304
236
441
438
439
408
241
240
498
536
42
537
52
50
51
53
49
47
46
54
363
416
218
472
230
216
242
291
236
46
47
48
216
244
311
174
172
173
153
58
52
21
46
51
83
232
60
54
49
244
160
134
97
90
242
239
216
164
166
236
218
232
538
244
472
520
492
521
498
174
244
538
461
294
231
218
460
244
402
416
310
216
416
448
445
447
446
236
216
437
60
52
54
49
87
232
498
236
295
354
355
538
408
241
240
83
422
377
232
90
88
85
87
86
84
89
170
164
166
165
163
341
218
472
473
475
475
471
234
244
530
537
529
510
511
512
509
230
231
244
159
134
135
232
242
244
244
493
498
232
244
244
244
243
311
527
536
528
535
537
472
473
244
476
377
231
230
244
235
472
239
83
489
261
375
235
232
236
246
239
200
174
198
171
59
51
53
514
513
538
232
87
86
189
216
83
244
232
283
172
153
281
236
243
310
244
536
528
535
537
173
463
88
86
83
515
516
508
510
511
512
509
538
236
2
11
285
362
476
236
502
498
285
231
218
447
230
236
444
283
251
216
216
423
365
375
244
83
241
87
85
84
232
232
239
59
232
232
178
168
154
155
157
422
333
337
345
334
231
244
232
165
163
85
87
86
84
233
234
244
238
230
241
232
236
240
239
246
231
243
233
218
245
242
192
216
216
190
155
174
190
130
160
134
11
204
244
140
161
357
507
242
218
236
26
11
292
289
188
184
174
185
186
171
244
236
298
231
169
154
134
133
164
293
232
6
5
41
2
238
244
231
230
4
2
244
476
177
155
134
130
153
218
88
85
84
89
83
83
83
358
354
244
244
222
244
224
226
229
225
336
231
422
231
218
230
518
519
311
408
241
240
243
218
233
232
236
231
238
230
161
134
534
244
416
251
281
241
232
236
240
242
239
216
97
87
204
243
244
159
134
130
130
4
2
244
441
438
440
439
40
490
43
44
52
47
50
51
48
11
244
422
232
85
84
282
447
236
444
293
192
179
155
134
236
43
42
44
178
168
169
154
155
157
162
162
11
171
504
504
130
153
171
153
153
153
33
33
171
437
216
87
86
83
5
41
6
5
40
42
43
44
42
47
3
50
51
5
40
6
5
40
