2
3
4
5
6
7
8
9
10
11
12
13
14
15
16
17
18
19
20
22
23
24
25
26
27
28
29
30
24
32
33
34
35
36
37
38
39
40
41
42
43
44
45
46
47
48
49
50
51
52
53
54
55
56
57
58
59
60
61
62
63
64
65
66
61
68
12
11
39
41
40
42
54
43
8
7
35
63
17
7
3
5
4
10
12
6
11
38
43
36
37
43
53
52
51
56
54
39
35
44
43
46
24
41
36
40
42
34
45
62
63
60
23
18
16
7
9
3
28
24
9
51
46
24
45
62
63
61
48
26
27
46
24
22
24
46
24
22
63
61
