2
3
4
5
6
7
8
9
10
11
12
13
14
15
16
17
18
19
20
21
22
23
24
25
26
27
28
29
30
31
32
33
34
35
36
37
38
39
40
42
43
44
45
46
47
48
49
50
51
52
53
54
56
58
59
60
61
62
63
64
65
66
67
68
69
71
70
23
22
21
68
67
61
62
3
2
23
22
21
24
3
25
51
43
23
22
21
3
23
22
13
3
68
69
60
23
22
13
23
22
13
3
62
25
59
51
50
43
59
23
22
13
3
51
43
68
23
22
13
23
22
21
3
51
43
61
23
22
13
3
23
22
21
23
22
21
3
3
51
43
23
22
21
3
23
22
13
24
3
