1
2
2
2
2
2
2
2
9
10
12
13
14
7
1
16
16
16
16
16
16
16
25
26
27
27
27
27
29
32
29
37
38
38
38
38
38
38
38
42
46
29
1
51
51
51
51
51
51
51
51
51
51
51
51
51
51
51
66
51
68
51
70
51
72
51
74
51
76
76
51
79
79
51
82
51
84
51
86
86
90
54
55
56
57
58
59
60
61
62
64
63
102
103
103
103
103
103
103
103
107
111
29
1
116
116
116
116
116
116
116
116
116
116
116
116
116
116
116
116
116
116
116
116
116
116
116
116
116
116
116
116
116
116
116
116
116
149
116
151
116
153
116
155
116
157
116
159
159
116
162
162
162
162
162
162
170
5
33
33
145
145
145
145
62
62
62
139
139
139
139
87
138
138
138
138
140
140
140
140
142
142
60
60
60
133
133
133
133
133
53
53
53
57
57
57
45
45
109
109
63
63
63
137
137
137
137
69
80
58
58
58
167
167
47
47
132
132
132
132
132
134
134
134
134
134
134
78
23
23
23
23
23
131
131
131
131
131
141
141
141
141
77
168
168
112
112
164
22
22
136
136
136
136
163
146
146
146
146
146
130
130
130
130
64
64
64
73
129
129
129
129
129
147
147
147
147
147
88
144
144
144
144
144
59
59
59
4
4
4
6
44
44
43
43
61
61
61
108
108
110
110
165
21
21
21
166
143
143
143
143
54
54
54
31
31
55
55
55
56
56
56
135
135
135
135
148
148
148
148
148
148
7
7
128
128
128
128
29
29
107
107
20
123
124
125
42
42
122
126
126
50
115
25
36
12
12
13
15
15
91
91
91
92
92
92
93
93
93
94
94
94
95
95
95
96
96
96
97
97
97
98
98
98
99
99
99
100
100
101
101
101
