2
3
4
5
6
7
8
9
10
11
12
13
14
15
16
17
18
19
20
21
22
23
24
25
26
27
28
29
30
31
32
33
34
35
36
37
38
39
40
41
42
43
44
45
46
47
48
49
50
51
52
53
54
55
56
57
58
59
60
61
62
63
64
66
67
68
69
70
71
72
73
74
75
76
77
78
79
80
81
82
83
84
85
86
87
88
89
90
91
92
93
94
95
96
97
98
99
100
101
102
103
104
105
106
107
108
109
110
111
112
113
114
115
116
117
118
119
120
121
122
123
124
125
126
127
128
129
130
131
132
133
134
135
136
137
138
139
140
141
142
143
144
145
146
147
148
149
150
87
152
153
154
155
156
157
158
159
160
161
162
163
164
165
166
167
168
169
170
171
172
173
174
175
176
177
178
179
180
181
182
183
184
185
186
187
188
189
190
191
192
193
194
195
196
197
198
199
200
201
202
203
204
205
206
207
208
209
210
211
212
213
214
215
216
217
218
219
220
221
177
133
127
79
130
40
42
44
43
41
69
68
70
71
72
216
71
6
5
84
69
68
71
70
152
66
177
126
118
123
121
119
207
203
205
206
201
213
216
7
79
66
66
216
215
214
115
114
152
129
152
4
68
70
25
26
187
193
188
200
40
42
44
43
41
6
58
61
40
42
44
43
41
39
218
207
203
204
205
202
206
201
128
129
127
131
7
117
71
97
6
7
2
7
79
66
66
152
192
190
187
188
191
69
68
70
187
152
106
69
70
152
68
71
67
2
2
177
126
127
33
34
61
152
71
6
7
2
8
106
69
70
152
132
131
130
147
106
103
69
70
152
7
128
204
7
8
6
5
4
7
152
7
66
66
120
123
118
121
122
119
13
2
203
202
99
152
203
71
72
21
22
40
42
44
43
41
39
221
215
30
29
148
63
59
40
42
44
43
41
39
7
148
40
42
44
43
41
106
69
70
152
153
190
189
191
152
13
2
2
8
6
5
4
7
7
133
145
84
139
133
128
129
132
127
130
152
152
66
66
66
189
7
156
74
155
209
192
190
187
193
189
188
152
152
60
62
39
39
88
90
71
7
152
127
93
6
5
4
7
39
39
214
69
79
71
2
2
6
62
79
63
79
66
66
126
40
42
44
43
41
2
2
71
71
152
51
51
75
213
147
95
200
