1
2
2
2
2
2
2
2
2
2
2
2
2
2
2
2
2
2
2
2
2
2
2
2
2
2
2
2
2
2
2
2
2
2
2
2
2
2
2
2
2
2
2
2
2
2
2
49
50
50
50
50
50
56
54
58
59
59
59
59
59
59
59
59
59
59
59
59
59
59
59
59
59
59
59
59
59
59
59
59
59
59
59
59
59
59
89
89
89
89
89
89
89
89
89
89
89
89
89
89
89
89
89
89
89
89
89
89
89
89
89
59
115
115
115
59
119
119
119
119
124
124
49
125
125
125
125
125
125
125
125
125
125
125
125
125
125
125
125
125
125
125
125
125
125
125
125
150
151
49
152
152
152
152
49
157
157
157
157
157
157
157
157
157
157
157
169
167
168
172
49
173
173
173
173
173
173
173
173
173
173
173
173
173
173
173
188
188
188
188
188
181
181
181
49
199
199
199
199
187
49
205
205
205
205
205
205
205
205
205
205
205
217
218
168
167
49
221
221
221
221
221
221
221
221
221
221
221
221
221
221
221
221
221
221
221
221
221
221
221
221
221
221
221
221
221
221
221
221
221
221
221
221
258
259
260
261
49
262
262
262
262
262
49
268
268
268
268
268
268
268
268
268
268
275
276
276
282
283
283
283
283
283
283
283
283
283
283
283
283
283
283
283
283
283
283
283
283
283
283
283
283
283
283
283
283
283
283
283
314
314
314
283
318
318
321
49
322
322
322
322
322
322
322
322
322
322
322
322
322
335
335
338
339
339
339
340
340
340
340
340
49
348
348
348
348
348
348
348
348
348
348
348
348
361
362
363
1
364
364
364
364
364
364
364
364
364
364
364
364
364
364
364
364
364
364
364
364
364
364
364
364
364
364
364
364
364
364
364
364
364
364
364
364
49
401
401
401
401
187
49
407
407
407
407
407
407
407
407
407
407
407
407
420
421
422
205
407
199
348
221
401
157
156
156
156
156
156
70
70
70
70
296
296
308
308
308
305
305
98
98
98
98
98
160
127
133
405
278
278
329
103
414
34
297
297
81
81
81
81
248
248
102
45
254
250
250
161
215
215
215
215
14
75
75
75
75
75
39
148
32
277
277
277
145
378
12
66
66
107
238
238
79
79
79
111
111
251
31
43
200
5
253
36
67
67
399
272
28
22
182
33
404
106
23
83
83
83
41
24
354
354
78
78
78
6
411
214
306
306
242
242
147
80
80
80
80
235
235
165
415
410
112
112
203
37
104
317
241
310
310
382
9
85
85
85
85
328
328
86
86
86
86
4
300
300
7
303
303
389
69
74
74
74
412
180
413
413
352
82
82
82
82
82
236
236
44
68
202
388
302
302
271
255
312
312
73
73
73
383
355
301
301
99
275
275
275
394
72
72
72
72
72
19
100
123
123
183
299
299
46
46
149
25
108
239
114
114
114
313
313
313
313
10
159
332
332
266
249
335
335
335
131
30
122
122
207
246
246
118
118
245
402
141
334
334
334
334
377
213
273
273
273
208
233
274
274
274
29
110
21
77
77
77
77
77
18
139
247
311
311
52
52
52
52
52
393
257
257
146
16
129
309
309
309
143
185
185
304
304
333
333
40
88
88
88
88
209
181
181
181
181
181
181
181
181
181
181
181
331
331
331
105
330
330
351
167
167
167
167
71
71
71
71
298
298
17
27
15
168
168
168
168
76
76
76
87
87
87
87
87
87
87
395
395
395
26
234
137
11
109
240
240
276
276
276
8
135
340
340
353
356
42
84
84
84
252
252
20
237
265
265
265
35
101
216
216
216
216
13
13
243
38
47
267
166
316
113
113
307
307
256
232
232
244
244
178
97
63
63
319
319
62
279
219
219
219
220
220
220
196
197
204
406
170
170
170
171
171
171
