2
3
4
5
6
7
8
9
10
11
12
13
14
15
16
17
18
19
20
21
22
23
24
25
26
27
28
29
30
31
32
33
34
35
36
37
38
39
40
41
42
43
44
45
46
47
48
50
51
52
53
54
55
54
57
59
60
61
62
63
64
65
66
67
68
69
70
71
72
73
74
75
76
77
78
79
80
81
82
83
84
85
86
87
88
89
90
91
92
93
94
95
96
97
98
99
100
101
102
103
104
105
106
107
108
109
110
111
112
113
114
115
116
117
118
119
120
121
122
123
115
116
125
126
127
128
129
130
131
132
133
134
135
136
137
138
139
140
141
142
143
144
145
146
147
148
149
142
143
152
153
154
155
156
157
158
159
160
161
162
163
164
165
166
167
168
160
170
171
159
173
174
175
176
177
178
179
180
181
182
183
184
185
186
187
188
189
190
191
192
193
196
197
198
199
200
201
202
203
204
205
206
207
208
209
210
211
212
213
214
215
216
208
207
219
220
221
222
223
224
225
226
227
228
229
230
231
232
233
234
235
236
237
238
239
240
241
242
243
244
245
246
247
248
249
250
251
252
253
254
255
256
257
222
232
233
235
262
263
264
265
266
267
268
269
270
271
272
273
274
275
276
277
278
279
280
281
283
284
285
286
287
288
289
290
291
292
293
294
295
296
297
298
299
300
301
302
303
304
305
306
307
308
309
310
311
312
313
314
315
316
317
318
319
320
301
322
323
324
325
326
327
328
329
330
331
332
333
334
335
336
337
339
340
341
342
343
344
345
346
347
348
349
350
351
352
353
354
355
356
357
358
359
360
354
352
353
364
365
366
367
368
369
370
371
372
373
374
375
376
377
378
379
380
381
382
383
384
385
386
387
388
389
390
391
392
393
394
395
396
397
398
399
400
401
402
403
404
405
406
407
408
409
410
411
412
413
414
415
416
417
418
419
411
412
413
348
221
173
221
125
173
407
153
154
155
262
199
62
63
89
89
283
283
293
283
314
290
283
95
92
90
94
91
158
125
125
348
270
407
327
92
409
44
283
283
107
62
64
89
227
125
92
47
125
226
125
158
209
233
234
205
16
72
102
101
62
89
44
125
44
269
270
407
125
366
379
64
65
94
224
125
105
62
89
97
119
225
44
44
199
383
125
44
60
61
368
270
44
44
178
44
348
94
44
109
62
89
44
44
238
349
104
62
89
377
407
206
291
283
230
125
125
106
62
64
89
222
125
158
409
407
97
119
407
44
93
315
230
293
283
381
377
110
108
62
89
327
199
111
62
119
89
389
284
285
377
289
283
390
62
100
62
89
407
175
238
408
348
110
108
62
65
89
223
125
395
62
407
387
287
283
270
223
295
283
114
72
89
384
350
286
283
90
269
270
407
376
62
60
61
89
89
44
91
121
120
178
284
285
47
48
125
44
95
231
123
97
119
319
293
294
314
377
157
324
327
157
226
327
199
407
125
44
121
120
205
228
125
99
89
228
401
125
326
325
327
401
366
206
269
270
407
206
222
269
270
407
44
96
44
103
72
100
62
89
44
125
227
294
283
142
132
144
130
51
394
223
125
125
380
125
293
283
314
125
176
177
288
283
323
327
44
113
62
119
89
206
143
146
136
130
132
145
176
178
175
177
194
324
327
199
93
323
327
348
233
234
161
157
62
60
61
89
283
283
395
44
16
233
234
161
157
102
62
89
112
106
70
62
119
89
119
399
375
368
44
223
125
378
96
231
125
269
270
407
377
125
157
407
348
350
44
107
62
89
225
125
44
224
267
266
125
44
91
209
233
234
205
14
15
229
44
394
205
158
315
97
119
292
283
125
223
222
229
125
188
119
115
115
318
318
89
407
209
233
205
209
233
205
145
143
407
348
233
161
157
233
161
157
