2
3
4
5
6
7
8
9
10
11
12
13
14
15
16
17
18
19
20
21
22
23
24
25
26
27
28
29
30
31
32
33
34
35
36
37
38
39
40
41
42
43
44
45
46
47
48
49
50
51
52
54
55
56
57
58
59
60
61
62
63
64
65
66
67
68
69
70
71
72
73
74
75
76
77
78
79
80
81
82
83
84
85
86
87
88
89
90
91
92
93
94
95
96
97
98
99
100
101
102
103
104
105
106
107
108
109
110
111
112
113
114
115
116
117
118
119
120
121
122
123
124
125
126
127
128
129
130
131
132
133
134
135
136
137
138
139
140
141
142
143
144
145
146
147
148
149
150
151
152
153
154
155
156
157
158
159
160
161
162
163
164
165
166
167
168
169
170
171
172
173
174
175
176
177
178
179
180
181
182
183
184
185
186
187
188
189
190
191
192
193
194
195
196
197
198
199
200
201
202
203
204
205
206
207
208
209
210
211
212
213
214
215
216
217
218
219
220
221
222
223
224
225
226
227
228
229
230
231
232
233
234
235
236
237
238
239
240
241
242
243
244
245
246
247
248
249
250
251
252
253
254
255
256
257
258
259
260
261
262
263
264
265
266
267
268
269
270
271
272
273
274
275
276
277
278
279
280
281
282
283
284
285
286
287
288
289
290
291
292
293
294
295
296
297
298
299
300
301
302
303
304
305
306
307
308
309
310
311
312
313
314
315
316
317
318
319
320
321
322
323
324
325
326
327
328
329
330
331
332
333
334
335
336
337
338
339
340
341
342
343
344
345
346
347
348
349
350
351
352
353
354
355
356
357
358
359
360
361
362
363
364
365
366
367
368
369
370
371
372
373
374
375
376
377
378
379
380
381
382
383
384
385
386
387
388
389
390
391
392
393
394
395
396
397
398
399
400
401
402
403
404
405
406
407
408
409
410
411
412
413
414
415
416
417
418
419
420
421
422
423
424
425
426
428
429
430
431
432
433
434
435
436
437
438
439
440
441
347
218
229
58
331
376
372
206
208
379
231
389
59
62
54
391
372
158
209
391
379
377
289
293
358
239
245
297
240
302
246
229
287
389
291
206
191
203
203
59
203
372
201
289
293
302
287
297
291
353
63
59
58
203
201
203
219
379
203
203
331
164
163
165
159
59
58
203
54
430
429
372
199
349
289
293
357
245
297
243
302
246
229
287
244
389
291
203
203
54
127
203
199
203
237
59
58
54
199
203
383
378
391
372
335
392
129
221
313
54
365
244
203
201
374
125
372
58
379
378
391
379
311
377
389
131
62
58
203
203
54
159
365
331
379
367
203
203
237
59
378
208
62
58
203
383
378
391
229
208
392
372
191
54
358
285
331
199
208
379
374
125
376
58
378
377
65
247
305
391
392
214
58
352
203
378
377
130
214
58
54
203
379
125
374
376
372
375
237
371
63
72
60
62
61
58
54
332
203
58
203
203
58
379
203
358
357
59
244
219
203
247
306
195
391
365
206
331
208
331
208
379
195
386
378
388
229
126
375
217
203
371
58
331
132
360
159
389
131
62
58
70
54
162
125
376
372
58
240
203
379
203
376
391
208
163
392
162
59
54
203
203
203
308
378
377
365
58
69
58
203
240
203
247
391
377
59
58
54
70
240
203
219
206
232
389
307
64
229
59
62
58
392
365
372
391
377
389
214
54
54
208
59
240
430
429
203
229
379
58
212
379
159
231
237
59
58
58
378
219
379
377
129
130
383
58
274
372
206
379
62
203
203
240
54
376
229
372
391
392
377
389
214
58
338
229
209
159
372
193
54
203
206
203
320
213
256
208
379
159
389
307
54
345
54
356
237
59
58
63
59
58
237
59
58
391
392
203
58
378
372
62
365
231
389
307
362
379
71
203
54
379
162
358
357
214
372
379
231
389
430
429
197
203
54
377
68
58
54
386
388
126
375
377
371
72
60
61
58
66
65
54
163
60
59
62
61
54
203
379
203
244
193
203
351
244
365
159
206
431
430
429
229
237
59
58
383
372
197
372
372
195
308
378
231
365
58
203
376
219
229
217
371
59
58
372
392
158
209
362
379
54
203
54
203
54
203
376
247
54
63
62
61
203
64
193
51
295
377
66
197
331
376
208
286
305
379
58
229
228
203
58
350
371
244
203
229
237
59
58
229
222
336
54
51
331
218
374
229
58
58
203
54
378
376
219
375
217
59
58
63
59
58
203
424
54
203
54
197
331
208
379
203
63
60
346
244
247
377
306
58
425
54
430
191
379
162
376
372
229
206
379
163
60
59
62
61
54
203
203
203
159
204
376
379
338
195
430
429
429
54
203
203
203
203
54
331
62
343
54
203
58
358
357
378
274
376
372
391
379
231
377
307
58
54
58
62
197
240
203
62
54
203
320
430
429
431
430
431
