2
3
4
5
6
7
8
9
10
11
12
13
14
15
16
17
18
19
20
21
22
23
24
25
26
27
28
29
30
32
33
34
35
36
37
38
39
40
41
42
43
44
45
46
47
48
49
50
51
52
53
54
55
56
57
58
59
61
62
63
64
65
66
67
68
69
70
71
72
73
74
75
76
77
78
79
80
81
46
53
12
10
8
46
49
53
54
51
52
32
5
7
14
66
78
46
48
6
8
6
9
8
38
48
69
71
70
65
66
68
64
69
71
70
69
71
70
16
6
8
6
6
7
49
51
50
52
8
7
26
24
27
5
13
6
11
9
14
7
37
65
66
14
6
9
7
69
71
70
48
68
63
13
6
11
9
69
71
70
50
52
69
71
70
2
48
32
32
2
6
9
8
