1
2
2
2
2
2
2
2
2
2
2
2
2
2
2
2
2
2
2
2
2
2
2
2
2
2
2
2
2
2
2
2
2
2
2
2
2
2
2
2
2
2
2
2
2
2
2
2
2
2
2
2
2
2
2
2
2
2
2
2
2
2
2
2
2
66
66
66
66
66
66
66
66
2
75
75
75
75
2
80
80
80
80
80
80
80
80
80
80
80
80
80
80
80
80
80
80
19
100
101
101
101
101
101
101
101
101
101
101
101
101
101
101
101
101
101
101
101
101
101
101
101
101
101
101
101
101
101
131
131
131
131
131
131
131
131
131
131
141
141
140
145
146
146
146
146
146
146
146
146
146
146
152
157
157
154
160
160
156
100
164
164
164
164
164
164
164
164
164
164
164
164
164
164
164
164
164
164
164
164
164
164
164
164
164
164
164
164
164
164
164
164
164
164
164
164
164
164
164
164
164
164
164
164
164
164
164
164
164
164
164
184
217
218
218
218
218
218
218
218
218
218
218
218
218
218
218
218
1
234
234
234
234
234
234
234
234
234
234
234
234
234
234
234
249
249
249
234
40
40
40
128
49
90
126
126
126
126
28
28
28
28
28
28
28
28
78
70
35
35
38
228
242
72
72
194
240
240
248
232
232
232
23
74
39
45
45
214
214
214
225
181
181
181
89
188
210
210
27
46
46
215
215
215
79
111
51
185
237
198
198
71
107
149
149
20
20
32
32
32
32
32
130
11
11
143
114
189
203
115
115
119
119
119
119
119
33
199
199
50
50
151
140
140
140
30
122
122
227
139
139
108
108
108
108
235
84
42
42
42
113
249
249
249
249
249
249
41
41
41
92
92
121
121
121
121
121
182
182
137
202
226
236
243
120
120
120
120
83
87
86
150
150
150
150
150
21
21
93
238
238
10
10
186
186
191
191
191
73
193
193
193
193
25
25
25
241
125
125
125
125
129
129
183
183
183
183
183
204
247
85
158
244
244
213
213
213
124
124
124
124
124
124
124
124
124
48
47
47
47
197
31
31
231
26
26
26
26
184
184
184
184
34
34
34
34
34
34
34
34
245
116
24
88
206
195
239
239
200
200
212
224
246
22
22
29
29
29
29
29
180
178
178
118
118
118
118
223
223
138
138
138
138
138
138
138
138
138
123
123
123
123
123
123
123
123
123
14
136
136
144
233
251
252
