1
2
2
2
2
2
2
2
2
2
2
2
2
2
2
2
2
2
2
2
2
2
2
2
2
2
2
2
2
11
31
26
33
33
27
36
36
28
39
39
2
42
42
42
42
42
42
42
42
42
42
42
42
42
42
42
42
42
2
60
60
60
60
60
60
60
60
60
60
60
60
60
60
60
60
60
60
60
60
60
60
79
83
83
79
86
86
86
86
79
91
93
93
79
96
2
98
98
98
98
103
104
104
104
104
104
104
104
104
104
104
104
104
104
104
104
104
104
104
104
104
104
104
126
104
128
119
130
132
133
133
133
133
133
133
133
133
133
133
133
133
133
133
133
133
133
133
133
106
106
51
51
51
51
80
80
80
80
80
80
80
80
80
82
82
82
82
82
82
82
82
82
82
82
82
82
117
23
49
49
58
58
19
19
19
115
144
144
120
111
111
111
140
148
148
29
134
46
46
46
88
88
12
12
12
12
119
53
53
141
141
7
100
100
102
59
59
59
59
112
112
48
48
118
50
50
9
9
9
9
9
9
9
9
9
9
9
8
8
8
8
8
8
8
8
8
109
109
79
79
79
79
79
79
79
79
79
79
79
79
79
79
79
79
79
79
17
17
17
21
22
22
22
47
47
110
110
110
136
136
54
54
54
54
116
10
10
10
10
10
10
10
10
10
45
45
45
101
123
108
52
52
52
52
57
147
147
135
135
89
114
146
55
55
55
55
55
55
55
138
138
56
56
56
56
56
20
20
20
20
20
20
20
20
20
20
20
137
137
143
143
152
142
142
24
11
11
11
11
11
11
11
11
11
11
11
16
16
16
16
16
81
81
81
81
81
81
84
139
139
6
6
18
18
18
18
145
145
44
44
61
4
43
