1
2
2
2
2
2
2
2
2
2
2
2
2
2
2
2
2
2
2
2
2
2
2
2
2
2
2
2
2
2
2
2
2
9
35
10
37
10
39
13
41
41
18
44
44
19
47
21
49
22
51
27
53
53
27
56
56
31
59
59
34
62
62
62
62
62
68
69
69
69
69
69
69
69
69
69
69
79
79
79
79
79
85
86
86
86
86
91
92
92
92
92
92
92
92
92
92
92
92
92
99
10
10
88
101
83
83
30
30
15
5
74
11
11
26
100
7
29
73
73
73
73
84
84
75
12
24
33
33
33
6
6
23
23
23
14
14
22
21
102
97
28
28
9
9
13
13
32
76
76
76
76
19
71
