1
2
2
2
2
2
2
2
2
2
2
2
2
2
2
2
2
2
2
2
2
2
2
2
2
2
27
27
27
27
27
27
27
27
27
27
27
27
27
27
27
27
27
2
45
45
45
45
45
45
45
45
45
45
45
45
45
45
42
61
62
63
64
61
66
66
66
66
66
66
71
71
71
57
42
28
28
28
28
32
11
24
17
51
19
19
22
53
53
25
25
13
18
15
26
50
52
55
39
21
21
21
29
38
38
33
14
40
40
59
47
49
48
12
12
12
12
16
56
70
68
68
20
20
34
34
30
46
54
69
58
41
4
3
60
60
