2
3
4
5
6
7
8
9
10
11
12
13
14
15
16
17
18
19
20
21
22
23
24
25
26
27
28
29
30
31
32
33
34
35
36
37
38
39
40
41
42
43
44
45
46
11
49
31
32
51
52
53
54
55
56
57
58
59
60
61
62
63
64
65
66
67
68
69
70
71
72
73
74
75
76
77
78
79
80
81
82
83
84
85
86
87
88
89
90
91
92
93
94
95
96
97
98
99
100
101
102
103
104
105
106
107
108
109
110
111
112
113
114
115
116
117
118
119
120
121
122
123
124
125
126
127
128
129
130
131
132
133
61
62
71
136
72
73
66
40
141
88
127
144
145
146
147
148
149
150
151
152
153
154
155
156
157
158
159
160
161
162
163
164
165
166
167
168
169
170
88
11
10
53
6
8
82
62
11
7
55
10
53
53
38
10
53
79
25
76
71
114
107
108
106
77
85
110
86
55
63
149
62
7
55
61
53
9
7
8
12
16
9
7
13
8
59
126
74
83
65
57
63
56
76
77
124
98
76
122
107
62
11
55
61
53
148
148
71
72
165
9
71
55
35
83
148
82
62
7
55
61
10
53
53
151
166
71
72
148
119
109
30
82
77
127
124
125
53
148
4
115
111
121
9
7
8
10
53
106
108
38
7
13
77
111
118
72
116
106
76
117
86
122
92
65
111
87
55
149
7
13
65
55
60
59
37
32
43
39
27
41
42
12
16
6
17
13
72
107
77
35
14
53
29
64
122
66
106
114
122
107
108
109
7
13
94
55
59
65
55
59
60
10
15
55
148
148
26
5
61
60
148
74
73
61
148
148
148
54
164
55
55
26
5
33
74
93
74
73
61
148
31
94
99
55
60
59
53
47
47
2
166
71
72
73
62
61
53
31
73
88
62
11
61
10
53
82
62
11
7
53
76
122
107
66
106
32
72
107
122
72
122
