1
2
2
2
2
2
2
2
2
2
2
2
2
2
2
2
2
2
2
2
2
2
2
2
2
2
2
2
2
2
31
31
31
31
31
31
31
31
31
31
31
31
1
44
44
44
44
44
44
25
1
52
52
52
52
52
52
52
52
52
52
52
52
52
52
52
52
52
52
52
71
71
1
74
74
74
74
74
74
74
74
74
74
74
74
74
74
74
74
74
74
74
74
74
74
74
74
74
74
74
74
74
74
74
74
74
74
74
74
74
74
74
74
74
74
74
74
74
74
74
74
74
74
74
74
74
74
74
74
74
74
74
74
74
74
74
74
74
74
74
74
74
74
74
74
74
74
74
74
74
74
74
74
74
74
74
74
74
74
74
74
74
74
74
74
74
74
74
74
74
74
74
74
74
74
74
74
74
74
74
74
103
183
105
185
130
187
189
189
189
189
189
189
74
196
196
196
196
196
201
196
203
196
205
74
207
207
207
207
207
207
207
207
207
74
217
205
203
201
115
11
127
67
67
67
67
67
69
69
107
107
107
107
107
19
19
19
19
19
19
163
134
46
121
41
41
128
22
22
22
111
111
111
111
111
218
218
59
141
177
182
25
25
25
25
25
25
142
142
142
142
142
172
161
13
13
13
13
13
110
39
39
17
17
17
17
17
132
132
156
164
113
113
113
113
42
42
138
138
138
61
61
194
131
131
131
122
100
100
100
100
100
100
100
153
37
37
37
37
16
16
169
212
165
117
143
143
151
151
162
120
96
96
118
209
166
184
184
104
104
49
49
181
21
21
21
21
21
146
145
145
170
47
136
136
112
112
112
68
68
68
68
68
68
97
97
15
15
15
15
64
64
64
99
99
48
48
48
48
180
180
180
106
106
106
106
106
63
167
105
105
105
105
105
105
14
14
14
14
144
178
178
178
178
193
193
193
101
171
176
98
98
98
98
98
98
98
98
119
160
109
109
109
109
27
30
123
24
24
24
24
24
24
24
24
24
24
150
150
60
173
126
126
125
94
94
94
94
94
40
40
103
103
114
114
114
23
23
157
158
140
168
29
135
135
135
135
152
73
73
73
73
73
124
95
95
102
155
65
65
65
148
20
159
130
130
139
179
179
179
18
18
18
18
108
108
133
137
137
137
137
137
137
137
137
137
137
137
137
137
137
38
38
38
38
45
54
54
3
53
53
198
198
5
58
58
57
199
199
197
197
75
51
