1
2
2
2
2
2
2
2
2
2
2
2
2
2
2
2
2
2
2
2
2
2
2
2
2
2
2
2
2
2
2
13
33
14
35
15
37
2
39
30
42
43
43
43
43
43
43
43
43
43
43
43
43
43
43
43
43
43
43
43
43
43
43
43
43
43
47
69
49
1
72
72
72
72
72
72
72
72
72
72
72
72
72
72
72
72
72
72
72
72
79
93
92
95
97
5
92
2
72
12
12
12
12
12
12
22
14
26
26
26
26
26
10
10
10
10
10
10
9
9
9
9
9
9
25
25
25
25
25
25
92
92
86
27
80
80
80
80
80
49
49
49
49
49
49
49
49
49
49
49
88
88
88
24
50
11
11
11
11
11
11
87
87
87
87
47
82
82
82
82
82
8
8
8
8
8
8
15
90
90
7
7
7
7
7
28
13
45
45
17
17
17
17
17
17
23
89
89
89
89
89
89
89
21
34
18
18
18
18
18
18
16
16
16
16
16
16
16
16
19
19
19
19
19
19
57
20
20
20
20
6
6
81
81
81
81
81
63
63
64
38
5
5
5
5
5
36
91
91
73
44
71
98
98
98
