1
2
2
2
2
2
2
2
2
2
2
2
2
2
2
2
2
18
18
18
18
18
18
18
18
2
27
27
27
9
9
33
34
35
35
33
38
38
38
38
38
38
38
38
38
38
38
38
38
38
52
53
55
46
46
58
59
59
59
59
59
59
59
59
59
59
59
59
59
59
59
59
59
59
59
59
59
59
59
59
59
79
87
88
88
88
88
88
88
88
88
88
88
88
88
88
88
88
88
88
88
88
88
88
88
88
88
88
88
88
88
88
99
118
103
120
105
122
106
124
107
126
115
129
130
130
130
130
130
130
130
130
130
130
130
130
130
130
130
130
130
130
148
148
148
148
148
148
130
155
155
155
155
155
155
155
155
155
155
155
155
155
155
155
155
155
155
155
155
155
155
155
155
155
155
155
155
155
184
184
184
137
174
174
191
191
170
177
194
194
174
137
174
174
137
200
201
202
137
204
137
206
137
173
209
173
173
137
173
137
173
137
173
137
173
173
221
222
222
173
155
148
67
67
67
67
67
67
67
69
69
69
69
69
69
69
106
106
106
106
107
107
107
110
104
104
104
104
104
171
45
45
45
146
146
183
183
183
183
183
46
46
35
35
35
35
35
103
138
138
138
77
108
169
169
169
169
169
169
169
169
169
169
169
169
173
173
173
173
173
173
173
66
66
66
66
66
66
66
116
179
179
119
119
14
14
14
14
14
14
14
14
14
99
137
68
68
68
68
68
68
68
142
142
142
172
172
152
152
152
152
84
8
8
8
8
74
17
73
73
73
73
73
117
49
101
101
147
50
109
109
154
154
141
141
141
75
25
54
153
79
79
79
79
79
79
82
105
105
105
105
105
65
65
65
65
65
65
139
139
139
139
64
64
64
64
64
64
64
48
78
78
78
78
78
78
78
80
80
80
178
178
180
111
111
15
15
15
52
52
140
140
140
140
140
177
114
114
114
114
114
26
26
26
26
26
47
47
9
9
9
9
9
9
9
9
9
9
9
63
63
63
63
63
63
63
168
112
112
62
62
62
62
62
62
81
81
174
174
174
174
174
70
70
70
70
70
70
70
76
24
71
71
71
71
71
71
71
100
100
100
72
72
72
72
72
72
72
102
102
102
102
113
175
175
175
175
51
51
144
181
181
115
115
7
89
5
6
188
188
194
196
198
31
31
31
31
31
199
199
32
32
32
32
32
203
36
36
205
128
207
207
56
210
212
212
212
214
215
216
218
218
220
