1
2
2
2
2
2
2
2
2
2
2
2
2
2
2
2
2
2
2
2
2
2
2
2
2
2
2
2
2
2
2
2
2
2
2
2
2
2
2
2
2
2
2
2
2
2
2
2
2
2
2
2
2
2
2
2
2
2
2
2
2
2
2
2
2
2
2
2
2
65
65
66
59
62
62
65
78
79
79
79
79
79
79
79
79
79
79
79
79
79
79
79
79
79
87
97
97
89
101
102
102
102
102
102
102
102
109
102
102
113
114
114
114
114
114
114
114
123
124
124
124
124
124
124
124
124
124
124
124
124
124
124
124
124
124
124
1
144
144
144
144
144
144
144
144
144
144
151
151
1
157
157
157
157
157
157
157
157
157
157
157
157
157
157
157
157
157
157
157
157
157
157
157
157
157
157
157
157
157
157
157
190
191
191
191
191
191
191
191
191
191
191
191
191
191
191
191
191
191
191
191
191
191
191
191
191
191
191
191
191
191
191
191
191
191
191
225
225
225
225
230
231
232
232
232
232
232
232
232
232
232
232
232
232
232
232
232
232
232
232
232
232
232
232
232
232
232
232
246
260
261
261
261
261
261
261
261
261
261
261
261
261
261
261
261
261
261
261
261
261
261
261
261
261
261
261
261
261
261
261
261
261
261
261
261
261
261
286
300
301
301
301
301
301
301
301
301
301
301
301
301
301
301
301
301
301
301
301
301
301
301
301
301
301
301
301
301
301
301
301
301
301
301
301
301
322
338
317
342
343
343
343
343
343
343
343
343
343
343
343
343
343
343
343
343
343
343
343
343
343
343
343
343
343
343
343
343
343
343
343
343
343
343
343
343
343
343
343
343
343
343
343
343
343
343
343
343
343
343
343
397
398
398
398
398
398
398
398
398
398
398
398
398
398
398
398
398
398
398
398
398
398
398
398
398
398
398
398
398
398
398
398
398
398
398
398
398
398
398
398
398
398
398
398
398
398
398
398
398
398
398
398
398
398
398
398
398
398
398
398
398
398
398
398
398
398
398
398
398
433
467
458
469
464
471
464
473
465
475
466
477
466
479
398
481
450
484
485
485
485
485
485
485
485
491
491
123
495
495
495
495
495
495
495
495
495
495
495
495
495
495
495
495
495
495
495
495
495
495
495
495
495
495
495
495
495
495
495
495
495
495
495
495
495
495
495
495
495
495
495
495
495
495
542
525
1
544
544
544
544
544
544
544
544
544
544
544
544
544
544
559
227
101
561
561
561
561
249
249
326
326
326
456
456
456
456
456
456
456
456
456
331
251
95
95
95
136
320
140
140
20
45
250
250
250
250
250
250
250
431
54
54
23
135
185
427
459
459
37
37
323
323
323
323
323
323
323
323
323
323
22
35
520
540
540
94
94
425
169
439
53
53
328
328
328
328
108
133
133
152
152
152
39
177
177
177
177
295
440
550
443
443
443
443
535
539
332
332
332
279
279
426
21
65
65
423
423
423
423
246
246
184
530
530
551
93
255
519
30
30
506
506
506
444
444
444
444
444
444
444
444
444
281
281
281
281
281
281
25
19
297
153
487
532
532
89
151
521
521
521
521
521
424
455
186
50
38
175
175
175
175
220
220
531
213
213
213
213
213
27
335
536
46
149
167
167
257
132
132
526
526
507
507
514
219
227
227
227
227
227
227
292
292
556
556
556
291
291
291
291
291
291
291
176
176
176
176
422
525
223
223
489
165
120
171
472
488
28
63
63
63
63
63
450
450
450
450
429
504
504
504
318
150
178
252
464
464
464
464
464
464
44
43
442
316
316
316
563
319
215
215
215
215
258
258
258
258
510
528
187
447
49
48
505
505
107
55
172
538
253
254
462
462
462
462
287
287
287
287
287
287
287
287
287
90
321
432
432
565
565
57
451
322
322
322
322
141
141
141
334
334
446
446
446
446
446
446
446
446
508
508
465
465
465
286
286
183
47
554
554
554
216
216
216
216
216
216
216
553
553
106
106
214
453
453
453
453
247
247
247
247
247
247
247
247
247
317
317
317
317
173
503
60
60
533
421
433
468
468
434
511
511
527
327
327
336
336
336
336
336
336
336
537
69
69
69
88
29
170
41
557
557
557
522
24
218
435
435
449
449
490
64
64
294
293
293
293
293
293
293
293
534
40
256
224
224
420
368
179
371
371
134
134
339
249
249
34
142
142
142
454
137
137
180
180
180
180
61
61
148
367
367
56
428
298
67
67
67
67
59
138
138
168
174
32
502
502
516
463
463
283
325
509
466
66
66
66
66
66
460
460
460
212
221
221
221
491
448
448
42
52
87
87
87
87
87
87
87
87
87
515
486
564
517
555
555
555
181
181
181
181
324
324
324
324
458
458
552
51
445
461
461
430
529
119
139
139
58
62
62
222
329
329
329
329
26
86
182
182
182
182
164
512
33
337
337
36
11
303
17
8
205
205
205
10
146
15
412
412
16
6
18
305
4
13
193
159
110
110
7
14
400
413
413
264
211
211
9
103
395
543
494
189
73
73
