2
3
4
5
6
7
8
9
10
11
12
13
14
15
16
17
18
19
20
21
22
23
24
25
26
27
28
29
30
31
32
33
34
35
36
37
38
39
40
41
42
43
44
45
46
47
48
49
50
51
52
53
54
55
56
57
58
59
60
61
62
63
64
65
66
67
68
69
70
71
72
73
74
75
76
77
78
79
80
81
82
83
84
85
86
87
88
89
90
91
92
93
94
95
96
97
26
99
100
102
103
104
105
106
107
108
109
110
111
112
113
114
115
116
117
118
119
120
121
122
123
124
125
126
127
128
129
130
131
132
133
134
135
136
137
138
139
140
141
142
143
144
145
146
147
148
149
150
151
152
153
154
155
156
157
158
159
160
161
162
163
164
165
166
167
168
169
170
171
172
173
174
175
176
177
178
179
180
181
182
183
184
185
186
187
188
189
190
191
192
193
194
195
196
197
198
199
200
201
202
173
4
13
15
110
106
69
18
106
14
110
106
110
106
71
75
10
7
10
10
9
20
106
106
18
110
106
110
106
36
114
35
116
20
5
168
10
175
106
10
110
106
15
117
10
11
9
10
157
51
33
52
32
156
10
3
16
4
13
15
18
9
110
106
110
106
10
4
25
56
10
115
109
104
107
125
106
106
4
9
106
67
124
123
104
2
110
106
106
110
106
115
13
7
24
25
21
22
6
12
23
4
14
20
5
102
106
110
106
106
110
106
110
108
106
107
106
2
2
106
110
106
15
110
106
106
22
110
106
106
110
106
113
10
13
149
106
110
106
106
129
10
7
9
110
106
56
9
106
110
106
106
106
44
3
16
4
18
12
8
123
122
105
106
2
19
10
13
102
42
106
121
43
10
9
69
18
110
106
140
4
13
7
18
46
45
4
17
110
106
106
71
133
43
13
106
106
57
3
4
17
23
110
106
47
106
24
110
106
110
106
106
110
106
29
15
110
106
106
9
110
106
110
106
124
125
110
106
110
106
15
7
129
106
50
10
4
11
11
15
106
106
110
106
128
127
10
4
110
106
110
106
10
110
106
110
106
110
106
106
106
110
106
104
106
110
106
49
139
48
4
26
13
18
19
102
67
49
139
26
4
13
18
19
123
49
139
4
13
19
124
124
124
124
