1
2
2
2
2
2
2
2
2
2
2
2
2
2
2
2
2
2
2
2
2
2
2
2
2
2
2
2
2
2
2
2
2
2
2
2
2
2
2
2
2
2
2
2
2
2
2
2
2
2
2
2
2
2
2
2
2
2
2
2
2
2
2
2
2
2
2
2
2
53
71
73
75
77
62
79
63
81
69
83
2
85
85
87
87
85
90
85
92
14
15
67
13
1
98
98
98
98
98
98
98
98
98
98
98
98
98
98
98
98
98
98
98
98
98
98
98
98
98
98
98
98
98
98
98
98
98
98
98
98
98
98
98
98
98
98
98
98
98
98
98
98
98
98
98
98
98
98
98
98
98
98
98
98
98
98
98
98
98
98
98
98
98
98
98
98
98
98
98
98
98
98
98
98
98
98
98
98
98
98
98
98
98
98
98
98
98
98
98
98
98
98
98
98
98
98
98
98
98
98
98
98
98
98
98
98
98
98
98
98
98
98
98
98
98
98
98
98
98
98
98
98
98
98
98
98
98
98
98
98
98
98
98
98
98
98
98
98
98
98
98
98
98
98
98
98
98
98
98
253
253
253
253
253
253
253
253
253
253
253
253
253
253
253
253
253
125
271
132
273
133
275
134
277
165
279
173
281
174
283
176
285
177
287
179
289
181
291
182
293
188
295
199
297
201
299
202
301
206
303
208
305
209
307
211
309
212
311
226
313
315
317
227
319
227
321
323
227
325
228
327
228
329
331
228
333
229
335
229
337
339
229
341
231
343
233
345
234
347
349
235
351
237
353
238
355
239
357
240
359
241
361
242
363
242
365
243
367
244
369
246
371
247
373
248
375
249
377
249
379
250
381
252
383
249
249
1
387
387
387
387
387
387
387
387
387
387
387
387
387
387
387
387
387
1
405
405
405
405
405
405
405
405
405
405
405
405
405
405
405
405
405
405
405
424
405
426
405
428
428
428
405
432
432
432
414
1
437
437
437
437
437
437
437
437
437
437
437
437
437
437
437
437
437
437
437
437
437
459
460
460
460
460
460
460
460
460
460
460
460
460
460
460
460
460
460
460
460
460
460
460
460
460
460
460
460
460
460
460
460
460
460
460
460
460
460
471
498
484
500
485
502
486
504
487
506
488
508
489
510
490
512
460
514
514
514
494
518
496
520
497
522
479
316
316
316
316
316
316
316
483
482
481
479
1
536
536
536
536
536
536
536
536
536
536
536
536
536
536
536
536
552
552
552
552
552
552
552
552
437
536
552
477
477
31
478
478
34
34
34
13
13
13
13
13
404
141
141
141
141
141
141
376
487
487
487
134
134
134
169
169
206
218
218
50
50
476
476
33
33
160
160
374
374
454
454
492
492
492
492
380
380
354
354
354
252
252
252
252
252
449
449
449
449
177
177
177
209
209
209
209
112
112
112
178
362
362
117
292
292
467
467
467
467
467
191
191
155
155
156
156
226
51
51
51
132
132
132
314
314
314
314
543
543
78
227
227
227
227
227
272
272
272
272
272
272
272
272
272
418
418
418
418
418
418
418
418
418
197
197
216
216
216
451
451
451
451
451
451
499
499
53
53
53
187
187
187
308
308
219
219
246
348
348
348
346
346
346
6
360
360
135
135
135
135
135
135
168
168
189
189
189
189
189
189
189
189
189
189
189
484
484
495
495
114
114
114
470
470
125
125
125
49
49
19
119
119
119
544
544
493
493
493
493
493
138
138
138
138
547
9
9
170
170
146
146
146
146
147
147
147
147
147
147
124
489
489
489
195
195
485
148
148
148
148
222
222
222
122
122
217
217
217
556
144
144
144
229
229
229
229
229
236
236
236
473
473
23
200
200
399
399
201
201
475
475
475
401
401
322
322
322
72
72
72
129
225
350
162
137
483
483
243
356
356
356
40
310
310
310
382
382
382
8
8
8
330
330
330
352
352
352
159
159
159
183
183
183
344
344
344
204
204
150
150
150
150
150
421
421
421
421
44
44
165
165
193
193
296
296
215
215
215
111
111
447
447
447
447
70
21
21
151
151
25
136
136
136
136
136
417
417
417
417
417
417
154
491
491
491
491
52
52
52
210
458
458
17
176
176
176
366
366
366
358
358
358
456
456
456
280
280
42
42
251
251
251
251
274
274
294
294
416
416
198
198
457
457
457
457
457
190
190
288
179
179
179
14
14
14
205
239
239
278
278
414
414
414
414
414
414
414
414
414
414
414
414
414
414
414
110
228
228
228
228
228
228
455
455
480
480
203
203
486
486
192
192
192
230
230
230
372
372
120
120
120
120
120
398
396
109
109
109
109
109
175
175
221
221
221
167
167
224
224
468
370
370
133
133
133
400
400
302
318
318
15
15
15
15
15
15
282
541
541
541
11
12
12
12
12
196
196
196
26
312
312
557
557
188
188
188
188
188
172
172
479
479
558
115
115
115
247
247
247
41
497
497
284
145
145
238
238
448
166
166
166
113
113
469
212
212
212
472
35
163
163
163
242
242
242
413
413
413
413
496
496
496
149
149
149
149
149
248
181
181
118
118
118
118
232
232
232
555
555
555
397
143
143
143
143
143
143
474
474
182
182
250
250
250
250
214
214
237
202
202
334
334
276
276
540
186
186
186
186
490
490
490
157
157
213
213
213
152
152
300
207
130
130
130
130
130
326
326
27
27
338
338
338
494
494
494
494
494
142
142
142
142
142
142
419
419
61
126
126
290
199
199
123
123
123
123
123
241
158
128
368
368
185
185
185
171
171
435
435
435
445
286
482
482
488
488
488
342
342
121
121
245
184
184
184
184
184
184
184
542
542
542
481
481
127
127
127
127
127
174
174
174
10
180
180
415
415
415
415
415
415
415
415
415
415
452
452
452
452
452
298
249
249
249
69
164
161
140
140
140
140
140
450
43
194
194
173
173
173
153
153
153
153
153
539
539
539
539
116
208
131
131
223
223
86
220
220
7
240
67
29
108
406
406
105
410
524
436
436
436
385
385
97
386
386
535
