2
3
4
5
6
7
8
9
10
11
12
13
14
15
16
17
18
19
20
21
22
23
24
25
26
27
28
29
30
31
32
33
34
35
36
37
38
39
40
41
42
43
44
45
46
47
48
49
50
51
52
53
54
55
56
57
58
59
60
61
62
63
64
65
66
67
68
69
70
71
72
74
76
78
79
80
81
82
83
84
85
86
87
88
89
90
91
92
93
94
95
96
97
98
99
100
101
102
103
104
105
106
107
108
109
110
111
112
113
114
115
116
117
118
119
120
121
122
123
124
125
126
127
128
129
130
131
132
133
134
135
136
137
138
139
140
141
142
143
144
145
146
147
148
149
150
151
152
153
154
155
156
157
158
159
160
161
162
163
164
165
166
167
168
169
170
171
172
173
174
175
176
177
178
179
180
181
182
183
184
185
186
187
188
189
190
191
192
193
194
195
196
197
198
199
200
201
202
203
204
205
206
207
208
209
210
211
212
213
214
215
216
217
218
219
220
221
222
223
224
225
226
227
228
229
230
231
232
233
234
235
236
237
238
239
240
241
242
243
244
245
246
247
248
249
250
251
252
253
254
255
256
257
258
259
260
261
262
263
264
265
266
267
268
269
270
271
272
273
274
275
276
277
278
279
280
281
282
283
284
285
286
287
288
289
290
291
292
293
294
295
296
297
298
299
300
301
302
303
304
305
306
307
308
309
310
311
312
313
314
316
318
319
320
321
322
324
325
326
327
328
329
330
332
333
334
335
336
337
338
340
341
342
343
344
345
346
347
348
350
351
352
353
354
355
356
357
358
359
360
361
362
363
364
365
366
367
368
369
370
371
372
373
374
375
376
377
378
379
380
381
382
383
384
385
386
387
388
389
390
391
392
393
394
395
396
397
398
399
400
401
402
403
404
405
406
407
408
409
410
411
412
413
414
415
416
417
418
419
420
421
422
423
424
425
426
427
428
429
430
431
432
433
434
435
436
437
438
439
440
441
442
443
444
445
446
447
448
449
450
451
452
453
454
455
456
457
458
460
461
462
463
464
465
466
467
468
469
470
471
472
473
474
475
476
477
478
479
480
481
482
483
484
485
486
487
488
489
490
491
492
493
494
495
496
497
498
499
500
501
502
503
504
505
506
507
508
509
510
511
512
513
514
515
516
517
518
519
520
521
522
523
524
525
526
527
528
529
530
531
532
533
534
535
536
537
538
539
540
541
542
543
544
545
546
547
548
549
550
551
552
553
554
555
556
557
558
559
560
387
387
387
465
466
32
465
466
55
58
57
15
14
422
2
2
388
45
64
9
102
105
2
2
471
465
466
45
49
105
45
105
105
29
105
53
85
465
466
55
57
45
105
45
2
444
438
517
465
466
514
29
2
45
9
2
64
9
104
105
2
453
439
444
438
49
45
105
45
9
102
2
111
105
99
105
9
2
105
9
2
470
469
465
461
464
29
105
45
105
45
105
105
53
85
90
45
49
105
46
50
9
2
551
538
93
46
45
50
101
2
29
18
54
36
25
31
38
19
24
423
67
429
409
406
410
2
428
405
31
105
112
45
105
454
453
455
439
444
438
469
472
92
85
90
29
31
105
9
2
29
105
2
47
9
2
47
9
2
2
9
2
29
54
112
45
105
99
45
105
29
21
18
20
26
24
27
54
25
19
105
469
463
465
466
9
102
104
465
466
29
105
253
86
85
58
45
111
105
548
537
517
465
466
462
514
29
54
45
105
537
2
2
45
105
65
9
102
2
45
65
9
111
102
2
105
469
471
463
31
105
469
65
9
102
2
45
103
105
45
105
112
45
105
553
65
9
105
46
45
50
101
2
29
45
105
465
466
58
29
105
404
388
49
105
465
466
462
404
388
45
47
2
86
9
2
105
105
2
105
136
465
466
2
45
9
2
57
45
9
2
69
9
2
4
2
2
45
47
2
9
48
2
45
31
105
9
102
2
46
9
2
45
105
65
64
9
104
2
406
410
432
405
59
60
29
105
31
105
9
2
29
103
105
29
2
453
439
444
438
421
28
58
33
105
58
29
45
9
102
2
425
406
410
424
432
405
105
517
465
466
514
53
92
85
105
444
443
58
49
45
105
45
9
2
45
9
2
402
441
444
9
2
59
60
70
9
102
2
29
2
9
2
407
411
31
105
400
455
402
442
444
29
105
2
49
45
105
86
2
85
105
112
99
29
2
420
435
423
416
12
429
409
412
406
410
431
430
2
428
405
105
29
46
45
50
101
2
444
440
465
466
29
105
465
466
45
31
105
46
101
2
9
2
112
45
108
106
105
388
388
9
102
104
105
107
45
105
29
103
105
45
105
29
105
465
9
2
45
49
105
404
388
2
29
2
540
86
2
85
536
552
2
550
543
538
4
13
62
64
2
45
31
105
28
9
2
548
553
29
64
9
102
2
103
105
465
466
553
9
102
2
112
99
107
42
465
466
2
65
105
112
99
444
34
103
105
9
102
464
9
105
107
466
57
45
31
105
112
99
2
407
406
432
428
465
466
462
65
9
111
102
2
107
31
105
112
45
105
99
47
101
2
548
558
553
388
29
45
64
9
102
2
465
466
29
105
69
9
102
2
29
105
105
49
105
29
2
29
2
538
64
9
102
2
469
472
463
45
105
9
102
2
29
105
2
105
29
112
45
105
99
29
2
28
58
45
47
2
469
471
517
463
514
29
45
9
102
103
105
427
426
62
125
253
2
49
105
29
112
45
105
99
2
105
105
9
2
102
103
105
45
105
412
432
2
444
2
465
466
469
471
463
29
2
45
105
105
112
45
9
102
105
99
2
547
548
537
465
466
29
112
45
105
99
49
45
105
4
45
105
435
429
409
406
410
431
430
432
428
405
454
453
455
444
438
2
49
45
105
417
105
105
29
54
139
45
105
444
42
31
105
49
45
105
29
9
102
105
2
556
549
538
552
105
105
49
105
29
105
2
29
105
4
2
422
30
106
432
428
2
405
466
423
409
405
105
2
2
105
2
466
