1
2
2
2
2
2
2
2
2
2
2
2
2
2
2
2
2
2
2
2
2
2
2
2
2
2
2
16
30
31
31
31
31
31
31
31
31
31
31
31
31
31
31
31
31
31
49
50
50
50
50
50
50
50
50
50
50
50
50
50
50
50
50
50
50
50
50
72
73
73
73
73
73
73
73
81
82
82
82
82
82
82
82
82
82
82
82
82
82
82
82
82
82
82
82
82
82
82
82
105
105
105
105
105
105
105
105
105
105
105
105
89
89
89
89
122
123
123
123
123
123
123
123
131
132
132
132
132
132
132
132
132
132
132
132
132
132
132
132
140
149
150
150
150
150
150
150
150
150
150
150
150
150
150
150
150
150
150
150
150
150
150
150
150
150
150
150
150
150
150
150
150
150
150
150
150
150
150
150
150
150
150
150
150
150
150
150
150
150
173
200
201
201
201
201
201
201
201
201
201
201
207
212
201
214
214
214
214
219
220
220
220
220
220
220
220
220
220
220
220
225
233
234
234
234
234
234
234
234
234
234
234
234
234
234
234
234
234
234
234
234
234
234
234
234
234
234
234
234
234
234
234
234
234
234
234
234
234
234
234
234
234
234
234
234
234
234
234
234
234
234
234
234
234
234
234
234
234
234
234
234
234
234
234
234
234
234
234
234
234
234
234
234
234
234
234
234
234
234
234
234
234
234
234
234
234
234
234
234
234
234
234
234
234
234
234
234
234
234
234
234
234
234
234
234
234
234
234
234
234
234
234
234
234
234
234
234
234
234
234
234
234
234
234
234
234
234
234
234
234
234
234
234
234
234
234
234
234
234
234
234
234
234
234
234
234
234
234
234
234
234
234
234
234
234
234
234
234
234
234
234
234
234
234
234
234
234
234
234
234
234
234
234
302
407
408
408
408
408
408
408
408
408
408
408
408
408
408
408
408
408
408
426
420
122
428
428
428
428
428
428
428
428
428
428
428
428
428
428
428
428
428
428
428
428
428
428
428
428
428
122
454
454
454
454
454
460
461
461
461
461
461
461
461
461
461
461
461
461
461
461
461
461
461
461
461
461
461
461
461
461
461
461
461
479
489
488
491
486
486
72
495
495
495
495
495
495
502
503
503
503
503
503
503
503
503
503
503
503
503
503
503
503
503
503
503
503
503
503
503
503
503
503
503
503
503
503
531
534
535
536
485
485
19
446
20
104
486
486
486
486
486
486
498
171
171
171
171
171
171
171
172
172
172
172
172
172
172
172
172
172
172
172
391
256
256
256
377
377
377
210
276
276
276
276
531
531
531
531
531
531
531
531
423
399
399
399
530
444
444
444
452
452
452
452
527
221
364
516
516
94
382
173
173
173
173
173
344
326
326
326
326
326
326
326
326
326
326
400
400
400
17
17
403
231
231
307
529
292
292
22
112
499
450
66
66
66
66
66
66
24
139
402
58
69
69
69
69
321
521
55
55
55
55
175
175
175
175
175
175
175
302
302
517
517
517
517
146
405
405
290
206
206
177
177
91
91
91
193
39
45
372
27
189
189
170
170
349
271
316
316
316
316
316
316
316
316
316
316
316
316
371
211
211
453
453
453
453
176
176
176
176
176
176
176
176
176
176
176
176
176
222
278
141
141
141
141
378
168
184
184
368
282
282
282
282
282
518
518
57
57
501
501
501
178
178
178
178
178
178
317
317
217
217
482
187
187
350
350
350
350
350
350
350
350
350
350
350
350
379
198
324
354
354
354
354
487
487
487
36
68
68
68
68
186
186
284
284
358
425
425
360
360
360
274
274
274
274
274
274
274
274
274
274
329
329
329
329
329
293
253
253
523
295
295
295
40
195
38
113
110
166
166
323
303
280
301
301
301
301
301
301
345
345
345
345
345
345
345
41
181
181
262
109
109
398
398
398
192
286
286
286
449
449
449
449
451
451
451
179
185
185
484
484
484
484
48
88
88
365
223
223
223
130
130
130
130
130
25
257
257
257
257
257
257
257
257
257
257
257
260
92
92
92
481
384
188
188
338
338
342
395
254
254
254
191
333
333
333
416
416
416
334
78
78
78
78
95
95
95
335
335
438
438
490
490
490
283
325
325
440
61
61
61
61
61
476
15
15
15
412
80
80
80
80
80
89
89
89
226
226
226
226
70
70
70
70
383
424
336
478
478
478
520
520
397
397
216
216
216
475
475
475
475
475
475
475
475
475
475
475
309
392
145
145
117
117
138
318
318
318
318
318
318
318
318
318
318
318
318
320
320
320
320
322
322
322
322
322
322
115
328
441
441
492
62
62
62
62
79
79
79
79
140
140
140
183
183
439
439
439
23
458
458
101
413
288
288
386
128
128
128
128
442
442
203
203
203
203
421
96
144
47
47
47
103
294
294
294
16
16
16
16
16
16
16
16
16
16
16
331
14
14
14
14
14
14
14
197
443
443
443
28
108
108
21
477
477
477
205
275
270
304
304
304
259
363
225
225
225
225
356
356
99
56
56
56
56
56
56
65
65
65
65
436
147
147
194
419
419
300
300
300
341
100
340
340
340
435
435
435
435
142
401
532
385
272
272
272
272
525
525
525
525
369
370
299
299
299
299
314
314
314
314
314
44
169
169
289
289
352
352
352
352
343
343
343
343
343
343
343
343
343
343
343
343
343
143
129
129
129
129
46
116
287
287
287
287
285
285
34
34
182
182
420
420
291
291
332
59
59
313
313
313
313
313
313
313
313
313
313
313
313
308
362
167
167
167
167
339
339
339
339
339
339
339
339
339
355
355
355
355
355
26
327
327
327
380
526
448
448
448
273
311
114
459
459
459
337
522
42
524
227
227
218
218
218
67
196
474
330
330
180
228
315
315
315
315
315
315
315
315
315
315
315
319
298
298
361
111
480
174
174
174
174
174
174
174
174
174
348
418
418
519
519
519
519
519
519
519
519
519
519
519
296
457
396
479
366
415
415
415
346
346
346
60
60
60
60
255
255
255
267
434
434
434
434
500
500
359
417
417
404
404
404
258
258
258
258
258
528
190
190
433
433
433
43
312
93
394
394
394
394
394
63
63
63
102
297
472
155
152
153
52
52
511
154
151
53
53
235
431
430
199
199
533
533
533
29
29
29
29
29
29
29
29
29
29
148
148
493
494
