1
2
2
2
2
2
2
2
2
2
2
2
2
2
2
2
2
2
2
2
2
2
2
2
2
2
2
2
2
2
2
2
2
2
2
2
2
2
2
2
2
2
2
2
2
2
2
2
2
2
2
2
2
2
2
2
2
2
2
2
2
2
2
2
2
2
2
2
2
37
71
62
73
68
75
68
77
69
79
70
81
70
83
2
85
54
88
89
89
89
89
89
89
89
96
89
89
100
101
101
101
101
101
101
101
101
101
101
108
108
114
115
115
115
115
115
115
115
124
125
125
125
125
125
125
125
125
125
125
125
125
125
125
125
125
125
125
145
146
146
146
146
146
146
146
146
146
146
146
146
146
146
146
146
146
146
146
146
146
146
146
146
146
146
160
174
175
175
175
175
175
175
175
175
175
175
175
175
175
175
175
175
175
175
175
175
175
175
175
175
175
175
175
175
175
175
175
175
175
175
175
175
175
175
175
175
175
175
175
175
175
175
175
175
175
175
175
88
229
229
229
229
163
163
236
237
237
237
237
237
237
237
237
237
237
237
237
237
237
237
237
237
237
237
237
237
237
237
237
237
237
237
237
237
237
237
237
237
237
237
237
258
274
253
100
278
278
278
278
278
278
278
278
278
278
278
278
278
278
293
285
100
295
295
295
295
295
295
295
295
295
295
295
295
295
295
295
295
295
295
295
295
295
295
295
295
295
295
295
295
295
295
295
100
328
328
328
328
328
328
328
328
328
328
328
328
328
328
328
328
328
328
328
328
328
328
328
328
328
328
328
328
328
328
328
328
328
328
328
328
328
328
328
328
328
328
328
328
328
328
328
328
328
328
328
328
328
328
328
328
328
328
328
328
328
328
328
328
328
328
328
328
391
392
385
388
388
391
391
404
405
405
405
405
405
405
405
405
405
405
405
405
405
405
405
405
405
405
405
405
405
405
405
405
405
405
405
405
405
405
405
405
405
405
405
405
405
405
405
405
405
405
405
405
405
405
405
405
405
405
405
405
405
405
405
405
405
405
405
405
405
405
405
405
405
405
405
405
405
405
405
405
405
405
405
480
480
480
480
480
480
480
480
480
480
480
480
480
480
480
480
480
480
480
480
480
480
480
487
504
489
506
490
508
491
510
491
512
493
514
494
516
405
518
518
518
518
518
518
46
46
527
528
528
528
528
528
528
528
528
528
528
528
528
528
528
528
528
528
536
546
546
538
550
551
551
551
551
551
551
551
557
557
404
561
561
561
561
561
561
561
561
561
561
561
561
561
561
561
561
561
561
561
561
561
561
561
561
561
561
561
561
561
561
561
561
561
561
561
561
561
586
600
601
601
601
601
601
601
601
601
601
601
601
601
601
601
601
601
601
601
601
601
601
601
601
601
601
601
601
601
601
601
601
601
601
601
635
635
635
635
640
267
165
544
544
544
141
141
371
164
164
164
164
164
164
164
380
380
259
259
259
259
259
259
259
259
259
259
348
361
543
543
264
264
264
264
109
109
109
315
315
315
315
595
268
268
268
30
347
391
391
27
27
27
27
160
160
425
425
425
425
356
356
461
484
351
597
110
553
538
28
324
376
623
623
623
623
623
353
454
592
592
290
290
290
314
314
314
314
26
633
633
303
467
493
493
76
309
354
389
389
389
389
389
54
54
54
54
33
254
370
369
255
325
426
375
499
381
310
66
66
66
66
36
36
383
142
142
142
270
270
69
69
69
586
586
321
288
288
288
93
93
624
440
505
253
253
253
253
311
386
386
37
72
72
38
263
263
437
272
272
272
272
272
272
272
537
308
355
367
435
39
39
53
53
556
390
390
594
593
593
593
593
593
593
593
24
200
317
135
135
360
143
143
143
58
491
491
491
491
491
491
491
138
138
387
387
32
598
393
393
393
393
385
312
261
64
64
64
557
52
52
438
368
378
232
502
502
289
289
289
260
260
260
260
319
319
319
319
286
377
49
34
384
265
265
265
265
489
489
489
489
489
489
489
489
60
60
60
60
60
60
60
60
60
262
262
262
137
256
346
444
35
349
31
63
63
136
323
431
363
363
485
487
487
487
487
487
487
486
29
43
307
379
379
95
134
134
365
442
443
44
284
47
47
47
47
579
579
322
450
285
542
169
448
48
48
48
48
48
48
48
48
48
581
581
581
581
581
581
345
108
457
59
460
313
313
313
313
364
630
630
271
451
106
305
305
372
171
133
494
494
494
494
629
637
637
637
637
637
637
503
591
591
591
591
591
591
591
555
121
554
428
432
432
107
316
497
497
497
497
497
166
68
68
68
68
68
68
483
449
46
252
252
252
488
488
488
488
488
488
231
436
172
172
172
172
625
625
625
625
51
374
94
446
167
168
587
587
587
587
587
587
587
587
587
539
233
233
257
427
55
258
258
258
258
50
50
50
50
50
50
50
50
452
373
462
441
495
495
287
287
626
626
626
626
626
626
626
57
57
57
57
161
161
161
161
161
161
161
161
161
439
25
433
465
465
465
465
465
465
395
395
395
464
291
291
291
350
628
170
366
466
634
634
445
519
203
203
275
163
163
318
318
318
318
105
199
199
382
490
490
490
490
490
139
139
306
358
67
67
583
70
453
392
392
392
392
392
447
622
631
631
631
536
536
536
536
536
536
536
536
536
552
429
62
62
65
65
434
434
492
120
459
140
140
388
388
632
320
320
320
320
352
535
496
496
302
273
273
359
362
337
239
418
418
343
334
615
615
615
336
103
341
412
16
16
342
332
344
241
330
339
603
297
97
97
333
340
407
481
4
17
17
564
621
621
335
90
525
526
526
526
227
560
327
398
398
