2
3
4
5
6
7
8
9
10
11
12
13
13
12
17
19
20
21
22
23
24
25
26
27
28
29
30
31
32
33
34
35
36
37
38
39
40
41
42
43
44
45
46
47
48
49
50
51
52
53
54
55
56
57
58
59
60
61
62
63
64
65
66
67
68
69
70
71
72
73
74
75
76
77
78
79
80
81
82
83
84
85
86
87
88
89
90
91
92
93
94
95
96
97
98
99
100
101
102
103
104
105
106
107
108
109
110
111
112
113
114
115
116
117
118
119
75
76
77
123
124
125
126
127
128
129
130
131
132
133
134
135
136
137
138
139
140
141
142
143
144
145
146
143
130
133
136
151
142
153
154
155
156
157
158
159
160
161
162
163
164
165
166
167
168
169
170
171
172
173
174
175
176
177
178
179
180
181
182
183
184
185
186
187
188
189
157
192
193
194
195
196
197
198
199
200
201
202
203
204
205
206
207
208
210
211
212
213
214
215
216
217
218
219
220
221
222
223
224
225
226
227
228
229
230
231
232
233
234
235
236
237
238
239
240
241
242
243
244
245
246
247
248
249
250
251
252
253
254
255
256
257
258
259
260
262
263
264
265
266
267
268
269
270
271
272
269
270
277
278
279
280
281
282
125
125
45
61
20
163
131
55
163
132
19
51
233
221
34
87
86
86
214
93
50
49
278
30
141
144
140
3
4
7
8
5
10
34
212
110
111
108
55
163
132
19
163
133
216
217
210
71
88
21
23
86
155
153
78
198
229
26
52
162
25
23
82
22
24
113
22
244
158
266
267
265
88
91
89
90
87
52
20
187
253
163
133
65
86
136
80
22
24
98
198
244
139
266
273
212
40
87
86
75
86
69
71
88
21
23
86
86
160
31
145
135
229
221
221
235
75
86
127
132
133
126
134
163
136
137
127
74
40
37
72
38
73
41
39
84
28
22
99
20
27
97
21
98
24
23
96
244
55
163
134
19
146
142
125
20
25
23
244
160
55
163
161
4
19
71
163
6
250
114
116
26
20
107
2
265
62
55
66
85
163
130
280
71
88
21
23
86
88
86
86
88
244
163
136
245
163
231
221
245
141
144
271
272
140
267
139
6
9
15
27
244
99
86
213
210
80
244
210
110
111
108
245
244
63
245
69
71
88
21
23
86
79
60
20
71
93
21
221
226
245
71
58
93
86
162
161
253
129
65
71
21
23
86
221
224
42
20
21
87
86
163
130
163
131
280
244
143
130
137
131
210
210
245
244
71
21
23
86
55
163
7
47
46
44
81
61
20
55
163
134
19
159
20
158
9
5
2
221
238
88
91
89
90
87
115
108
160
29
71
21
24
23
36
102
99
97
98
86
183
55
184
158
2
107
21
23
86
107
86
19
210
2
125
244
139
266
88
143
139
9
75
76
77
75
