1
2
2
2
2
2
2
2
2
2
2
2
2
2
2
2
2
2
2
2
2
2
2
2
2
27
28
29
30
30
30
31
31
31
31
31
39
40
40
40
40
40
40
40
40
40
40
40
40
40
40
40
40
40
40
40
40
40
40
40
40
40
40
40
40
40
40
40
40
40
40
40
40
40
40
40
40
40
40
40
40
40
40
87
88
88
88
88
88
88
88
88
88
88
88
88
88
88
88
88
88
88
88
88
88
88
88
88
88
88
88
88
88
88
88
88
88
88
88
88
88
88
88
88
88
88
88
88
88
88
88
88
88
88
88
88
88
88
88
88
88
88
88
88
88
88
88
88
88
88
88
88
88
88
88
88
88
88
88
88
88
88
88
88
88
88
88
88
88
88
88
88
88
88
88
88
88
88
88
88
88
88
88
88
88
88
88
88
88
88
88
88
88
88
88
88
88
88
88
88
88
88
88
88
88
88
88
88
88
88
88
88
88
88
88
88
88
88
88
88
88
88
88
88
88
88
88
88
88
88
88
88
88
88
88
88
88
88
88
88
88
88
88
88
88
88
88
88
88
88
88
88
88
88
88
88
88
88
88
88
88
88
88
88
88
88
88
88
88
88
88
88
88
88
88
88
88
88
88
88
88
88
88
88
88
88
88
88
88
88
88
88
88
88
88
88
88
88
88
88
88
88
88
88
88
88
88
88
88
88
88
88
88
88
88
88
88
88
88
88
88
88
88
88
88
88
88
88
88
88
88
88
88
88
88
88
88
88
88
88
88
88
88
88
88
88
88
88
88
88
88
88
88
88
88
88
88
88
88
88
221
365
365
222
368
368
223
371
371
228
374
231
376
234
378
364
380
382
88
384
384
384
384
384
384
384
384
384
384
384
88
396
396
396
396
396
88
402
402
402
402
402
88
408
87
410
410
410
410
410
410
410
410
410
410
410
410
410
410
410
410
410
410
410
410
410
410
410
410
410
410
410
410
410
410
410
410
410
410
410
410
410
410
410
410
410
410
410
410
410
410
410
410
410
410
410
410
410
410
410
410
410
410
410
410
410
410
410
410
410
410
410
410
410
410
410
410
410
410
410
410
410
410
410
410
410
410
410
410
410
410
410
410
410
410
410
410
410
410
410
410
410
410
410
410
410
410
410
410
410
410
410
410
410
410
410
410
410
410
410
410
410
410
410
410
410
410
410
410
410
410
410
410
410
410
410
410
410
410
410
410
410
410
410
410
410
410
410
410
410
410
410
557
557
557
557
557
557
410
564
564
564
564
564
87
570
570
570
570
570
570
570
570
570
570
570
570
570
570
570
570
570
570
570
570
570
570
570
570
570
570
570
570
570
570
570
570
570
570
570
570
570
570
570
570
570
570
570
570
570
570
570
570
570
570
570
570
570
570
570
570
570
570
570
570
570
570
570
1
634
634
634
634
634
634
634
634
634
634
634
634
647
648
649
1
650
650
650
650
650
654
655
1
658
658
658
658
658
658
658
658
658
658
666
666
665
1
672
672
672
672
672
677
677
677
677
39
682
682
682
682
682
682
682
682
682
682
682
682
682
682
682
682
682
682
682
682
682
682
682
682
682
682
682
682
682
682
682
682
682
682
682
682
682
682
682
682
682
682
682
682
682
682
682
682
682
682
682
682
682
682
682
682
682
682
682
682
682
682
682
682
682
682
682
682
682
682
682
682
682
682
682
682
682
682
682
682
682
682
682
682
682
682
682
682
682
682
682
682
682
682
682
682
682
682
682
682
682
783
783
783
783
783
1
789
789
789
789
793
87
795
795
795
795
795
795
795
795
795
795
795
795
795
795
795
795
795
795
795
795
795
795
795
795
795
795
795
795
795
795
795
795
795
795
795
795
795
795
795
795
795
795
795
795
795
795
795
795
795
795
795
795
795
39
849
849
849
849
849
849
849
849
849
849
849
849
849
849
849
849
849
849
849
849
849
849
849
849
849
849
849
849
849
849
849
849
849
849
849
849
1
886
886
886
886
886
886
886
886
886
886
886
609
899
900
488
902
903
903
903
903
903
903
903
903
903
903
903
903
903
903
903
903
903
903
903
903
903
903
903
903
903
903
903
903
903
903
903
903
903
903
903
903
903
903
903
903
903
903
903
903
903
903
903
903
903
903
903
903
903
903
903
903
903
903
903
903
903
903
903
903
903
903
903
903
903
903
903
903
903
903
903
903
903
903
903
903
903
903
903
903
903
903
903
903
903
903
903
903
903
903
903
903
903
903
903
903
903
903
903
903
903
903
903
903
903
903
903
903
903
903
903
903
903
903
903
903
903
903
903
903
903
903
903
903
903
903
903
903
903
903
903
903
903
903
903
903
903
903
903
903
903
903
903
903
903
903
903
903
903
903
903
903
903
903
903
903
903
903
903
903
903
903
903
903
903
903
903
903
903
903
903
903
903
903
903
903
903
903
1
1086
1086
1086
1086
1086
1092
1090
1094
1095
1095
1095
1095
1095
1095
1095
1095
1095
1095
1095
1095
1095
1095
1095
1095
1095
1095
1095
1095
1095
1095
1095
1095
1095
1095
1095
1095
1095
1095
1095
1095
1095
1095
1095
1095
1095
1095
1095
1095
1095
1095
1095
1095
1139
1139
1139
1139
1103
1144
1104
1146
1127
1148
1130
1150
1136
1152
1095
1154
1156
87
1157
1157
1157
1157
1157
1157
1157
1157
1157
1157
1157
1157
1157
1157
1157
1157
1157
1157
1157
1157
1157
1157
1157
1157
1157
1157
1157
1157
1157
1157
1157
1157
1157
1157
1157
1157
1157
1157
1157
1157
1157
1157
1157
1157
1157
1157
1157
1157
1157
1157
1157
1157
1158
1210
87
1212
1212
1212
1212
1212
1212
1212
1212
1212
1212
1212
1212
1212
1212
1212
1212
1212
1212
1212
1212
1212
1212
1212
1212
1212
1212
1212
1212
1212
1212
1212
1212
1212
1212
1212
1212
1212
1212
1212
1212
1212
1212
1212
1212
1212
1212
1212
1212
1212
1212
1212
1212
1212
1212
1212
1212
1212
1212
1212
1212
1212
1212
87
1275
1275
1275
1275
1275
1275
1275
1275
1275
1275
1275
1275
1275
1275
1275
1275
1275
1275
1275
1275
1275
1275
1275
1275
1275
1275
1275
1275
1275
1275
1275
1275
1275
1275
1275
1275
1275
1275
1275
1275
1275
1275
1275
1275
1275
1275
1275
1275
1275
1275
1275
1275
1275
1275
1275
1275
1275
1275
1275
1275
1275
1275
1275
1275
1275
1
1341
1341
1341
1341
1341
1341
1341
1341
1341
1341
1341
1341
1341
1341
1341
1341
1341
1341
1341
1341
1341
1341
1341
1341
1341
1341
1341
1341
1341
1341
1341
1341
1341
1341
1341
1341
1378
1379
1380
1381
87
1382
1382
1382
1382
1382
1382
1382
1382
1382
1382
1382
1382
1382
1382
1382
1382
1382
1382
1382
1382
1382
1382
1382
1382
1382
1382
1382
1382
1382
1382
1382
1382
1382
1382
1382
1382
1382
1382
1382
1382
1382
1382
1382
1382
1382
1382
1382
1382
1382
1382
1382
1382
1382
1382
1382
1382
1382
1382
1382
1382
1382
1382
1382
1382
1382
1382
1382
1449
1449
1449
1449
1449
87
1455
1455
1455
1455
1455
1455
1455
1455
1455
1455
1455
1455
1455
1455
1455
1455
1455
1455
1455
1455
1455
1455
1455
1455
1455
1455
1455
1455
1455
1455
1455
1455
1455
1455
1455
1455
1455
1455
1455
1455
1455
1455
1455
1455
1455
1455
1455
1455
1455
1455
1455
1455
1455
1455
1455
1455
1455
1455
1455
1455
1455
1455
1455
1455
1455
1455
1455
1455
1455
1455
1455
1455
1455
1455
1455
1455
1455
1455
1455
1455
1455
1455
1455
1455
1455
1455
1455
1455
1455
1455
1455
1455
1455
1455
1455
1455
1455
1455
1455
1455
1455
1455
1455
1455
1455
1455
1455
1455
1455
1455
1455
1455
1455
1455
1455
1455
1455
1455
1455
1455
1455
1455
1455
1455
1455
1455
1455
1455
1455
1455
1455
1455
1455
1455
1455
1455
1455
1455
1455
1455
1455
1455
1455
1455
1455
1455
1455
1455
1455
1455
1455
1455
1455
1455
1455
1455
1455
1455
1455
1455
1455
1455
1455
1455
1455
1455
1455
1455
1455
1455
1455
1455
1455
1455
1455
1455
1455
1455
1455
1455
1455
87
1637
1637
1637
1637
1637
1637
1637
1637
1637
1637
1637
1637
1637
1637
1637
1637
1637
1637
1637
1637
1637
1637
1637
1637
1637
1637
1637
1637
1637
1637
1637
1637
1637
1637
1637
1637
1637
1637
1637
1637
1637
1637
1637
1637
1637
1637
1637
1637
1637
1637
1637
1637
1637
1637
1637
1637
1637
1637
1637
1637
1637
1637
1637
1637
1637
1637
1637
1637
1637
1637
1637
1637
1637
1637
1637
1637
1637
1637
1637
1637
1637
1637
1637
1637
1637
1637
1637
1637
1637
1637
1637
1637
1637
1637
1637
1637
1637
1637
1637
1637
1637
1637
1637
1637
1637
1637
1637
1637
1637
1637
1637
1637
1637
1637
1637
1637
1637
1637
1637
1637
1637
1637
1637
1637
1637
1637
1637
1637
1637
1637
1637
1637
1637
1637
1637
1637
1637
1637
1637
1637
1637
1637
1637
1637
1637
1637
1637
1637
1637
1637
1637
1637
1637
1637
1637
1637
1637
1637
1637
1637
1637
1637
1637
1637
1637
1637
1804
1805
1806
87
1807
1807
1807
1807
1807
1807
1807
1807
1807
1807
1807
1807
1807
1807
1807
1807
1807
1807
1807
1807
1807
1807
1807
1807
1807
1807
1807
1807
1807
1807
1807
1807
1807
1807
1807
1807
1807
1807
1807
1807
1807
1807
1807
1807
1807
1807
1807
1807
1807
1807
1807
1808
1859
87
1861
1861
1861
1861
1861
1861
1861
1861
1861
1861
1861
1861
1861
1861
1861
1861
1861
1861
1861
1861
1861
1861
1861
1861
1861
1861
1861
1861
1861
1861
1861
1861
1861
1861
1861
1861
1861
1861
1861
1861
1861
1861
1861
1861
1861
1861
1861
1861
1861
1861
1861
1861
1861
1861
1861
1861
1861
1861
87
1920
1920
1920
1920
1920
1920
1920
1920
1920
1920
1920
1920
1920
1920
1920
1920
1920
1920
1920
1920
1920
1920
1920
1920
1920
1920
1920
1920
1920
1920
1920
1920
1920
1920
1920
1920
1920
1920
1920
1920
1920
1920
1920
1920
1920
1920
1920
1920
1920
1920
1920
1920
1920
1920
1920
1920
1920
1920
1920
1920
1920
1920
1920
1920
1920
1920
1920
1920
1920
1920
1920
1920
1920
1920
1920
1920
1920
1920
1920
1920
1920
1920
1920
1920
1920
1920
1920
1920
1920
1920
1920
1920
1920
1920
1920
1920
1920
1920
1920
1920
1920
1920
1920
1920
1920
1920
1920
1920
1920
1920
1920
1920
1920
1920
1920
1920
1920
1920
1920
1920
1920
1920
1920
1920
1920
1920
1920
1920
1920
1920
1920
1920
1920
1920
1920
1920
1920
1920
1920
1920
1920
1920
1920
1920
1920
1920
1920
1920
1920
1920
1920
1920
1920
1920
1920
1920
1920
1920
1920
1920
1920
1920
1920
1920
1920
1920
1920
1920
1920
1920
1920
1920
87
2093
2093
2093
2093
2093
2093
2093
2093
2093
2093
2093
2093
2093
2093
2093
2093
2093
2093
2093
2093
2093
2093
2093
2093
2093
2093
2093
2093
2093
2093
2093
2093
2093
2093
2093
2093
2093
2093
2093
2093
2093
2093
2093
2093
2093
2093
2093
2093
2093
2093
2093
2093
2093
2093
2093
2093
2093
2093
2093
2093
2093
2093
2093
2093
2093
2093
2093
2093
2093
2093
2093
2093
2093
2093
2093
2093
2093
2093
2093
2093
2093
2093
2093
2093
2093
2093
2093
2093
2093
2093
2093
2093
2093
2093
2093
2093
2093
2093
2093
2093
2093
2093
2093
2093
2093
2093
2093
2093
2093
2093
2093
2093
2093
2093
2093
2093
2093
2093
2093
2093
2093
2093
2093
2093
2093
2093
2093
2093
2093
2093
2093
2093
2093
2093
2093
2093
2093
2093
2093
2093
2093
2093
2093
2093
2093
2093
2093
2093
2093
2093
2093
2093
2093
2093
2093
2093
2093
2093
2093
2093
2093
2093
2093
2093
2093
2093
2093
2093
2093
2093
2093
1
2265
2265
2265
2265
793
1
2271
2271
2271
2271
2271
2271
2271
2271
2271
2271
2271
488
609
2285
2286
1
2287
2287
2287
2287
2287
2287
2287
2287
2287
2287
2287
2287
2287
2300
2300
1
2303
2303
2303
2303
2303
2303
2303
2303
2303
2303
2303
2303
2316
2317
2318
87
2319
2319
2319
2319
2319
2319
2319
2319
2319
2319
2319
2319
2319
2319
2319
2319
2319
2319
2319
2319
2319
2319
2319
2319
2319
2319
2319
2319
2319
2319
2319
2319
2319
2319
2319
2319
2319
2319
2319
2319
2319
2319
2319
2319
2319
2319
2319
2319
2319
2319
2319
2319
2319
2319
2319
2319
2319
2319
2319
2319
2319
2319
2319
2319
2319
2319
2319
2319
2319
2319
2319
2319
2319
2319
2319
2319
2319
2319
2319
2319
2319
2319
2319
2319
2319
2319
2319
2319
2319
2319
2319
2319
2319
2319
2319
2319
2319
2319
2319
2319
2319
2319
2319
2319
2319
2319
2319
2319
2319
2319
2319
2319
2319
2319
2319
2319
2319
2319
2319
2319
2319
2319
2319
2319
2319
2319
2319
2319
2319
2319
2319
2319
2319
2319
2319
2319
2319
2319
2319
2319
2319
2319
2319
2319
2319
2319
2319
2319
2319
2319
2319
2319
2319
2319
2319
2319
2319
2319
2319
2319
2319
2319
2319
2319
2319
2319
2319
2319
2319
2319
2319
2319
2319
2319
2319
2319
2319
2319
2319
2319
2319
2319
87
2502
2502
2502
2502
2502
2502
2502
2502
2502
2502
2502
2502
2502
2502
2502
2502
2502
2502
2502
2502
2502
2502
2502
2502
2502
2502
2502
2502
2502
2502
2502
2502
2502
2502
2502
2502
2502
2502
2502
2502
2502
2502
2502
2502
2502
2503
2548
87
2550
2550
2550
2550
2550
2550
2550
2550
2550
2550
2550
2550
2550
2550
2550
2550
2550
2550
2550
2550
2550
2550
2550
2550
2550
2550
2550
2550
2550
2550
2550
2550
2550
2550
2550
2550
2550
2550
2550
2550
2550
2550
2550
2550
2550
2550
2550
2550
2550
2550
2550
2550
2550
2550
2550
2550
2550
2550
2550
2550
2550
2550
2550
2550
2550
2550
2550
2550
2550
2550
2550
2550
2550
2550
1
2625
2625
2625
2625
2625
2625
2625
2625
2625
2625
2625
2625
2625
2625
2625
2640
2640
2640
2640
2640
2633
2633
2633
87
2651
2651
2651
2651
2651
2651
2651
2651
2651
2651
2651
2651
2651
2651
2651
2651
2651
2651
2651
2651
2651
2651
2651
2651
2651
2651
2651
2651
2651
2651
2651
2651
2651
2651
2651
2651
2651
2651
2651
2651
2651
2651
2651
2651
2651
2651
2651
2651
2651
2651
2651
2651
2651
2651
2651
1920
634
2319
2303
903
2271
2265
2093
1341
1455
789
886
2467
2467
2467
2467
1031
1031
4
10
793
2062
2062
99
99
99
1882
1882
1045
1045
1045
496
496
496
2444
2444
2444
2444
2492
83
704
1211
722
460
460
460
460
460
460
460
460
1302
1302
2025
2025
2025
2025
1997
1997
1997
2442
2442
2442
2442
2442
2442
1184
2356
2356
2356
2356
2356
2356
2356
1064
1064
1623
1623
2167
2167
2167
2167
713
1612
1612
2240
2240
2240
2435
1911
1911
1911
760
840
840
840
128
128
128
1798
1074
1074
1074
2035
2035
2035
2034
2034
2034
71
311
311
2332
828
828
828
2624
207
207
207
207
207
207
207
207
207
207
207
207
928
928
928
928
2204
2204
61
1846
1846
2021
1490
2381
2381
1077
1129
526
526
1762
1762
1012
1012
514
514
2371
2371
173
173
173
173
173
173
173
173
173
173
173
173
173
173
173
1334
1334
170
170
170
170
170
170
170
170
170
170
170
170
170
170
170
284
284
2208
2208
2208
2210
2210
2210
2218
2218
2218
230
799
799
799
799
799
799
2280
1297
1649
1876
1876
2338
2338
2338
894
894
434
2466
2466
2466
2466
2466
1336
1361
2101
2101
1153
1521
1931
1931
1258
1258
1588
1588
1588
1892
1892
1892
946
946
946
336
336
1860
499
499
499
499
499
499
499
499
499
499
499
1135
1135
1135
1135
1944
1944
1944
2474
2474
2474
1566
1566
1566
1571
1603
2171
2171
2171
981
981
981
981
240
240
1006
1006
1006
1831
1831
639
639
2244
2244
2564
2007
2007
1870
1870
2165
2165
2165
2268
2268
2268
2268
2268
2268
1986
1986
1986
2667
1592
1530
456
456
456
456
456
456
456
456
1375
448
494
494
494
494
494
494
1177
1177
199
199
199
199
199
199
199
199
199
199
199
199
199
199
485
485
485
485
485
485
485
485
485
485
868
1908
1908
1908
530
538
527
527
1742
1924
2049
2049
2049
2049
161
161
161
161
161
161
161
161
161
161
161
57
2342
2342
232
94
1037
1037
1282
1282
1242
2668
252
252
1316
2601
1752
511
1056
1056
1056
1690
1003
1003
1003
969
969
969
969
321
321
2658
996
996
996
1168
1208
501
501
501
501
501
501
501
501
501
501
501
2118
2118
2118
1183
322
322
293
293
471
2420
2420
2420
8
2655
2655
2655
2245
2245
1366
1366
2419
2534
1365
254
254
18
1887
1887
2299
2299
2299
2299
367
2463
2463
2463
2463
1330
832
832
832
2450
2450
2450
2450
2450
1662
2446
2446
2446
2446
1905
1905
1905
2195
2195
2195
552
1025
1025
1415
2612
16
2194
2194
878
575
575
1935
1935
1935
1227
611
611
611
2018
2018
2637
2637
2298
2298
2346
2346
1469
2260
2260
2019
2019
303
303
608
608
608
2295
2295
2295
2295
363
363
363
363
539
1301
1301
2182
2182
721
844
844
844
479
479
479
479
479
479
479
479
465
465
465
465
465
465
465
465
465
2106
2106
632
632
246
246
340
340
350
350
1978
1978
1978
775
775
775
768
768
1294
1294
462
462
462
462
462
462
462
462
2563
2563
2563
2563
2563
2693
1477
1477
1250
1233
156
156
156
156
156
156
156
156
1416
1541
1541
2212
2212
2212
1941
1941
2169
2169
2169
1222
317
317
123
123
653
653
653
653
836
836
836
836
836
194
194
194
194
194
194
194
194
194
194
194
194
194
194
1071
1071
1910
1910
1910
116
116
116
1280
1116
949
949
949
1980
1980
1574
2050
2050
2050
507
1352
1352
1352
2541
2163
2163
2163
1489
160
160
160
160
160
160
160
160
160
160
160
1516
1516
1226
1226
1226
1226
1226
2571
432
432
432
432
432
432
432
432
432
432
588
1700
423
423
423
423
423
2224
2224
2224
275
275
2294
705
239
239
1602
724
724
1572
1572
316
316
1825
1825
208
208
208
208
2496
2377
2377
2516
2516
2516
2516
2516
2516
2516
2516
2516
2516
2516
525
525
890
890
2595
2129
2129
2423
2441
2441
2441
2441
424
424
424
424
424
500
500
500
500
500
500
500
500
500
500
500
1878
1878
195
195
195
195
195
195
195
195
195
195
195
195
195
195
195
441
441
984
984
984
70
115
115
2184
2184
289
289
289
1933
1933
1933
563
1089
1089
1089
810
810
810
813
813
813
1418
1373
596
815
815
815
2465
2465
2465
2465
2465
2465
1016
1016
1016
973
973
973
973
2462
2462
2438
2438
2438
2438
1263
1268
182
182
182
182
182
182
182
182
182
182
182
182
182
2097
2097
2602
616
616
132
132
320
320
320
118
118
118
1207
110
110
110
1069
1069
126
126
126
1918
1918
1066
1066
2414
2414
2414
2414
701
105
105
105
105
1883
1883
264
264
1996
1996
1996
1996
2258
2258
2258
1015
1015
481
481
481
481
481
481
481
481
1687
1687
610
610
610
1169
957
957
957
940
940
940
2616
2616
1018
1018
1018
2235
2235
2088
1562
1562
2189
2189
2269
767
2173
2173
1295
1295
1295
1164
1164
2690
2692
1287
1287
1287
249
249
255
255
1198
1198
2375
2375
1610
1610
812
812
812
1269
1269
2250
2250
1187
2556
2556
279
279
822
822
822
822
2001
2001
251
251
1220
1220
1220
2264
1743
2156
2156
2156
1308
587
1167
2096
2096
2200
2200
2200
237
237
237
290
290
2573
1408
1564
1564
1564
1564
1749
306
306
512
1999
1999
1999
1902
1902
1902
1912
1912
427
427
427
427
427
427
427
427
427
427
2241
2241
2673
2673
2673
2635
1891
1891
1891
1891
1194
1194
139
2147
2147
2147
2147
2557
2557
2557
935
935
935
1568
1568
2437
2437
2437
2437
2437
2437
1576
1954
1954
2107
2107
2107
2257
2257
2257
151
312
312
379
379
379
379
379
1983
1983
1983
1589
1589
2153
2153
2153
1050
1050
654
654
654
492
492
492
1019
277
277
418
418
418
418
418
1057
1057
1057
1946
1946
1946
2300
2300
2300
2300
2300
272
272
619
619
2273
2273
806
806
2082
206
206
206
206
206
206
206
206
206
206
206
206
206
1526
1929
1929
1929
1013
1013
1991
1991
533
285
285
551
2455
2455
2455
2455
2455
1565
1565
1565
1353
131
131
131
168
1014
1014
1079
1079
2357
2357
2357
2357
2357
2449
2449
2449
2449
2449
845
1272
1949
1949
1949
2006
2006
2697
2697
2697
2697
2697
519
1286
777
6
1523
827
827
827
113
113
1665
1428
1428
1428
1428
1428
1428
1428
1428
2070
2070
2070
1531
1219
1219
1219
2296
2296
2296
2296
2296
258
258
1134
1134
1134
1134
1134
1134
1134
163
933
933
933
1699
915
915
1844
1844
1844
1844
1844
1844
1844
1844
1844
1844
1844
389
1899
1899
1899
2660
609
609
1059
2536
2206
2206
2206
1890
1890
1890
2046
2046
274
274
1606
1606
14
2047
2047
2047
2047
2688
2666
1447
1447
393
1360
1360
1251
2308
2308
958
958
958
1245
1245
2689
2689
2689
1957
1957
147
147
147
147
147
147
147
147
506
2185
2185
21
1994
1994
1994
1994
351
351
926
926
51
51
2131
2131
76
482
482
482
482
482
482
482
482
624
624
918
918
2078
2078
2459
2459
171
2638
231
231
231
231
2495
304
304
2475
2475
2475
889
889
1001
1001
1001
1267
1267
443
443
1431
1431
1431
1431
1431
1431
1431
1431
2417
2417
2417
1744
234
234
234
234
175
1370
1370
2436
756
756
2560
2560
2560
2560
2560
2281
2281
2281
2281
2281
2281
941
941
941
451
585
585
1255
531
1569
1569
2060
2060
1647
1472
1472
1472
1472
1472
1474
1474
1238
2095
2095
1919
1919
986
96
96
96
96
96
495
495
495
495
614
2203
2203
2203
2576
2452
2452
2452
2452
2452
2634
356
356
356
360
360
360
360
360
2685
1534
1534
1534
2671
2671
2671
2671
2671
2671
2671
2671
2671
2671
2671
184
184
184
184
184
184
184
184
184
1965
1965
2255
2255
2255
2582
1639
508
339
339
1078
1078
455
455
455
455
455
529
2380
2051
2051
2051
1329
548
133
133
133
2691
2691
472
472
472
472
472
472
472
472
146
1937
1937
1179
1179
642
1419
2099
2099
2099
549
187
187
187
187
187
187
187
187
187
1128
1128
2347
2347
2347
2116
2116
2116
1202
1577
1617
2036
2036
2036
248
248
2198
2198
2198
2198
2433
2433
2433
150
150
150
150
150
150
150
150
222
222
222
222
222
1009
1009
1009
1927
1927
2460
2460
1990
1990
1990
283
283
82
816
816
816
772
772
100
100
100
100
2251
2251
1044
2604
1022
1022
2696
2696
1897
1897
1041
1041
1041
1270
618
618
2211
2211
2211
2065
2065
2065
2065
2065
607
607
607
607
2310
1874
1874
879
976
976
976
976
1197
1299
2040
2040
2040
2393
2393
2470
2470
2470
2470
2125
2125
143
450
988
988
988
988
2574
140
2344
2344
1948
1948
1948
2575
743
1122
1432
1432
1432
1432
1432
1432
1432
1432
1432
1432
1281
1281
142
205
205
205
205
205
205
205
205
205
436
436
436
436
436
436
436
1584
1644
1007
1007
1007
2103
2103
2103
2213
2213
2213
1055
1055
1055
1271
1271
1271
1889
1889
1889
326
326
1880
1880
834
834
834
1766
453
453
612
476
476
476
476
476
476
476
476
476
862
228
228
228
228
663
663
663
663
663
663
1017
1017
1017
2017
2399
2399
2399
202
202
202
202
202
202
202
202
202
202
202
202
202
202
202
202
202
1339
2469
2469
2469
2469
2469
2469
2469
960
960
960
521
521
2126
2126
1033
1033
2120
2120
2120
1132
1868
1868
2237
2237
2237
2121
2121
2121
2045
2045
509
965
965
965
965
993
993
993
1879
1879
1915
1915
835
835
835
835
959
959
959
629
2024
2024
2024
2024
2024
1761
1761
309
309
1955
1955
584
963
963
963
1618
1618
2239
2239
2239
1486
2253
2253
545
2448
2448
2142
2142
318
318
1273
65
2588
2588
390
390
1755
613
613
1313
2181
2181
621
621
2485
2485
2485
2485
1691
1331
1331
429
429
429
429
429
1052
1052
2039
2039
2039
430
430
430
430
1091
2401
2401
2401
1942
1942
2491
2491
2491
2491
2491
2491
2491
46
2159
2159
2159
333
333
298
298
31
31
31
31
2379
2064
2064
2064
2064
2064
1324
2187
2187
2598
2066
2066
2066
2066
2066
2593
1310
1357
938
938
107
107
370
250
250
148
300
300
229
1395
1540
1335
1328
1328
233
1138
1138
1138
1138
1138
1138
1279
1376
435
435
435
435
435
839
839
839
457
457
457
457
457
457
457
457
2670
847
847
847
847
513
145
917
917
2490
1881
1881
2161
2161
2161
2504
2504
2504
1537
1537
1971
2331
474
1425
1425
1425
1425
1425
1425
1425
1425
1598
1283
1819
2015
2015
667
667
667
667
667
667
1176
1176
1176
1750
1514
1514
1514
50
932
932
117
117
999
999
999
125
125
125
1885
1885
2179
2179
359
2032
2032
982
982
2472
2472
2472
2472
1061
1061
2388
2388
2461
2461
2461
2461
2461
2429
2429
2429
662
1579
2132
2132
223
223
223
223
223
428
428
428
428
1951
1951
1951
1567
1567
1524
2498
2498
2498
962
962
962
962
1193
1193
1193
79
2079
2079
808
808
808
1713
2098
2098
478
478
478
478
478
478
478
478
1895
1895
1833
282
282
625
625
805
2247
2247
122
122
122
2416
2416
2416
2416
2416
638
964
964
964
2176
2176
2154
2154
2154
135
135
135
135
135
135
2359
2359
2672
2672
490
490
490
637
848
1828
1828
1894
1894
1894
2471
174
75
1023
1023
1754
2600
2600
47
1223
1223
1223
1223
1223
1223
1223
1628
2443
2443
2443
2443
2443
739
2175
2175
45
1970
2158
2158
2158
2351
2351
2351
2351
2351
2351
2425
2067
2067
2067
2067
2067
1716
362
241
241
2061
2061
238
238
238
628
628
106
106
106
106
106
2701
265
265
1483
1748
2056
2056
1236
1590
1590
2537
2537
2537
2581
1081
1081
1081
313
313
1864
1864
626
626
2003
2003
936
936
936
936
2345
2345
740
2487
2487
1035
1035
1706
2134
2134
1517
1517
2562
452
452
452
452
1535
1535
1535
257
257
1060
1060
821
821
821
821
1337
1337
1337
1337
778
757
757
484
484
484
484
484
484
484
484
484
1005
1005
1005
1036
1036
1036
1036
781
781
781
1866
1866
1738
1928
1928
2599
1936
1936
1936
831
831
831
2337
2337
2337
2337
84
84
1155
63
937
937
937
937
1710
1710
1032
1032
1650
1837
1871
1871
2657
1312
2234
2234
2605
153
153
153
153
153
153
153
153
1597
1237
1660
68
2104
2104
2041
2041
2041
1180
1180
488
488
488
488
1123
1126
235
235
235
235
1972
2279
2279
2052
2052
2052
2117
2117
2117
1253
1958
2114
2114
664
664
664
664
664
664
1585
2422
677
677
677
677
677
677
677
1021
2193
2193
193
193
193
193
193
193
193
193
193
193
193
193
193
193
1244
1244
1884
1884
59
2076
2076
281
281
2059
2059
1907
1907
2004
2004
217
217
217
217
572
572
572
572
572
1586
1586
2669
361
830
830
830
1314
335
335
2186
2186
2222
2222
2222
190
190
190
190
190
190
190
190
190
190
190
913
1962
20
1594
1594
288
288
2353
2353
78
706
1182
2428
2428
2428
2128
2128
2633
2633
2633
2633
2633
2633
2633
2633
2633
2633
2633
2633
2633
2633
2633
2633
2633
1969
1969
605
605
605
1689
1689
2700
2031
2031
2031
1940
1940
1186
2075
2075
1512
1512
1512
1512
2458
2458
1607
498
498
498
498
498
498
498
498
498
498
2350
2350
2350
2196
2196
2196
1289
1865
1865
55
2410
2410
2410
1803
2355
2355
2355
2355
2355
425
425
425
425
425
995
995
995
301
301
136
2219
2219
2219
2219
2261
2261
880
880
880
2009
1629
1040
916
226
1906
1906
1196
1698
1070
1070
1688
1688
2166
2166
2166
2166
1195
1195
1932
1932
1030
1030
1581
355
355
355
355
2661
1127
1127
1127
1127
1127
1127
1127
1635
2440
2440
800
800
1780
80
1532
1372
1372
2519
1067
1067
1422
331
331
2092
201
201
201
201
201
201
201
201
201
201
477
1393
1587
1587
1587
991
991
991
1525
2146
2146
2146
2146
2044
2044
1702
2383
2383
676
676
676
676
676
676
676
1527
466
466
466
466
466
466
466
466
466
466
188
188
188
188
188
188
188
188
188
188
1476
1476
1440
1440
1440
459
459
459
459
459
459
459
459
459
468
468
468
468
468
468
468
468
468
1636
755
826
826
826
977
977
977
447
447
447
447
447
447
447
447
447
447
447
447
447
447
447
447
447
447
1976
1976
1976
1829
1829
1423
1423
1423
1423
1423
2191
2191
1414
2589
2589
2073
2073
2073
818
818
818
1004
1004
1004
185
185
185
185
185
185
185
185
185
1703
77
324
324
25
1396
338
338
2228
2228
1848
22
22
2135
2135
590
2113
2113
1437
1437
1437
1437
420
420
420
420
420
420
420
420
420
420
1869
1869
1869
568
568
568
568
1424
1424
1424
1424
1424
1424
1424
1424
81
1956
1956
166
2188
2188
2439
2439
2439
2439
1438
1137
2139
2139
1533
1533
2387
1630
332
332
458
458
458
458
458
458
458
458
458
773
773
773
1998
1998
1998
1709
1709
270
270
1259
1259
2587
2587
2591
2591
1039
1039
1039
1570
1570
2263
62
2214
2214
2214
2111
2111
838
838
838
838
2254
2254
2254
1745
2583
329
329
536
1985
1985
1985
535
1163
2367
1664
1063
1063
1707
346
346
346
101
101
101
101
617
2609
2609
622
622
983
983
983
983
983
1189
2703
438
438
438
438
1355
1355
192
192
192
192
192
192
192
192
192
192
192
192
192
2069
2069
2577
377
377
377
377
377
377
1841
2091
912
912
392
392
803
803
1747
1952
1952
42
1172
2055
2055
2055
1117
823
823
823
823
823
440
440
2632
640
640
640
2307
130
130
130
1519
503
503
503
2162
2162
2162
2494
961
711
966
966
966
2622
186
186
186
186
186
186
186
186
186
186
186
186
186
177
943
943
2108
2108
1987
1987
1987
1318
261
261
829
829
829
1945
1945
1945
2155
2155
2155
1034
1034
1034
1034
2022
1760
2199
2199
2199
2199
1765
437
437
437
437
437
437
437
2010
2010
2445
2445
2445
719
719
1332
1090
1090
1659
586
2521
1930
1930
1963
1867
1867
1593
1753
1959
1992
1992
1190
801
801
1136
1136
1136
1136
1225
606
606
606
1967
1369
562
562
562
562
2151
2151
2151
2343
2343
444
444
2068
2068
2068
2068
2068
790
221
221
221
221
221
221
330
330
967
967
967
967
1028
1028
978
978
978
353
353
945
945
945
1711
1975
1975
1975
1975
567
567
487
487
487
487
487
487
487
487
487
528
375
375
375
375
375
375
375
375
1583
2143
2143
1847
2687
204
204
204
204
204
204
1809
1809
1809
769
994
994
994
2348
2348
2348
319
319
2217
2217
2217
2456
2456
2456
2456
2456
540
1367
141
141
141
141
141
141
141
141
738
426
426
426
426
1377
1377
1377
431
431
431
431
23
54
1751
2533
1191
1249
627
627
1849
1849
1849
325
325
357
357
357
1188
307
307
553
553
108
108
108
112
112
112
510
1463
305
305
1248
1149
2484
2484
1488
518
180
1311
897
897
897
897
897
897
297
297
2341
2341
64
1354
1354
2362
2623
2623
2623
1622
504
348
348
463
463
463
463
463
463
463
463
2447
2447
2447
2619
2619
2619
12
247
247
164
164
164
164
164
164
164
164
164
164
164
164
164
2000
2000
1863
1863
1863
1863
446
2145
2145
2145
2145
2152
2152
2405
2405
2405
159
159
159
159
159
159
159
159
388
2282
2282
2282
2282
2282
2282
2457
2457
2457
2457
2457
1363
256
256
480
227
1317
655
655
655
517
972
972
2242
2242
1364
1364
1082
103
103
310
310
2434
1487
203
203
203
203
203
203
203
203
203
203
203
266
266
702
1178
1178
2205
2205
2205
631
631
1877
1877
1151
641
1133
1133
1133
1133
1133
72
1303
1368
1368
302
302
2229
2229
1875
1875
2071
2071
2071
1171
819
819
819
2236
2236
2236
2413
2413
1872
1872
2421
2421
2421
953
953
953
863
534
121
121
121
224
1062
1062
1822
1822
1822
1822
1822
1822
1822
1822
1822
1822
1822
1054
1054
970
970
970
2028
2028
2028
439
439
439
439
439
439
439
439
439
439
439
439
439
1845
1845
2391
2391
2391
74
811
811
811
1390
1390
1390
1390
1390
1390
1390
1390
1390
1390
1390
1390
1390
1390
2115
2115
218
218
218
218
218
2374
2148
2148
2148
2373
1966
2112
2112
1051
1051
1296
1296
2340
2340
911
911
2225
2225
200
200
200
200
200
200
200
200
200
200
200
200
200
200
200
280
280
956
956
956
980
980
980
980
1830
391
2483
2483
1528
2178
2178
2684
2309
2309
2309
1824
2334
2603
2603
985
985
985
985
985
985
2027
2027
2027
2027
149
516
1634
759
2522
2500
2500
24
952
952
952
1043
1043
1043
1073
1073
2659
1130
1130
1130
1130
1130
1130
1130
1130
1130
1130
1130
1130
1130
1027
1027
1405
314
314
1764
2053
2053
1234
2084
2084
2084
215
215
215
215
215
215
215
215
215
1076
1076
2014
2014
1058
604
604
1319
1705
210
210
210
210
210
522
522
491
491
491
2572
1068
1068
2517
1326
2621
2621
2259
2259
2259
873
873
1988
1988
1988
2038
2038
2038
2085
2085
2085
537
2063
2063
2662
1430
1430
1430
1430
1430
1430
1430
1430
2072
211
211
211
211
211
211
2615
2615
1235
927
927
931
475
475
475
475
475
475
475
475
475
1320
138
138
138
138
138
138
138
138
1903
1903
2454
2454
2454
2454
2454
820
820
820
820
820
820
820
1256
1256
1256
137
2232
2232
2613
2613
2532
2532
2532
2532
2532
2532
2532
2532
2532
2532
2532
998
998
998
1261
1261
1916
1916
1436
1436
1436
1436
1436
1436
1436
1436
1436
1436
2262
1692
543
543
1029
1029
1435
1435
1435
1953
1953
262
262
1209
1209
2664
343
343
343
1740
1740
2394
2394
2394
620
1264
1515
1515
486
486
486
486
486
486
486
486
1580
1708
1708
2246
2246
2415
2415
2415
2415
2415
2415
2415
473
473
473
473
473
473
473
473
2137
2137
2297
2297
2297
2297
2297
2089
2089
841
841
841
1321
1759
2141
2141
1441
1441
1441
1441
1441
1441
1441
1441
1441
1441
1441
1441
2005
2005
154
2140
2140
2592
2592
2389
2389
2389
2389
1943
1943
1989
1989
1989
102
102
102
102
198
198
198
198
198
198
198
198
1115
1115
1115
1115
1115
2043
2043
2043
2083
2083
2083
1454
1454
1454
1454
1454
1454
1739
1739
196
196
196
196
196
196
196
196
196
196
196
196
196
196
1896
1896
1896
2385
1298
1298
1433
1433
1433
1433
1433
1433
1433
1433
1433
1433
2087
2430
2231
2231
2275
2275
2216
2216
2216
968
968
968
968
761
1399
327
327
2594
2594
2499
1977
1977
1977
2138
2138
1909
1909
1909
1909
2209
2209
2209
323
323
623
347
347
191
191
191
191
191
191
191
191
191
191
191
2584
2704
497
497
497
497
497
497
497
951
951
951
2086
2086
2086
2431
287
287
1053
1053
276
276
774
774
774
774
1323
1323
804
1340
1257
1257
2177
2177
273
273
291
291
846
846
846
846
2026
2026
2026
2026
758
758
2249
2249
975
975
975
334
334
1325
1325
2349
2349
2349
1578
85
2149
2149
2149
837
837
837
837
720
124
124
742
2100
2100
2252
2252
2136
2136
269
269
1485
219
219
219
219
219
219
219
1763
1763
2518
178
668
668
1121
1538
1538
1002
1002
1002
1374
1834
2144
2144
220
220
220
220
220
220
1886
1886
2057
2057
1529
295
295
2160
2160
2160
1084
1084
2201
2201
2201
987
987
987
987
1827
989
989
421
520
1778
1358
1358
2365
2365
1371
2549
2266
43
2105
2105
954
954
954
2386
971
971
152
1522
2130
2130
66
2497
703
703
703
176
176
176
176
176
176
176
176
176
176
176
176
176
792
792
792
792
792
792
2412
2412
1042
1042
1042
2432
2432
2432
1429
1429
1429
1429
1429
1429
1429
1429
189
189
189
189
189
189
189
2233
2233
2464
2464
2464
2464
2464
2464
546
1832
2174
2174
2174
1000
1000
1000
2192
2192
2614
97
716
1737
1464
1464
1464
1464
2520
708
2227
2227
2227
1038
44
1631
1174
1397
1426
1426
1426
1426
1426
1426
1426
1426
1426
129
129
129
1241
2336
1620
1620
1974
1974
1974
1974
1563
1563
2702
419
419
419
419
419
419
419
419
419
419
1362
1362
344
344
344
556
1712
2493
2493
710
1600
2480
2480
2480
373
578
578
2123
2123
2123
2293
2293
2611
2611
292
292
550
2361
1513
1513
1513
1901
1901
1802
1873
1873
2453
2453
2453
2453
2453
162
364
364
2127
2127
1466
2403
2403
2403
2607
2607
1595
955
955
955
1893
1893
1893
2586
2586
2054
2054
212
212
212
212
2597
2597
296
296
2048
2048
2048
2048
544
544
244
244
2102
2102
165
1170
2202
2202
2202
2473
337
337
2665
2042
2042
2042
1484
948
948
948
1624
1801
541
2620
1696
245
245
157
157
157
157
157
157
1185
167
167
167
167
167
167
167
167
167
167
167
167
167
2077
2077
2663
308
308
2578
2333
1757
833
833
833
1252
763
2451
2451
2451
2451
2451
1024
1024
2408
2408
2408
1661
1900
1900
2418
633
1243
1243
1243
2080
2080
259
259
243
243
2482
2482
2482
2482
1072
1072
542
542
2011
2011
2248
2248
2369
2369
741
1160
1160
1160
467
467
467
939
939
939
939
939
2274
2274
1968
1968
2168
2168
2168
2168
464
464
464
464
464
464
464
464
464
2335
2335
2335
67
352
352
990
990
56
2368
824
824
824
824
1088
1088
1088
1088
1088
1088
1088
1518
1518
1960
1960
809
809
294
294
1643
947
947
947
712
489
489
489
489
489
489
489
489
489
780
780
780
2221
2221
2221
2221
422
422
422
422
2008
268
268
268
807
807
2579
454
2164
2164
2164
1239
1539
979
979
979
1333
1065
1065
2606
2606
2606
2606
2606
2606
2606
770
770
53
225
225
225
225
843
843
843
1421
2481
119
119
502
502
502
502
502
502
502
502
502
502
502
502
502
502
395
1173
461
461
461
461
461
461
461
461
1262
2352
2352
2352
2352
2352
2352
2352
1240
2124
2124
111
111
1973
1973
1973
1973
942
1125
1913
1913
1961
1961
181
158
158
158
158
158
158
2311
2002
2002
2002
2501
2501
1417
630
630
73
1260
2354
2354
341
341
341
433
2119
2119
2119
1080
1080
1080
236
236
236
236
236
593
354
354
354
354
802
802
1274
1274
120
120
469
469
469
469
469
469
1964
1964
1327
842
842
1769
1938
1938
1075
1075
1075
214
214
214
214
214
214
214
576
576
1697
2122
2122
2122
278
278
2390
2390
2390
2390
2390
183
183
183
183
183
183
183
172
817
817
817
260
260
2610
2610
1604
1604
1925
1925
1925
52
1923
1923
1923
1923
754
1981
1981
1981
1609
2033
2033
2033
109
109
547
1591
1591
253
253
2223
2223
2223
524
2585
2585
2585
2585
2585
2585
2585
2585
2585
2585
2585
924
924
104
104
104
104
104
114
114
114
271
271
1427
1427
1427
1427
1427
1427
1427
1427
1427
69
267
267
1756
1934
1934
884
1853
2243
2243
2407
2407
60
1939
1939
315
315
1434
1434
1434
1434
1434
1434
1434
1434
1434
1434
1434
1434
2013
2180
2180
1322
2559
1413
1695
997
997
997
1741
1741
2426
2426
2426
1898
1898
1979
1979
1979
155
2476
2476
2476
144
144
144
144
144
144
144
144
1020
1020
1888
1888
2012
2074
2074
2074
577
577
345
345
345
328
328
2256
2256
2256
1826
1826
2479
2479
2479
209
209
209
209
209
867
867
2110
2110
2110
242
242
1131
1131
1995
1995
1995
1995
1011
1011
127
127
127
874
1823
1823
2363
2363
2081
2081
1254
2220
2220
2220
2220
2468
2468
2468
2468
1356
1356
1356
1926
1926
1926
1779
2058
2058
2109
2109
2109
1782
470
2590
2590
2590
505
2157
2157
2157
599
2608
2608
1573
2029
2029
2029
2226
2226
661
992
992
992
1800
914
914
914
1008
1008
1008
2339
2339
2339
483
483
483
483
483
483
483
483
483
554
554
2398
2398
665
665
665
665
665
665
665
1420
1420
1420
1420
1420
1420
1984
1984
1984
1181
1914
1914
1309
2207
2207
2207
1821
2396
2396
2396
286
286
532
1536
1536
929
929
26
1468
1704
825
825
825
825
1359
48
888
888
615
615
1701
2424
197
197
197
197
197
197
197
197
197
197
197
197
197
197
197
2133
2133
944
944
944
1582
1520
358
1083
1613
2230
2230
1010
1010
1162
263
263
299
299
1950
1950
1950
1982
1982
1982
445
445
1947
1947
1947
950
950
950
1993
1993
1781
1293
1293
1293
1293
1293
1293
1293
1293
1293
1293
1293
1293
1439
1439
1439
1439
1439
1439
1439
2197
2197
2197
2197
349
349
1605
1815
515
515
934
934
934
2215
2215
2215
1658
1663
1192
1448
1247
1693
2596
1394
1394
555
555
555
1758
1467
930
930
1304
2030
2030
2030
2306
896
896
896
896
896
896
98
98
98
98
1026
1026
2580
2190
2190
2486
2486
523
1575
2170
2170
2170
2358
2358
493
493
2037
2037
2037
974
974
974
1904
1904
442
442
718
1315
1306
814
814
814
169
2183
2183
2238
2238
2238
1175
2016
49
666
666
666
666
666
666
666
179
179
179
179
179
179
179
179
179
179
179
179
179
342
342
1402
1338
1338
1843
213
213
213
213
1300
1300
1300
1300
1300
1300
1300
1300
1300
1300
1300
1300
2150
2150
2150
394
2020
58
2427
2427
2427
2023
2023
2023
2023
2023
2172
2172
771
771
771
895
709
1246
1246
134
134
134
134
134
134
723
2321
691
1097
2630
571
796
2272
697
699
906
415
690
2324
2324
412
1462
887
2503
696
686
698
1106
2094
558
1452
684
1383
1921
1343
687
694
1105
1158
908
93
909
909
1862
2330
689
1808
656
794
657
2648
2649
2649
2649
2649
2650
898
898
898
898
680
901
901
901
901
2270
1093
2283
2283
2283
2283
670
670
2284
2284
2284
2284
671
