2
3
4
5
6
7
8
9
10
11
12
13
14
15
16
17
18
19
20
21
22
23
24
25
26
27
28
29
30
31
32
33
34
35
36
37
38
39
40
41
42
43
44
45
46
47
48
49
50
51
52
53
54
55
56
57
58
59
60
61
62
63
64
65
66
67
68
69
70
71
72
73
74
75
76
77
78
79
80
81
82
83
84
85
86
87
88
89
90
91
92
93
94
95
97
98
99
100
101
102
103
104
105
106
107
108
109
110
111
112
113
114
115
116
117
118
119
120
121
122
123
124
125
126
127
128
129
130
131
132
133
134
135
136
137
138
139
140
141
142
143
144
145
146
147
148
149
150
151
152
153
154
155
156
157
158
159
160
161
162
144
145
166
167
168
169
170
171
172
173
174
175
176
4
125
13
15
42
3
16
4
18
18
126
12
103
14
10
8
145
155
10
9
19
18
126
10
34
35
19
5
13
40
10
41
10
9
10
18
4
13
7
18
139
44
43
4
17
15
10
11
9
10
50
49
32
31
10
3
16
4
13
128
106
15
18
9
68
41
13
128
10
4
24
55
3
4
17
22
45
54
10
23
122
4
9
144
143
149
28
15
9
144
125
130
144
142
13
7
113
23
24
20
21
6
12
22
4
14
19
5
97
15
163
158
7
123
2
48
10
4
11
11
15
15
10
4
21
10
10
13
129
126
46
47
4
25
13
18
126
10
7
9
54
9
157
140
155
13
5
163
163
163
