1
2
2
2
2
2
2
2
2
2
2
2
2
2
2
2
1
18
18
18
18
18
24
25
25
25
25
25
25
25
25
25
25
25
25
25
25
25
25
25
25
25
25
25
25
25
25
25
25
25
25
25
25
25
25
25
25
25
25
25
25
25
25
25
25
25
25
25
25
25
25
25
25
25
25
78
79
79
79
79
79
79
79
79
79
79
79
79
92
93
93
93
93
93
93
93
93
93
93
93
93
93
93
93
93
93
1
111
111
111
111
111
111
111
111
111
111
111
111
111
111
111
111
111
111
111
111
111
111
111
111
111
111
111
111
111
111
111
111
111
111
111
111
111
111
111
111
111
111
111
111
111
111
111
111
111
111
111
111
111
111
111
111
111
111
111
111
111
111
111
111
111
111
111
111
111
111
111
111
111
111
111
111
111
111
111
111
111
111
111
111
111
111
111
111
111
111
111
111
111
111
111
111
111
111
111
111
111
111
111
111
111
111
111
111
111
111
111
111
111
111
111
111
111
111
111
111
111
111
111
111
111
111
111
111
111
111
111
111
111
111
142
246
142
248
175
250
177
252
179
254
181
256
184
258
186
260
188
262
189
264
192
266
203
268
207
270
210
272
213
274
216
276
219
278
221
280
224
282
228
284
230
286
232
288
234
290
234
292
111
294
294
294
294
294
294
294
111
302
302
302
111
306
306
306
1
310
310
310
310
310
1
316
316
316
316
316
316
316
316
316
1
326
326
326
326
326
326
326
326
326
326
326
326
326
326
326
326
326
326
326
326
326
326
326
326
326
326
326
326
326
326
326
326
326
326
326
326
326
326
326
326
326
326
326
326
326
326
326
326
326
326
326
326
326
326
326
326
326
326
326
326
326
326
326
326
326
326
326
326
326
326
326
326
326
326
326
326
326
326
326
348
406
326
408
408
408
408
408
408
408
408
408
408
408
408
408
408
408
408
408
408
408
408
408
408
408
408
408
408
434
434
434
434
438
439
409
441
410
443
412
445
412
447
418
449
420
451
421
453
422
455
424
457
426
459
326
461
461
461
461
461
461
1
468
468
468
468
468
468
468
468
468
468
468
468
468
481
481
481
468
485
485
485
485
485
485
92
492
492
492
492
492
492
492
500
501
497
503
474
505
506
507
507
1
508
508
508
508
508
508
508
508
508
508
508
508
508
508
508
508
508
508
508
508
24
529
529
529
529
529
529
529
529
529
529
529
529
529
529
529
529
529
529
529
529
529
529
529
529
529
529
529
24
557
557
557
557
557
557
557
557
557
557
557
557
557
557
557
557
557
557
557
557
557
557
557
557
557
557
557
557
557
557
557
557
557
557
557
557
557
557
557
557
557
557
557
557
557
557
557
557
557
557
557
557
557
557
557
557
557
557
557
557
557
557
557
557
557
557
557
557
557
557
557
557
557
557
557
557
557
557
557
557
557
557
557
557
557
557
557
557
557
557
557
557
557
557
557
557
557
557
557
557
557
557
557
557
557
557
557
557
557
557
557
557
557
557
557
557
557
557
557
557
557
557
557
557
557
557
557
557
557
557
557
557
557
557
557
557
557
557
557
557
557
557
700
701
701
701
701
704
706
701
708
708
709
1
712
712
712
1
716
716
716
716
716
716
716
716
716
716
716
716
716
716
716
716
716
716
78
735
735
735
735
735
735
735
735
735
735
735
92
747
747
747
747
747
747
747
747
747
747
747
747
747
747
747
747
747
747
752
766
1
768
768
768
768
768
768
768
768
768
768
768
768
768
768
768
768
768
768
768
768
768
768
768
768
768
768
768
768
768
768
768
768
768
768
768
768
768
768
768
768
768
768
768
92
812
812
812
812
812
812
812
812
812
812
812
812
812
812
812
812
812
812
812
812
812
812
812
812
812
812
812
812
812
812
812
812
812
812
812
812
812
812
812
812
812
812
812
812
812
812
812
812
812
812
812
812
812
812
812
812
812
812
812
812
812
812
819
875
835
877
855
879
856
881
873
883
812
885
887
888
888
888
888
888
888
888
888
888
888
888
888
888
888
888
888
888
888
888
888
888
888
888
888
888
888
888
888
888
888
888
888
888
888
888
888
888
888
888
888
888
888
918
931
888
933
933
888
936
936
888
939
939
888
942
942
942
942
942
942
942
947
950
950
953
954
954
954
954
954
954
954
961
954
963
963
963
963
963
963
963
963
92
972
972
972
972
972
972
972
972
972
972
972
972
972
972
972
972
972
972
972
972
972
972
972
972
972
972
972
972
972
972
972
972
972
972
972
972
972
972
972
972
972
972
972
975
1016
1012
1018
1014
1020
972
1022
1022
1013
1026
1013
247
1012
99
97
97
485
111
768
735
302
2
2
306
86
86
86
86
86
86
86
86
86
86
86
86
38
38
38
38
38
184
184
184
72
72
72
72
102
150
150
150
150
915
613
767
792
550
550
14
522
283
696
161
347
347
618
618
70
70
70
70
253
240
240
41
41
41
179
179
179
179
179
219
219
219
162
772
660
660
386
647
383
1008
1008
584
616
569
856
856
856
807
951
778
97
746
746
755
83
175
175
175
175
175
73
73
73
73
73
873
873
873
32
32
209
209
209
209
209
649
200
200
257
853
853
853
853
847
847
847
774
849
849
424
424
475
475
970
835
835
835
835
835
267
267
267
761
740
740
949
644
40
40
658
920
663
544
544
544
544
142
142
142
142
142
142
142
142
142
142
142
142
142
142
142
142
142
142
142
142
67
67
67
67
67
982
349
579
653
940
912
912
603
516
869
869
709
709
941
801
204
204
440
440
440
440
440
19
542
542
542
50
50
50
50
362
620
154
154
154
154
582
929
929
929
929
929
929
929
929
929
929
929
929
929
929
60
60
60
60
60
60
166
520
59
59
59
59
359
54
54
54
54
54
220
220
1024
947
68
68
68
68
357
30
30
917
450
177
177
177
177
177
177
289
770
908
224
224
157
242
242
242
242
195
195
374
837
53
53
53
53
53
53
53
53
53
53
53
845
845
845
541
541
541
414
297
297
360
514
63
63
63
63
990
497
497
261
61
61
61
61
524
969
969
969
969
187
187
203
203
804
420
420
420
420
472
90
47
143
143
143
143
555
385
385
385
385
385
385
805
367
477
477
353
208
208
418
418
418
418
776
417
191
191
191
448
232
232
232
458
214
214
251
806
543
543
1011
69
69
69
69
69
495
495
808
499
932
923
309
309
1014
1014
1014
467
15
172
172
172
172
172
172
172
840
840
840
840
840
375
49
49
49
476
149
149
149
149
149
149
149
149
149
164
164
867
867
867
867
867
867
867
867
239
239
239
31
31
144
144
144
144
779
600
600
732
850
479
479
479
479
479
479
662
56
56
56
56
480
480
480
480
480
480
480
756
255
614
213
213
55
55
320
320
320
539
539
539
148
148
148
148
552
552
645
188
188
188
188
188
430
430
430
430
430
430
430
159
490
651
384
366
376
207
207
419
419
419
419
358
489
971
971
971
271
605
369
438
438
304
304
304
304
642
642
742
986
617
617
199
199
547
547
547
547
858
858
858
858
858
858
983
987
987
657
212
212
212
715
715
715
715
715
919
919
546
546
934
934
934
934
934
934
934
934
934
934
934
878
878
307
307
307
307
641
641
390
390
390
390
390
390
962
962
444
444
985
52
52
52
52
412
412
412
412
412
169
169
169
169
169
169
169
585
100
100
545
545
545
101
762
462
611
170
170
170
170
170
170
183
183
183
534
104
777
421
421
421
838
918
918
277
460
370
147
147
147
147
58
58
58
141
141
141
141
141
141
141
141
141
152
152
351
351
182
182
98
98
356
356
968
968
968
1013
1013
1013
1013
1013
381
293
921
189
189
189
189
189
189
189
45
45
45
45
45
45
661
661
413
413
413
413
377
535
535
707
89
646
924
488
488
771
245
245
245
245
948
676
373
373
914
567
496
496
496
841
841
33
33
797
1006
548
548
548
57
57
193
193
559
958
958
639
922
922
922
230
230
230
230
230
230
230
230
809
959
249
249
703
210
210
621
11
181
181
181
181
181
181
269
238
238
957
957
957
957
810
265
265
265
859
859
140
140
140
140
140
140
140
938
938
938
211
211
540
540
540
99
226
226
231
231
231
231
231
231
231
231
428
428
229
229
229
870
870
139
139
139
139
139
139
139
139
139
139
536
536
536
536
87
87
87
87
196
196
927
927
927
927
927
927
927
927
927
927
927
927
927
927
927
927
927
446
855
855
855
299
299
17
348
348
348
348
348
348
348
348
76
76
699
66
66
66
66
848
848
848
322
322
609
752
752
752
811
860
860
860
860
155
407
167
167
167
564
1012
741
741
35
35
581
65
65
65
65
65
664
273
281
281
862
862
10
227
227
227
760
760
866
866
866
773
233
233
233
233
233
233
233
233
928
769
163
163
163
305
305
526
64
64
64
64
64
198
198
186
186
186
186
186
442
984
518
710
710
9
185
743
743
743
743
743
946
946
563
757
659
659
556
71
71
71
71
71
325
872
872
422
422
422
422
422
422
538
538
538
538
158
158
236
236
236
236
491
745
745
604
217
217
802
433
433
190
190
190
205
454
775
153
153
153
153
168
168
989
765
431
431
431
431
431
431
431
431
431
431
431
764
667
857
857
244
244
244
165
173
173
173
173
173
176
176
610
416
285
197
197
303
303
303
303
145
145
145
145
145
145
145
225
225
225
225
652
223
223
223
935
935
916
62
62
62
62
62
364
365
74
74
74
74
452
655
178
178
795
43
43
43
43
43
981
622
839
839
839
371
222
222
222
222
608
796
643
643
146
146
146
146
864
864
864
864
864
864
864
864
864
864
864
456
379
382
1009
842
842
654
803
85
425
425
425
425
425
425
425
925
925
925
625
42
42
537
537
537
537
202
202
202
854
201
201
279
677
44
44
44
44
44
44
44
44
44
650
956
680
786
350
698
36
36
36
354
354
401
103
160
615
221
221
221
221
84
781
705
705
759
759
759
1015
241
372
259
704
13
39
39
39
39
39
844
478
478
478
478
478
478
234
234
234
234
323
640
194
194
1010
308
308
308
308
156
156
619
619
570
37
37
37
37
192
192
192
192
192
192
426
426
426
426
426
874
874
874
874
275
612
243
243
243
8
580
846
51
51
51
51
51
387
363
12
48
48
48
861
861
474
474
474
474
474
474
863
863
843
843
361
790
324
324
679
429
429
287
355
988
930
578
583
865
174
174
174
174
174
174
389
763
215
215
215
606
171
171
171
171
171
171
656
298
298
298
298
298
298
298
298
298
298
871
871
368
602
602
206
206
206
16
549
549
549
427
427
937
937
937
937
937
937
937
937
729
75
75
75
75
75
263
263
498
498
744
744
744
744
218
218
216
216
180
180
601
601
780
960
678
907
228
228
151
151
151
151
151
235
235
235
235
235
423
46
473
34
34
528
891
123
890
890
813
131
131
336
336
751
296
337
337
493
125
470
134
134
134
134
115
133
133
133
133
894
713
892
114
327
973
132
132
893
533
130
129
411
976
437
29
505
505
1031
506
1032
1026
1026
1030
