2
3
4
5
6
7
8
9
8
12
13
14
15
16
17
18
19
20
19
20
23
24
25
26
27
28
29
30
31
32
33
34
35
36
37
38
39
40
41
42
43
44
45
46
47
48
49
50
51
52
53
54
55
56
57
58
59
60
61
62
57
65
66
52
68
69
70
53
72
73
74
75
76
77
78
79
80
81
82
83
83
85
56
55
63
63
48
63
57
49
6
15
16
14
5
3
4
63
63
52
5
6
3
4
49
17
50
46
47
63
57
52
15
16
14
17
54
56
55
63
63
53
56
55
78
79
80
80
77
63
63
53
46
47
63
57
57
45
57
57
63
53
78
79
80
52
5
6
3
4
52
15
16
14
17
53
46
63
53
47
