2
3
4
5
6
7
8
9
11
12
13
14
15
16
17
18
19
20
21
22
23
24
25
26
27
28
29
30
31
32
33
34
35
36
37
38
39
40
41
42
43
44
45
46
47
48
49
50
51
52
53
54
55
56
57
58
59
60
61
62
63
64
65
66
67
68
69
70
71
72
73
74
75
76
77
78
79
80
81
82
83
84
85
86
87
88
89
90
91
92
93
94
95
96
97
98
99
100
101
102
103
104
105
106
107
108
109
110
111
112
113
114
115
116
117
118
119
120
121
122
123
124
125
126
127
128
129
130
131
132
133
134
135
136
137
138
139
140
141
142
143
144
145
147
148
149
150
151
155
156
157
158
159
160
161
162
163
164
165
166
167
168
169
170
171
172
173
174
175
176
177
178
179
180
182
183
184
185
186
187
188
189
191
192
193
194
196
197
198
199
200
201
202
203
204
205
206
207
208
209
210
211
212
213
214
215
216
217
218
219
221
222
224
225
226
227
228
229
230
231
232
233
234
236
237
238
239
240
241
242
243
244
245
246
247
249
250
251
252
253
254
255
256
155
138
164
165
163
94
98
96
61
220
155
166
158
159
155
72
133
235
63
70
64
65
72
71
66
74
73
76
67
68
69
75
133
49
45
192
170
164
165
163
168
94
98
96
155
65
115
112
158
159
158
85
84
86
63
64
158
155
235
14
57
56
55
54
53
35
33
36
30
34
45
12
158
70
158
159
44
197
197
170
168
73
76
63
70
72
71
65
66
74
69
75
155
158
159
48
45
93
140
139
158
159
158
159
192
197
14
15
197
235
207
235
50
45
87
86
111
46
45
158
159
170
168
73
76
63
70
72
71
65
68
66
74
69
75
155
138
162
164
165
163
95
99
94
97
98
96
61
155
200
197
197
114
112
162
164
163
166
157
156
155
155
197
117
112
87
86
94
98
96
116
112
140
133
133
47
45
143
94
116
115
63
119
121
117
113
118
120
122
98
96
114
61
61
133
139
207
63
159
155
164
165
163
94
98
96
155
158
159
155
118
112
134
61
197
158
159
155
139
235
197
16
31
50
47
48
49
51
46
32
41
42
11
37
11
178
155
155
105
102
63
64
65
72
108
66
74
103
109
104
73
110
76
107
106
62
68
67
75
70
71
72
69
159
69
170
164
165
163
168
94
98
96
155
15
125
124
127
128
126
129
120
122
119
121
112
253
70
72
71
65
66
69
207
197
13
13
23
13
35
33
32
43
41
30
42
197
28
13
14
15
159
197
252
113
112
197
138
170
164
165
163
168
95
99
94
97
98
96
61
155
256
107
43
110
40
106
105
133
94
108
39
61
104
109
102
31
103
96
168
164
163
162
157
156
164
163
94
98
96
93
61
220
155
164
165
163
94
98
96
93
61
155
164
163
94
98
96
93
61
164
163
164
163
94
98
96
93
61
165
155
164
163
164
163
94
98
96
93
61
