1
2
2
2
2
2
11
12
12
12
12
12
12
12
12
12
12
12
12
25
26
26
26
26
26
26
26
26
26
26
26
26
26
26
26
26
26
26
28
28
28
28
28
28
51
52
52
52
52
52
52
52
52
52
52
52
52
52
52
52
52
52
52
52
52
52
74
52
52
70
73
79
80
80
80
80
80
80
80
80
80
80
80
80
72
72
72
72
72
72
72
72
73
73
73
73
73
73
73
4
70
92
69
69
69
69
83
6
3
3
29
22
31
82
43
21
19
19
19
19
19
19
32
30
20
20
20
20
20
20
67
86
87
39
68
68
68
68
89
89
89
66
7
33
91
85
44
65
24
24
24
24
24
24
71
71
71
71
71
71
71
71
34
75
76
77
78
