2
3
4
5
6
7
12
13
14
15
16
17
18
19
20
21
22
23
24
26
27
28
29
30
31
32
33
34
35
36
37
38
39
40
41
42
43
44
45
46
47
48
49
50
52
53
54
55
56
57
58
59
60
61
62
63
64
65
66
67
68
69
70
71
72
73
63
75
76
77
78
80
81
82
83
84
85
86
87
88
89
90
91
92
73
72
62
60
61
57
64
63
56
62
58
60
61
64
63
83
71
88
56
58
64
63
88
86
83
5
28
22
29
86
39
23
21
17
16
15
18
14
28
29
21
17
16
15
18
14
52
94
94
34
56
59
57
63
90
92
91
52
85
28
88
86
39
52
21
17
16
15
18
14
72
53
62
55
58
60
61
59
35
63
63
62
62
