1
2
2
2
2
2
2
2
2
2
2
2
2
2
2
2
2
2
2
2
2
2
2
2
2
2
2
2
2
2
2
2
2
26
35
2
37
37
37
33
42
43
43
43
43
43
43
43
43
43
43
43
43
43
43
43
58
59
25
1
62
62
62
62
62
62
62
62
62
62
62
62
62
62
62
62
62
62
62
81
81
78
77
77
78
78
1
89
89
89
89
89
89
77
97
98
98
98
98
98
98
98
98
98
98
98
98
98
98
98
98
98
98
98
98
98
98
98
98
98
98
98
98
98
98
98
98
98
98
98
98
98
98
98
98
98
98
98
98
98
98
144
98
146
146
146
146
146
146
146
146
146
146
78
158
93
93
155
155
155
155
119
119
121
121
121
121
121
121
128
128
128
128
128
151
151
151
151
151
60
77
77
77
77
77
79
79
135
135
135
135
22
22
22
22
22
22
27
27
134
134
134
29
29
29
29
29
29
29
29
91
51
51
51
74
74
74
54
69
140
140
140
153
143
120
120
120
120
120
120
120
120
120
120
120
32
58
58
58
141
124
70
131
21
138
138
138
53
53
53
139
139
71
71
24
24
24
24
24
24
24
24
24
24
142
154
26
26
26
26
26
20
20
20
20
20
20
20
34
34
34
130
122
122
30
156
156
156
156
83
28
132
132
132
40
40
73
123
123
123
75
75
75
133
133
133
126
126
55
94
118
118
57
57
125
125
125
125
125
125
125
125
125
125
125
125
125
31
25
25
25
25
25
25
25
25
25
23
23
92
127
152
152
78
78
78
78
78
78
56
33
33
33
33
33
33
33
33
33
129
129
136
136
136
19
100
68
68
147
64
64
14
63
63
67
84
84
84
84
157
85
85
86
41
41
88
88
96
