1
2
2
2
2
2
2
2
2
2
2
2
2
2
2
2
2
2
2
2
2
2
2
2
2
2
2
2
2
2
2
2
2
2
2
2
2
2
2
2
2
2
2
2
2
2
2
2
2
2
2
2
2
2
2
2
2
2
2
2
2
2
2
2
2
2
2
2
2
2
2
2
2
2
2
2
2
2
2
2
2
2
2
2
2
2
2
2
2
2
2
2
2
2
2
2
2
2
51
100
51
102
51
104
51
106
51
108
51
110
51
112
51
114
51
116
76
118
52
121
122
122
122
122
122
122
122
121
130
130
130
130
130
130
130
130
130
130
130
130
130
130
130
130
130
130
130
130
130
130
130
130
130
130
130
130
130
130
130
130
130
130
130
130
130
130
130
130
130
130
130
130
130
130
130
130
130
130
130
130
130
130
130
130
130
130
130
130
130
130
130
130
153
195
121
197
197
197
197
197
197
197
197
197
197
197
197
197
197
197
197
197
197
197
197
197
197
197
197
197
197
197
197
197
197
197
197
197
197
197
197
197
197
197
197
197
197
197
197
197
197
244
245
245
248
249
249
249
249
249
249
249
249
249
249
249
249
249
249
249
249
249
250
267
269
270
271
272
274
275
275
275
275
275
275
275
275
275
275
275
275
275
175
52
52
52
52
52
52
52
52
52
52
150
229
229
229
229
229
165
165
165
165
165
165
165
177
177
177
177
126
126
126
126
126
126
126
126
160
94
210
210
210
210
158
158
158
208
208
208
186
117
231
231
231
264
264
264
264
264
264
264
264
264
264
264
264
264
264
81
167
167
167
233
233
192
192
192
192
224
224
268
268
268
268
178
178
178
194
212
212
212
212
212
212
212
212
212
161
119
99
128
128
128
128
128
128
128
128
128
60
238
209
209
209
209
209
209
263
263
263
263
263
75
75
191
125
125
125
125
125
125
125
93
56
87
189
59
59
59
59
59
73
73
73
73
73
73
73
73
73
73
73
73
73
73
73
73
218
218
218
88
213
213
213
213
213
61
55
55
55
55
89
89
288
288
84
68
124
124
124
124
124
124
124
124
124
67
63
187
182
72
76
76
76
76
76
76
76
76
76
76
76
226
226
226
226
226
226
74
74
74
176
176
236
236
236
236
236
49
193
193
193
193
227
227
227
227
227
227
227
284
98
228
228
228
228
228
228
228
170
170
170
170
170
170
170
170
64
220
220
247
127
127
127
127
127
127
127
151
79
53
215
215
215
215
215
215
80
80
123
123
123
123
123
123
50
54
173
173
173
173
95
180
180
180
180
180
180
188
62
62
71
163
217
217
157
57
57
70
152
152
222
222
222
222
242
185
185
185
185
185
185
246
69
48
172
172
172
172
214
214
214
214
214
214
214
214
243
162
223
223
230
230
230
230
230
230
230
78
92
66
266
97
281
262
262
262
159
159
159
159
159
159
159
159
159
234
234
234
234
234
234
179
179
179
179
179
179
179
211
265
96
82
156
183
183
183
171
171
171
171
190
237
164
86
283
47
47
47
47
47
47
47
47
47
47
47
47
47
47
47
47
47
47
47
47
47
47
47
47
47
47
47
47
47
47
65
77
77
77
77
77
77
77
77
77
77
174
239
287
287
287
91
91
149
184
181
196
240
240
241
85
90
216
216
216
216
216
216
216
216
216
216
221
221
221
221
225
225
225
225
225
225
168
168
168
169
169
169
169
169
169
169
169
235
235
232
232
51
51
51
51
51
51
51
51
51
51
51
51
51
51
51
51
51
51
51
51
51
51
51
51
51
51
51
219
219
219
219
219
219
219
219
219
219
166
83
155
155
58
58
276
256
251
203
120
120
