2
3
4
5
6
7
8
9
10
11
12
13
14
15
16
17
18
19
20
21
22
23
24
25
26
27
28
29
30
31
32
33
34
35
36
37
38
39
40
41
42
43
44
45
46
47
48
49
50
51
52
53
54
55
56
57
58
59
60
61
62
63
64
65
66
67
68
69
70
71
72
73
74
75
76
77
78
79
80
81
82
83
84
85
86
87
88
89
90
91
92
93
94
95
96
97
98
99
100
101
102
103
104
105
106
107
108
109
110
111
112
113
114
115
116
117
118
119
120
122
123
124
125
126
127
128
129
130
131
132
133
134
135
136
137
138
139
140
141
142
143
144
145
146
147
148
149
150
151
152
153
154
155
156
157
158
159
160
161
162
163
164
165
166
167
168
169
170
171
172
173
174
175
176
177
178
179
180
181
182
183
184
185
186
187
188
189
190
191
192
193
194
195
196
197
198
199
200
201
202
203
204
205
206
207
208
209
210
211
212
213
214
215
216
217
218
219
220
221
222
223
224
225
226
227
228
229
230
231
232
233
234
235
236
237
238
239
240
241
242
243
245
246
247
249
250
251
252
253
254
255
256
257
258
259
260
261
262
263
264
265
266
267
268
270
271
272
273
275
276
277
278
279
280
281
282
283
284
285
286
287
288
137
41
34
38
40
32
39
37
35
15
31
158
230
166
170
206
130
166
132
140
135
146
145
138
183
132
143
145
236
237
167
235
217
228
130
197
144
34
211
160
130
130
159
141
140
201
202
204
142
62
203
130
130
76
75
262
51
260
261
253
256
259
252
254
251
2
2
21
139
135
138
211
202
132
142
145
138
221
205
73
60
266
2
183
143
145
142
175
213
166
182
184
180
202
203
130
138
77
46
236
167
166
235
231
227
217
130
197
33
205
186
166
202
199
203
130
262
261
257
252
251
6
7
147
236
230
232
235
217
130
197
34
33
30
146
57
58
25
26
5
74
45
29
10
34
38
14
23
39
35
33
37
12
16
30
22
203
130
130
31
186
198
203
130
130
33
6
4
19
30
3
31
287
276
38
13
236
232
167
166
235
217
233
130
197
9
18
145
135
19
77
45
29
33
35
16
34
14
30
22
23
213
211
160
180
200
130
75
6
22
135
138
180
201
205
203
130
7
132
142
145
138
213
211
178
180
202
198
130
277
44
230
189
166
169
207
205
130
171
173
132
141
140
135
136
138
11
166
203
275
236
167
235
217
233
130
197
132
36
43
166
181
216
205
203
130
6
9
236
167
235
217
130
197
26
43
176
135
131
136
96
174
181
132
139
144
142
145
3
33
16
165
216
130
133
56
25
15
153
155
166
181
218
130
206
186
192
132
131
145
138
275
35
6
183
176
131
137
175
182
184
201
202
198
203
130
206
139
222
206
231
166
202
199
203
130
130
36
93
10
266
44
278
255
252
251
151
139
134
144
133
143
142
145
138
186
213
231
180
198
130
152
132
134
133
142
145
138
203
258
22
24
134
140
135
136
139
140
135
136
147
205
165
29
277
98
49
48
29
10
19
17
24
18
7
25
26
15
11
8
9
46
27
45
3
36
14
6
20
12
16
30
13
22
28
12
80
78
75
48
6
29
33
24
22
42
137
207
279
278
276
3
32
159
136
135
154
203
130
202
25
32
191
176
166
218
201
202
204
203
130
130
183
166
218
130
186
218
180
198
203
130
139
135
138
174
183
172
132
139
140
145
137
203
130
230
130
52
10
19
41
34
17
7
25
26
9
42
27
3
36
38
40
14
23
43
6
39
12
33
35
37
30
22
175
166
182
184
181
218
161
202
203
130
143
38
153
155
56
26
275
2
249
130
34
40
