1
2
2
2
2
2
2
2
2
2
2
2
2
2
2
2
2
2
19
11
22
23
23
23
23
23
23
23
23
23
23
23
23
23
23
23
23
23
23
23
23
23
23
23
23
23
23
23
23
23
23
23
23
23
39
53
18
60
61
23
22
63
63
63
63
63
63
70
68
22
72
72
72
72
72
72
72
72
72
72
72
72
72
72
72
72
72
72
72
72
72
72
72
72
72
72
72
72
72
72
72
72
72
72
72
72
72
72
72
72
72
72
72
72
72
72
72
72
72
72
72
72
72
72
72
72
72
72
106
108
133
134
134
134
134
134
134
134
134
134
134
134
134
134
134
136
136
151
152
152
152
152
152
152
152
152
152
152
152
152
152
152
152
152
152
152
152
152
152
152
152
152
152
152
152
152
152
22
182
182
185
186
187
187
187
187
187
187
187
187
187
187
187
187
187
187
187
187
187
187
187
187
187
187
187
187
187
187
187
187
187
187
187
187
187
187
187
222
222
225
22
226
226
226
226
226
226
226
226
226
226
226
226
226
226
226
226
226
226
226
226
226
226
226
226
226
226
226
246
255
256
256
256
256
256
256
256
256
256
256
256
256
256
256
256
256
256
256
256
256
256
256
256
256
256
256
256
256
256
256
256
256
256
256
256
256
256
256
256
256
256
256
256
256
256
256
256
256
256
256
256
256
256
256
256
256
279
22
314
314
314
314
314
314
314
314
314
314
314
314
314
314
314
63
280
280
280
280
280
280
280
280
280
280
280
280
280
280
280
280
277
277
277
277
277
277
277
277
277
277
277
103
103
283
283
283
283
283
283
283
281
281
281
311
234
234
234
246
246
246
246
246
246
246
246
246
246
40
172
49
279
279
279
279
279
279
279
279
279
279
279
44
36
36
36
36
36
36
36
36
36
36
36
36
36
36
36
36
36
36
36
19
19
19
19
19
19
130
105
11
249
249
121
293
293
293
293
157
157
202
202
202
202
202
312
117
117
306
306
306
306
174
35
35
35
169
13
302
221
221
221
221
221
210
210
210
96
96
233
292
292
292
292
292
292
159
115
217
284
232
282
282
282
282
282
282
282
282
282
282
282
282
282
282
98
127
141
295
295
295
37
45
39
39
39
39
160
236
236
236
236
33
248
248
248
248
248
290
290
290
129
220
220
213
69
69
18
101
101
175
94
94
94
94
94
94
94
94
94
94
94
94
94
94
238
238
181
97
97
178
104
41
304
252
245
245
245
245
245
42
203
203
203
203
303
303
158
158
212
34
34
34
34
34
34
34
108
108
108
108
108
108
108
108
108
108
108
108
108
278
278
278
278
278
278
278
278
9
9
216
206
206
206
206
206
206
206
206
211
211
211
211
211
211
211
211
211
211
211
291
243
243
243
243
243
93
124
124
124
124
124
100
100
100
310
310
310
14
14
241
241
241
241
241
285
239
309
309
309
297
297
297
297
297
120
66
207
207
207
207
207
207
207
207
173
15
15
50
47
298
298
53
55
55
55
55
55
55
55
55
235
235
235
235
235
67
119
116
116
125
114
114
126
126
126
126
126
237
237
237
237
237
237
208
208
208
208
208
275
275
250
250
179
179
244
12
46
142
231
231
48
164
164
51
107
107
107
107
107
107
107
107
107
107
107
68
68
68
68
68
68
167
43
209
209
209
209
209
163
204
218
301
301
205
205
205
54
287
308
308
308
274
180
180
180
113
296
102
102
102
177
52
106
106
38
166
294
10
10
10
99
99
99
242
242
242
242
242
253
176
176
118
95
95
64
64
64
90
82
76
81
81
6
6
77
201
227
227
20
20
20
21
62
62
71
71
254
254
254
254
254
254
56
56
57
58
131
131
131
131
131
131
131
131
131
59
132
132
132
132
132
132
