2
3
4
5
6
7
8
9
10
11
12
13
14
15
16
17
18
19
20
21
23
24
25
26
27
28
29
30
31
32
33
34
35
36
37
38
39
40
41
42
43
44
45
46
47
48
49
50
51
52
53
54
55
56
57
58
59
28
34
62
63
64
65
66
67
68
69
68
71
72
73
74
75
76
77
78
79
80
81
82
83
84
85
86
87
88
89
90
91
92
93
94
95
96
97
98
99
100
101
102
103
104
105
106
107
108
109
110
111
112
113
114
115
116
117
118
119
120
121
122
123
124
125
126
127
128
129
130
131
132
134
135
136
137
138
139
140
141
142
143
144
145
146
147
148
149
150
152
153
154
155
156
157
158
159
160
161
162
163
164
165
166
167
168
169
170
171
172
173
174
175
176
177
178
179
180
181
182
183
184
183
187
188
189
190
191
192
193
194
195
196
197
198
199
200
201
202
203
204
205
206
207
208
209
210
211
212
213
214
215
216
217
218
219
220
221
222
223
224
205
226
227
228
229
230
231
232
233
234
235
236
237
238
239
240
241
242
243
244
245
246
247
248
249
250
251
252
253
254
256
257
258
259
260
261
262
263
264
265
266
267
268
269
270
271
272
273
274
275
276
277
278
279
280
281
282
283
284
285
286
287
288
289
290
291
292
293
294
295
296
297
298
299
300
301
302
303
304
305
306
307
308
309
310
311
312
313
314
315
316
317
318
319
320
321
322
323
324
325
326
327
328
329
182
304
285
282
305
290
302
281
306
299
283
289
310
257
258
269
261
302
278
279
273
272
271
268
257
270
258
262
94
80
291
301
286
284
305
257
270
288
287
300
269
228
229
230
247
324
322
329
323
318
319
227
314
314
29
154
32
302
280
304
285
282
290
269
257
266
259
267
27
321
328
324
322
326
327
329
323
325
26
30
31
24
25
29
27
28
32
314
73
4
5
319
6
314
80
80
5
321
314
87
295
292
257
270
158
154
203
196
189
188
200
269
82
314
301
307
257
267
154
24
27
29
153
3
301
192
191
190
194
193
218
217
194
75
88
228
294
292
293
257
270
267
154
91
196
270
228
309
304
299
308
283
305
289
310
269
257
263
265
264
258
90
128
135
298
296
297
24
27
53
31
29
32
154
252
253
229
230
24
249
250
251
318
314
257
259
267
128
219
201
189
23
23
5
81
182
154
85
73
83
80
88
319
82
90
89
315
86
84
87
91
251
318
155
74
88
154
80
25
267
316
241
234
247
314
314
26
188
200
199
198
301
267
156
155
189
26
31
24
25
27
28
32
106
328
324
110
327
109
81
318
80
319
82
314
314
302
280
285
307
303
257
267
258
11
2
189
220
216
212
218
217
214
195
190
219
192
189
188
197
191
190
199
198
194
193
292
245
246
244
314
314
80
322
95
318
314
314
98
89
90
257
260
267
6
182
247
248
232
228
314
291
248
257
260
267
273
272
271
257
267
87
65
220
216
218
213
217
214
191
195
154
6
182
32
31
294
257
28
42
51
39
31
24
25
27
32
238
240
239
232
228
63
88
82
314
80
80
91
127
85
83
80
84
245
241
252
253
228
318
212
218
219
217
193
268
267
322
314
180
154
242
5
24
135
227
182
31
153
78
30
106
113
81
85
83
88
84
91
87
314
314
38
40
43
65
23
23
166
26
216
218
217
192
195
162
197
196
318
267
188
201
222
28
257
257
260
267
256
162
154
315
80
257
81
314
182
154
30
82
314
25
153
267
4
8
7
98
90
89
247
248
232
228
314
318
162
154
88
80
314
23
182
63
73
314
319
182
64
182
64
320
222
182
64
319
6
314
5
26
25
40
65
324
329
323
319
227
314
329
28
53
28
113
81
85
83
88
84
91
87
314
28
109
81
318
80
319
314
