2
3
4
5
6
7
8
9
10
11
13
14
15
16
17
18
19
20
21
22
23
24
25
26
27
28
29
29
32
33
34
35
36
37
38
39
40
41
42
43
44
45
46
47
48
49
50
51
52
53
54
55
56
57
58
59
60
61
62
63
64
65
66
67
68
69
70
71
72
73
74
75
76
77
78
62
66
36
37
38
58
6
45
46
44
70
69
65
67
66
71
76
77
71
64
71
5
3
4
67
66
61
36
37
38
70
60
5
3
4
8
6
58
47
59
77
71
77
61
71
71
63
77
71
76
38
30
35
70
60
49
45
46
44
47
68
64
71
71
7
71
48
54
71
30
