2
3
4
5
6
7
8
9
10
11
12
13
14
15
16
17
18
19
20
21
22
23
24
25
26
27
28
29
30
31
32
33
34
35
36
37
38
39
40
41
42
43
44
45
46
47
48
49
50
51
52
53
54
55
56
57
58
59
60
61
62
63
64
65
66
67
68
69
70
71
72
73
74
75
76
77
78
79
80
81
82
83
84
85
86
87
34
89
90
91
22
93
94
95
96
97
33
20
100
21
102
103
104
105
38
9
108
109
110
111
112
113
114
115
116
117
35
119
120
121
122
123
62
64
63
65
125
126
127
66
74
72
131
14
30
134
135
15
137
138
139
140
141
142
50
144
145
40
147
148
41
42
43
44
150
45
152
153
69
70
155
156
71
158
159
17
18
162
163
19
165
32
167
168
16
170
171
172
173
29
16
5
16
74
55
38
39
6
69
36
37
9
5
25
79
38
39
55
54
68
21
26
58
27
61
60
5
6
53
56
24
36
20
39
5
6
5
63
69
42
5
22
36
20
23
5
68
68
42
5
6
56
69
24
76
63
54
36
5
69
68
18
12
36
5
43
6
38
5
55
54
22
21
16
42
5
5
53
61
63
58
61
60
5
6
53
69
79
68
38
6
68
69
55
20
6
20
36
37
5
5
