2
3
4
5
6
7
9
10
11
12
13
14
15
16
17
18
19
20
21
22
23
24
25
26
27
28
29
30
31
32
33
34
35
36
37
38
39
40
41
42
43
44
45
46
47
48
49
50
51
52
53
53
56
57
58
59
60
61
62
63
64
65
66
67
68
69
70
71
72
73
74
75
76
77
78
79
80
81
82
83
84
85
86
87
88
89
90
91
92
93
94
95
96
97
98
99
100
101
102
103
104
105
106
107
108
109
110
111
106
113
114
115
116
117
118
119
120
121
122
123
124
125
126
127
128
129
130
131
132
133
134
135
136
137
138
139
140
141
142
143
144
145
146
147
148
143
144
145
146
147
131
125
36
74
73
58
74
36
81
127
142
84
12
12
135
123
120
116
124
122
115
113
142
36
96
88
81
102
81
96
92
86
116
115
36
146
147
144
145
143
36
36
58
36
12
12
87
85
84
83
82
88
81
86
96
86
134
113
79
79
86
87
85
12
87
93
85
82
97
103
105
101
100
102
95
92
79
79
79
5
88
36
12
83
87
85
84
83
82
88
81
86
79
72
58
79
79
12
137
116
115
79
88
81
84
35
36
131
126
125
123
144
127
145
126
124
142
106
87
85
84
83
88
81
86
79
58
135
117
118
114
116
119
115
36
12
36
85
12
58
36
36
12
92
87
85
62
36
146
147
120
117
118
116
115
79
142
79
12
62
36
11
27
31
36
12
12
12
142
109
109
142
113
142
56
