1
2
2
2
2
2
2
2
2
2
2
2
2
2
16
17
17
17
17
17
17
17
17
17
17
17
17
17
17
17
17
17
17
17
17
17
17
17
17
17
17
17
17
17
17
17
17
17
17
17
17
17
17
17
17
17
17
17
17
17
17
17
17
17
17
17
17
17
17
17
17
17
17
17
17
17
17
17
17
17
17
17
17
17
17
17
17
17
17
17
17
17
17
17
17
17
17
17
17
17
17
17
17
17
17
17
17
17
17
17
17
17
17
17
17
17
17
17
17
17
17
17
17
17
17
17
17
17
17
17
17
17
17
17
17
17
17
17
17
17
17
17
17
17
17
17
17
76
150
150
144
153
153
41
157
158
158
158
158
158
158
158
158
158
158
158
158
158
158
158
158
158
158
158
158
158
158
158
158
158
158
158
158
158
158
158
158
158
158
158
158
158
158
158
158
158
158
158
158
158
158
158
158
158
158
158
158
158
158
158
158
158
158
158
158
158
158
158
158
158
158
158
158
170
227
158
229
229
229
229
229
229
229
229
158
238
238
238
238
158
243
243
243
243
243
243
243
243
243
243
243
243
243
243
243
243
243
243
194
203
265
266
266
266
266
266
266
266
266
266
266
266
266
266
266
266
266
266
266
266
266
266
266
266
266
266
266
266
266
266
266
266
266
266
266
266
266
266
266
266
266
266
266
266
266
310
310
310
310
310
310
310
266
318
318
266
321
321
321
321
326
327
327
327
327
327
327
327
327
327
327
327
335
336
321
318
215
215
190
190
190
190
190
190
190
86
86
107
107
241
187
187
187
314
237
200
200
200
261
250
259
305
305
188
188
188
188
112
281
12
12
12
12
131
115
115
115
115
115
115
115
115
115
115
115
100
100
246
276
276
276
204
204
204
337
337
218
218
290
290
279
279
260
284
284
110
247
102
102
102
76
76
76
76
76
76
76
76
76
258
104
104
181
181
181
181
11
11
11
11
93
93
93
93
275
275
13
13
13
13
194
85
85
85
85
85
299
299
72
72
114
114
114
114
226
226
226
109
109
109
255
255
88
77
77
124
136
182
182
317
317
179
179
105
208
208
208
208
184
184
118
118
118
193
193
193
192
242
282
286
286
286
286
336
336
336
336
336
336
336
79
79
292
294
294
212
183
183
171
171
171
171
171
171
201
201
201
201
201
106
106
280
280
196
90
90
90
123
123
123
92
92
103
103
233
233
233
219
219
219
298
74
295
295
111
149
149
149
149
149
303
303
303
303
122
122
122
73
73
253
296
296
297
84
84
84
84
301
180
180
180
180
278
278
134
213
94
94
145
248
176
95
95
95
95
189
177
177
302
302
302
302
274
216
216
216
191
191
325
209
221
221
147
147
147
283
283
138
202
291
291
291
291
291
316
81
81
81
293
293
8
8
71
71
289
289
140
117
117
117
133
203
203
203
203
203
203
203
203
15
175
175
175
175
87
132
323
119
119
119
220
82
135
206
206
206
116
116
116
70
70
70
70
70
225
225
225
120
120
120
236
75
315
315
335
335
335
335
335
335
335
335
335
234
251
228
78
78
78
78
78
78
307
307
307
307
307
307
307
307
307
307
235
235
235
309
309
277
277
80
80
80
9
148
148
148
148
148
148
148
252
101
101
101
89
89
89
89
273
273
273
273
273
121
195
198
198
198
198
197
199
285
210
222
222
306
306
306
306
306
306
306
214
214
249
304
304
304
10
10
10
10
185
91
91
91
91
91
91
91
91
91
144
99
99
288
288
324
300
217
217
98
98
174
174
174
174
174
287
287
142
256
96
96
96
97
113
186
186
186
186
334
334
334
334
334
334
83
207
207
239
271
47
46
332
160
160
160
231
45
339
339
339
339
340
340
264
264
