2
3
4
5
6
7
8
9
10
11
13
14
15
16
17
18
19
21
22
23
24
25
26
27
28
29
30
31
32
33
33
35
36
37
38
39
40
41
42
43
44
45
47
48
49
50
51
52
53
54
55
56
57
58
59
60
61
62
63
64
65
66
67
68
69
70
71
72
74
75
76
77
78
79
80
81
82
84
85
86
87
88
89
90
91
92
94
95
96
97
98
99
100
101
102
103
104
105
106
107
108
109
110
111
112
100
100
98
36
22
40
11
4
51
40
54
87
40
19
11
18
40
82
75
76
40
38
36
21
21
51
54
65
50
49
67
51
66
64
19
11
17
19
11
4
23
56
82
75
26
82
75
65
67
66
55
67
51
64
83
44
87
50
49
42
87
36
25
26
22
44
29
106
24
82
75
87
29
106
21
29
106
113
19
11
12
98
38
64
26
50
67
66
64
12
48
12
83
113
113
