1
2
3
5
6
6
6
6
6
6
8
14
15
15
15
15
15
15
15
15
15
15
15
15
15
15
15
15
15
15
15
15
15
15
15
15
15
15
15
15
15
15
15
15
15
15
15
15
15
15
15
15
15
15
15
15
15
15
15
15
15
15
15
15
15
15
15
15
15
15
15
15
15
15
15
15
15
15
15
15
15
15
15
15
15
15
15
15
15
15
15
15
15
15
15
15
15
15
15
15
15
15
15
15
15
15
15
15
15
15
15
15
15
15
15
15
15
15
15
15
15
15
15
15
15
15
15
15
15
15
15
15
15
15
15
15
15
15
15
15
15
15
15
15
15
15
15
15
15
15
15
15
15
15
15
15
15
15
15
15
15
15
15
15
15
15
15
15
15
15
15
15
15
15
15
15
15
15
15
15
15
15
15
15
15
15
15
15
15
15
15
15
15
15
15
15
15
15
15
15
15
15
15
15
15
15
15
15
15
15
15
15
15
15
15
15
15
15
15
15
15
15
15
15
15
15
15
15
15
15
15
15
15
15
15
15
15
15
15
15
15
15
15
15
15
15
15
15
15
15
15
15
15
15
15
15
15
15
15
15
15
15
15
15
15
15
15
15
15
15
15
15
15
15
15
15
15
15
15
15
15
15
15
15
15
15
15
15
15
15
15
15
15
15
15
15
15
15
15
15
15
15
15
15
15
15
15
15
15
15
15
15
15
15
15
15
15
15
15
15
15
15
15
15
15
15
15
15
15
15
15
15
15
15
15
15
15
15
15
15
15
15
15
15
15
15
15
15
15
15
15
15
15
15
15
15
15
15
15
15
15
15
15
15
15
15
15
15
15
15
15
15
15
15
15
15
15
15
15
15
15
15
15
15
15
15
15
112
273
273
273
334
334
334
334
334
334
334
334
334
334
173
61
294
294
294
294
194
194
194
203
203
203
203
203
203
203
203
203
203
203
203
203
221
170
363
363
280
40
231
278
137
132
132
175
175
175
175
175
175
175
382
193
45
220
108
371
371
60
102
38
38
38
126
126
126
54
54
54
209
209
209
209
209
209
354
354
106
237
353
92
92
92
331
128
128
128
143
326
326
326
271
271
271
258
364
73
263
121
130
355
355
355
176
176
176
176
291
291
242
289
298
286
125
125
125
125
125
125
125
131
283
47
70
177
177
177
384
369
369
114
207
207
207
207
207
207
207
207
207
207
207
207
207
207
349
349
349
349
349
349
349
349
349
349
349
349
349
349
370
261
64
75
91
245
41
41
41
41
41
41
133
148
368
215
256
157
50
50
50
267
235
118
232
72
288
227
93
93
93
93
93
93
93
182
165
63
189
329
124
168
236
285
305
55
55
55
290
96
96
96
96
146
94
94
94
94
94
94
94
94
94
190
190
279
248
367
367
365
365
71
188
188
272
272
272
272
272
293
293
293
163
196
196
196
196
196
196
196
266
295
295
295
295
325
325
49
141
214
42
42
68
151
342
342
342
342
342
360
62
301
301
169
169
169
169
169
229
306
306
43
361
361
357
357
357
120
51
205
238
238
282
257
257
257
257
97
97
97
97
100
276
276
276
210
210
275
275
178
178
178
178
178
178
250
250
250
250
250
83
83
341
104
287
95
95
95
95
95
389
389
389
389
116
88
69
228
249
225
199
304
200
200
200
200
200
200
200
200
200
200
200
200
200
39
39
39
208
186
300
57
53
299
201
243
343
265
179
179
179
179
335
145
241
66
195
195
195
195
195
195
195
339
134
159
206
206
127
127
127
192
374
224
332
388
135
76
90
90
284
153
333
333
67
255
255
255
255
297
259
259
253
253
253
253
161
356
356
110
348
348
348
348
348
348
348
348
348
348
348
99
99
99
99
99
99
99
219
337
82
270
270
270
270
59
129
387
98
98
98
98
234
246
44
150
378
122
122
122
122
122
122
122
122
262
142
174
65
247
296
296
296
296
296
78
78
78
78
78
78
198
218
372
233
244
123
277
277
277
277
277
171
171
171
149
230
281
172
172
172
172
172
303
303
303
74
81
217
362
307
252
77
240
330
330
330
330
330
147
211
211
204
390
390
390
390
328
328
155
216
80
185
185
323
323
323
323
327
48
58
79
359
359
213
223
139
336
202
202
191
191
191
52
52
52
52
52
52
52
212
212
292
292
292
292
292
292
347
347
324
324
324
324
324
346
346
346
346
346
346
346
346
346
346
380
366
222
46
56
302
309
340
344
254
226
322
322
322
322
322
322
308
376
386
345
17
