2
3
4
5
6
7
8
9
10
11
13
14
15
17
18
19
20
21
22
23
24
25
26
27
28
29
29
32
33
34
35
36
37
38
39
40
41
42
43
44
45
46
47
49
50
51
53
54
55
56
57
58
59
60
61
63
65
66
67
68
69
70
71
72
73
74
75
76
77
78
79
80
81
82
83
84
85
86
87
88
89
90
91
92
93
94
72
83
68
67
85
69
84
82
38
94
92
11
94
11
4
38
36
19
74
61
54
22
18
11
4
69
61
54
72
83
85
84
73
85
69
82
62
94
93
11
61
54
55
68
67
21
22
18
25
44
20
17
17
61
54
25
44
17
25
44
48
69
94
11
12
36
82
68
85
84
82
12
66
12
62
48
48
22
