1
2
2
2
2
2
2
2
2
2
2
2
2
2
2
2
2
2
2
2
2
2
2
2
2
2
2
2
2
2
6
10
35
36
36
36
36
36
36
36
36
36
36
36
36
36
36
36
36
36
36
36
36
36
36
36
36
36
36
36
36
36
36
36
36
36
36
36
36
36
36
36
36
36
36
36
36
36
36
36
36
36
36
36
36
36
36
36
36
36
36
36
36
36
36
36
36
36
36
36
36
36
105
105
105
105
36
110
110
110
110
110
102
102
73
86
88
92
91
79
79
79
79
96
96
64
48
48
48
48
48
48
61
78
78
78
78
78
78
76
76
76
76
76
76
67
62
28
68
75
52
54
54
104
59
59
103
103
103
103
51
74
74
55
49
49
49
49
49
65
65
84
84
84
84
84
80
80
81
47
87
56
69
53
53
53
53
57
95
60
60
50
50
50
50
50
83
83
83
83
83
100
77
72
72
29
27
82
85
85
85
85
85
85
89
58
70
63
71
44
111
111
