2
3
4
5
6
7
8
9
10
11
12
13
14
15
16
17
18
19
20
21
22
23
24
25
26
27
28
29
30
31
33
34
36
37
38
39
40
41
42
43
44
45
46
47
48
49
50
51
52
53
54
55
56
57
58
59
60
61
62
63
64
65
66
67
68
69
70
71
72
73
74
75
76
77
78
79
80
81
82
83
84
85
86
87
88
89
90
91
92
93
94
95
96
97
98
99
100
101
102
103
104
105
106
107
108
109
110
111
112
113
114
115
117
118
40
42
42
87
42
60
40
45
42
97
42
38
103
69
39
46
41
42
46
59
77
40
43
45
42
69
73
39
43
45
42
39
40
26
39
46
43
55
111
44
45
42
57
56
44
105
43
75
73
45
76
73
39
43
42
71
66
59
40
43
45
42
43
42
41
70
42
45
71
57
56
54
111
45
42
45
42
76
73
39
43
42
59
40
45
41
42
40
42
48
40
26
26
83
60
40
43
45
41
42
41
45
72
40
40
105
110
110
