2
3
4
5
6
7
8
9
11
12
13
14
15
16
17
18
19
20
21
22
23
24
25
26
27
28
29
30
31
32
33
34
35
36
38
39
40
41
42
43
44
45
46
48
49
50
51
52
53
54
55
56
57
58
59
60
61
62
63
65
66
67
68
69
70
71
73
74
76
77
78
79
80
81
82
83
84
85
86
87
88
89
90
91
92
93
94
95
97
98
99
82
82
80
54
58
15
95
88
58
18
58
4
52
51
95
46
39
40
58
58
56
54
15
18
29
14
13
31
15
30
28
52
50
95
52
95
88
20
46
39
46
39
29
31
30
19
31
15
28
47
62
4
14
13
60
4
54
62
67
46
39
4
67
67
72
52
95
96
80
56
28
14
31
30
28
12
96
47
96
72
72
