1
2
2
2
2
2
2
2
2
2
2
2
2
2
2
2
2
2
2
2
2
2
2
2
2
2
2
2
2
2
2
2
2
2
2
2
2
2
2
2
2
2
2
2
2
2
2
2
2
2
2
8
53
2
55
55
55
55
55
55
2
62
62
62
62
62
62
62
62
2
71
71
71
71
2
76
76
76
76
76
76
76
76
76
76
76
76
76
76
76
76
76
76
98
98
98
98
98
98
98
98
99
99
99
99
99
99
99
99
99
99
99
99
99
99
99
99
99
99
99
99
99
99
99
99
99
99
99
99
99
99
99
99
99
99
99
99
99
99
99
99
99
99
99
99
99
100
101
101
101
101
101
101
101
101
101
101
101
101
101
101
101
101
101
101
101
101
109
122
122
122
112
127
111
111
101
131
109
133
135
135
135
135
135
107
107
107
107
107
107
142
112
118
145
145
113
113
148
149
150
150
150
150
150
150
150
150
150
150
150
150
150
150
150
150
150
150
150
150
150
150
150
150
150
150
150
150
150
150
150
150
150
150
150
150
150
150
150
150
150
150
150
150
150
150
150
150
150
150
156
201
150
203
203
203
203
203
203
150
210
210
210
210
210
210
210
210
150
219
219
219
219
150
224
224
224
224
224
224
224
224
224
224
224
224
224
224
224
224
224
224
243
243
243
243
243
243
243
243
243
243
243
243
243
243
243
243
243
246
246
246
246
246
246
246
247
248
249
249
249
249
249
249
249
249
249
249
249
249
249
249
249
249
249
249
249
249
249
249
249
249
249
249
249
249
250
251
251
251
251
251
251
251
251
251
251
251
251
251
251
251
251
251
251
251
251
251
251
251
251
251
251
251
251
251
251
251
251
251
251
251
251
251
251
251
251
251
251
251
251
251
251
251
251
251
251
257
302
251
304
304
304
304
304
304
251
311
311
311
311
311
311
311
311
251
320
320
320
320
251
325
325
325
325
325
325
325
325
325
325
325
325
325
325
325
325
325
325
347
347
347
347
347
347
347
347
348
348
348
348
348
348
348
348
348
348
348
348
348
348
348
348
348
348
348
348
348
348
348
348
348
348
348
348
348
348
348
348
348
348
348
348
348
348
348
348
348
348
348
348
348
349
350
350
350
350
350
350
350
350
350
350
350
350
350
350
350
350
350
350
350
350
350
350
350
350
350
350
350
350
350
350
350
350
350
350
350
350
350
350
350
350
350
350
350
350
350
350
350
350
350
350
356
401
350
403
403
403
403
403
403
350
410
410
410
410
410
410
410
410
350
419
419
419
419
350
424
424
424
424
424
424
424
424
424
424
424
424
424
424
424
424
424
424
443
443
443
443
443
443
443
443
443
443
443
443
443
443
443
443
443
443
443
443
443
443
443
443
443
443
443
443
443
443
443
443
443
443
443
443
443
443
443
443
443
443
443
443
443
447
447
447
447
447
447
447
447
424
71
219
76
320
325
224
419
85
375
415
37
37
423
364
364
364
190
190
272
272
272
168
168
168
112
280
393
393
237
36
36
241
274
274
42
42
200
200
200
83
184
184
418
180
180
180
362
362
317
317
88
88
88
61
61
61
61
61
286
286
331
372
40
40
173
173
371
371
371
269
269
409
409
409
409
409
208
208
208
281
86
163
182
433
440
193
193
193
48
13
13
13
13
332
27
32
169
169
169
169
169
185
185
231
330
25
25
223
187
436
436
436
166
166
367
367
359
192
192
43
233
28
28
28
28
28
28
28
46
284
284
113
113
113
113
113
113
113
67
399
399
399
396
366
366
389
389
75
383
383
51
51
51
276
236
236
236
290
290
329
17
17
429
379
172
194
82
178
178
178
178
240
108
108
108
381
381
381
16
16
16
262
262
262
262
442
215
124
124
222
222
24
283
283
229
270
270
270
270
270
60
60
60
417
183
183
23
23
23
35
35
309
309
309
115
234
402
402
92
294
294
170
170
170
170
315
408
408
408
361
361
361
361
117
368
368
111
111
111
68
68
167
167
388
388
74
74
199
199
199
21
21
21
21
21
73
282
282
282
19
19
186
275
275
275
333
334
221
431
177
218
174
174
174
391
266
266
370
370
370
370
265
265
265
414
337
337
337
33
33
33
380
291
291
382
382
181
181
228
188
188
26
26
26
285
285
70
189
189
421
202
202
434
79
79
289
289
81
338
14
14
196
196
196
31
165
165
343
110
110
110
110
176
176
176
176
176
176
176
41
41
374
374
374
118
217
45
45
54
54
365
365
107
107
94
390
390
323
323
242
69
324
66
227
227
428
164
164
164
328
328
310
310
310
310
310
93
159
341
162
162
263
263
279
279
279
279
363
422
422
416
416
437
11
20
20
216
216
216
264
303
303
171
171
171
292
432
161
161
161
161
369
369
369
369
369
84
114
427
427
297
80
277
277
277
277
277
277
277
15
179
373
373
34
34
322
209
209
209
209
209
335
267
267
376
376
376
376
376
376
376
232
214
214
214
295
394
430
260
191
191
342
385
385
318
175
160
30
30
30
30
268
268
89
18
18
195
195
230
271
271
271
271
378
378
378
378
319
384
384
109
109
109
109
109
273
316
300
300
300
22
22
22
22
441
156
220
212
8
356
257
128
128
129
130
130
132
132
132
140
141
249
249
142
142
142
143
243
144
147
