1
2
2
2
2
2
2
2
2
2
2
2
2
2
2
2
2
2
2
2
2
2
2
2
2
2
2
2
29
29
2
32
32
2
35
35
35
35
35
35
35
35
35
35
35
35
35
35
35
35
12
52
52
55
56
57
57
59
1
62
62
62
65
56
68
68
59
56
73
73
73
73
73
73
73
80
80
80
80
82
56
87
87
87
87
87
87
87
87
87
87
87
87
87
87
87
87
87
87
87
87
87
87
87
87
87
87
87
87
87
87
87
87
87
87
87
87
87
125
126
127
128
129
129
129
129
129
129
129
129
129
129
129
129
129
129
129
129
129
129
129
134
149
149
152
1
153
153
153
153
153
153
153
153
153
153
153
153
153
153
153
153
153
153
153
153
153
174
158
158
128
178
178
178
178
178
178
178
178
178
178
178
178
178
178
178
178
65
147
148
146
137
164
164
144
114
114
99
99
172
45
54
54
81
84
101
101
101
94
94
192
192
113
113
138
22
157
165
165
115
115
106
106
123
123
123
104
104
105
105
110
110
16
21
111
111
124
124
124
20
103
103
155
119
119
191
191
191
140
140
140
117
117
143
64
64
118
118
97
97
98
98
95
95
109
109
188
79
79
169
27
27
27
27
187
194
93
93
170
170
142
25
70
107
107
107
139
139
100
100
100
189
189
26
26
112
112
82
102
102
151
151
151
193
193
193
108
108
116
116
15
136
145
145
145
150
65
141
141
17
19
122
122
14
78
167
120
120
168
158
158
158
53
180
190
190
18
96
96
23
163
163
163
83
92
92
121
121
63
63
184
12
13
134
130
130
130
130
130
135
195
195
195
66
66
66
