2
3
4
5
6
7
8
9
10
11
12
13
14
15
16
17
18
19
20
21
22
23
24
25
26
27
28
29
30
31
32
33
34
35
36
37
38
39
40
41
42
43
44
45
46
47
48
49
50
51
52
53
54
13
57
58
59
61
62
63
64
65
66
68
69
70
72
73
74
75
76
77
78
79
80
81
82
83
84
86
87
88
89
90
91
92
93
94
95
96
97
98
99
100
101
102
103
104
105
106
107
108
109
110
111
112
113
114
115
116
117
118
119
120
121
122
123
124
104
98
95
129
130
131
132
133
134
135
136
137
138
139
140
141
142
143
144
145
146
147
148
149
150
151
135
153
154
155
156
157
158
159
160
161
162
163
164
165
166
167
168
169
170
171
172
173
174
175
176
177
178
179
180
181
182
183
184
185
186
187
188
189
190
191
192
193
194
195
129
129
129
132
163
2
129
92
90
92
90
171
2
2
2
80
80
92
91
90
92
90
187
194
92
90
133
11
23
164
2
92
90
92
90
92
91
90
92
90
92
90
92
90
5
8
92
90
92
91
90
10
92
90
156
92
90
187
194
129
24
129
129
92
90
129
65
27
92
90
92
90
92
90
92
90
92
90
129
77
80
154
26
13
2
2
129
135
91
89
22
154
129
35
73
92
91
90
130
129
92
91
90
187
194
2
2
92
90
80
92
90
129
129
129
194
188
129
92
90
92
90
7
131
135
129
129
129
13
24
129
9
4
92
91
3
77
30
92
90
15
21
129
28
2
129
187
194
6
92
90
2
21
15
2
80
91
90
92
91
65
27
148
2
2
129
129
2
147
148
146
129
135
134
129
13
12
2
