1
2
2
2
2
2
2
2
2
2
2
2
2
2
2
2
2
2
2
2
2
2
2
2
2
2
2
2
2
2
2
2
2
2
2
2
2
39
40
1
41
41
41
41
44
1
47
47
47
47
47
47
47
47
47
47
54
55
1
60
60
60
60
60
65
1
67
67
67
67
67
67
67
67
67
67
67
67
67
80
82
83
83
83
84
84
1
89
89
89
89
89
89
89
89
89
89
89
1
101
101
101
101
101
105
106
1
109
109
109
109
109
109
109
109
109
109
109
1
121
121
121
121
121
121
121
121
121
121
121
121
121
121
121
121
121
121
121
121
121
121
121
121
146
147
1
148
148
148
148
44
2
64
64
64
64
64
123
129
13
13
57
74
29
29
145
35
112
31
31
93
20
119
119
77
77
105
144
56
56
92
141
30
80
80
127
139
19
19
27
27
32
26
111
42
149
79
79
79
79
137
34
117
52
52
14
51
53
53
65
65
65
65
135
28
38
38
38
142
125
91
78
78
113
76
76
76
75
75
118
99
99
23
23
143
97
22
73
73
100
100
15
133
21
21
55
55
17
17
131
84
33
33
50
36
36
18
104
104
104
120
120
24
106
98
16
16
37
54
54
25
25
107
108
