2
3
4
5
6
7
8
9
10
11
12
13
5
15
6
12
18
19
20
21
22
23
24
25
26
27
28
29
30
31
32
33
34
35
36
37
38
39
40
5
6
43
44
45
46
47
48
49
50
51
52
53
54
55
56
57
58
59
60
61
62
63
64
65
66
67
68
69
71
73
74
75
76
77
78
79
80
81
82
83
84
85
86
87
85
86
83
43
69
50
68
43
9
49
43
10
49
43
43
43
43
43
12
43
45
43
43
11
55
62
53
43
62
45
8
19
43
43
45
87
55
54
43
43
83
43
43
43
43
80
79
45
43
43
45
45
58
64
43
45
43
45
54
43
43
54
45
43
78
43
65
44
45
43
19
43
63
63
83
49
43
12
