2
3
4
5
6
7
8
9
10
11
12
13
14
15
16
17
18
19
20
21
22
23
24
25
26
27
28
29
30
31
32
33
34
35
36
37
38
39
40
41
43
44
45
46
47
48
49
50
51
52
53
54
55
56
58
59
60
61
62
63
64
65
66
67
68
69
70
71
72
73
74
75
76
77
78
79
80
81
82
83
84
85
86
87
88
89
90
91
92
93
94
95
96
97
98
99
100
101
102
103
104
105
106
107
108
109
110
111
112
113
114
115
116
117
118
119
120
121
122
123
124
125
126
127
128
129
130
131
132
133
134
135
136
137
138
139
140
141
142
143
144
145
146
147
148
149
150
151
152
153
154
155
156
157
158
159
160
161
162
163
164
165
166
167
168
169
170
171
172
173
174
175
177
178
179
180
181
182
183
184
185
186
187
188
189
190
191
192
193
194
195
196
197
198
199
200
201
202
203
204
205
206
207
208
209
210
211
212
213
214
215
216
217
218
219
220
221
222
223
224
225
226
227
228
229
230
231
232
233
234
235
236
237
238
239
240
241
242
243
244
245
246
247
248
249
250
251
252
253
254
255
256
257
258
259
260
261
262
263
264
265
266
267
268
269
270
271
272
273
274
275
276
277
278
279
280
281
282
283
284
285
286
287
288
289
290
291
292
293
294
295
296
297
298
299
300
301
302
303
304
305
306
307
308
309
310
311
312
313
314
315
316
317
318
319
320
321
322
323
324
325
326
327
328
329
330
331
332
333
334
335
336
337
338
339
340
341
342
343
344
345
346
347
348
349
350
351
352
353
354
355
356
357
358
359
360
361
362
363
364
365
366
367
368
369
370
371
372
373
374
375
376
377
378
180
257
381
256
255
254
181
386
387
388
389
390
391
392
393
394
395
396
397
398
399
400
401
402
403
404
405
406
407
408
409
410
411
412
413
414
415
416
417
418
419
420
421
422
423
424
425
426
427
429
430
431
432
433
436
437
438
441
442
443
444
445
446
447
448
449
450
451
452
453
454
455
456
457
458
459
460
461
462
463
464
465
467
468
469
470
471
472
473
474
475
476
477
478
479
480
481
482
483
484
485
486
487
488
489
490
491
492
493
494
495
496
497
498
499
500
501
502
503
504
505
506
507
508
509
510
511
512
513
514
515
516
517
518
519
520
521
522
523
524
525
526
527
528
529
530
531
532
533
534
535
536
537
538
539
540
541
542
543
544
545
546
547
551
552
553
554
555
556
557
558
559
560
561
562
563
564
565
566
567
568
569
570
571
572
573
574
575
576
577
578
579
580
581
582
583
584
585
586
587
588
589
590
591
592
593
594
595
596
597
598
599
600
601
602
603
604
605
606
607
608
609
610
611
612
613
614
615
616
617
618
619
620
621
622
623
624
625
626
627
628
629
630
631
632
633
634
635
636
637
638
639
640
641
642
643
644
645
646
647
648
649
650
651
652
653
654
655
656
657
658
659
660
661
662
663
664
665
666
667
668
669
670
671
672
673
674
675
676
677
678
679
680
681
682
683
684
685
686
687
688
689
690
691
692
693
694
695
696
697
698
699
700
701
702
703
704
705
706
707
708
709
710
711
712
713
714
715
716
717
718
719
720
721
722
723
724
725
726
727
728
729
730
731
732
733
734
735
736
737
738
739
740
741
742
743
744
745
746
747
748
749
750
751
752
753
754
755
756
757
758
759
760
761
762
763
764
765
766
767
768
769
770
771
772
773
774
775
776
777
778
779
780
781
782
783
785
786
787
788
789
790
791
792
793
794
795
796
797
798
799
800
801
802
803
804
805
806
807
808
809
810
812
813
814
815
816
817
818
819
820
821
822
823
824
825
826
827
828
829
830
831
832
833
834
835
836
837
838
839
840
841
842
843
844
845
846
847
848
849
850
851
852
853
854
855
856
857
858
859
860
861
862
863
864
865
866
867
868
869
870
871
872
873
875
876
877
878
879
880
881
882
883
884
885
886
887
888
889
890
891
892
893
894
895
896
897
898
899
900
901
902
903
904
905
906
907
908
909
910
911
912
913
914
915
916
917
918
919
920
921
922
923
924
925
926
927
928
929
930
931
932
933
934
935
936
937
938
939
940
941
942
943
944
945
946
947
948
949
950
951
952
953
954
955
956
957
958
959
960
961
962
963
964
965
966
967
968
969
970
971
972
973
974
975
976
977
978
979
980
981
982
983
984
985
986
987
988
989
990
991
992
993
994
995
996
997
998
999
1000
1001
1002
1003
1004
417
930
930
177
875
129
930
944
749
715
723
718
729
728
721
899
417
204
564
400
401
257
261
255
350
259
312
278
473
177
177
725
223
157
156
691
161
159
155
158
160
681
139
138
144
145
725
349
839
177
75
593
801
795
800
200
357
996
997
454
453
62
727
3
5
650
904
902
877
880
218
730
158
145
218
412
395
254
768
741
357
332
744
252
640
351
411
639
407
405
387
391
392
389
390
713
399
567
903
199
257
314
582
255
316
350
349
583
278
333
552
552
177
137
673
673
556
650
121
645
591
65
64
108
107
109
59
60
106
195
257
582
350
376
374
592
314
372
255
316
378
349
583
278
103
333
552
552
177
221
606
627
417
680
558
219
105
132
131
254
75
592
621
894
130
595
594
584
639
103
133
552
58
975
976
921
917
555
556
863
426
417
713
576
386
648
299
940
264
295
639
347
941
877
937
938
182
1000
396
892
349
631
705
621
557
577
560
555
553
564
565
561
578
573
554
563
567
566
562
574
569
579
196
349
554
648
297
639
301
695
696
866
865
839
838
834
833
198
400
401
399
694
234
860
691
681
559
558
270
554
569
132
131
254
603
621
130
595
594
584
639
133
552
715
59
878
876
67
673
60
86
759
718
714
719
197
188
191
226
965
963
964
962
183
224
224
837
834
835
836
227
420
516
424
658
423
515
647
505
509
506
552
417
423
918
626
555
417
879
771
769
749
581
901
274
586
639
879
877
880
713
616
904
973
965
877
962
963
964
968
878
876
880
966
996
995
769
775
715
714
728
721
219
223
178
257
314
255
316
333
552
552
177
400
401
399
766
759
714
720
472
477
470
471
478
722
587
140
146
141
143
142
137
62
186
62
185
209
570
447
444
443
21
19
20
22
216
859
858
862
626
839
833
734
722
717
727
716
726
725
728
721
82
83
59
66
61
62
417
61
62
349
639
604
603
277
554
564
565
702
232
660
914
252
979
645
759
591
639
747
913
879
877
888
883
880
884
887
974
713
735
715
717
716
725
728
721
179
945
946
230
859
598
858
861
61
62
879
303
924
307
639
677
717
279
305
343
639
60
730
61
231
202
606
627
417
616
65
184
208
642
900
907
643
555
257
314
255
316
838
834
833
552
870
177
885
639
357
881
882
880
799
794
793
800
46
45
191
769
763
403
387
389
399
556
50
44
685
303
897
686
305
283
639
343
678
679
684
682
683
553
737
886
879
518
650
660
914
746
252
645
759
591
639
913
879
877
888
883
880
887
713
233
192
563
62
59
215
556
569
713
952
943
535
534
539
204
766
715
726
728
417
417
893
555
403
713
182
556
722
718
721
639
357
881
882
880
585
349
584
639
137
177
190
237
568
721
228
859
858
862
626
833
518
568
894
555
879
952
953
943
456
455
449
444
443
59
200
879
235
858
417
417
124
272
365
644
254
639
277
332
881
879
882
883
888
880
884
552
936
951
961
932
63
582
583
514
508
510
509
552
552
177
616
880
887
750
879
877
888
713
556
86
996
995
243
728
616
973
965
967
963
877
964
962
968
878
880
966
254
639
229
979
826
825
180
256
639
137
186
62
715
725
728
721
488
593
489
472
479
480
482
481
678
553
674
234
222
240
563
189
206
865
839
692
693
553
761
254
639
879
880
417
417
713
217
776
922
349
586
631
554
555
560
487
479
480
482
481
757
764
715
722
727
725
955
231
205
587
513
552
40
14
7
8
738
736
193
979
826
825
257
314
267
255
316
350
278
333
552
54
177
554
177
213
257
582
282
154
350
314
306
267
255
316
271
153
583
280
278
333
146
139
138
147
137
552
163
177
165
257
261
255
350
259
312
278
507
177
177
187
925
917
555
553
556
202
936
220
1003
566
582
658
583
486
476
474
475
552
552
177
257
314
255
316
350
278
825
552
961
177
875
910
555
200
488
593
489
472
479
480
471
482
481
925
555
553
556
860
839
576
788
798
402
652
424
325
919
423
707
903
427
898
917
639
246
377
624
702
417
648
949
948
953
943
241
137
689
689
220
697
699
639
266
553
695
210
516
423
515
898
647
592
903
505
506
552
417
722
723
718
719
641
256
349
639
554
553
236
196
401
254
639
880
226
225
678
179
546
547
535
528
534
529
533
124
105
344
132
131
254
603
592
621
894
130
595
594
897
584
639
343
103
604
133
552
58
401
325
353
639
215
419
421
420
418
713
755
757
766
715
722
723
728
720
530
532
531
529
533
955
959
956
877
738
736
229
188
819
879
877
627
423
417
587
805
807
799
788
795
798
309
554
863
814
585
349
639
986
885
710
708
553
877
1002
742
724
723
992
314
255
316
456
350
459
278
452
445
451
444
446
177
400
403
713
285
639
917
690
815
766
726
728
417
417
894
424
629
627
423
555
417
653
187
157
156
691
161
159
155
158
681
139
138
144
145
918
555
417
906
555
233
817
398
395
387
917
555
27
585
349
584
796
795
242
203
227
402
994
996
993
201
877
236
749
919
879
713
564
911
244
639
203
627
553
561
386
860
627
858
839
216
718
721
113
115
112
114
201
53
52
47
44
944
843
839
837
836
860
839
904
122
115
118
114
116
106
106
225
349
734
865
869
639
843
839
838
833
904
980
877
977
876
975
976
85
66
417
272
916
604
592
554
65
325
950
335
649
639
877
880
943
650
257
261
582
255
340
350
583
259
312
278
796
791
795
790
789
787
797
792
798
552
177
808
325
332
237
728
814
217
905
555
240
860
627
423
426
858
839
417
392
552
5
16
232
430
325
460
459
455
431
177
238
860
627
423
426
858
839
417
272
371
375
279
254
349
373
305
343
639
59
60
64
61
63
62
552
111
326
545
350
544
278
320
535
532
540
531
537
534
536
177
455
320
448
443
177
212
771
648
345
311
639
877
876
880
713
894
702
950
335
639
954
357
332
881
877
882
880
943
951
140
141
879
109
107
108
184
26
25
18
3
19
22
185
210
235
748
706
562
241
18
19
114
243
932
239
161
159
158
160
157
156
691
155
681
139
138
144
145
206
905
325
633
655
891
603
703
643
621
894
704
917
632
377
557
573
577
554
563
555
553
562
565
556
578
627
195
719
230
565
423
918
917
417
587
485
471
552
205
722
718
721
349
734
357
377
999
557
577
555
560
570
564
558
561
565
556
554
559
563
576
566
562
572
571
177
386
58
669
992
689
694
701
671
673
875
566
992
238
207
213
592
137
875
585
584
479
473
250
424
919
628
423
426
894
629
627
309
918
591
630
555
553
570
565
573
554
567
417
627
926
555
556
720
224
325
589
912
591
573
554
575
555
567
553
565
652
771
581
908
901
274
586
769
749
639
246
624
879
877
880
713
424
39
423
426
38
3
28
35
34
31
32
30
29
33
417
741
992
194
864
838
727
656
994
996
995
927
555
689
242
715
725
728
721
879
28
29
421
199
208
627
293
287
291
289
554
181
894
702
865
839
400
401
157
156
691
161
612
159
155
158
160
681
139
138
144
145
137
419
582
583
990
621
986
729
225
209
257
314
267
255
316
333
177
555
875
349
734
554
553
349
281
639
277
675
679
676
553
964
189
504
505
506
512
511
898
573
555
553
417
256
349
639
554
556
272
639
974
974
193
423
916
592
417
860
627
423
426
858
839
417
44
702
862
864
839
833
228
552
701
718
66
879
70
769
743
763
71
713
272
325
589
915
591
573
554
575
555
567
553
565
424
627
423
573
417
211
214
951
325
395
1003
357
640
411
639
407
405
363
409
387
388
391
392
389
390
713
399
1001
756
754
715
724
723
718
719
721
197
239
90
777
147
713
190
894
707
702
450
887
194
7
8
820
817
815
627
417
123
647
143
142
137
7
4
8
6
5
27
16
192
221
748
716
82
59
66
62
417
678
894
563
555
181
277
177
934
369
367
361
639
877
933
598
423
425
899
560
555
553
417
760
254
639
879
880
417
713
349
584
639
986
579
419
420
863
860
426
839
417
879
839
552
311
212
538
177
552
890
636
396
349
638
637
603
554
555
560
553
564
561
574
372
255
456
350
378
376
278
455
374
320
177
177
423
918
555
417
417
460
567
248
911
592
554
568
423
918
555
417
723
718
719
207
574
860
839
923
573
555
553
562
183
556
359
254
994
996
995
997
177
701
214
198
222
400
720
180
178
423
426
35
29
31
33
742
211
886
718
945
946
279
639
553
565
771
767
758
581
764
752
765
744
769
749
71
66
60
878
61
62
67
713
418
726
488
593
472
479
471
482
481
257
314
267
255
316
333
552
870
177
524
417
552
399
552
689
111
16
694
974
974
943
552
701
552
552
943
27
673
930
930
552
177
992
177
177
673
713
875
441
974
713
177
689
386
992
177
399
254
995
257
255
146
257
255
256
639
137
181
181
257
255
257
255
180
257
255
4
254
639
880
180
254
639
60
257
255
254
639
603
257
255
257
255
257
255
257
255
254
639
392
255
644
254
639
254
639
255
451
256
639
254
639
880
254
639
257
255
256
639
257
255
796
791
790
254
639
880
254
639
880
715
725
715
725
