1
2
2
2
2
2
2
2
2
2
2
2
2
2
2
2
2
2
2
2
2
2
2
2
2
2
2
2
2
2
2
2
2
5
5
1
37
37
37
37
37
37
37
38
38
39
39
40
40
41
41
44
42
44
42
43
43
1
59
59
59
59
59
59
59
59
59
59
59
59
59
59
59
59
59
59
59
59
59
59
59
59
59
59
59
59
59
59
59
59
59
59
59
59
59
59
59
59
59
59
59
59
59
59
59
59
59
59
59
59
59
59
59
59
59
59
59
59
59
59
64
122
122
59
125
125
125
125
125
125
125
125
59
134
134
134
134
59
139
139
139
139
139
139
139
139
139
139
139
139
139
139
139
139
139
139
109
1
159
159
159
159
159
159
159
159
159
159
159
159
159
159
159
159
159
159
159
159
159
159
159
159
159
159
159
159
159
159
159
159
159
159
159
159
159
159
159
159
159
159
159
159
159
159
159
159
159
159
159
159
159
159
159
159
159
159
159
159
159
159
159
159
159
159
159
159
159
159
159
159
159
159
159
159
159
159
159
159
159
159
159
159
159
159
159
159
159
159
159
159
159
159
159
159
159
206
206
207
207
208
208
209
209
1
265
265
265
265
265
265
265
265
265
268
268
268
159
265
2
37
234
234
166
166
207
207
172
172
10
10
11
11
132
248
248
78
79
82
82
82
82
82
180
180
191
191
149
30
30
42
42
232
232
43
43
239
239
229
229
187
187
14
14
235
235
206
206
171
171
247
247
199
199
152
179
179
192
192
273
273
70
88
131
131
17
17
238
238
40
40
18
18
160
160
24
24
230
230
16
16
146
188
188
77
77
272
272
213
213
170
170
236
236
91
255
255
129
66
254
254
246
246
34
34
28
28
133
178
178
271
271
148
193
193
245
245
227
227
237
237
76
76
161
161
177
177
83
144
138
203
203
97
97
169
169
112
94
94
228
228
253
253
266
266
194
194
90
90
90
41
41
244
244
226
226
32
32
80
137
4
4
147
270
270
123
27
27
162
162
13
13
15
15
186
186
29
29
168
168
86
210
210
216
216
22
22
195
195
252
252
184
184
21
21
99
99
99
23
23
26
26
212
212
269
269
89
243
243
225
225
8
8
130
142
3
3
223
223
163
163
267
267
38
38
175
175
205
205
115
20
20
167
167
256
256
33
33
109
109
217
217
196
196
251
251
183
183
185
185
211
211
143
224
224
84
84
84
84
84
84
39
39
242
242
202
202
9
9
222
222
233
233
176
176
164
164
204
204
12
12
95
95
95
95
95
95
95
174
174
151
151
209
209
31
31
165
165
218
218
110
110
198
198
250
250
182
182
189
189
67
67
145
241
241
201
201
6
6
114
114
114
221
221
231
231
19
19
214
214
208
208
173
173
5
5
249
249
197
197
181
181
190
190
93
93
93
93
93
87
87
87
87
87
7
7
240
240
44
44
200
200
25
25
219
219
268
268
111
111
220
220
215
215
274
274
