2
3
4
5
6
7
8
9
10
11
12
13
14
15
16
17
18
19
20
21
22
23
24
25
26
27
28
29
30
31
32
33
34
35
36
37
38
39
40
41
42
43
44
45
46
47
48
49
50
51
52
53
54
55
56
57
58
59
60
61
62
63
64
65
66
67
68
69
70
71
72
73
74
75
76
77
78
79
80
82
83
84
85
86
87
88
89
90
91
92
93
94
95
96
97
98
99
100
101
102
103
104
105
106
107
108
109
110
111
112
113
114
115
116
117
118
119
120
121
122
123
124
125
126
127
128
129
130
131
132
133
134
135
136
137
138
139
140
141
142
143
144
145
146
147
148
149
150
151
152
153
154
155
156
157
158
159
160
161
162
163
164
165
166
167
168
169
170
171
172
173
174
175
176
177
178
179
180
181
182
183
184
185
186
187
188
189
190
191
192
193
194
195
196
197
198
199
200
201
202
203
204
205
206
207
208
209
210
82
2
89
85
94
88
157
51
82
190
125
95
96
91
26
153
4
184
102
89
95
85
94
93
86
163
148
187
194
4
4
2
102
89
95
85
94
93
86
190
159
160
190
102
85
95
94
93
88
86
96
83
148
31
30
29
85
3
88
4
148
174
148
169
4
139
148
73
190
125
95
96
4
162
190
100
148
170
168
190
169
93
89
94
148
162
190
125
95
96
40
3
88
4
170
168
190
169
195
169
85
2
82
190
102
85
95
94
93
90
91
176
190
88
4
194
102
85
95
94
93
90
86
190
125
95
96
4
2
4
4
190
125
95
96
26
2
148
40
4
125
89
94
148
183
82
85
92
91
93
102
3
97
190
88
4
82
168
85
73
184
85
87
98
86
82
48
49
190
4
148
168
190
169
98
85
87
98
86
82
170
85
26
2
85
87
98
86
82
4
148
173
172
84
85
94
89
91
93
83
88
96
93
148
168
148
175
28
174
148
84
95
94
83
85
87
98
86
82
151
2
97
27
86
125
89
94
87
168
153
85
148
168
123
99
125
89
94
148
171
4
190
125
94
162
102
89
95
85
94
93
86
28
2
175
85
87
98
86
82
190
88
4
4
2
88
27
2
85
4
91
3
196
190
102
3
4
92
2
92
99
148
103
123
28
2
190
125
95
96
176
174
175
84
83
52
148
190
130
102
85
95
94
93
86
102
85
87
94
86
95
97
93
98
88
90
27
2
4
4
94
201
162
4
2
103
125
94
76
148
175
92
143
185
100
82
2
95
2
