2
3
4
5
6
7
8
9
10
11
12
13
14
15
16
17
18
19
20
21
22
23
24
26
27
28
29
30
31
32
33
34
35
36
37
38
39
40
41
42
43
44
45
46
47
48
49
50
51
52
53
54
55
56
57
58
59
60
61
62
63
64
65
66
67
68
70
71
72
73
74
75
76
77
78
79
80
81
82
83
84
85
86
87
88
89
90
91
92
94
95
96
97
98
99
100
101
102
103
104
105
106
107
108
109
110
111
112
113
114
115
116
117
118
119
120
121
122
123
124
125
126
127
128
129
130
131
132
133
134
135
136
137
138
139
140
141
142
143
144
145
146
147
148
149
150
151
152
153
154
155
156
157
158
159
160
161
162
163
164
165
166
167
168
169
170
171
172
173
174
175
176
177
178
179
181
182
183
184
185
186
187
188
189
190
191
192
193
194
195
196
197
198
199
200
201
202
203
204
205
206
207
208
209
210
211
212
213
214
215
216
217
218
219
220
221
222
223
224
225
226
227
228
229
230
231
232
233
234
235
236
237
238
239
240
241
242
243
244
245
246
247
248
249
251
252
253
182
98
97
99
95
96
162
46
26
124
97
95
96
170
76
175
176
97
170
26
3
124
97
95
96
170
50
52
40
26
129
51
48
124
97
95
96
177
3
18
15
182
175
176
97
170
200
237
26
50
51
48
49
52
129
29
31
30
176
97
170
191
209
191
175
176
97
170
200
197
198
197
29
28
45
237
26
171
172
207
197
200
193
205
201
199
176
97
95
96
170
237
26
72
71
191
172
24
19
21
20
3
176
97
170
191
193
176
97
170
98
99
170
176
97
95
96
170
196
124
176
98
97
99
95
96
170
204
202
197
194
199
203
209
195
210
200
193
198
196
201
237
26
48
207
208
175
176
97
170
182
76
237
26
171
200
196
175
176
97
170
194
50
52
26
237
26
90
184
196
124
97
95
96
170
3
176
97
170
195
197
196
237
26
19
20
21
3
185
176
97
95
96
170
176
97
170
176
97
170
237
26
29
31
30
175
12
191
204
202
192
203
72
71
191
205
29
30
31
40
51
207
200
193
205
52
26
26
237
26
191
16
124
98
99
162
170
200
207
206
205
50
52
26
51
26
45
250
40
26
45
