1
2
2
2
2
2
2
8
8
5
5
13
14
14
14
14
14
14
14
14
14
14
14
14
14
14
14
14
14
14
14
14
14
14
14
14
14
14
14
14
14
14
14
14
14
14
14
14
14
14
14
14
14
14
14
14
14
14
14
14
14
14
14
14
14
14
14
14
14
14
14
14
14
14
14
14
14
14
14
14
14
14
14
14
14
87
87
87
87
92
93
93
93
93
93
93
94
100
95
102
96
104
96
106
97
108
97
110
98
112
99
114
99
99
13
118
118
118
118
118
118
118
118
118
118
118
118
118
118
118
118
118
118
118
118
118
118
118
118
118
118
142
145
118
147
147
147
147
147
147
147
147
147
147
147
147
147
151
161
151
163
160
165
134
134
169
133
133
133
173
174
174
174
174
174
175
176
5
178
179
179
179
179
179
179
179
179
179
179
179
179
179
179
179
179
179
179
179
179
179
179
179
179
179
179
179
179
179
179
179
179
179
179
179
179
179
179
179
179
179
179
179
179
179
179
179
13
227
227
227
227
227
227
227
227
227
227
227
227
227
227
227
227
227
227
227
227
227
227
227
227
227
227
227
227
227
227
227
227
227
227
227
262
262
262
227
266
266
266
5
5
272
273
273
273
273
273
273
273
273
273
273
273
273
273
273
273
273
273
273
273
273
273
273
273
273
273
273
273
273
273
273
273
273
273
273
273
273
273
273
273
273
273
5
179
249
238
138
204
252
91
224
224
90
90
285
308
133
133
133
139
235
294
219
223
236
283
142
142
214
214
305
84
84
84
137
137
137
137
295
253
203
190
190
190
5
10
10
44
243
216
216
131
159
159
205
205
205
205
134
282
282
215
135
306
220
140
156
156
156
210
210
296
296
296
296
296
296
287
191
191
198
130
209
300
247
155
256
256
256
286
286
286
301
301
244
128
188
188
188
290
234
42
289
129
237
194
212
166
241
189
189
307
222
264
264
304
259
160
160
160
160
160
233
293
149
298
281
281
269
192
141
257
265
265
265
265
265
265
255
217
195
195
211
251
254
221
239
37
37
206
218
245
48
258
258
258
51
51
51
51
51
41
297
297
261
246
146
47
47
47
47
47
4
157
299
299
132
132
132
186
186
200
193
154
154
154
154
43
199
158
158
284
201
39
39
213
151
151
151
150
136
240
127
127
127
127
127
196
288
274
270
11
315
315
170
170
171
