2
3
4
5
6
7
8
9
10
11
12
14
15
16
17
18
19
20
21
22
23
24
25
26
27
28
29
30
31
32
33
34
35
36
37
38
39
40
41
42
43
44
45
46
47
48
49
50
51
52
53
54
55
56
57
58
59
60
61
62
63
64
65
66
67
68
69
70
71
72
73
74
75
76
77
78
79
80
81
82
83
84
85
86
87
88
89
90
91
93
94
95
96
97
98
99
100
101
102
103
104
105
106
107
108
109
110
111
112
113
114
115
116
117
118
119
120
121
122
123
124
125
126
127
128
129
130
131
132
133
134
135
136
137
138
139
140
141
142
143
144
145
146
147
148
149
150
151
152
153
154
155
156
157
158
159
160
161
162
163
164
165
166
167
168
133
170
171
172
134
143
147
148
149
150
151
135
177
179
180
181
182
183
184
185
186
187
188
189
190
191
192
193
194
195
196
197
198
199
200
201
202
203
204
205
206
207
208
209
210
211
212
213
214
215
216
217
218
219
220
221
222
223
224
225
226
227
228
229
230
231
232
233
234
235
236
237
238
239
240
241
242
243
244
245
246
247
248
249
250
251
252
253
254
255
256
257
258
259
260
261
262
263
264
265
266
267
268
269
270
271
273
274
275
276
277
278
279
280
281
282
283
284
285
286
287
288
289
290
291
292
293
294
295
296
297
298
299
300
301
302
303
304
305
306
307
308
309
310
311
312
313
314
315
2
250
242
119
197
250
87
222
207
88
89
276
276
30
31
32
125
232
276
220
224
231
275
57
126
187
197
306
48
87
87
136
134
135
133
276
262
197
186
181
179
7
6
9
46
244
220
207
124
160
149
194
197
207
184
33
276
277
216
32
276
187
126
47
55
51
214
207
291
284
292
276
278
279
276
186
179
197
123
210
301
248
154
47
55
229
285
276
277
304
276
248
119
185
181
179
276
228
266
276
147
238
182
214
160
242
185
179
308
187
55
256
286
232
158
149
138
150
148
232
276
138
299
280
273
268
182
142
258
41
42
259
268
263
266
230
218
197
182
212
252
229
222
240
48
38
197
220
246
16
37
39
230
84
52
88
89
87
266
276
278
231
248
142
49
84
88
89
87
8
53
304
276
47
55
123
187
185
197
180
152
153
157
122
45
197
35
34
277
197
48
40
214
156
152
138
149
36
242
55
54
123
119
124
197
276
273
258
7
276
278
30
31
32
