2
3
4
5
6
7
8
9
10
11
12
13
14
15
16
17
18
19
20
21
22
23
24
25
26
27
28
29
30
31
32
33
34
35
36
37
38
39
40
41
42
43
44
45
46
47
48
49
50
51
52
54
55
56
57
58
59
60
61
62
63
64
65
66
67
68
69
70
71
72
73
74
75
76
77
78
79
80
81
82
83
84
85
86
87
88
89
90
91
92
93
94
95
96
97
98
99
100
101
102
103
104
105
106
107
108
109
110
111
112
113
114
115
116
117
118
119
120
61
62
123
124
125
126
127
128
129
130
131
132
133
134
135
136
137
138
139
140
141
142
143
144
145
146
147
148
149
150
151
152
153
154
155
156
157
158
159
160
161
162
163
164
165
166
167
168
169
170
171
172
173
174
175
176
177
178
179
180
181
182
183
184
185
186
187
188
189
190
191
192
193
194
195
196
197
198
199
200
201
202
203
204
205
206
207
208
209
210
211
212
213
214
215
216
217
218
219
220
221
222
223
224
225
226
227
228
229
230
233
234
235
236
237
238
239
240
241
242
243
244
245
246
247
248
249
250
251
252
253
254
255
256
257
258
259
260
261
262
263
264
265
266
267
268
269
270
271
272
273
274
275
276
278
279
280
281
282
283
284
285
286
287
288
289
290
291
292
293
294
295
296
297
298
299
300
301
302
303
304
305
306
307
308
309
310
311
312
313
314
315
316
317
318
188
188
188
101
202
180
236
243
239
238
237
241
240
277
129
127
50
22
60
181
238
234
277
72
135
231
62
149
280
50
14
22
127
120
68
67
77
116
73
75
71
98
248
236
243
244
240
131
132
130
80
76
129
50
52
14
10
22
19
20
53
88
66
65
57
68
67
63
69
77
64
116
285
319
61
231
236
50
22
282
281
287
285
284
283
280
286
319
61
129
287
284
286
281
287
319
152
154
127
130
231
231
202
203
231
180
113
236
243
277
129
120
66
77
116
237
240
286
310
319
131
129
132
133
138
130
134
194
231
201
211
190
13
14
10
21
53
153
231
54
214
231
13
22
130
137
21
63
76
127
271
272
224
224
100
169
129
34
51
52
13
22
16
11
15
129
127
138
225
226
231
198
199
127
195
196
261
237
223
215
217
213
127
214
212
218
128
130
216
231
231
129
97
20
181
201
313
64
230
154
127
227
126
225
226
231
231
50
14
22
100
80
98
99
102
78
59
55
20
16
255
187
127
130
180
243
277
129
130
303
281
284
319
319
310
137
240
311
313
312
319
151
129
127
130
231
102
205
215
213
214
212
231
275
260
274
262
258
236
234
241
277
270
298
236
244
32
48
120
68
77
116
50
52
14
10
22
11
19
20
53
158
151
129
127
130
231
263
261
277
65
192
127
191
129
106
105
107
55
56
223
154
215
127
212
213
214
218
128
126
130
216
231
129
130
281
284
50
32
52
14
22
16
11
21
15
22
21
129
15
284
120
67
77
116
272
194
50
22
231
243
237
277
50
14
22
20
21
54
271
10
14
53
61
296
236
163
229
112
164
113
129
127
138
133
130
134
137
224
54
185
186
203
180
182
183
13
14
10
17
22
16
19
18
15
53
10
19
62
127
126
130
231
187
204
131
127
132
130
180
201
129
129
35
10
14
17
12
11
16
20
21
15
72
70
74
240
277
270
236
244
280
50
14
22
16
11
15
117
118
116
73
62
135
231
256
260
259
258
271
272
277
130
131
132
130
190
54
14
10
19
53
312
297
299
300
313
311
312
319
39
10
14
19
281
280
319
92
89
94
90
91
93
88
95
96
73
72
76
136
237
120
69
77
116
117
118
182
183
254
297
279
282
319
286
319
319
31
10
14
99
136
168
167
14
10
316
318
301
302
300
315
279
281
285
280
310
319
129
10
21
163
112
164
113
129
127
138
133
130
137
54
112
257
258
311
319
92
89
94
91
88
96
90
93
95
73
72
71
76
70
205
209
206
127
70
231
231
319
231
180
277
231
231
53
231
277
231
319
116
231
231
188
116
224
319
231
180
231
188
277
319
319
116
231
116
62
61
