2
3
4
5
6
7
8
9
10
11
12
13
14
15
16
17
18
19
20
21
22
23
24
25
26
27
28
29
30
31
32
33
34
35
36
37
38
40
41
42
43
44
45
46
47
48
49
50
51
52
53
54
55
56
57
58
59
60
61
62
63
64
65
66
67
68
69
70
71
72
73
74
75
76
77
78
79
80
82
83
84
85
86
87
88
89
90
91
92
93
94
95
96
97
98
99
100
101
102
103
104
105
106
107
108
109
110
111
112
113
114
115
116
117
118
119
120
121
122
123
124
125
126
127
128
129
24
14
22
25
23
21
13
24
19
14
22
25
16
17
23
20
15
18
21
96
84
84
97
86
90
98
89
99
95
91
83
82
82
10
82
111
110
84
98
93
88
96
94
86
128
112
86
82
10
82
98
93
88
84
86
90
85
89
87
95
91
82
125
93
94
113
97
89
96
99
83
91
29
31
30
32
28
27
97
98
82
24
14
22
25
23
13
33
29
31
30
34
32
28
82
125
93
94
92
84
87
88
111
110
84
98
83
17
23
