2
3
4
5
6
7
8
9
10
11
12
13
14
15
16
17
18
19
20
21
22
23
24
25
26
27
28
29
30
31
32
33
34
35
36
37
38
39
40
41
42
43
44
45
46
48
49
50
51
52
53
54
55
56
57
58
59
60
61
62
63
64
65
66
67
68
69
70
71
72
73
74
75
76
77
78
79
80
81
82
83
84
85
86
87
88
89
90
91
92
93
94
95
96
97
98
99
100
101
102
103
104
105
106
107
108
109
110
111
112
113
114
115
116
117
118
119
120
121
122
123
124
125
126
127
128
129
130
131
132
133
134
135
136
137
138
139
140
141
142
143
144
145
146
147
148
149
150
151
152
153
154
155
156
157
158
159
160
161
162
163
164
165
166
167
168
169
170
171
172
173
174
175
176
177
178
179
180
181
182
183
184
185
186
187
188
189
190
191
192
193
194
195
196
197
198
199
200
201
202
203
204
205
206
207
208
209
210
211
212
213
214
215
216
217
218
219
220
221
222
223
224
225
226
227
228
229
230
231
232
233
234
235
236
237
238
239
240
241
242
243
244
245
246
247
248
249
250
251
252
253
254
255
256
257
258
259
260
261
262
263
264
265
266
267
268
269
270
271
272
273
274
275
276
277
278
279
280
281
282
283
284
285
286
287
288
289
290
291
292
293
294
295
296
297
298
299
300
301
302
303
304
305
306
307
308
309
310
311
312
313
314
315
316
317
318
319
320
321
322
323
324
325
326
327
328
329
330
331
332
333
334
335
336
337
338
339
340
341
342
343
344
345
346
347
348
349
350
351
352
353
354
355
356
357
358
359
360
361
362
363
364
366
367
368
369
370
371
372
373
374
375
376
377
378
379
380
381
382
383
384
385
386
387
388
389
390
391
392
393
394
395
396
397
398
399
400
401
402
403
404
405
406
407
408
409
410
411
412
413
414
415
416
417
418
419
420
421
422
423
424
425
426
427
428
429
430
431
432
433
434
435
436
437
438
439
440
441
442
443
444
445
446
447
448
449
450
451
452
453
454
455
456
457
458
459
460
461
462
463
464
465
466
467
468
469
470
471
472
473
474
475
476
477
478
479
480
481
482
483
484
485
486
487
488
489
490
491
492
493
494
495
496
497
498
499
500
501
502
503
504
505
506
507
508
509
510
511
512
513
514
515
516
517
518
519
520
521
522
523
524
525
526
527
528
529
530
531
532
533
534
535
536
537
538
539
540
541
542
543
544
545
546
547
548
549
550
551
552
553
554
555
557
558
559
560
561
562
563
564
565
566
567
568
569
570
571
572
573
574
575
576
577
578
579
580
581
582
583
584
585
586
587
588
589
590
591
592
593
594
595
596
597
598
599
600
601
602
603
604
605
606
607
608
609
610
611
612
613
599
615
616
617
618
619
620
621
622
623
624
625
626
627
628
629
630
631
632
633
634
635
636
637
638
639
640
641
642
643
644
645
646
647
648
649
650
651
652
653
654
655
656
657
658
659
660
661
662
663
664
665
666
667
668
669
670
671
672
673
674
675
676
677
678
679
680
681
682
683
684
685
686
687
688
689
690
691
692
693
694
695
696
697
698
699
700
701
702
703
704
705
706
708
710
711
712
713
714
715
716
717
718
719
720
721
722
723
724
725
726
727
728
729
730
731
732
733
734
735
736
737
738
739
740
741
742
743
744
745
746
747
748
749
750
751
752
753
754
755
756
757
758
759
760
761
762
763
764
765
766
767
768
769
770
771
772
773
774
775
776
777
778
779
780
781
782
783
784
785
786
787
788
789
790
791
792
793
794
795
796
797
798
799
800
801
802
803
804
805
806
807
808
809
810
811
812
813
814
815
816
817
818
819
820
821
822
823
717
563
563
563
379
385
468
366
366
803
137
208
143
358
359
87
53
54
50
722
49
354
621
622
663
645
385
507
518
366
205
480
245
264
53
540
780
261
355
53
592
379
389
684
681
678
680
682
683
417
416
380
729
12
385
597
599
598
55
355
143
735
770
767
751
143
752
720
736
725
732
721
57
733
240
813
722
545
586
389
583
454
379
732
781
784
750
789
785
808
724
732
721
733
596
617
595
366
617
595
245
83
293
771
722
803
814
208
53
54
50
722
719
49
382
368
698
585
379
378
377
389
380
695
668
647
663
617
685
688
691
689
692
675
454
379
143
385
83
71
245
377
390
617
366
264
53
378
53
391
796
53
378
103
136
805
722
597
357
723
259
59
245
49
168
468
366
51
52
67
559
661
646
648
105
97
93
98
100
101
49
676
681
629
678
682
680
677
624
675
675
478
76
597
596
600
67
412
395
368
366
366
732
311
803
54
722
57
522
489
406
439
415
520
368
366
366
402
366
742
226
722
49
765
764
769
757
766
722
72
679
677
385
116
53
49
213
118
122
62
49
65
379
693
691
4
690
5
687
617
49
137
307
280
199
278
49
229
799
798
717
719
713
732
721
817
175
53
805
64
722
49
197
383
463
563
606
602
585
379
378
586
587
377
579
580
582
380
581
366
652
621
49
391
53
753
730
732
734
721
666
586
389
584
181
722
71
390
617
366
53
232
53
49
67
330
402
366
732
721
792
750
793
732
721
379
54
732
57
59
754
720
721
440
473
377
814
813
54
719
732
721
57
212
803
786
54
717
729
732
721
57
804
662
656
658
657
655
143
443
734
721
49
58
235
380
542
541
191
759
53
722
49
60
58
781
749
747
783
785
728
732
721
151
148
109
143
116
120
796
108
119
740
74
54
722
49
78
65
77
385
267
53
366
255
282
143
49
175
176
524
695
366
170
203
124
763
730
726
729
467
461
375
566
53
164
664
645
746
385
771
722
380
730
732
721
436
473
379
377
61
730
729
732
53
60
58
419
418
420
421
379
378
377
385
368
728
442
459
308
806
771
722
355
248
193
179
53
49
380
732
385
378
782
721
378
377
771
722
379
463
563
53
75
51
78
49
61
80
385
670
660
646
647
649
226
53
717
657
655
193
178
776
177
755
173
143
771
119
778
183
53
722
78
49
67
732
190
185
184
785
187
143
170
169
186
771
174
188
189
171
722
49
143
785
732
57
382
388
383
387
763
731
730
726
729
221
57
696
647
666
696
617
749
787
747
783
732
721
53
62
412
384
368
297
59
653
398
366
728
750
726
732
721
59
379
694
688
691
666
690
689
692
663
154
53
67
787
715
53
661
646
621
620
656
59
549
550
548
551
547
669
647
621
617
645
172
385
720
725
712
366
366
379
730
191
194
804
118
801
117
64
54
722
55
49
53
78
77
385
653
621
771
255
53
245
240
67
651
621
617
617
192
194
195
295
169
193
198
771
53
722
49
379
803
771
54
722
152
151
255
148
423
379
240
67
730
728
729
734
721
114
50
125
698
671
647
621
53
151
361
57
693
691
4
690
5
687
617
385
208
136
88
53
49
388
666
732
385
385
84
53
75
78
49
63
80
67
467
366
366
271
49
470
382
143
730
57
384
783
54
732
57
296
800
795
297
88
64
722
49
65
77
374
53
54
402
366
730
71
790
791
54
718
732
57
578
587
733
774
771
18
617
271
771
722
68
69
580
732
805
741
722
379
397
366
53
196
199
49
143
588
586
389
391
598
804
54
722
311
66
698
774
771
802
718
257
70
84
86
85
256
49
427
586
389
366
731
726
721
59
226
53
143
405
378
377
386
380
374
385
384
366
531
366
73
52
251
763
729
806
722
192
195
183
49
497
366
64
12
624
383
155
53
432
422
428
586
389
366
19
18
617
777
155
153
123
87
53
419
522
418
406
379
378
377
380
368
366
366
385
382
599
375
386
381
385
374
531
423
378
679
676
681
629
678
680
682
677
683
675
665
143
53
49
57
48
262
166
441
379
375
549
550
548
551
547
378
53
478
477
621
622
663
645
385
137
276
279
53
50
49
67
378
378
392
53
440
427
461
586
378
377
389
564
366
546
383
121
140
776
183
53
722
49
254
256
49
563
392
49
197
578
577
610
366
531
609
245
251
183
53
49
666
664
665
645
143
140
586
389
391
598
378
736
656
658
803
795
740
64
54
722
742
771
785
53
722
71
754
110
768
169
797
75
722
49
296
380
387
428
379
366
531
259
275
798
731
50
735
721
119
776
797
53
722
79
49
176
67
390
617
366
56
728
586
389
584
151
226
154
49
762
522
406
379
378
377
380
366
531
366
180
71
651
621
622
693
691
4
690
5
687
617
157
398
366
542
541
791
721
385
814
734
752
722
366
531
751
752
755
706
666
704
663
49
412
603
586
600
389
584
368
97
182
100
787
716
137
330
577
71
665
221
787
785
732
245
71
191
742
759
198
199
758
53
722
49
60
58
732
72
19
18
617
260
731
732
297
59
762
722
59
382
245
297
753
798
731
728
730
729
721
226
53
676
678
680
159
383
731
379
596
771
368
67
698
110
255
756
138
137
122
116
125
119
771
75
74
50
722
62
49
53
78
65
804
137
739
119
75
54
50
722
49
61
80
53
51
78
693
691
4
690
5
687
617
652
621
273
275
274
693
691
4
690
5
687
617
240
67
630
232
693
691
4
690
5
687
617
159
66
732
782
730
728
729
721
814
784
143
50
54
719
732
721
57
735
264
53
776
183
53
722
49
18
617
721
557
559
558
261
53
49
248
139
61
412
449
375
368
366
366
59
379
386
380
385
380
137
103
136
805
722
68
49
56
59
69
586
600
389
361
803
208
53
54
722
728
771
53
722
84
86
85
256
53
255
53
49
744
226
722
53
385
385
597
366
750
732
721
19
366
72
661
670
660
646
647
649
50
54
732
721
57
654
654
663
727
617
645
330
675
617
595
675
576
576
563
568
366
663
710
710
645
645
727
645
563
570
528
528
563
572
81
53
50
531
48
663
366
617
366
389
617
617
595
710
48
48
595
366
366
369
599
599
53
599
369
599
681
