1
2
2
2
3
1
7
7
7
3
1
12
12
12
12
12
12
12
12
12
12
1
23
23
23
23
23
23
23
23
23
23
23
23
23
23
23
27
41
42
42
42
42
42
42
42
42
42
42
52
53
52
1
56
56
56
56
56
56
56
56
56
56
56
56
56
56
56
56
56
56
56
56
78
27
75
1
81
81
81
81
81
81
81
81
81
81
81
81
94
95
89
90
91
99
1
100
100
100
100
100
100
100
100
100
109
110
110
114
1
115
115
115
115
115
115
115
115
115
115
115
115
115
115
115
132
126
126
128
1
136
136
136
136
136
136
136
136
136
136
136
136
136
136
136
136
136
136
136
155
155
158
159
160
161
162
163
150
149
1
166
166
166
166
166
166
166
166
166
166
166
166
166
166
166
166
128
185
126
127
1
188
188
188
188
188
188
188
188
188
188
198
199
199
199
199
199
199
193
193
193
87
87
88
88
88
109
34
34
34
34
34
34
34
34
152
152
195
195
195
195
195
195
149
66
66
66
66
66
66
66
66
66
3
3
3
3
70
70
70
70
70
178
178
153
153
194
194
125
125
125
129
22
22
22
22
22
22
36
36
36
89
76
76
76
76
76
9
9
9
10
10
10
10
10
10
10
10
10
10
5
5
5
5
5
5
5
5
5
67
67
67
93
130
91
91
75
75
75
75
75
75
35
182
193
193
193
193
193
193
193
193
193
193
193
193
193
193
193
193
193
90
126
126
181
196
196
196
196
196
196
18
18
18
18
18
18
18
18
18
18
92
177
177
177
4
4
4
69
69
69
197
197
197
197
21
21
21
21
21
21
38
128
17
17
147
46
180
150
86
86
151
151
151
19
19
19
19
19
20
20
20
20
20
45
127
127
127
127
127
127
127
127
127
8
8
8
8
85
179
179
179
179
179
179
179
179
179
179
62
14
14
168
61
59
60
123
27
103
103
104
11
11
163
133
80
135
6
6
186
99
99
160
208
208
94
94
206
206
95
95
95
183
207
207
96
97
98
