2
3
4
5
6
7
8
9
10
11
12
13
14
15
16
17
18
19
20
21
22
23
24
28
29
30
31
32
33
34
35
36
37
38
39
40
41
42
43
44
45
46
47
48
49
50
51
52
53
54
55
56
57
58
59
60
61
62
63
64
65
66
67
66
67
71
72
73
74
75
76
77
78
79
80
81
82
83
84
85
86
87
88
89
90
91
92
93
94
95
96
97
98
99
100
101
102
103
104
105
106
107
108
109
110
111
112
113
114
115
116
117
118
119
120
121
122
123
124
125
126
127
128
129
130
132
133
134
135
136
137
138
139
140
141
142
143
144
145
146
147
148
149
150
151
152
153
154
155
156
157
158
159
160
161
162
163
165
79
2
79
114
118
87
99
17
54
53
117
113
52
99
95
113
96
73
21
20
3
14
144
45
136
134
145
147
133
139
134
140
32
34
137
139
138
66
17
10
11
52
101
99
53
50
40
41
100
95
113
145
32
147
139
135
140
35
139
113
99
95
50
50
93
73
51
92
94
80
87
85
81
83
89
84
90
50
73
79
29
66
50
38
29
134
113
92
91
89
113
115
113
86
100
85
114
113
114
86
118
117
80
85
115
116
31
136
137
139
135
134
138
140
39
21
22
12
16
14
6
8
10
15
5
13
9
26
37
29
32
42
43
40
41
99
33
50
42
43
40
99
50
116
47
136
134
142
30
39
132
28
2
71
79
50
29
66
32
34
133
139
66
