1
2
2
2
2
2
2
8
8
11
12
12
12
12
12
12
12
12
12
12
12
12
24
24
27
28
28
28
28
28
28
28
28
28
28
28
28
28
28
28
28
28
28
28
28
28
28
28
50
52
54
55
55
55
55
55
55
55
55
55
55
55
55
55
55
55
55
55
72
72
72
72
72
72
72
72
72
72
72
72
72
72
72
72
89
90
90
90
90
90
90
90
98
99
99
99
99
102
106
107
107
107
107
107
107
107
107
107
107
107
107
119
119
119
119
119
119
119
119
119
119
119
131
132
132
132
132
138
139
139
139
139
139
139
139
139
139
139
139
139
89
153
153
153
153
153
153
160
161
161
161
161
161
161
161
161
161
161
161
161
161
161
161
161
161
161
161
161
161
183
184
184
184
131
190
190
190
190
190
190
190
190
190
190
190
190
190
190
190
206
207
207
207
207
207
207
207
214
214
214
214
214
214
221
221
221
221
221
221
221
221
221
221
221
221
221
221
222
223
223
223
223
223
223
223
223
231
231
223
234
234
223
237
237
223
240
240
243
244
244
244
244
244
244
244
244
234
237
90
240
43
43
120
20
20
20
78
198
241
47
47
125
37
37
6
33
33
49
49
71
169
194
93
7
7
7
7
7
88
38
38
238
73
229
229
75
103
103
219
46
74
236
236
40
40
196
85
32
32
200
48
48
216
34
34
150
36
36
230
230
230
230
230
230
159
159
242
242
5
5
77
121
149
227
227
123
31
31
128
247
247
156
156
157
97
19
19
208
86
215
79
96
251
251
251
41
41
248
248
87
118
250
35
35
126
81
124
82
122
129
80
158
220
136
39
39
193
228
217
84
83
51
168
127
203
195
130
23
45
45
45
239
239
44
44
170
21
21
21
21
76
42
42
218
102
235
3
17
224
104
