1
2
2
5
6
7
8
9
9
9
9
9
9
9
9
9
9
9
9
9
9
9
9
9
9
9
9
9
9
9
9
9
9
9
9
9
9
9
9
9
9
9
9
9
9
9
9
9
9
9
9
9
9
9
9
9
9
9
9
9
9
9
9
9
9
9
9
9
9
9
9
9
9
9
9
9
9
9
9
9
9
9
9
9
9
9
9
9
9
9
9
9
9
9
9
9
9
9
9
9
9
9
9
9
9
9
9
9
9
9
9
9
9
9
9
9
9
9
9
9
9
123
123
123
123
123
9
129
129
129
129
129
129
19
137
138
138
138
138
141
143
141
25
128
128
41
41
41
41
19
19
23
23
46
46
46
46
46
46
56
56
56
56
56
56
121
63
63
30
30
30
30
30
30
131
131
39
39
39
39
39
39
39
15
3
51
51
51
51
64
33
44
44
44
44
44
44
32
58
58
58
58
58
58
54
54
54
54
54
54
45
45
45
45
45
45
65
65
65
65
65
65
65
65
53
53
53
53
53
53
53
74
74
74
74
74
74
74
74
74
74
31
72
72
72
72
72
72
21
21
21
21
21
21
21
21
21
67
42
42
42
42
42
42
50
50
50
50
50
50
55
55
55
55
55
55
132
132
17
17
17
17
20
20
70
70
70
70
70
70
70
24
68
68
68
35
76
142
142
73
73
73
73
73
73
34
18
18
52
52
52
52
52
52
16
16
16
16
60
60
60
60
60
60
75
75
75
75
75
75
75
75
75
75
75
26
26
26
26
26
26
26
29
29
29
57
57
57
57
57
57
62
62
62
62
61
61
61
61
38
28
28
28
36
36
36
36
36
36
36
36
36
36
36
135
135
37
43
43
43
43
43
43
43
66
59
59
59
59
59
59
40
40
27
27
27
22
22
22
22
22
22
22
22
133
140
48
48
48
48
48
48
141
141
141
47
47
47
47
47
47
49
49
122
122
13
12
10
145
145
145
136
136
