1
2
2
2
2
7
8
8
8
8
8
8
8
8
8
8
8
8
8
8
8
8
8
8
8
8
8
8
8
8
8
8
8
8
8
8
8
8
15
41
16
43
16
45
19
47
47
24
50
50
25
53
27
55
28
57
33
59
59
33
62
62
37
65
65
40
68
68
68
68
68
15
23
76
77
77
77
77
77
77
77
77
77
77
87
87
87
87
87
16
16
4
91
91
36
36
21
11
82
17
17
32
13
35
81
81
81
81
92
92
83
18
30
39
39
39
12
12
29
29
29
20
20
28
27
34
34
15
15
19
19
38
84
84
84
84
25
79
