2
3
4
5
6
7
8
9
10
11
12
13
14
15
16
17
18
19
20
21
22
23
24
26
27
28
29
30
31
32
33
34
35
36
37
38
39
40
41
42
43
44
45
46
47
48
49
50
51
52
53
54
55
56
57
58
59
60
61
63
64
65
66
67
68
69
70
71
72
73
74
75
76
77
78
79
80
81
82
83
84
85
86
87
88
89
90
91
92
93
94
95
96
97
98
99
100
101
102
103
104
105
106
107
108
109
110
111
112
113
114
115
116
117
118
119
120
121
122
123
124
125
126
127
128
129
130
131
132
133
134
135
136
112
138
139
141
142
143
144
145
146
147
148
149
150
151
152
153
154
156
157
158
159
160
161
162
163
164
165
166
167
168
169
170
171
172
173
174
175
176
177
178
179
180
181
182
183
184
185
186
187
188
189
190
191
192
193
194
195
196
197
198
199
200
201
202
203
204
205
206
207
208
209
210
211
212
213
214
215
216
217
218
219
220
221
222
223
224
225
226
227
228
229
230
231
232
233
234
235
236
237
238
239
240
241
242
243
244
245
246
247
248
249
250
251
252
253
254
255
256
257
258
259
260
261
262
263
264
265
266
267
268
269
270
271
272
273
274
156
156
63
142
144
143
221
218
3
242
260
259
52
50
51
53
27
28
3
243
242
241
9
3
38
77
65
63
67
69
73
10
9
85
260
145
259
257
102
260
259
257
63
63
3
232
225
222
224
221
219
223
220
126
117
118
47
164
9
52
50
51
53
27
28
96
190
66
126
114
117
118
147
141
218
260
259
257
81
63
176
115
114
116
117
118
259
257
38
3
3
38
66
104
84
99
195
190
192
66
67
225
222
224
219
221
223
220
69
70
109
124
125
123
126
119
117
118
9
47
247
240
243
242
3
97
74
67
171
52
50
27
28
9
150
233
85
142
210
68
69
71
53
142
219
238
238
53
222
257
257
69
70
240
239
110
47
211
210
209
225
74
66
71
67
72
73
69
68
85
230
142
219
211
49
51
53
27
28
192
52
51
53
27
28
78
200
202
203
201
199
52
50
51
53
27
28
81
65
63
218
218
52
50
51
53
27
28
123
126
125
28
169
160
163
117
118
174
165
168
173
169
171
172
167
170
166
175
66
83
92
69
68
71
67
222
9
225
83
92
85
94
69
68
71
67
260
259
257
198
198
99
63
104
84
3
52
50
51
53
27
28
79
63
189
190
191
224
9
69
78
189
190
191
192
225
222
223
220
257
257
117
118
85
229
151
260
144
259
221
225
142
143
257
52
51
53
27
28
69
161
160
96
200
52
50
51
53
27
28
47
81
65
63
240
239
53
52
50
51
53
27
28
52
50
51
61
53
27
28
60
143
211
210
209
9
52
50
51
53
27
28
240
239
242
243
218
253
218
115
114
116
117
118
260
259
141
218
141
177
178
181
10
243
95
66
68
71
67
73
72
242
260
259
210
99
70
104
83
85
69
68
71
3
225
222
224
223
220
257
257
117
118
202
203
201
199
204
3
2
2
2
188
188
156
112
257
265
63
63
63
218
241
242
242
239
199
10
169
242
169
117
118
242
242
