1
2
2
2
2
2
2
2
2
2
2
2
2
2
2
2
2
2
2
2
2
2
2
2
2
2
2
2
4
30
10
32
32
32
32
32
32
13
39
2
41
41
41
41
41
41
41
41
41
41
41
41
41
2
55
55
55
55
2
60
60
60
60
60
60
60
60
60
60
60
60
60
60
60
60
60
60
60
60
60
60
60
60
60
60
60
60
60
2
90
90
90
90
90
90
90
90
90
90
90
90
90
90
90
2
106
106
106
106
106
106
106
106
106
106
106
106
106
106
106
106
106
106
106
126
127
127
128
129
24
131
131
26
133
86
86
17
88
138
138
139
31
141
2
143
143
75
145
145
146
147
148
149
149
149
151
151
151
152
152
153
75
155
155
156
157
106
159
159
159
159
159
159
159
159
159
159
159
159
159
159
159
160
160
160
160
160
1
161
161
161
161
161
161
161
161
161
161
161
161
161
161
161
161
161
161
161
161
161
161
161
161
161
161
161
161
161
161
161
161
161
161
161
161
161
161
161
161
161
161
161
161
161
161
161
161
161
161
161
161
161
161
161
161
161
161
161
161
161
161
161
161
161
161
161
161
212
230
213
232
214
234
214
236
214
238
215
240
218
242
242
161
245
245
245
245
245
245
245
245
245
245
245
245
245
245
245
245
245
245
245
245
266
270
271
271
271
271
271
271
271
271
271
271
271
271
272
273
1
274
274
274
274
274
274
280
280
280
280
280
274
286
288
289
289
289
289
289
289
293
296
296
293
299
299
299
303
301
306
297
1
308
308
308
308
308
308
308
308
308
308
308
308
308
321
322
308
324
324
1
328
328
328
328
328
328
328
328
328
328
328
328
328
328
328
328
328
328
328
328
328
328
328
328
328
328
328
328
328
328
328
328
328
328
328
328
328
328
328
328
328
328
328
328
328
328
328
328
328
328
328
379
379
379
379
379
383
385
328
387
387
387
387
387
387
387
387
387
387
387
387
328
400
366
402
372
404
373
406
328
408
408
408
408
1
413
413
413
413
413
413
1
421
421
421
421
421
421
421
421
421
421
421
421
433
433
90
387
2
400
60
245
219
219
198
198
198
198
198
198
198
198
198
198
198
198
198
198
198
82
227
265
365
221
316
316
316
316
316
316
374
374
110
110
110
110
110
112
112
112
67
67
262
262
419
81
81
428
428
428
53
53
53
225
225
225
228
228
228
207
207
207
207
207
207
207
207
207
207
207
207
207
207
207
407
386
369
369
185
185
185
185
185
185
185
185
79
79
79
79
79
79
201
201
201
201
201
201
201
201
201
201
201
201
201
201
201
182
182
182
182
182
182
223
223
58
345
345
432
432
432
211
211
211
211
211
211
211
211
211
211
211
211
211
211
211
254
279
390
390
390
339
59
59
59
59
59
59
59
59
340
340
340
427
427
427
427
427
88
88
88
342
315
336
253
253
253
15
202
202
202
202
202
202
202
202
202
202
202
202
202
202
202
202
193
193
193
193
193
193
193
193
193
193
193
193
191
191
191
191
191
191
191
191
372
372
184
184
184
184
184
184
184
184
184
203
203
203
203
203
203
203
203
203
203
203
203
203
203
203
203
50
50
50
50
28
28
28
28
28
28
28
28
28
28
24
24
21
276
393
27
343
378
341
341
341
210
210
210
210
210
210
210
210
210
210
210
210
210
210
210
229
216
216
216
216
216
216
216
216
216
216
35
35
35
35
188
188
188
188
188
188
188
188
188
188
74
383
222
222
417
417
417
22
22
69
190
190
190
190
190
190
190
190
190
190
190
190
190
190
190
190
190
347
347
347
347
264
40
195
195
195
195
195
195
195
195
195
195
376
376
84
84
84
84
84
84
20
20
20
20
20
20
301
12
215
215
215
215
215
215
215
111
80
396
212
212
212
212
212
212
212
212
297
297
196
196
196
196
196
196
196
196
196
196
196
196
196
196
196
199
199
199
199
199
199
199
199
199
199
199
199
199
199
199
411
411
412
412
344
123
292
395
51
51
51
51
51
51
51
51
51
51
51
394
401
373
373
373
208
208
208
208
208
208
208
208
208
208
208
208
208
208
208
335
244
244
226
226
278
363
370
300
314
220
220
220
220
37
261
26
26
26
26
103
399
399
399
19
19
10
10
10
10
179
179
179
179
179
179
179
179
179
16
291
291
192
192
192
192
192
192
192
192
192
192
192
192
192
403
72
72
255
371
415
415
38
209
209
209
209
209
209
209
209
209
209
209
209
209
209
209
209
14
77
77
77
349
349
349
349
189
189
189
189
189
189
189
189
189
224
224
224
293
214
214
214
214
214
214
214
214
313
405
405
76
76
34
34
34
34
34
187
187
187
187
187
187
187
187
183
183
183
183
183
183
183
183
183
263
263
258
258
258
258
426
89
89
89
89
85
85
85
85
85
85
85
318
186
186
186
186
186
186
186
186
186
186
186
87
357
357
357
357
194
194
194
194
194
194
194
194
194
194
391
397
416
416
416
416
204
204
204
204
204
204
204
204
204
204
204
204
204
204
204
204
33
33
218
218
218
320
109
29
29
29
29
29
29
29
29
71
285
321
321
321
321
321
217
217
217
217
217
217
217
217
217
217
217
217
178
178
178
178
178
178
178
178
178
178
353
353
11
11
337
337
337
18
18
366
180
180
180
180
180
180
180
213
213
213
213
213
213
213
213
392
392
392
392
392
350
350
351
351
351
206
206
206
206
206
206
206
206
206
206
206
206
206
206
206
206
206
259
259
31
31
338
338
338
75
75
75
25
25
83
83
83
83
83
352
352
364
86
86
86
429
260
13
13
13
13
375
375
181
181
181
181
181
181
257
257
200
200
200
200
200
200
200
200
200
200
200
200
200
200
200
346
346
346
52
52
52
52
52
52
52
197
197
197
197
197
197
197
197
197
197
197
197
197
197
197
54
54
54
92
23
23
23
252
252
252
368
205
205
205
205
205
205
205
205
205
205
205
205
205
205
205
205
205
367
367
17
17
17
17
17
68
68
68
73
73
73
73
36
317
329
176
61
414
334
167
9
130
130
132
132
136
136
158
158
304
127
134
135
135
137
137
307
139
142
142
142
143
144
144
145
145
145
145
151
151
154
157
159
159
159
159
159
159
159
159
159
159
160
160
160
160
160
160
160
160
