1
2
2
2
2
2
2
2
2
2
2
2
2
2
2
2
2
2
2
2
2
15
13
14
2
2
2
6
6
33
12
9
10
37
38
7
40
41
41
41
41
41
41
41
41
41
41
41
41
41
41
41
41
41
41
41
41
41
41
41
41
41
41
41
41
41
41
41
41
41
41
41
41
41
41
41
41
41
41
41
41
41
41
41
41
41
41
41
41
41
41
41
41
41
41
41
52
101
41
103
103
103
103
88
88
89
68
68
70
70
16
106
8
8
8
8
8
8
56
102
67
69
69
69
69
69
71
71
71
71
71
73
73
73
73
7
7
7
7
7
7
11
11
11
11
11
11
86
88
90
90
90
80
80
80
13
13
13
13
13
20
78
78
78
78
78
78
58
79
79
79
79
83
83
83
83
6
6
6
6
6
6
6
6
6
6
6
6
6
84
84
84
76
76
65
81
107
94
64
64
64
64
64
64
64
15
15
15
15
15
72
9
9
9
66
66
66
19
92
54
54
54
54
54
54
10
10
93
93
63
74
74
59
91
14
14
14
14
14
14
12
12
12
12
12
12
89
23
23
23
23
23
25
25
25
25
25
27
27
27
27
27
27
31
31
31
31
31
31
31
32
33
33
33
33
33
33
33
34
34
34
34
34
34
35
37
37
37
38
38
38
39
