1
2
2
2
2
2
2
9
10
10
10
10
10
10
10
10
10
10
10
10
10
10
10
10
10
27
27
27
10
31
31
31
31
31
31
31
39
39
10
42
42
42
42
42
1
48
48
48
48
48
48
48
48
48
48
48
48
48
48
48
48
48
48
48
48
48
58
70
1
72
72
72
72
72
72
72
72
72
72
72
72
72
72
72
72
72
72
72
72
72
72
72
72
72
72
72
72
72
72
72
72
72
72
72
72
72
72
72
72
72
72
72
72
72
72
72
72
72
72
72
72
72
72
72
72
72
72
72
72
72
72
72
72
72
72
72
72
72
72
72
72
72
72
72
72
72
72
72
72
72
72
72
72
72
72
72
72
72
72
72
72
72
72
72
72
72
72
72
72
72
72
72
72
72
72
72
72
72
72
72
72
72
72
72
72
72
72
72
72
72
72
72
72
72
72
72
72
72
72
72
72
72
72
77
207
78
209
72
211
211
211
211
211
95
217
105
219
72
221
221
221
221
221
221
221
153
229
231
231
231
231
231
231
72
238
238
238
238
238
243
238
245
238
247
72
249
72
251
251
251
251
251
251
251
251
251
251
251
251
251
251
251
251
251
266
269
72
271
271
271
271
271
271
271
271
271
271
271
72
283
283
283
283
283
283
283
283
283
283
290
294
1
298
298
298
298
298
298
298
298
298
298
298
298
298
298
298
298
298
298
298
298
318
318
318
298
322
322
1
325
325
325
325
325
325
325
325
325
325
325
325
325
325
339
339
339
339
339
339
339
339
339
339
339
339
339
339
339
339
339
339
339
325
359
359
359
359
359
359
362
366
359
368
9
370
370
370
370
370
370
370
370
370
370
370
370
370
370
370
370
370
370
370
370
370
370
370
393
393
377
397
9
398
398
398
398
398
398
398
398
398
407
407
407
398
411
411
411
411
411
411
411
411
411
37
418
424
418
426
427
428
31
430
32
38
32
32
38
32
38
438
418
33
247
398
411
359
2
245
298
407
243
404
404
4
314
144
376
335
335
25
117
117
117
117
117
117
117
117
117
117
117
117
117
117
310
310
310
305
119
119
119
119
119
293
293
293
293
378
378
200
26
26
201
195
195
208
208
321
184
282
282
282
282
282
116
116
198
383
320
187
132
125
125
125
125
64
64
64
210
162
162
162
162
162
162
385
385
382
382
154
154
154
154
332
332
122
122
122
122
228
228
228
228
228
228
192
354
354
354
354
354
353
353
202
202
203
203
29
362
121
121
121
30
185
419
143
113
113
410
410
278
278
278
278
278
56
56
60
60
165
165
165
165
165
165
165
165
168
159
159
101
101
363
65
387
387
387
364
44
265
265
386
61
61
190
150
333
333
333
355
355
235
235
235
194
367
367
102
102
102
102
102
102
102
102
102
102
102
102
102
102
142
128
128
128
128
128
128
128
23
23
135
384
384
21
279
279
279
279
172
172
375
375
375
375
306
196
196
151
403
403
109
109
109
336
336
336
336
336
336
336
336
336
106
106
106
106
268
147
392
392
418
418
418
180
181
45
164
164
174
174
324
324
324
57
57
57
96
96
96
96
96
96
98
98
289
289
289
309
104
104
41
405
405
405
153
153
153
126
126
126
126
126
126
126
126
126
126
126
126
331
331
227
227
227
227
227
227
127
127
127
127
127
127
127
127
127
127
290
290
290
290
291
291
291
291
35
35
337
337
337
395
136
136
136
22
22
95
95
95
95
95
95
313
313
313
313
317
317
186
157
406
406
406
406
250
250
62
62
292
391
391
356
356
197
197
24
124
124
130
130
348
348
349
349
156
156
179
20
63
63
417
417
417
236
307
307
145
420
175
16
16
16
16
415
110
110
110
188
138
138
138
66
204
204
46
46
46
358
358
358
358
358
358
358
358
358
358
358
358
409
409
99
99
350
350
350
350
350
141
189
17
220
220
220
220
161
161
161
161
161
161
161
161
161
161
161
161
161
161
161
161
161
161
161
161
7
108
108
108
108
108
108
108
108
103
103
103
103
103
103
103
103
103
103
15
15
15
15
205
205
205
205
205
167
167
167
193
5
5
388
388
315
315
315
315
315
315
33
176
176
115
115
115
100
100
389
389
6
6
330
330
330
330
34
34
114
19
19
334
334
334
59
59
59
59
120
120
120
120
120
120
120
218
338
281
316
316
316
166
166
166
137
107
107
107
107
379
199
230
183
36
36
131
146
14
14
206
206
206
206
18
18
148
148
402
402
58
149
264
264
264
264
264
264
264
264
264
264
264
264
264
264
264
264
67
105
105
105
377
377
377
139
267
129
129
129
129
129
129
129
129
129
129
280
280
280
280
280
280
118
118
118
118
118
118
118
191
191
381
134
158
158
158
158
133
177
178
311
311
311
170
123
123
123
123
182
163
163
266
266
266
416
416
416
160
160
222
257
260
240
240
262
304
304
256
241
241
77
77
81
401
224
272
399
300
300
78
78
79
299
299
239
239
92
92
261
327
93
93
82
274
83
284
408
303
74
421
429
431
431
432
433
433
433
434
434
434
436
436
436
439
440
440
