1
2
2
2
2
2
2
2
2
2
10
14
15
15
15
15
15
15
15
15
15
15
26
27
27
27
27
27
27
27
27
27
27
27
27
27
27
27
27
27
27
27
27
27
48
27
50
50
50
50
50
50
50
1
58
58
58
58
58
58
58
58
58
58
58
58
58
58
58
58
58
58
58
58
78
78
78
78
78
78
78
78
78
78
78
78
78
78
78
78
78
78
78
98
26
99
99
99
99
99
99
99
99
99
99
99
99
99
99
99
99
99
99
99
99
99
99
99
99
99
99
99
99
99
99
99
99
99
99
99
99
99
99
99
99
99
99
99
99
99
99
99
99
99
99
99
99
99
99
99
99
99
99
99
99
99
99
99
99
99
99
99
99
99
99
99
99
99
99
99
99
99
99
99
99
1
180
180
180
180
180
180
180
180
180
180
180
180
180
180
180
180
180
180
180
180
180
180
180
180
180
180
180
180
180
180
180
180
180
180
180
180
180
180
180
180
180
180
180
180
180
180
180
180
180
180
180
180
180
180
180
180
180
180
180
180
180
180
180
180
180
180
180
180
180
180
180
180
180
180
180
180
180
180
180
180
180
180
180
180
180
180
180
180
268
268
268
209
272
180
274
216
276
180
278
278
278
278
278
278
278
180
286
286
286
286
286
286
286
237
295
296
296
296
296
296
296
296
296
296
296
296
296
296
296
296
296
296
296
296
296
296
296
296
296
296
296
296
296
296
296
296
296
296
296
296
296
296
296
296
296
296
296
296
296
296
296
339
344
345
345
347
344
349
347
347
353
1
354
354
354
354
354
354
354
354
354
354
354
354
354
354
354
354
354
354
354
354
354
354
354
354
354
354
354
354
354
354
354
354
354
354
354
354
354
354
26
393
393
393
393
393
393
393
393
393
393
393
393
393
393
393
393
393
393
393
393
393
393
393
393
393
393
393
393
393
393
393
393
393
417
427
420
429
26
431
431
431
431
431
431
431
431
431
431
431
431
431
431
431
431
431
431
431
431
431
431
431
431
431
431
431
431
431
431
431
431
431
431
431
431
431
431
431
431
431
431
431
431
431
431
431
431
431
431
431
431
431
431
431
431
431
431
431
431
431
431
431
431
431
431
431
431
431
431
2
171
157
215
215
215
215
215
215
215
62
62
498
11
95
39
39
39
141
162
464
340
20
20
20
20
244
258
258
258
257
257
145
369
369
369
308
38
38
38
90
135
135
61
144
460
155
424
424
424
424
424
424
424
424
73
73
73
238
238
238
209
209
209
209
209
209
230
230
217
217
217
217
217
217
474
160
237
237
237
237
237
237
237
237
237
237
339
339
339
339
236
236
236
236
236
236
236
236
236
236
91
37
37
37
37
37
37
37
37
37
373
373
373
373
373
373
373
373
373
137
137
384
243
243
243
417
417
417
417
417
417
417
417
179
492
470
292
465
126
126
264
264
264
264
235
235
85
85
350
350
350
350
350
350
350
350
246
42
501
139
139
363
363
363
363
449
449
466
149
220
220
220
227
227
227
97
161
65
65
65
240
240
490
49
49
41
88
143
132
132
277
142
404
404
423
423
423
477
477
477
390
478
494
223
223
223
223
223
223
223
223
223
223
223
223
9
9
71
71
71
159
211
211
211
419
419
419
419
419
419
283
284
86
221
221
221
222
222
222
249
249
166
242
242
413
413
413
413
413
413
413
406
406
406
406
406
406
406
406
218
290
290
290
452
263
263
263
164
408
408
408
408
408
408
485
497
256
256
231
231
231
231
231
231
231
231
231
231
231
231
463
174
495
77
77
173
347
347
347
347
347
234
260
418
418
418
418
418
418
418
418
418
418
248
248
129
129
146
131
131
131
125
125
177
425
425
482
43
266
266
266
266
266
148
22
140
448
170
421
421
421
421
421
421
421
94
134
134
54
54
172
40
225
225
225
225
225
25
165
136
136
446
35
35
35
389
445
178
479
47
47
92
382
163
168
53
239
239
210
210
459
496
123
261
261
480
70
70
70
491
453
5
5
67
67
67
122
21
156
484
282
282
282
282
282
282
282
282
282
282
282
282
282
282
282
282
405
405
405
405
405
405
386
152
154
275
275
275
454
175
176
414
414
414
414
414
412
412
412
412
412
412
412
412
412
412
412
331
76
76
76
76
380
380
380
380
486
6
6
6
6
169
138
138
259
387
472
473
410
410
410
410
410
410
410
410
410
410
410
410
127
127
255
255
255
469
487
130
130
462
23
407
407
407
407
407
407
407
407
388
233
233
461
213
213
213
451
499
317
365
365
365
365
365
488
381
455
24
36
36
36
4
4
57
96
483
500
364
364
364
124
124
124
7
7
450
444
212
212
74
74
74
224
224
224
224
224
224
224
224
224
224
224
224
467
416
416
416
416
416
416
416
416
416
416
120
214
214
150
415
415
415
415
415
415
458
55
366
447
252
252
158
63
291
481
44
44
167
254
254
254
254
254
475
471
56
336
493
493
64
64
64
121
383
262
262
75
75
75
281
320
430
151
420
420
420
420
420
420
420
420
420
420
420
420
489
93
247
247
69
69
69
411
411
411
411
411
411
411
411
411
411
411
45
45
253
253
267
66
66
66
367
367
367
367
229
229
456
216
216
216
216
216
216
216
216
216
216
216
216
216
216
216
216
216
216
216
216
216
216
216
216
216
216
216
216
216
216
245
245
245
245
245
368
368
368
368
368
391
128
128
228
228
228
228
228
228
228
228
228
228
228
228
457
371
371
371
371
371
371
371
371
422
422
422
422
422
232
232
72
72
72
153
68
68
68
89
219
219
147
385
476
46
46
87
133
133
285
241
241
241
241
241
241
241
241
241
409
409
409
409
372
372
372
372
226
226
226
226
226
468
293
370
197
29
30
397
199
199
60
31
399
192
198
3
59
100
200
189
189
294
294
351
352
348
