1
2
2
2
2
2
2
2
2
2
2
2
2
2
2
2
2
2
2
2
2
2
2
2
2
2
2
2
2
2
2
2
2
2
2
2
2
2
2
2
2
2
2
2
2
2
2
2
2
2
2
2
2
2
2
2
2
2
2
2
2
2
2
2
2
2
2
2
2
2
2
2
2
2
2
2
2
2
2
2
2
2
2
2
2
2
2
2
2
2
2
2
2
2
2
2
2
2
2
2
2
2
2
2
2
2
2
2
2
2
2
2
2
2
2
2
2
2
2
2
2
2
2
2
2
2
2
2
2
2
2
2
2
2
2
2
2
2
2
2
2
2
2
2
2
2
2
2
2
2
2
2
2
2
2
2
2
2
2
2
2
2
2
2
2
2
2
2
2
2
2
2
2
2
2
2
2
2
2
2
2
2
2
2
2
2
2
2
2
2
2
2
2
2
2
2
2
2
2
2
2
2
2
2
2
2
2
2
2
2
2
37
213
38
215
44
217
55
219
70
221
2
223
223
223
223
223
223
2
230
230
230
230
230
230
230
237
238
2
240
128
242
129
244
2
246
135
248
248
171
251
172
253
174
255
2
257
257
257
2
261
261
261
261
33
266
34
268
72
1
271
271
271
271
271
271
271
271
271
271
271
271
271
271
271
271
271
1
289
289
289
289
289
289
289
289
289
298
298
298
298
298
298
298
298
298
298
298
298
298
298
298
298
298
298
298
298
298
289
320
320
320
320
320
320
320
320
320
320
320
289
332
332
332
332
332
332
332
332
332
332
332
332
332
332
332
332
332
332
324
352
324
343
325
325
325
326
326
360
361
362
207
364
330
328
367
328
369
370
370
370
370
370
370
370
370
370
370
370
370
370
370
370
370
370
370
370
370
370
370
370
370
370
370
370
370
370
370
370
370
370
261
35
398
398
398
398
156
178
85
85
85
151
116
182
198
134
134
134
134
62
62
62
62
121
88
110
111
201
175
283
154
317
317
317
96
60
60
60
60
60
60
60
60
60
403
403
104
252
55
55
94
41
147
205
346
346
346
346
346
346
346
122
122
122
122
122
122
122
122
122
122
122
136
53
53
105
241
241
241
241
241
204
166
190
319
319
119
130
130
130
130
157
184
106
123
123
195
52
52
141
141
58
58
58
58
281
171
171
316
316
316
185
206
284
309
309
135
135
135
135
135
135
135
135
100
236
236
236
236
236
236
328
328
328
328
139
139
197
74
74
74
285
91
101
61
61
61
401
397
397
397
397
397
397
63
383
383
291
68
68
68
68
109
161
69
325
325
325
325
40
310
310
70
70
70
70
211
127
127
127
64
209
209
209
228
228
228
189
189
189
280
148
148
148
148
148
148
188
343
343
343
343
343
343
343
343
343
343
343
76
90
342
342
342
216
112
125
344
344
344
344
344
146
349
349
349
49
187
202
202
46
37
37
382
108
169
385
385
385
385
200
389
145
145
145
145
145
199
173
173
173
173
235
235
235
235
235
235
235
235
348
348
348
348
165
386
97
82
137
137
381
193
193
193
73
73
73
126
126
126
126
126
126
126
47
47
394
394
394
394
394
394
394
43
131
131
39
39
177
180
278
278
140
181
196
115
155
256
391
391
391
391
391
260
260
114
263
164
164
164
158
92
170
203
286
45
45
45
45
45
45
45
345
345
345
379
379
379
162
176
208
71
66
66
149
210
93
392
392
392
392
249
380
380
380
380
380
380
380
380
84
152
152
322
322
265
51
282
387
172
172
172
172
172
172
172
214
214
54
54
254
254
254
132
192
42
144
144
347
138
120
118
118
118
118
118
118
118
118
128
44
44
44
44
44
44
44
44
44
44
44
44
44
44
44
44
168
168
311
179
142
402
186
81
81
77
77
318
318
102
207
83
83
80
80
324
324
324
324
212
113
183
183
321
321
50
264
56
143
143
159
99
133
133
133
133
133
133
117
117
57
57
57
57
384
384
124
191
191
191
150
150
150
150
150
65
65
65
396
103
36
36
36
36
36
36
36
36
36
36
153
95
107
323
323
229
229
229
229
287
329
350
350
350
350
350
350
350
350
48
160
160
67
67
67
67
78
98
326
326
326
339
290
290
371
371
233
4
351
351
353
354
354
354
354
354
355
355
358
359
359
366
366
367
368
368
