2
3
4
5
6
7
8
9
10
11
12
13
14
15
16
17
18
19
20
21
22
23
24
25
26
27
28
29
30
31
32
33
34
35
36
37
38
39
40
41
42
43
44
45
46
47
48
49
50
51
52
53
54
55
56
57
58
59
60
61
62
63
64
65
66
67
68
69
70
71
72
73
74
75
76
77
78
79
80
81
82
83
84
85
86
87
88
89
90
91
92
93
94
95
96
97
98
99
100
101
102
103
104
105
106
107
108
109
110
111
112
113
114
115
116
117
118
119
120
121
122
123
124
125
126
127
128
129
130
131
132
133
134
135
136
137
138
139
140
141
142
143
144
145
146
147
148
149
150
151
152
153
154
155
156
157
158
159
160
161
162
163
164
165
166
167
168
169
170
171
172
173
174
175
176
177
178
179
180
181
182
183
184
185
186
187
188
189
190
191
192
193
194
195
196
197
198
199
200
201
202
203
204
205
206
207
208
209
210
211
212
213
214
215
216
217
218
219
220
221
222
223
224
225
226
227
228
229
230
231
232
233
234
235
236
237
238
239
240
241
242
243
244
245
246
247
248
249
250
251
252
253
254
255
256
257
258
259
260
261
262
263
264
265
266
267
268
269
270
271
272
273
274
275
276
277
278
279
280
281
282
283
284
285
286
287
288
289
290
291
292
293
294
295
296
297
298
299
300
301
302
303
304
305
306
307
308
309
310
311
312
313
314
315
316
317
318
319
320
321
322
323
324
325
326
327
328
329
330
331
332
333
334
335
336
337
338
339
340
341
342
343
344
345
346
347
348
349
350
351
337
353
354
355
356
357
358
359
327
328
331
363
330
365
366
329
368
370
371
372
373
374
375
376
377
378
379
380
381
382
383
384
385
386
387
388
389
390
391
392
393
394
395
396
397
398
399
400
401
402
403
257
6
403
401
402
397
29
30
200
201
16
152
30
30
30
163
19
16
18
97
4
25
2
18
147
30
30
19
30
272
29
315
313
314
22
24
16
18
22
25
17
29
4
19
374
373
30
22
55
4
30
18
148
28
330
331
334
337
338
335
340
208
131
118
121
201
75
80
17
4
30
18
137
54
2
30
72
168
96
25
2
28
18
26
313
298
18
128
127
19
18
30
28
30
121
75
30
54
2
145
135
17
4
16
18
285
202
2
315
313
314
186
22
273
308
307
128
127
19
258
18
259
246
257
30
237
234
231
233
232
226
293
327
292
289
140
141
22
73
30
22
274
28
30
62
16
18
372
403
400
376
377
378
375
17
373
404
298
96
17
4
25
30
18
70
293
327
292
289
18
307
298
67
202
22
2
29
22
257
257
64
97
90
22
227
224
225
194
27
26
284
202
149
4
258
16
2
28
403
402
329
339
337
338
340
336
334
333
341
77
22
333
334
335
2
30
97
345
339
308
333
338
18
347
341
336
30
28
25
2
22
4
18
404
30
258
386
387
284
278
30
404
247
80
17
4
246
30
202
188
96
2
202
234
231
233
232
22
2
223
347
339
341
336
18
284
22
81
140
141
404
194
27
26
208
163
18
127
4
258
259
261
261
257
20
30
396
403
395
376
377
378
375
16
17
30
18
28
30
30
279
284
18
30
30
30
29
97
403
401
402
393
394
258
259
30
262
163
17
16
30
21
258
25
275
161
47
21
18
22
32
25
346
338
340
379
380
404
18
30
18
69
67
22
29
96
30
403
401
402
394
249
382
381
374
376
377
378
375
404
22
71
148
289
298
262
22
288
284
71
17
4
233
16
22
230
69
37
2
2
161
151
209
30
27
18
18
25
346
18
18
208
120
131
123
119
17
30
18
19
20
30
24
16
27
18
22
26
25
32
17
29
19
4
31
28
2
2
298
30
143
373
28
4
22
75
78
313
298
30
22
84
17
79
18
293
328
292
289
24
30
17
16
291
289
30
262
4
140
144
30
30
8
30
10
12
15
11
122
17
208
17
4
16
384
385
97
194
27
26
29
4
19
18
22
17
24
16
400
30
67
202
37
27
18
22
26
28
25
2
29
30
30
291
289
227
224
226
225
276
327
330
331
339
334
337
338
335
298
30
208
18
68
233
22
230
79
22
330
331
329
298
320
320
370
370
223
2
328
292
293
329
334
290
337
338
327
292
329
330
331
293
292
327
327
292
