2
3
4
5
6
7
8
9
10
11
12
13
14
15
16
17
18
19
20
21
22
23
24
25
26
27
28
29
30
31
32
33
34
35
36
37
38
39
40
41
42
43
44
45
46
47
48
49
50
51
52
53
54
55
56
57
58
59
60
61
62
63
64
65
66
67
68
69
70
71
72
73
74
75
76
77
78
79
80
81
82
83
84
85
86
87
88
89
90
91
92
93
94
95
96
97
98
99
100
101
102
103
104
105
106
107
108
109
110
111
112
113
114
115
116
118
119
120
121
122
123
124
125
126
128
129
130
131
132
133
134
135
136
137
138
139
140
141
142
143
144
145
146
147
148
149
150
151
152
153
154
155
155
154
158
159
160
161
134
166
167
168
169
170
171
172
173
174
175
176
177
178
179
180
181
182
183
184
185
186
187
188
189
190
191
192
193
194
195
196
197
198
199
200
201
202
203
204
205
206
207
208
209
210
211
212
213
214
215
216
217
218
219
220
221
222
223
224
225
226
227
228
229
230
231
232
233
234
235
236
237
238
239
240
241
242
243
244
245
246
247
248
249
250
251
252
253
254
255
256
257
258
259
260
261
262
263
264
265
266
267
268
269
270
271
272
273
274
275
276
277
278
279
280
281
282
283
284
285
286
287
288
289
290
291
292
293
294
295
296
297
298
299
300
301
302
303
304
305
306
307
308
309
310
311
312
313
314
315
316
317
318
319
320
321
322
323
324
325
326
327
328
329
330
331
332
333
334
335
336
337
338
339
340
341
342
343
344
345
346
347
348
349
350
351
352
353
354
355
356
357
358
359
360
361
362
363
364
365
366
367
368
369
370
371
372
373
374
375
376
377
379
380
381
382
383
384
385
386
387
388
389
390
391
392
393
394
395
396
397
398
399
400
401
402
403
404
405
406
407
408
409
410
411
412
413
414
415
416
417
418
419
420
421
422
423
424
402
426
401
428
429
430
394
432
433
434
435
436
437
438
439
440
441
442
443
444
445
446
447
448
449
450
451
452
453
454
455
456
457
458
459
460
461
462
463
464
465
466
467
468
469
470
471
472
473
474
475
476
477
478
479
480
481
482
483
484
485
486
487
488
489
490
491
492
493
494
495
496
497
498
499
500
501
502
503
505
506
507
508
509
510
511
512
513
514
515
516
517
518
519
520
521
522
519
522
525
526
527
528
529
530
531
532
533
534
534
537
538
539
540
541
542
543
544
545
546
547
548
549
550
551
552
553
554
555
556
557
558
559
560
561
562
563
564
565
566
567
568
569
570
571
572
573
574
575
576
577
578
579
580
581
582
583
584
585
586
587
588
589
590
591
592
593
594
595
596
597
598
599
600
601
602
603
604
605
606
607
608
609
610
611
612
613
614
615
616
617
618
619
620
621
622
623
624
625
626
627
628
629
630
631
632
633
634
635
636
637
638
639
640
641
642
643
644
645
646
647
648
649
650
651
652
653
654
655
656
657
658
659
660
661
662
663
664
665
666
667
668
669
670
671
672
673
674
675
676
677
678
679
680
681
682
683
684
685
686
687
688
689
690
691
692
693
694
695
696
697
698
699
700
701
702
703
704
705
706
707
708
709
710
711
712
713
714
715
716
717
718
719
720
721
722
723
724
725
726
727
728
729
730
731
732
733
734
735
736
737
738
739
740
741
742
743
744
745
746
747
748
749
750
751
752
753
754
755
756
757
758
759
760
761
762
763
764
765
766
767
768
769
770
771
772
773
774
775
776
777
778
779
780
781
782
783
784
785
786
787
788
789
790
791
792
793
794
795
796
797
798
799
800
801
802
803
804
805
806
807
808
809
810
811
812
813
814
815
816
817
818
819
820
821
822
823
824
825
826
827
828
829
830
831
832
833
834
835
836
837
838
839
840
841
842
843
844
845
846
847
848
849
850
851
852
853
854
855
856
857
858
859
860
861
862
863
864
865
866
867
868
869
870
871
872
873
874
875
876
877
878
879
880
881
882
883
884
885
886
887
888
889
890
891
892
893
894
895
896
897
898
899
900
901
902
903
904
905
906
907
908
909
910
911
912
913
914
915
916
917
918
919
920
921
922
923
924
925
926
927
928
929
930
931
932
934
935
936
937
938
939
940
941
942
943
944
945
946
947
948
949
950
951
952
953
954
955
956
957
958
959
960
961
962
963
964
965
966
967
968
969
970
971
972
973
974
975
976
977
978
979
980
981
982
983
984
985
986
987
988
989
990
991
992
993
994
995
996
997
998
999
1000
1001
1002
1003
1004
1005
1006
1007
1008
1009
1010
1011
1012
1013
1014
1015
1016
1017
1018
1019
1020
1021
1022
1023
1024
1025
1026
1027
1028
1029
1030
1031
1032
1033
1034
1035
1036
1037
1038
1039
1040
1041
1042
1043
1044
1045
1046
1047
1048
1049
1050
1051
1052
1053
1054
1055
1056
1057
1058
1059
1060
1061
1062
1063
1064
1065
1066
1067
1068
1069
1070
1071
1072
1073
1074
1075
1076
1077
1078
1079
1080
1081
1082
1083
1084
1085
1086
1087
1088
1089
1090
1091
1092
1093
1094
1095
1096
1097
1098
1099
1100
1101
1102
1103
1104
1105
1106
1107
1108
1109
1110
1111
1112
1113
1114
1115
1116
1117
1118
1119
1120
1121
1122
1123
1124
1125
1126
1127
1128
1129
1130
1131
1132
1133
1134
1135
1136
1137
1138
1139
1140
1141
1142
1143
1144
1145
1146
1147
1148
1149
1150
1151
1152
1153
1154
1155
1156
1157
1158
1159
1160
1161
1162
1163
1164
1165
1166
1167
1168
1169
1170
1171
1172
1173
1174
1175
1176
1177
1178
1179
1180
1181
1182
1183
1184
1185
1186
1187
1188
1189
1190
1191
1192
1193
1194
1195
1196
1197
1198
1199
1200
1201
1202
1203
1204
1205
1206
1207
1208
1209
1210
1211
1212
1213
1214
1215
1216
1217
1218
1219
1220
1221
1222
1223
1224
1225
1226
1227
1228
1229
1230
1231
1232
1233
1234
1235
1236
1237
1238
1239
1240
1241
1242
1243
1244
1245
1246
1247
1248
1249
1250
1251
1252
1253
1254
1255
1256
1257
1258
1259
1260
1261
1262
1263
1264
1265
1266
1267
1268
1269
1270
1271
1272
1273
1274
1275
1276
1277
1278
1279
1280
1281
1282
1283
1284
1285
1286
1287
1288
1289
1290
1291
1292
1293
1294
1295
1296
1297
1298
1299
1300
1301
1302
1303
1304
1305
1306
1307
1308
1309
1310
1311
1312
1313
1314
1315
1316
1317
1318
1319
1320
1321
1322
1323
1324
1325
1326
1327
1328
1329
1330
1331
1332
1333
1334
1335
1336
1337
1338
1339
1340
1341
1342
1343
1344
1345
1346
1347
1348
1349
1350
1351
1352
1353
1354
1355
1356
1357
1358
1359
1360
1361
1362
1363
1364
1365
1366
1367
1368
1369
1370
1371
1372
1373
1374
1375
1376
1377
1378
1379
1380
1381
1382
1383
1384
1385
1386
1387
1388
1389
1390
1391
1392
1393
1394
1395
1396
1397
1398
1399
1400
1401
1402
1403
1404
1405
1406
1407
1408
1409
1410
1411
1412
1413
1414
1415
1416
1417
1418
1419
1420
1421
1422
1423
1424
1425
1426
1427
1428
1429
1430
1431
1432
1433
1434
1435
1436
1437
1438
1439
1440
1441
1442
1443
1444
1445
1446
1447
1448
1449
1450
1451
1452
1453
1454
1455
1456
1457
1458
1459
1460
1461
1462
1463
1464
1465
1466
1283
1468
1469
432
525
1032
975
936
942
937
1167
1020
38
34
780
10
60
276
13
279
76
3
781
11
5
9
66
78
67
8
75
556
166
629
59
381
96
595
95
594
80
60
66
78
75
75
59
49
75
382
384
380
388
381
387
392
391
393
389
383
385
386
390
379
379
379
1311
1146
1167
1104
387
531
525
1260
1140
654
653
651
656
974
975
946
445
490
433
488
489
497
498
495
934
487
495
934
1155
1124
451
445
450
495
487
1264
1167
1040
532
729
341
721
723
340
663
525
982
629
132
508
509
497
498
496
951
1264
1286
1249
1311
1146
987
992
998
991
996
999
988
989
986
982
982
986
645
533
525
525
988
525
366
361
1197
1246
1200
1199
1196
1189
1201
1245
1102
1183
1150
1115
1157
1084
1141
1172
1173
1122
1101
1135
1180
1175
195
1158
1086
1095
1171
1182
1111
1143
1140
1114
1144
1120
193
1088
1109
1098
1152
1099
1112
1092
1167
1176
1089
1151
1097
1156
1118
1121
1155
1170
1186
1177
1179
1145
1160
1119
1142
1169
1162
1113
1159
1187
1110
1168
1082
1093
1184
1164
1103
1087
1153
192
1181
1154
1116
1085
1094
1100
1104
1174
1178
1091
1105
1096
1106
1117
1107
1163
1146
1161
1083
1185
1090
1108
1416
522
509
1137
1221
1136
1135
664
1038
935
936
940
942
939
937
1208
568
557
578
575
1311
1218
1156
1140
721
977
978
976
973
951
943
939
954
600
601
604
568
557
571
576
578
575
152
149
992
128
1275
1276
20
590
24
95
15
17
61
80
77
87
79
81
85
62
3
86
66
84
78
75
75
59
1140
185
1081
1146
1150
130
135
132
133
673
884
623
1024
986
627
577
570
568
573
557
579
578
575
665
1311
1309
1310
1306
1271
1202
722
786
1140
723
784
795
801
285
1086
695
533
525
380
1156
1172
1146
1386
995
1143
1146
891
1081
1158
1006
983
989
1124
392
570
578
1253
663
1414
1418
1417
1440
939
1388
1387
965
1037
935
936
940
941
939
937
678
490
489
491
533
1064
988
525
936
1185
1217
1202
1146
1081
1155
950
969
968
440
934
898
1025
986
21
614
19
95
589
605
594
17
86
80
77
87
79
81
63
78
85
75
75
59
75
895
96
23
19
24
17
69
80
77
60
79
81
85
3
65
86
4
66
84
78
75
75
59
556
382
1311
1098
1140
897
941
1216
1146
517
541
1021
88
86
80
77
87
79
81
84
78
85
76
75
100
75
1124
80
87
76
975
1081
172
1011
936
938
940
942
941
943
939
937
982
891
495
487
485
1264
1311
1218
1283
1156
1140
721
1247
128
128
271
274
648
80
77
87
79
81
82
85
76
88
86
84
78
83
556
940
939
1155
1313
557
509
506
671
1072
975
942
937
585
628
570
831
568
573
557
571
576
564
577
563
566
562
580
565
572
567
569
579
574
578
575
619
146
154
1035
149
1006
147
994
985
995
988
993
984
128
132
975
873
386
570
568
943
1202
676
629
538
539
977
978
976
460
967
947
453
973
446
433
934
1140
1077
1138
1311
1154
1095
674
385
1011
1053
88
86
77
87
79
81
82
84
83
85
76
75
556
75
1208
1289
1307
1207
1156
1146
998
880
792
1081
894
61
69
73
60
70
72
71
62
65
64
63
68
66
67
1040
530
525
1312
379
887
1027
1046
1040
365
373
729
665
667
359
653
651
652
664
663
666
128
525
982
392
986
1030
1000
607
18
38
96
92
16
17
101
110
80
77
6
82
13
76
3
7
102
108
5
9
12
84
66
78
83
8
107
75
100
948
940
899
994
985
993
984
393
999
101
102
88
86
80
77
87
82
84
78
83
85
76
75
75
341
514
513
600
588
557
565
571
578
893
938
998
551
549
542
538
541
1140
1322
1175
1392
1040
532
729
121
721
723
663
120
525
982
629
452
1040
532
477
478
479
475
474
481
480
525
627
570
639
228
640
568
723
227
573
569
579
578
901
422
412
416
417
420
414
415
404
1223
1366
418
1300
1278
1301
403
405
410
408
406
1239
1328
1367
1140
1404
1408
1402
1403
1407
1405
1169
1406
1146
1108
1409
1401
379
691
692
805
806
807
693
1124
1140
1150
190
1311
1113
1184
101
102
1315
1264
1316
1222
1317
1147
1081
1146
1150
1187
1046
987
994
804
998
996
993
992
991
1000
328
999
990
989
986
525
1152
1146
1151
1334
1085
592
593
1140
1065
1256
1140
1188
135
996
88
86
80
87
79
81
82
84
78
83
85
76
75
75
140
134
133
128
369
668
557
1207
889
782
800
783
1311
1234
1218
1156
1140
721
1146
1081
1092
1006
989
1265
1311
1266
1081
1115
1154
1094
101
102
885
1321
1202
1156
1146
1155
393
1216
96
17
80
77
78
75
75
1162
1225
1226
676
675
673
684
671
603
597
599
627
601
598
570
568
573
557
571
579
574
575
578
1040
529
525
1017
433
440
934
934
982
982
553
547
552
881
529
525
525
1273
6
100
100
458
1051
947
946
437
436
434
440
439
435
438
982
934
438
934
694
1167
1368
424
403
1311
405
410
408
406
404
1300
1163
1146
1081
1164
1111
379
1392
1311
1153
1097
387
617
80
13
556
1065
1064
935
944
941
943
937
696
1265
1278
1155
1081
751
752
987
998
991
996
999
988
989
986
982
982
1306
1311
1271
1310
1140
1087
975
459
490
433
488
489
497
435
498
487
487
495
934
466
465
467
390
1174
547
543
1202
1155
383
896
96
23
19
24
95
93
17
69
80
77
73
60
79
81
3
65
86
66
84
78
75
75
59
556
153
155
988
986
128
132
600
586
566
582
557
571
578
987
1146
903
1144
721
1081
195
1185
684
943
153
988
128
1328
1408
1146
1081
1091
1405
1401
21
96
23
19
24
595
589
594
17
86
80
77
87
79
81
63
78
85
75
75
59
75
946
436
934
20
590
24
15
616
618
97
606
17
615
101
77
79
72
85
3
86
64
102
78
83
61
80
81
82
71
66
84
75
75
59
75
100
301
1265
1227
1233
1306
1331
1274
1279
1311
1231
1309
1308
1224
1252
639
720
1188
1155
723
829
1145
786
1141
721
1180
635
1082
695
722
1140
831
638
1147
795
850
671
1161
1081
1146
784
801
673
285
1176
663
629
73
5
8
59
1170
1364
1107
627
570
577
568
557
635
569
579
578
575
95
587
93
97
594
80
77
73
60
70
82
63
68
66
83
75
41
75
59
75
100
780
891
943
390
132
399
401
379
1311
1218
1156
1140
1099
721
1146
688
1388
1387
130
134
131
135
132
133
1007
1015
952
948
893
1263
1240
1241
1081
1123
1077
1077
365
982
1027
448
456
449
444
457
443
441
669
670
335
434
982
1202
1140
1155
841
1081
1157
629
1323
1322
1218
1156
1140
839
1146
838
903
882
486
335
499
488
489
497
496
495
487
485
495
1295
1163
1081
1170
559
561
570
581
560
580
573
558
300
1150
382
384
380
388
381
387
392
391
393
389
383
385
386
390
1288
1306
1081
1146
645
1187
648
1386
1065
1011
1064
986
1027
363
531
1040
362
364
1037
358
525
982
942
69
10
66
8
59
624
893
490
488
489
491
487
487
495
134
470
466
465
468
467
495
98
16
99
3
86
80
110
108
84
85
75
75
107
75
1006
989
627
568
557
579
578
575
987
1236
1237
1238
1326
1178
888
677
1041
1038
1006
690
21
589
594
3
86
80
79
63
66
78
85
75
75
59
533
534
528
529
525
128
499
497
498
496
1202
1155
1081
1158
949
948
1202
1155
1081
1158
1311
1232
1218
1156
1140
1102
721
131
382
384
380
388
381
387
392
391
393
389
383
385
386
390
953
1280
1305
1302
1147
1146
1287
1202
1155
13
76
49
1272
1443
1264
1140
214
1183
196
1155
1181
1123
1178
186
188
284
1142
1162
1146
1081
1161
187
213
1167
1036
128
729
1311
1231
1309
1105
1264
403
405
1232
410
1325
408
406
1223
404
1300
1278
1156
1142
1169
1146
1167
1160
379
134
1177
568
576
578
531
1040
533
1060
534
729
341
721
340
663
525
982
629
685
531
1045
121
119
525
982
629
1202
1155
191
166
131
132
128
1013
998
1265
1147
1081
623
624
1146
648
389
607
570
580
1007
940
937
1162
1081
1242
311
310
1077
369
667
1219
1220
201
270
166
388
1065
80
77
87
79
81
82
85
76
88
86
84
78
83
75
107
75
391
93
79
75
128
936
530
988
525
521
509
336
460
1052
459
1040
532
452
966
1027
441
951
340
339
663
334
348
495
934
525
982
629
399
401
525
379
98
16
110
108
84
75
75
107
75
1155
1081
1159
1223
1328
1140
1404
1402
1408
1403
1405
1406
1146
1110
1409
1401
964
966
940
939
570
580
373
297
729
665
667
359
653
651
652
663
666
1179
534
525
1188
1146
542
541
540
543
134
135
132
133
1077
1152
1151
336
460
1052
459
1040
532
452
966
1027
441
951
669
670
340
663
334
348
495
934
525
982
629
900
649
1368
1034
1006
528
994
995
988
993
525
525
605
580
573
143
988
128
1037
1304
1277
1146
1187
883
1273
1270
1156
1040
532
436
434
525
366
360
1045
1046
1057
1006
1056
528
982
525
1146
1442
1326
607
570
580
455
454
490
488
489
491
495
992
988
379
128
379
992
1250
1215
1248
1264
1286
1285
1081
680
602
600
591
582
557
578
1011
1024
986
1079
270
166
7
66
8
107
1140
185
1150
1437
1422
1428
1423
1427
1424
1429
1430
1421
1426
1434
1438
1432
1436
1439
1431
1425
1435
1433
1311
1232
1218
1156
1140
1101
721
994
984
722
723
940
1264
1218
1331
1156
1140
1173
1081
1146
1149
349
1264
1284
1311
531
1040
533
1060
534
729
121
721
119
663
120
525
982
629
1247
1311
1326
1103
1413
986
1311
1218
1270
1156
722
1140
1146
1081
723
1149
1093
1202
1155
578
1033
951
935
936
940
942
937
1170
549
550
1288
1187
131
132
520
509
12
80
77
87
79
81
82
85
76
88
86
84
78
83
556
107
100
49
1213
1298
1212
1248
1214
1211
1250
1209
1215
1140
1148
851
525
629
886
1205
1142
1146
1155
1081
1186
989
1168
1311
1218
1156
1140
721
1100
1218
1156
1146
1420
1418
1440
765
998
675
629
518
516
110
108
109
568
557
578
1081
1158
1202
1155
667
1202
1027
135
986
101
102
100
1081
1175
1174
98
99
86
80
110
84
75
75
107
363
362
364
358
360
982
663
1412
1413
315
989
145
197
1304
131
132
1080
1306
1311
1309
1271
1310
1320
1140
720
1084
946
438
934
624
1243
1395
403
405
410
408
406
1223
404
1230
1328
1300
1278
1404
1408
1403
1410
1407
1405
1106
1169
1406
1146
1081
1409
1401
379
496
999
986
994
984
998
964
966
951
936
940
942
388
483
463
462
496
464
495
495
108
109
1311
1218
1156
1140
721
1146
1090
1021
1019
1280
1146
1171
379
379
649
88
80
77
87
79
81
82
84
78
83
76
75
75
1156
525
982
953
1443
1264
1311
1096
1081
1154
447
477
478
476
474
495
1027
1028
1158
1042
990
988
525
1332
1083
952
942
939
1033
1006
528
532
525
1443
1153
1183
1155
1154
1186
1177
1157
1163
1112
1162
1081
1146
1158
1159
1167
1168
1184
890
349
1208
1260
1207
1156
1187
991
25
26
30
31
32
29
28
27
3
76
75
75
59
75
1311
1218
1270
1156
1140
1147
1146
1081
1089
977
978
976
947
946
973
459
958
961
433
435
934
1168
22
19
15
97
17
3
86
80
77
79
81
82
78
85
75
75
59
612
611
627
570
580
573
579
1057
1293
1291
1210
1045
1290
1060
1292
1059
1061
1282
1294
1056
1143
1140
1170
1116
1166
1172
1169
1163
1081
1165
1171
1182
525
379
982
128
568
557
574
578
575
475
461
936
1187
499
497
498
496
495
495
473
1306
1311
1271
1310
1140
1088
1138
1139
1081
1157
389
1035
152
1031
1036
983
1000
988
128
1035
154
1031
1006
148
1063
150
1039
145
992
995
988
128
466
463
479
462
467
468
481
480
473
495
384
644
133
1249
1311
1232
1218
1156
1406
1404
1402
721
1146
1408
1403
1407
1410
1405
1409
1401
1401
1000
22
95
93
80
77
60
70
66
78
75
75
59
904
283
1301
1235
1314
1325
1328
1109
1406
1146
1081
1408
1403
1409
1405
1401
1281
1140
185
1081
1150
121
391
902
80
77
87
79
81
82
85
76
88
86
84
78
83
75
49
75
153
988
128
1296
1297
1117
1119
1122
1118
1120
1121
1081
1170
994
1228
1156
1155
1146
1124
672
1208
1228
1156
1155
1146
1081
506
506
49
2
495
1411
1411
982
338
1416
495
128
556
100
118
379
100
506
537
334
1077
59
357
982
934
934
495
506
100
128
75
495
495
556
619
473
432
128
107
934
664
107
982
399
401
379
399
401
379
982
348
948
940
1140
185
1150
166
61
59
1140
185
1150
166
62
59
1140
185
1150
166
3
80
66
62
75
59
780
629
1283
3
61
66
59
534
968
988
128
1140
1150
190
166
1140
134
983
1283
134
134
134
128
517
541
533
534
134
341
534
