1
2
2
2
2
2
2
2
10
11
11
12
13
6
15
7
17
18
19
19
19
19
19
19
19
19
19
19
19
19
19
19
19
19
19
19
19
19
19
19
19
19
19
19
19
19
19
19
19
19
19
19
19
19
19
19
19
19
19
19
19
19
19
19
19
19
19
19
19
19
19
19
19
19
19
19
19
19
19
19
19
19
19
19
19
19
19
19
19
19
19
19
19
19
19
19
19
41
99
19
101
101
101
101
101
101
101
101
101
101
101
101
101
101
101
101
101
101
101
101
101
101
101
101
101
101
127
127
127
127
131
132
102
134
103
136
105
138
105
140
111
142
113
144
114
146
115
148
117
150
119
152
19
154
154
154
154
154
154
18
161
161
161
161
161
161
161
161
161
161
161
161
161
161
161
161
161
161
161
161
161
161
161
161
161
161
161
161
161
161
161
161
161
161
161
161
161
161
161
161
161
161
161
161
161
161
161
161
161
161
161
161
161
161
161
161
161
161
161
161
161
161
161
161
161
161
161
161
161
161
161
161
161
161
161
161
161
161
161
161
161
161
161
161
161
161
161
161
161
161
161
161
161
161
161
161
161
161
161
161
161
161
161
161
161
161
161
161
161
161
161
161
161
161
161
161
161
161
161
161
161
161
161
161
161
161
161
161
161
161
161
161
161
161
192
296
192
298
225
300
227
302
229
304
231
306
234
308
236
310
238
312
239
314
242
316
253
318
257
320
260
322
263
324
266
326
269
328
271
330
274
332
278
334
280
336
282
338
284
340
284
342
161
344
344
344
344
344
344
344
161
352
352
352
161
356
356
356
1
360
360
360
360
360
360
360
360
360
360
360
360
360
360
360
360
360
360
360
360
360
360
360
360
360
360
360
360
360
360
360
360
360
360
360
360
360
360
360
360
360
360
360
363
404
400
406
402
408
360
410
410
413
401
375
375
377
400
135
401
18
421
421
421
421
421
427
428
428
428
428
428
428
428
428
428
428
428
428
428
428
428
428
428
428
428
428
428
428
428
428
428
428
428
428
428
428
428
428
428
428
428
428
428
428
428
428
428
428
458
471
428
473
473
428
476
476
428
479
479
428
482
482
482
482
482
482
482
487
490
490
493
494
494
494
494
494
494
494
501
494
503
503
503
503
503
503
503
503
512
513
513
513
513
513
513
513
513
513
513
513
525
526
526
526
526
529
531
526
533
533
534
352
356
193
193
193
193
106
106
106
106
70
294
294
294
60
532
215
223
223
223
223
223
226
226
46
234
234
234
109
464
258
258
335
111
111
111
111
247
247
353
353
353
353
200
200
200
200
195
195
195
195
195
195
110
455
141
241
241
241
282
282
282
151
295
295
295
295
264
264
301
275
275
275
275
399
488
273
273
273
66
475
475
5
5
454
456
333
9
57
58
145
472
228
228
6
6
463
211
40
40
359
359
394
402
402
160
222
222
222
222
222
222
369
303
290
290
68
229
229
229
229
243
243
269
269
269
64
212
498
498
272
272
272
272
79
462
462
462
214
214
196
196
196
196
280
280
280
280
280
280
280
280
76
396
396
149
289
289
289
72
194
194
194
194
75
299
299
397
528
260
260
491
231
231
231
231
231
319
524
524
288
288
225
225
225
225
259
259
259
259
259
497
118
118
118
118
118
118
305
250
250
307
315
315
315
190
190
190
190
190
190
190
465
465
465
478
478
478
261
261
263
263
252
252
252
251
251
117
117
276
276
281
281
281
281
121
329
279
279
279
198
198
198
198
496
43
510
238
238
238
238
189
189
189
189
189
189
189
189
189
317
317
317
47
47
123
123
123
123
123
123
210
246
246
271
271
271
271
209
530
530
467
467
467
467
467
467
467
467
467
489
518
518
65
291
139
309
349
349
77
529
59
69
112
112
112
112
257
257
41
41
41
41
41
41
41
41
51
460
511
511
511
284
284
284
284
321
192
192
192
192
192
192
192
192
192
192
192
192
192
192
192
192
192
244
244
370
42
398
62
131
131
480
452
452
205
358
358
358
358
100
354
354
354
354
206
374
520
217
217
242
242
242
242
242
119
119
119
119
119
249
249
325
371
400
481
293
293
293
375
375
519
519
323
331
331
80
277
277
277
56
254
254
133
133
133
133
262
262
262
283
283
283
283
283
283
283
283
468
213
213
355
355
55
459
459
204
204
204
204
469
469
469
469
469
469
469
469
474
474
474
474
54
248
248
236
236
236
236
135
216
372
122
337
357
357
357
357
48
83
83
83
83
83
83
52
137
137
373
270
270
235
521
521
470
412
486
486
105
105
105
105
105
224
224
224
224
224
224
82
265
265
265
487
219
219
219
219
219
219
221
221
221
221
221
221
50
457
143
348
348
348
348
348
227
227
227
227
227
339
61
155
256
256
256
448
274
274
220
220
220
220
220
220
233
233
120
120
477
477
477
207
292
292
292
292
115
115
115
115
115
245
245
208
208
286
286
286
286
523
523
8
313
313
114
114
114
522
458
458
268
268
67
266
266
230
230
327
267
267
153
63
347
347
53
197
197
197
197
126
126
191
191
191
191
191
191
191
191
191
44
202
202
232
232
240
240
240
447
7
7
278
278
311
201
201
201
201
201
509
509
509
509
49
49
255
508
508
508
237
237
285
285
285
285
285
116
147
401
401
401
74
203
203
203
203
253
253
343
218
218
377
461
239
239
239
239
239
239
239
124
124
124
124
124
124
113
113
113
113
431
432
430
430
181
181
164
29
29
20
361
182
182
433
180
179
184
184
184
184
104
364
165
130
183
183
183
183
434
12
415
13
416
417
413
