1
2
2
2
2
2
2
2
2
2
2
2
2
2
2
2
2
2
2
2
2
2
2
2
2
2
2
2
2
2
2
2
2
2
2
2
2
2
2
2
2
2
2
2
2
2
2
2
2
2
2
2
2
2
2
2
2
2
2
2
2
2
2
2
2
2
2
2
2
2
2
2
2
2
2
2
2
2
2
2
2
2
2
2
2
2
2
2
2
2
2
2
2
2
2
2
2
2
2
2
2
2
2
2
2
2
2
2
2
2
2
2
2
2
2
2
2
2
2
2
2
2
2
2
2
2
2
2
2
2
2
2
2
2
2
2
2
2
2
2
2
2
2
2
2
2
2
2
149
149
149
149
149
149
149
149
149
149
149
149
34
162
41
164
42
166
43
168
73
170
81
172
82
174
84
176
85
178
87
180
89
182
90
184
95
186
105
188
107
190
108
192
110
194
111
196
125
198
200
202
126
204
126
206
208
126
210
127
212
127
214
216
127
218
128
220
128
222
224
128
226
130
228
132
230
133
232
234
134
236
136
238
137
240
138
242
139
244
140
246
141
248
141
250
142
252
143
254
145
256
146
258
147
260
14
127
50
50
98
129
29
29
29
29
43
77
105
13
13
13
13
117
83
120
120
68
75
123
42
85
108
16
16
16
86
26
63
64
125
102
41
95
80
80
25
25
20
20
23
126
146
146
146
54
137
137
103
115
115
74
74
21
21
94
111
111
71
118
141
141
58
58
147
44
44
44
89
27
27
27
76
96
131
22
22
22
52
34
34
90
113
136
28
28
47
93
65
112
78
55
60
106
39
39
39
56
56
19
33
101
57
121
121
31
51
51
51
116
116
35
35
53
128
135
32
32
32
66
37
38
124
70
79
46
30
67
91
144
92
92
92
92
36
36
36
73
82
99
114
114
148
148
88
59
45
62
72
69
18
49
49
109
100
81
61
61
84
24
107
40
122
104
119
97
87
138
138
12
