2
3
4
5
6
7
8
9
10
11
12
13
14
15
16
17
18
19
20
21
22
23
24
25
26
27
28
29
30
31
32
33
34
35
36
37
38
39
40
41
42
43
44
45
46
47
48
49
50
51
52
53
54
55
56
57
58
59
60
61
62
63
64
65
66
67
68
69
70
71
72
73
74
75
76
77
78
79
80
81
82
83
84
85
86
87
88
89
90
91
92
93
94
96
97
98
99
100
102
104
105
106
108
110
111
112
113
114
115
116
117
118
119
120
121
122
123
124
125
126
127
128
129
130
131
132
133
134
135
136
137
138
139
140
141
142
143
144
145
146
147
148
149
150
151
152
153
154
155
156
157
158
159
160
161
162
163
164
165
166
167
168
169
170
171
172
173
174
175
176
177
178
179
180
181
182
183
184
185
186
187
188
189
190
191
192
193
194
195
196
197
198
199
200
201
202
203
204
205
207
208
209
210
211
212
213
214
215
216
217
218
219
220
221
222
223
224
225
226
227
228
229
230
231
232
233
234
235
236
237
238
239
240
241
242
243
244
245
246
247
248
249
250
251
252
253
254
255
256
257
258
259
260
261
262
263
264
265
266
267
268
269
270
271
272
273
275
276
277
278
279
280
281
282
283
284
285
286
287
288
289
290
291
292
293
294
295
296
297
298
299
300
301
302
303
304
305
306
307
308
309
310
311
312
313
314
315
316
317
318
319
320
321
322
323
324
325
326
327
328
329
330
331
332
333
334
335
336
337
338
339
340
341
342
343
344
345
346
347
348
349
350
351
352
353
354
355
356
357
358
359
360
361
362
363
364
365
366
367
368
369
370
371
372
373
374
375
376
377
378
379
380
381
382
383
384
385
386
387
388
389
390
391
392
393
394
395
396
397
398
399
400
401
402
403
404
405
406
407
408
409
410
411
412
413
414
415
416
417
418
419
420
421
422
423
424
425
426
427
428
429
430
431
432
433
434
435
436
437
438
439
440
441
442
443
444
445
446
447
448
449
450
451
452
453
454
455
456
457
458
459
460
461
462
463
464
465
466
467
468
469
470
471
472
473
474
475
476
477
478
479
480
481
482
483
484
485
486
487
488
489
490
491
492
493
494
495
496
497
498
499
500
501
502
503
504
505
506
507
508
509
510
511
512
513
514
515
516
517
518
519
520
521
522
523
524
525
526
527
528
529
530
531
532
533
534
535
536
537
538
539
540
541
542
543
544
545
546
547
548
549
550
551
552
553
554
555
556
557
558
559
560
561
562
563
564
565
566
567
568
569
570
571
572
573
574
575
576
577
578
579
580
581
582
583
584
585
586
587
588
589
590
591
592
593
594
595
596
597
598
599
600
601
602
603
604
605
606
607
608
609
610
611
612
613
614
615
616
617
618
619
620
621
622
623
624
625
626
627
628
629
630
631
632
633
634
635
636
637
638
639
640
641
642
643
644
645
646
647
648
649
650
651
652
653
654
655
656
657
658
659
660
661
662
663
664
665
666
667
668
669
670
671
672
673
674
675
676
677
678
679
680
681
682
683
684
685
686
687
688
689
690
691
692
693
694
695
696
697
698
699
700
701
702
703
704
705
706
707
708
709
710
711
712
713
714
715
716
717
718
719
720
721
722
723
724
725
726
727
728
729
730
731
732
733
734
735
736
737
738
739
740
741
742
743
744
745
746
747
748
749
750
751
752
753
754
755
756
757
758
759
760
761
762
763
764
765
766
767
768
769
770
771
772
773
774
775
776
777
778
779
780
781
782
783
784
785
786
787
788
789
790
791
792
793
794
795
796
797
798
799
800
801
802
803
804
805
806
807
808
809
810
811
812
813
814
816
817
818
819
820
821
822
823
824
825
826
827
828
829
830
831
832
833
834
836
837
838
840
841
842
844
845
846
847
848
850
851
852
853
854
856
857
858
859
860
862
863
864
865
866
868
870
871
872
873
874
875
876
877
878
879
880
881
882
883
884
886
887
888
889
890
891
892
893
894
895
896
897
898
899
900
901
903
904
905
906
907
908
909
910
911
912
913
914
915
916
917
918
919
920
921
922
923
924
925
926
927
928
929
930
931
932
933
934
935
936
937
938
939
940
941
942
943
944
945
946
947
948
949
950
951
953
954
955
956
957
958
959
960
961
962
963
964
965
966
967
968
969
970
971
972
973
974
975
976
977
978
979
980
981
982
983
984
985
986
987
988
989
990
991
992
993
994
995
996
997
998
999
1000
1001
1002
1003
1004
1005
1006
1007
1008
1009
1010
1011
1012
1013
1014
1015
1016
1017
1018
1019
1020
1021
1022
1023
1024
1025
1026
1027
1028
1029
1030
1031
1032
1033
1034
1035
1036
1037
1038
1039
1040
1041
1042
1043
1044
1045
1046
1047
1048
1049
1050
1051
1052
1053
1054
1055
1056
1057
1058
1059
1060
1061
1062
1063
1064
1065
1066
1067
1068
1069
1070
1071
1072
1073
1074
1075
1076
1077
1078
1079
1080
1081
1082
1083
1084
1085
1086
1087
1088
1089
1090
1091
1092
1093
1094
1095
1096
1097
1098
1099
1100
1101
1102
1103
1104
1105
1106
1107
1108
1109
1110
1111
1112
1113
1114
1115
1116
1117
1118
1119
1120
1121
1122
1123
1124
1125
1126
1127
1128
1129
1130
1131
1132
1133
1134
1135
1136
1137
1138
1139
1140
1141
1142
1143
1144
1145
1146
1147
1148
1149
1150
1151
1152
1153
1154
1155
1156
1157
1158
1159
1160
1161
1162
1163
1164
1165
1166
1167
1168
1169
1170
1171
1172
1173
1174
1175
1176
1177
1178
1179
1180
1181
1182
1183
1184
1185
1186
1188
1189
1190
1191
1192
1193
1194
1195
1196
1197
1198
1199
1200
1201
1202
1203
1204
1205
1207
1209
1210
1211
1212
1213
1214
1215
1216
1217
1218
1219
1220
1221
1222
1223
1224
1225
1226
1227
1228
1229
1231
1232
1233
1234
1235
1236
1237
1238
1239
1240
1241
1242
1243
1244
1245
1246
1247
1248
1249
1250
1251
1252
1253
1254
1255
1256
1257
1258
1259
1260
1261
1262
1263
1264
1265
1266
1267
1268
1269
1270
1271
1272
1273
1274
1275
1276
1277
1278
1279
1280
1281
1282
1283
1284
1285
1286
1287
1288
1289
1290
1291
1292
1293
1294
1295
1296
1297
1298
1299
1300
1301
1302
1303
1304
1305
1306
1307
1308
1309
1310
1311
1312
1313
1314
1315
1316
1317
1318
1319
1320
1321
1322
1323
1324
1325
1326
1327
1328
1329
1330
1331
1332
1334
1335
1336
1337
1338
1340
1341
1342
1343
1344
1346
1347
1348
1349
1350
1352
1353
1354
1355
1356
1358
1359
1360
1361
1362
1364
1365
1366
1367
1368
1370
1371
1372
1373
1374
1376
1377
1378
1379
1380
1381
1382
1383
1384
1385
1386
1388
1390
1391
1392
1393
1394
1395
1396
1397
1398
1400
1402
1403
1404
1406
1407
1408
1409
1410
1412
1413
1414
1415
1416
1417
1418
1420
1421
1422
1423
1424
1426
1427
1428
1429
1430
1431
1432
1434
1435
1436
1437
1438
1439
1440
1442
1443
1444
1445
1446
1447
1448
1450
1451
1452
1453
1454
1455
1456
1458
1459
1460
1462
1463
1464
1466
1467
1468
1469
1470
1471
1473
1474
1475
1476
1477
1478
1479
1480
1481
1482
1483
1484
1485
1486
1487
1488
1489
1490
1491
1492
1493
1494
1495
1496
1497
1498
1499
1500
1501
1502
1503
1504
1505
1506
1507
1508
1509
1510
1511
1512
1513
1514
1515
1516
1517
1518
1519
1520
1521
1522
1523
1524
1525
1526
1527
1528
1529
1530
1531
1532
1533
1534
1535
1536
1537
1538
1539
1540
1541
1542
1543
1544
1545
1546
1547
1548
1549
1550
1551
1552
1553
1554
1555
1556
1557
1558
1559
1560
1561
1562
1563
1564
1565
1566
1567
1568
1569
1570
1571
1572
1573
1574
1575
1576
1577
1578
1579
1580
1581
1582
1583
1584
1585
1586
1587
1588
1589
1590
1591
1592
1593
1594
1595
1596
1597
1598
1599
1600
1601
1602
1603
1604
1605
1606
1607
1608
1609
1610
1611
1612
1613
1614
1615
1616
1617
1618
1619
1620
1621
1622
1623
1624
1625
1626
1627
1628
1629
1630
1631
1632
1633
1634
1635
1636
1637
1638
1639
1640
1641
1642
1643
1644
1645
1646
1647
1648
1649
1650
1651
1652
1653
1654
1655
1656
1657
1658
1659
1660
1661
1662
1663
1664
1665
1666
1667
1668
1669
1670
1671
1672
1673
1674
1675
1676
1677
1678
1679
1680
1681
1682
1683
1684
1685
1686
1687
1688
1689
1690
1691
1692
1693
1694
1695
1696
1697
1698
1699
1700
1701
1702
1703
1704
1705
1706
1707
1708
1709
1710
1712
1714
1715
1716
1717
1718
1719
1720
1721
1722
1724
1725
1726
1727
1728
1729
1730
1731
1732
1733
1734
1735
1736
1737
1738
1739
1740
1741
1742
1743
1744
1745
1746
1747
1748
1749
1750
1751
1752
1753
1754
1755
1756
1757
1758
1759
1760
1761
1762
1763
1764
1765
1766
1767
1768
1769
1770
1771
1772
1773
1774
1775
1776
1777
1778
1779
1780
1781
1782
1783
1784
1785
1786
1787
1788
1789
1790
1791
1792
1793
1794
1795
1796
1797
1798
1799
1800
1801
1802
1803
1804
1805
1806
1807
1808
1809
1810
1811
1812
1813
1814
1815
1816
1817
1818
1819
1820
1821
1822
1823
1824
1825
1826
1827
1828
1829
1830
1831
1832
1833
1834
1835
1836
1837
1838
1839
1840
1841
1842
1843
1844
1845
1846
1847
1848
1849
1850
1851
1852
1853
1854
1855
1856
1857
1858
1859
1860
1861
1862
1863
1864
1865
1866
1867
1868
1869
1870
1871
1872
1873
1874
1875
1876
1877
1878
1879
1880
1881
1882
1883
1884
1885
1886
1887
1888
1889
1890
1891
1892
1893
1894
1895
1896
1897
1898
1899
1900
1901
1902
1903
1904
1905
1906
1907
1908
1909
1910
1911
1912
1913
1914
1915
1916
1917
1918
1919
1920
1921
1922
1923
1924
1925
1926
1927
1928
1929
1930
1931
1932
1933
1934
1935
1936
1937
1938
1939
1940
1941
1942
1943
1944
1945
1946
1947
1948
1949
1950
1951
1952
1953
1954
1955
1956
1957
1958
1959
1960
1961
1962
1963
1964
1965
1966
1967
1968
1969
1970
1971
1972
1973
1974
1975
1976
1977
1978
1979
1980
1981
1982
1983
1984
1985
1987
1989
1990
1991
1992
1993
1995
1996
1997
1998
1999
2000
2001
2003
2004
2005
2006
2007
2008
2009
2011
2012
2013
2014
2015
2016
2017
2018
2019
2021
2022
2023
2024
2025
2026
2027
2028
2029
2030
2031
2032
2033
2034
2035
2036
2037
2038
2039
2040
2041
2042
2043
2044
2045
2046
2047
2048
2049
2050
2051
2052
2053
2054
2055
2056
2057
2058
2059
2060
2061
2062
2063
2064
2065
2066
2067
2068
2069
2070
2071
2072
2073
2074
2075
2076
2077
2078
2079
2080
2081
2082
2083
2084
2085
2086
2087
2088
2089
2090
2091
2092
2093
2094
2095
2096
2097
2098
2099
2100
2101
2102
2103
2104
2105
2106
2107
2108
2109
2110
2111
2112
2113
2114
2115
2116
2117
2118
2119
2120
2121
2122
2123
2124
2125
2126
2127
2128
2129
2130
2131
2132
2133
2134
2135
2136
2137
2138
2139
2140
2141
2142
2143
2144
2145
2146
2147
2148
2149
2150
2151
2152
2153
2154
2155
2156
2157
2158
2159
2160
2161
2162
2163
2164
2165
2166
2167
2168
2169
2170
2171
2172
2173
2174
2175
2176
2177
2178
2179
2180
2181
2182
2183
2184
2185
2186
2187
2188
2189
2190
2191
2192
2193
2194
2195
2196
2197
2198
2199
2200
2201
2202
2203
2204
2205
2206
2207
2208
2209
2210
2211
2212
2213
2214
2215
2216
2217
2218
2219
2220
2221
2222
2223
2224
2225
2226
2227
2228
2229
2230
2231
2232
2233
2234
2235
2236
2237
2238
2239
2240
2241
2242
2243
2244
2245
2246
2247
2248
2249
2250
2251
2252
2253
2254
2255
2256
2257
2258
2259
2260
2261
2262
2263
2264
2265
2266
2267
2268
2269
2270
2271
2272
2273
2274
2275
2276
2277
2278
2279
2280
2281
2282
2283
2284
2285
2286
2287
2288
2289
2290
2291
2292
2293
2294
2295
2296
2297
2298
2299
2300
2301
2302
2303
2304
2305
2306
2307
2308
2309
2310
2311
2312
2313
2314
2315
2316
2317
2318
2319
2320
2321
2322
2323
2324
2325
2326
2327
2328
2329
2330
2331
2332
2333
2334
2335
2336
2337
2338
2339
2340
2341
2342
2343
2344
2345
2346
2347
2348
2349
2350
2351
2352
2353
2354
2355
2356
2357
2358
2359
2360
2361
2362
2363
2364
2365
2366
2367
2368
2369
2370
2371
2372
2373
2374
2375
2376
2377
2378
2379
2380
2381
2382
2383
2384
2385
2386
2387
2388
2389
2390
2391
2392
2393
2394
2395
2396
2397
2398
2399
2400
2401
2402
2403
2404
2405
2406
2407
2408
2409
2410
2411
2412
2413
2414
2415
2416
2417
2418
2419
2420
2421
2422
2423
2424
2425
2426
2427
2428
2429
2430
2431
2432
2433
2434
2435
2436
2437
2438
2439
2440
2441
2442
2443
2444
2445
2446
2447
2448
2449
2450
2451
2452
2453
2454
2455
2456
2457
2458
2459
2460
2446
2432
2419
2408
2465
2466
2467
2468
2469
2470
2471
2472
2473
2474
2475
2476
2477
2478
2479
2480
2481
2482
2483
2484
2485
2486
2487
2488
2489
2490
2491
2492
2493
2494
2495
2496
2497
2498
2499
2500
2501
2502
2503
2504
2505
2506
2507
2508
2509
2510
2511
2512
2513
2514
2515
2516
2517
2518
2519
2520
2521
2522
2523
2524
2525
2526
2527
2528
2529
2530
2531
2532
2533
2534
2535
2536
2537
2538
2539
2540
2541
2542
2543
2544
2545
2546
2547
2548
2549
2550
2551
2552
2553
2554
2555
2556
2557
2558
2559
2560
2561
2562
2563
2564
2565
2566
2567
1210
2200
1200
1472
1194
1191
1192
2217
2222
973
960
966
965
4
1193
2106
2104
2076
1776
2083
2081
2079
2085
373
225
222
1191
703
706
689
687
1476
674
1683
942
940
906
905
1725
1782
1776
1770
2460
2459
1198
1189
770
708
695
675
698
705
704
703
696
706
707
697
700
699
701
702
674
2133
2468
2546
2467
1024
1017
1018
1019
1016
143
1198
119
114
120
762
2133
1198
2088
373
4
2276
2275
2221
513
373
377
1095
1093
2133
1200
1472
1189
770
1100
1095
1093
2133
1301
1189
1194
2217
2222
2468
2467
2534
1727
1725
1726
1728
1746
1744
131
120
2535
2547
2540
2546
2549
2538
2543
2548
2534
2539
2550
2542
2553
2536
2537
2541
2545
2551
2544
2533
2552
1776
1301
1189
1194
2093
4
2221
2222
964
1287
2468
2541
2467
2408
773
771
772
773
2111
1167
1198
1096
1189
1094
2221
4
971
960
966
962
965
964
1095
1290
1245
1244
2322
1015
1019
1683
1681
1650
675
2229
2221
2220
523
373
971
966
965
964
2095
2067
773
2468
2535
2467
130
120
1783
2095
1770
940
907
1189
1772
1095
2133
1095
2133
1198
717
675
4
1091
2133
2133
381
373
372
684
688
685
682
689
683
687
690
679
686
681
680
674
1533
1776
674
1479
674
756
726
725
720
373
4
2536
2468
2467
2322
725
1198
1044
1198
2203
698
680
674
2093
4
960
966
2468
2551
2467
2141
1683
906
905
382
373
2446
687
674
2228
2221
2220
1594
1598
1597
1595
1596
2408
1015
1019
1773
1608
1044
1189
225
222
1245
1244
1293
1095
2133
953
1727
1729
1725
1728
1746
1744
940
907
905
115
120
1078
1044
1043
2111
1198
1189
770
1783
1776
1770
966
965
963
964
1776
2139
2141
2142
2140
2138
2433
2322
2422
1773
1774
1776
2322
2322
2095
1477
674
4
4
717
675
2095
2221
2468
2541
2467
1091
1095
2133
1783
2065
1630
1640
1773
1776
1770
1608
4
2329
2366
2093
4
409
373
225
224
1083
1088
732
724
727
725
720
693
1479
222
1191
1025
1017
1018
1015
2140
706
1476
1475
674
130
120
1810
1776
523
373
1683
973
974
966
965
1776
1776
2141
2201
1301
1189
1194
1472
2095
2468
2547
2467
2137
4
698
688
703
696
706
707
697
704
700
699
701
702
674
1533
2098
2063
9
4
5
381
373
707
690
1476
1479
1475
674
2133
2122
1776
2120
724
727
725
1198
675
674
2133
1200
1472
1776
971
966
965
964
1517
225
224
1494
1477
674
1776
2202
2201
225
224
1236
1189
225
222
2098
5
4
384
373
2219
2217
2220
2222
1019
1776
1100
1095
1093
2133
724
726
725
2089
373
972
966
1198
2095
4
523
1198
373
369
1099
1091
2133
713
1476
674
381
370
1189
369
1194
1725
2133
373
1658
1653
1650
712
1476
674
1245
1292
1244
1776
1681
2065
1773
1608
1776
2468
2548
2467
2101
2102
1776
2108
2141
2142
2221
726
727
725
720
1616
1622
1621
1620
1619
1623
1624
1615
1617
1625
1626
1608
1289
1245
1244
692
1479
708
1477
674
1615
2133
130
120
381
373
372
1091
1095
523
373
2063
4
1189
770
2095
1776
1776
1198
2284
411
373
2318
1608
2231
2221
2217
2220
694
1477
674
474
373
1776
373
225
224
2133
1290
1245
1244
908
907
905
1301
1189
1194
410
373
1773
1608
1719
2063
4
1095
2133
2287
1776
1776
224
1089
1086
1083
1088
1774
1776
1277
1290
1291
1289
1295
1292
1294
1296
1293
2133
1287
2320
2322
2366
408
373
523
373
941
2221
1091
1095
2133
225
224
1189
770
1692
1693
1681
1681
1198
1200
1472
373
367
1608
675
2433
2322
2422
1291
1245
1244
965
2142
2140
1245
1295
1244
1618
1782
1640
1773
1608
2095
1778
711
675
1301
1189
1194
2535
2547
2540
2546
2549
2538
2543
2548
2534
2539
2550
2542
2553
2536
2537
2541
2545
2551
2544
2533
2552
2532
2093
4
4
1213
1215
1214
2101
2102
1776
2083
2081
2077
2079
2085
373
965
2295
2289
2288
2287
973
971
1002
960
966
965
964
384
373
2468
2467
2552
1100
1093
2133
1796
1924
1198
2468
2467
2533
406
373
2095
2142
2140
2095
1214
1189
225
222
2289
130
1198
119
120
384
373
975
974
966
965
1496
1480
1479
1533
508
375
373
381
373
2098
11
10
4
5
1727
1725
1746
1744
1783
1776
1770
2468
382
370
373
1198
698
705
713
704
692
679
688
708
685
703
689
696
706
690
700
699
702
680
691
682
712
687
714
686
694
684
707
697
683
709
693
701
710
681
674
1546
2133
2432
1622
1277
1290
1291
1289
1295
1292
1294
1296
1293
2133
1287
941
940
906
905
964
2095
1198
1019
2139
2141
2137
2140
717
675
1692
1681
1681
691
1479
2141
2468
2538
2467
1198
953
953
1211
2097
1195
1210
2142
2140
1019
2394
2393
2322
2370
1095
2133
1192
1078
1044
1043
1727
1729
1725
1728
1746
1744
1594
1598
1597
1595
1596
973
966
965
2093
4
1095
2133
2523
2535
2547
2540
2546
2549
2538
2543
2548
2534
2539
2550
2542
2553
2536
2537
2541
2545
2551
2544
2533
2552
2532
1665
2221
222
1191
1100
1093
2133
383
373
371
1245
1295
1244
2229
2221
2220
4
1776
1200
1472
2553
2468
2467
1301
1189
1194
711
675
2221
2217
2222
1616
1622
1621
1620
1618
1619
1623
1624
1615
1617
1625
1626
925
930
940
908
907
905
2094
120
711
675
925
930
940
908
907
905
4
1198
2108
2203
2202
2201
2228
2221
2220
1092
1091
1095
1096
1608
1026
1017
1018
1019
1776
1245
2077
373
2063
1776
1198
2468
2540
2467
2087
373
1477
1479
1475
674
2133
1594
1598
1596
1608
1245
1244
1288
682
4
4
2065
1782
1773
1608
1776
2133
1189
222
1688
1710
1709
1681
925
930
940
908
907
905
2468
2540
2467
225
224
1198
225
224
1189
1194
770
1100
1095
1093
2133
2137
2130
1807
2086
373
1245
1292
1244
2536
2468
2467
726
1679
1668
1666
1667
1608
1650
2327
2393
2320
2322
2370
708
691
706
689
1476
674
1533
1776
2133
2228
2221
2220
372
1093
2133
2142
2140
1091
1095
1200
1472
161
1189
1194
119
908
907
905
1776
2133
142
114
1198
2142
2140
4
2420
2322
2411
1198
2133
1301
1189
1194
1290
1291
1289
1295
1292
1294
1296
1288
1293
1287
710
1479
2295
2289
2288
2287
2077
373
1776
2098
5
4
2141
2137
2138
2140
1189
1772
2141
130
120
2222
124
121
117
120
1608
2086
373
1077
1044
1043
675
2098
1301
1189
1194
381
370
373
2222
971
966
965
964
1198
1618
4
130
120
1095
674
2133
2468
2538
2467
1189
225
222
1607
1594
1598
1597
1595
1596
1608
2320
2323
772
1681
1681
1614
2390
694
1476
1479
1475
384
373
1189
1772
773
2095
1773
1608
2093
4
698
2321
2320
674
708
1476
674
1533
4
2390
2391
523
373
412
373
2468
2467
2533
130
120
698
703
697
700
699
674
2098
1301
1189
1305
1194
2289
2284
373
906
905
382
373
2468
2467
2550
2098
5
4
942
916
904
905
1015
1019
732
724
727
725
720
1662
1650
1189
1194
119
1491
1480
1479
1533
381
373
372
1681
717
675
909
908
907
905
1018
1214
953
953
2129
381
373
1095
2133
1776
675
2095
2086
373
2547
2546
2548
2550
2542
2536
2537
2535
2540
2549
2538
2543
2534
2539
2553
2541
2545
2551
2544
2533
2552
2532
2532
732
724
727
725
720
732
724
727
725
720
1776
2133
1019
2083
2081
2077
2079
2085
373
4
2295
2289
2288
2287
1100
1093
2133
523
373
1776
1091
1189
1094
2133
2222
2133
2098
2062
11
10
5
4
1198
2420
2320
2322
2411
772
773
1262
1258
1266
1250
1254
1260
1264
1252
1256
508
375
373
1773
1776
1608
2096
1776
225
224
2133
693
675
2514
973
966
965
963
4
2394
2393
2322
2370
906
906
905
703
699
674
2099
2087
373
1054
1052
1050
1048
4
4
714
1477
674
2086
373
1620
381
370
373
711
675
674
674
1616
1611
1622
1621
1620
1619
1623
1624
1615
1617
1198
2419
2133
1100
1095
1093
2133
2083
2081
2079
2085
373
373
2133
1692
1683
2086
373
682
1198
161
1189
1194
119
1697
1703
1681
225
224
756
726
725
720
1783
1776
953
2133
4
690
1477
674
2322
2532
973
960
966
965
2059
2221
2217
1776
674
2133
381
373
414
373
1245
1244
1294
1100
1093
2133
373
739
724
726
725
2468
2544
2467
1074
1198
524
373
2133
4
732
723
726
727
725
720
1214
4
973
966
965
1727
1725
1746
1744
2063
4
2228
2221
2220
2468
2535
2467
2142
2140
1189
770
973
960
966
965
2087
373
675
2468
2548
2467
130
1189
1194
119
1776
2133
1245
1244
1293
2098
5
4
381
373
960
966
965
964
709
2141
2140
1095
674
2133
1727
1725
1726
1728
1746
694
1476
1479
1475
674
2133
2098
2062
4
5
688
705
703
706
689
707
704
687
686
1476
674
1533
2089
373
1701
1683
966
2322
2323
2141
2133
674
2133
698
705
682
704
687
679
686
684
688
685
703
696
706
689
697
683
700
699
701
702
681
680
1476
674
1533
2059
1774
1776
726
2468
2546
2467
2221
2222
2537
2468
2467
2527
975
974
966
2133
973
975
974
960
966
965
1083
1088
1200
1472
2542
2468
2467
711
675
674
2133
414
373
1783
1776
1770
2142
2140
1776
2095
1776
1776
2133
2086
373
1077
1044
1043
1198
2220
2222
709
687
690
1476
674
2133
2101
2102
1776
1624
1200
1189
770
675
1091
1096
1100
1095
1093
2133
1075
1078
1077
1076
1074
1074
2230
2221
2220
975
974
966
965
971
966
965
964
1095
1693
130
120
1095
1096
2088
373
130
120
1189
225
222
224
223
474
373
1095
2133
1619
1727
1725
1728
1746
1744
726
727
1189
1194
770
1721
2137
2142
2140
905
1301
1189
1194
2521
2069
381
373
2133
717
675
2066
1213
1608
732
724
727
725
720
120
2086
373
2086
373
2095
1200
1472
1776
407
373
1247
410
373
384
373
2098
2062
5
4
2095
1095
2468
2545
2467
1608
4
2095
1192
1776
2221
2217
2220
2222
2133
703
1301
1194
1191
674
1044
1043
1076
724
726
725
1189
1772
130
1198
119
120
121
381
373
372
1091
1095
2133
120
130
120
1783
1776
130
120
1019
1193
973
966
965
963
1245
523
1189
369
1194
1680
1659
1776
1924
1776
1774
1776
2409
2322
2395
1776
1608
1616
2103
1091
1095
1661
1650
2109
2072
1608
2217
2222
2320
2523
2535
2547
2540
2546
2549
2538
2543
2548
2534
2539
2550
2542
2553
2536
2537
2541
2545
2551
2544
2533
2552
2532
1608
2289
2284
2294
2289
2288
2287
2285
1776
2322
1167
1198
1096
1189
1094
1644
1647
1648
1660
1658
1656
1659
1662
1661
1652
1654
1651
1653
1655
1657
1608
1608
1075
1078
1077
1076
1074
376
373
2289
2284
131
120
724
727
725
2446
1198
2221
2222
373
130
120
682
1245
1242
2064
1628
2070
1213
1215
1608
2140
1655
1650
2075
1608
1198
2142
2140
2098
5
4
4
1776
1044
1043
1301
1189
1194
2229
2221
2220
1776
690
674
524
373
524
1198
373
369
2076
1776
703
706
674
674
1238
1234
1236
1235
120
1019
2321
2320
2323
2322
2318
1608
2093
4
726
2289
1045
1776
1190
1189
1194
1191
1679
2095
1667
1773
1650
1608
373
2137
523
373
1099
2133
908
907
905
130
120
2515
373
2086
373
2525
2535
2547
2540
2546
2549
2538
2543
2548
2534
2539
2550
2542
2553
2536
2537
2541
2545
2551
2544
2533
2552
2532
1279
1290
1291
1289
1295
1292
1294
1296
1293
2133
1287
1594
1598
1597
1595
1596
2118
973
960
966
965
713
1476
1479
960
966
965
964
953
1198
474
373
1200
1472
2133
2083
2081
2077
2079
2085
373
1167
1198
1096
1189
1094
1189
225
222
2059
973
960
966
965
2122
2121
2123
2098
2062
11
10
5
4
1189
770
1727
1725
1746
1744
4
2098
5
4
2137
2142
2140
412
373
2084
1776
906
4
2468
2544
2467
1776
698
2321
2320
674
4
1214
2088
373
951
950
2089
373
674
1200
1472
372
1189
770
1200
1301
1189
1194
1472
1683
2520
2230
2221
2220
2221
1623
1198
1776
130
120
2222
1095
1093
2095
2080
1776
382
373
1245
1244
1296
2133
2133
1189
225
222
2133
1075
1078
1077
1076
1074
4
2127
1279
1290
1291
1289
1295
1292
1294
1296
1293
2133
1287
2221
2217
915
928
922
913
935
917
934
912
932
937
924
923
936
933
927
921
931
939
919
929
920
918
926
914
909
908
904
907
523
1198
373
369
1198
1776
1776
1776
1608
1198
2095
1776
2098
2062
8
5
4
1100
1095
1093
2133
1289
1245
1244
2137
2098
5
4
2419
1075
1078
1077
1076
1074
1477
1479
1475
2083
2081
2079
2085
373
732
724
727
725
720
2222
2468
2467
2550
1018
1015
1015
2133
1776
908
2295
2289
2288
2287
1198
1608
2296
2289
2288
2287
2322
2393
2322
2370
381
373
372
2321
373
1783
1776
1770
2221
1044
2078
1776
2222
1245
1679
1666
1667
1773
1775
1650
384
373
2095
1472
1677
1659
1650
225
222
1191
674
906
905
1095
2133
1303
1305
1304
384
373
1245
4
1198
2522
711
675
1200
694
1476
674
1533
2542
2468
2467
2069
373
225
224
1776
1044
1041
675
960
966
1616
1622
1621
1620
1619
1623
1624
1615
1617
1625
1626
1625
2322
4
2095
1095
674
2228
2221
2220
382
381
373
1095
1096
2391
2089
2133
513
373
377
1273
1242
1774
1776
1275
2133
1776
1640
1773
1608
1198
1594
1598
1597
1595
1596
1653
1657
1650
2137
225
224
2433
2321
2322
2422
2227
2086
373
373
711
675
4
2220
384
373
2103
1100
1095
1093
2133
2409
2322
2395
2537
2468
2467
1776
1704
1682
1683
381
370
373
1681
1597
1783
1779
1777
1776
2319
2322
1773
1775
1776
1778
2560
2559
2557
1100
2133
408
373
2068
692
1479
974
960
966
965
964
2553
2468
2467
1198
373
2469
1608
1652
1650
1281
2133
1496
1476
1477
1480
1479
1533
2289
1189
770
1269
381
370
373
1198
2289
2284
2107
1773
1608
1491
1480
1479
1533
2098
4
5
711
675
225
224
691
1476
674
1776
1200
1472
1774
1776
2468
2545
2467
1683
1776
1783
2095
1770
382
373
1198
2141
973
2095
960
966
965
1019
1594
1598
1597
1595
1596
2086
373
1776
373
373
381
373
372
1200
1291
1245
1244
1773
1774
1776
925
930
940
908
907
905
2508
2472
2492
2506
2490
2474
2486
2496
2512
2482
2494
2504
2476
2500
2484
2498
2510
2478
2488
2502
2480
675
2121
2077
373
1744
2133
714
1479
4
1214
1776
1095
2133
4
1683
1075
1078
1077
1076
1074
1476
1477
1100
1095
1093
2133
1776
1301
1189
1194
120
2227
2221
2217
2220
2222
2218
675
674
381
373
130
1189
1194
119
2098
4
5
381
373
2078
2080
2082
2084
1776
116
2142
2140
1268
2217
2222
675
973
971
1002
960
966
965
964
1095
1776
2217
2222
120
4
373
1214
2111
1201
1472
2133
225
224
727
725
1232
1236
2140
1198
1075
1078
1077
1076
1074
2095
224
1091
1095
2133
2086
373
2289
2287
2286
1290
1291
1289
1295
1292
1294
1296
1288
1293
1236
1234
1235
2289
724
727
725
720
381
373
2099
373
2133
1301
1189
1194
1472
2230
2221
2220
2319
2322
120
1198
1091
1095
1091
1095
2133
1245
1246
1244
1296
2133
373
2133
225
224
2089
373
2295
2289
2288
2287
2095
1064
1289
1296
1288
1290
1291
1295
1292
1294
1293
1287
1287
690
694
1476
674
1533
2133
523
373
373
674
2133
1091
1095
2133
2289
724
726
725
675
2139
2082
1776
2120
413
373
1095
2133
691
1479
1640
1773
1608
2083
2081
2079
2085
373
2133
225
224
2098
2062
9
5
4
724
727
725
720
1189
1772
1776
121
1611
1654
1650
409
373
1476
1474
1477
1480
1479
1478
1608
674
2322
2468
2549
2467
2468
2467
2552
2086
373
4
2066
1773
2095
2059
1200
1472
373
2138
1483
1546
2083
2081
2079
2085
373
1198
674
1100
1093
2133
2322
2095
1472
943
938
909
908
907
905
2091
1727
1725
1726
1746
381
373
1189
222
1776
674
2560
2559
2557
373
973
960
966
965
2447
2322
2435
1095
1096
2468
2467
2098
9
4
5
1621
1626
973
960
966
965
1017
2095
773
1776
2319
2322
711
675
1476
1478
1475
674
4
2433
2322
2422
1617
1783
2095
1770
1778
1301
1189
1194
2093
4
1783
2095
1770
1200
381
373
2095
1776
1778
1198
2098
5
4
773
2111
2133
373
4
1091
1095
385
551
2086
373
2095
1776
1608
1189
1194
119
726
1783
1776
1770
413
373
2088
373
2288
689
690
675
131
1198
119
120
373
724
726
725
1198
1198
523
1189
369
1194
973
966
965
1776
2095
3
5
4
1608
1681
2086
373
130
120
2289
2468
2467
2539
2289
1099
2133
2133
717
675
382
373
4
2127
2133
374
373
523
373
1276
1282
1242
2095
773
1019
1776
1773
1776
1608
1645
1613
384
373
1275
2133
370
373
2133
523
373
2133
1200
1472
523
373
1095
2086
373
1301
1189
1194
1472
1727
1725
1728
1746
1744
1274
733
726
725
675
1608
1198
1095
1681
1681
1658
1653
1657
1650
2098
5
4
674
1624
381
1198
370
373
369
2468
2109
1679
2110
1666
1667
1775
1776
1650
1608
2098
5
4
2095
1773
1608
381
373
381
370
1189
369
1194
724
726
725
2447
2320
2322
2435
1608
908
907
905
733
724
726
725
2227
2220
2222
124
120
523
373
1200
1189
1194
119
972
966
1683
2468
2543
2467
964
1517
674
2133
2221
2217
2095
1472
474
373
2468
2551
2467
373
143
1189
119
1782
1776
2222
2064
2070
1213
1215
1608
1727
1725
1726
1746
2468
2543
2467
1189
1194
770
2098
2062
9
5
4
1075
1078
1077
1076
2076
2078
2080
2082
2084
1776
2095
225
224
2095
114
120
1095
684
688
685
682
679
681
694
680
1476
674
1533
1200
406
373
2468
2467
2534
1679
1666
1667
1775
1650
1608
4
964
381
373
372
973
960
966
965
1720
1095
2133
2230
2221
2220
2468
2549
2467
1301
1189
1194
960
966
2095
373
1776
1301
1189
1194
1472
225
224
1015
1019
1016
703
707
690
1476
674
2133
2468
2467
2539
381
373
224
124
120
675
674
2087
373
2098
2062
9
5
4
1245
1244
1294
2086
373
2141
2140
675
675
2063
4
1656
1650
2086
373
2133
2072
1608
1660
1659
1650
1044
1043
1076
1200
1472
4
1651
1650
733
726
725
2289
2284
1658
1656
1659
1652
1654
1651
1655
1657
724
727
725
720
722
721
675
1301
1189
1194
130
1198
119
120
1679
1666
1667
1773
1650
1075
1044
1043
523
373
1198
4
1095
2133
2133
909
906
908
904
907
905
1301
1189
1194
2074
1608
2468
2465
2095
1776
1640
1773
1608
1200
1189
1194
119
551
2098
5
4
684
1476
674
709
675
1198
1773
1608
2098
5
4
1776
2432
2221
1198
1727
1725
1726
1746
1744
2063
4
2525
2535
2547
2540
2546
2549
2538
2543
2548
2534
2539
2550
2542
2553
2536
2537
2541
2545
2551
2544
2533
2552
2532
2319
2322
382
373
2077
373
772
773
381
373
2221
2519
773
2111
4
720
2133
1245
1244
2112
2468
1095
2133
2322
2094
373
1776
2409
2322
2395
1776
1075
1044
1043
2468
2547
2467
373
378
2222
2319
2322
407
373
2112
121
411
373
675
674
1777
2557
1074
1188
1188
1287
1702
1702
1188
1188
1188
1188
1188
1188
2532
2133
1188
2133
2557
2557
1188
1188
674
1188
1188
1608
1608
1608
1744
1608
674
1088
1746
1236
2289
2222
2222
