2
3
4
5
6
7
8
9
10
11
12
13
14
16
17
18
19
20
21
22
23
24
25
26
27
28
29
30
31
32
33
34
35
36
37
38
39
41
42
43
44
45
46
47
48
49
50
51
53
54
55
56
57
58
59
60
61
62
63
64
65
66
67
68
69
70
71
72
73
74
75
76
77
78
79
80
81
82
83
84
85
86
87
88
89
90
91
92
93
94
95
96
97
98
99
100
101
102
103
104
105
106
107
109
110
111
112
113
114
115
116
118
119
120
121
122
123
124
125
126
127
128
129
130
131
132
133
134
135
136
137
138
139
140
141
142
144
145
146
147
148
149
150
151
152
153
154
155
156
157
158
159
160
161
162
163
164
165
166
167
168
169
170
171
172
173
174
175
176
177
178
179
180
181
182
183
184
185
186
187
188
189
190
191
192
193
194
195
196
197
198
199
200
201
202
203
204
205
206
207
208
209
210
211
212
213
214
215
216
217
218
219
220
221
222
223
224
225
226
227
228
229
230
231
232
233
234
235
236
237
238
239
240
241
242
243
244
245
246
247
248
249
250
251
252
253
254
255
256
257
258
259
260
261
262
263
264
265
266
267
268
269
270
271
272
273
274
275
276
277
278
279
280
281
282
283
284
285
286
287
288
290
291
292
293
294
295
296
297
298
299
300
301
302
303
304
305
306
307
308
309
310
311
312
313
314
315
316
317
318
319
320
321
322
324
325
326
327
328
329
330
331
332
333
334
335
336
337
338
339
340
341
342
343
344
345
346
347
348
349
350
351
352
353
354
355
356
357
358
359
3
4
3
4
235
225
216
265
214
120
121
126
127
124
119
123
125
122
216
265
3
4
290
292
291
234
313
215
55
97
215
214
255
134
135
132
133
120
121
126
127
119
123
125
110
106
53
55
255
123
97
97
2
163
55
55
111
55
55
179
234
4
220
221
3
4
179
235
234
214
213
123
31
55
114
316
317
309
179
55
110
216
215
215
234
225
234
55
55
296
295
294
316
309
114
188
189
55
265
214
216
265
215
229
3
317
310
216
215
278
313
310
100
295
294
234
3
4
8
9
2
296
295
234
272
3
4
2
131
313
265
239
238
123
122
103
101
55
102
111
163
123
278
310
118
216
265
214
55
55
127
