2
3
4
5
6
7
8
9
10
11
12
13
14
15
16
17
18
19
20
21
22
23
24
25
26
27
28
29
30
31
32
33
34
35
36
37
38
39
40
41
42
43
44
45
46
47
48
49
50
51
52
53
54
55
56
57
58
59
60
61
62
63
64
65
66
67
68
69
70
71
72
73
74
75
76
77
78
79
80
81
82
83
84
85
86
87
88
89
90
91
92
93
94
95
96
97
98
99
100
101
102
103
104
105
106
107
108
109
110
111
112
113
114
115
116
117
118
119
120
121
122
123
124
125
126
127
128
129
130
134
135
62
36
28
2
28
15
2
2
62
88
66
90
28
79
2
2
66
28
32
28
2
62
79
66
28
2
2
62
79
28
9
10
2
2
28
2
2
19
2
29
66
28
62
85
81
83
28
84
2
2
60
62
19
66
2
132
2
66
59
19
2
2
59
19
2
2
127
126
125
128
2
28
28
5
28
28
74
2
9
7
8
10
66
10
28
2
79
19
66
92
28
62
88
90
2
92
9
7
8
10
2
62
79
19
66
28
2
79
29
54
51
28
65
48
2
7
8
62
28
28
9
36
28
2
53
78
2
6
62
79
78
79
61
10
62
60
66
61
2
63
132
2
66
2
62
79
66
2
62
79
78
51
28
2
2
5
28
59
2
76
2
7
58
67
2
8
130
127
126
128
124
132
62
28
9
62
76
2
62
66
62
28
2
2
9
10
28
125
132
62
28
2
30
51
48
2
44
28
62
79
19
66
28
2
8
2
62
7
8
2
62
66
6
62
88
90
28
9
7
8
4
10
62
88
16
66
90
18
17
28
2
2
2
79
19
66
92
28
62
88
90
2
62
79
28
2
62
2
6
2
79
65
19
2
29
66
28
62
28
2
2
6
62
28
59
19
48
2
2
62
88
19
90
28
2
7
8
59
79
78
68
48
4
2
2
2
62
28
9
10
62
28
9
10
62
88
90
28
62
28
9
10
