2
3
4
5
6
7
8
9
10
11
12
13
14
15
16
17
18
19
20
21
22
23
24
25
26
27
28
29
30
31
32
33
34
35
36
38
39
40
41
42
43
44
45
46
47
48
49
50
51
52
53
54
42
57
58
59
60
61
62
63
64
65
66
67
68
69
70
71
72
73
74
75
76
77
78
79
80
81
82
83
84
85
86
87
88
89
91
93
94
95
96
97
98
99
100
101
102
103
104
105
106
107
108
109
110
111
112
113
114
115
116
117
118
119
120
121
122
123
124
125
126
127
128
129
130
131
132
133
134
135
136
137
138
139
140
141
142
143
144
145
146
147
148
149
150
151
152
153
154
155
156
157
158
159
160
161
162
163
164
165
166
167
168
169
170
171
172
173
174
175
176
177
178
179
180
181
182
183
184
185
186
187
188
189
190
191
192
193
194
195
196
197
198
199
200
201
202
203
204
205
206
207
208
209
210
211
212
213
214
215
216
217
218
219
220
221
222
223
224
225
226
227
228
229
230
231
232
233
234
235
236
237
238
239
240
241
242
243
244
245
246
247
248
249
250
251
252
253
254
255
256
257
258
259
260
261
262
263
264
265
266
267
268
269
270
271
272
273
274
275
276
277
278
279
280
281
282
283
284
285
286
287
288
289
290
291
292
293
294
295
296
297
298
299
300
301
302
303
304
305
306
307
308
309
310
311
312
313
314
315
316
317
318
319
320
321
322
323
324
325
326
327
328
329
330
331
332
333
334
335
336
337
338
339
340
341
342
343
344
345
346
347
348
349
350
351
352
353
354
355
356
357
358
359
360
361
362
363
364
365
366
367
368
369
370
371
372
373
374
375
376
377
378
379
380
381
382
383
384
385
386
387
388
389
390
391
392
393
394
395
396
397
398
399
400
401
402
403
404
405
406
407
408
409
410
411
412
413
414
415
416
417
418
419
420
421
422
423
424
425
426
427
428
429
430
431
432
433
434
435
436
437
438
439
440
441
442
443
444
445
446
447
448
449
450
451
452
453
454
455
456
457
458
459
460
461
462
463
464
465
466
467
468
469
470
471
472
473
474
475
476
477
478
479
480
481
482
483
484
485
486
487
488
489
490
491
492
493
494
495
496
497
498
499
500
501
502
503
504
505
506
507
508
509
510
511
512
513
514
515
516
517
518
519
520
521
522
523
524
525
526
527
528
529
530
531
532
533
534
535
536
537
538
539
540
541
542
543
544
545
546
547
548
549
550
551
552
553
554
555
556
557
558
559
560
561
562
563
564
565
566
567
568
569
570
571
572
558
574
575
576
577
578
579
580
581
582
583
584
585
587
588
589
590
591
592
589
590
594
595
587
597
598
599
600
601
602
603
604
605
606
607
608
609
100
100
100
100
100
100
100
100
100
100
100
100
100
100
100
100
24
100
100
100
100
100
100
100
24
100
100
100
100
100
100
100
100
100
100
100
100
100
100
100
100
100
100
100
100
100
100
100
100
100
100
100
100
100
100
100
100
100
100
100
100
100
100
100
100
100
100
100
100
100
100
100
100
65
59
66
58
60
294
308
286
287
289
283
285
284
281
282
302
499
314
380
391
296
297
302
389
552
544
547
546
545
391
112
469
415
111
414
246
244
245
239
241
240
247
243
242
380
391
398
391
602
391
391
457
250
380
442
149
148
380
525
391
391
491
256
380
562
567
564
565
563
566
391
279
280
428
99
120
420
427
117
118
380
295
416
380
520
380
570
556
557
561
380
561
391
393
46
38
48
38
391
380
380
391
308
279
295
302
295
398
384
390
396
392
399
394
388
393
387
391
389
386
395
398
381
385
382
397
296
302
471
380
394
468
465
443
444
380
359
360
358
361
389
391
534
505
380
391
389
391
482
380
39
448
219
380
391
391
11
4
3
391
478
380
49
50
51
70
84
83
424
299
421
423
426
422
308
465
425
305
306
303
380
295
302
360
391
391
577
406
400
512
516
142
380
453
253
380
399
391
398
28
390
535
534
606
599
598
605
604
391
391
535
534
65
59
66
58
67
61
60
83
83
391
391
585
372
373
355
456
380
369
371
582
585
391
487
380
398
98
96
97
188
198
347
261
341
193
195
186
208
184
323
345
154
249
172
182
353
238
180
223
343
165
337
212
230
214
225
157
313
227
221
274
202
325
190
216
320
116
123
151
309
178
168
210
235
252
316
332
311
144
113
162
255
272
126
328
267
334
264
141
330
258
200
233
339
205
350
218
318
176
147
391
391
477
380
296
391
391
551
391
388
400
540
306
305
304
303
404
384
387
386
385
527
524
525
112
411
111
170
169
380
397
112
412
111
152
380
397
483
380
375
11
10
9
4
3
355
391
396
89
86
541
544
543
546
548
542
69
417
380
579
48
391
398
452
495
380
389
523
517
380
364
70
84
83
102
103
101
104
380
380
459
259
380
358
550
391
388
400
540
391
389
62
63
64
474
380
391
391
372
356
357
358
84
85
359
358
362
525
70
84
83
492
431
514
175
173
380
585
357
363
391
391
391
585
584
583
373
359
357
363
361
488
380
369
25
26
18
15
20
28
134
135
136
133
579
577
576
544
543
545
134
133
504
228
380
33
392
500
262
380
391
585
376
355
86
84
361
576
577
502
503
321
380
391
391
8
11
7
4
3
513
516
380
476
475
191
380
496
231
380
398
480
479
348
380
395
391
541
544
542
543
547
546
548
399
70
88
84
83
508
463
510
462
509
395
124
380
391
489
380
391
388
391
391
389
497
326
380
458
335
380
397
391
484
380
492
380
391
391
562
564
565
563
566
561
561
561
587
391
407
400
466
365
519
351
380
468
465
493
380
390
501
265
380
112
111
454
163
380
391
139
138
512
140
131
430
471
129
127
128
380
132
447
380
590
589
588
39
40
49
50
51
48
48
552
544
547
546
545
39
424
423
435
420
291
427
428
421
426
422
99
465
425
293
292
278
288
286
275
283
285
276
281
277
287
289
284
303
282
380
302
295
391
112
111
413
155
380
398
4
3
10
355
391
561
465
301
295
380
295
380
391
108
107
109
103
104
105
506
380
429
434
511
490
438
470
515
469
432
483
436
439
488
440
114
380
391
391
399
134
606
605
391
408
400
391
404
384
385
383
134
135
136
133
456
380
602
597
604
597
391
389
70
84
83
399
380
391
391
441
269
268
270
380
466
604
559
556
445
446
380
486
380
581
376
18
17
15
20
21
16
24
355
69
400
437
380
297
419
380
391
398
466
196
380
112
455
111
166
380
363
575
498
380
112
410
111
159
158
160
380
391
70
84
83
28
46
460
203
380
461
206
380
39
485
380
33
389
389
389
533
404
384
385
391
561
561
304
303
390
518
380
389
294
367
368
370
377
26
374
19
3
355
24
355
32
27
14
391
70
88
84
83
481
380
391
389
451
449
450
236
380
391
418
380
472
473
465
467
380
391
391
580
577
578
112
409
111
145
380
355
575
575
83
587
24
380
302
3
355
390
391
396
389
399
395
394
398
382
397
589
590
65
559
