1
2
2
2
2
2
2
2
2
2
2
2
2
2
2
2
2
2
2
2
2
22
22
22
22
22
11
28
14
30
30
30
2
34
34
34
34
34
34
34
34
34
34
43
46
47
47
47
47
47
47
47
47
47
47
47
47
47
47
47
47
47
47
47
47
67
67
67
67
47
72
72
72
72
72
72
72
65
81
82
82
82
82
82
82
82
82
82
82
82
82
82
82
96
96
96
96
96
96
96
96
96
96
96
96
96
96
96
96
96
82
114
114
116
117
114
119
121
122
122
122
122
122
122
122
122
122
122
122
122
122
122
122
122
122
122
122
122
122
122
122
122
122
122
122
122
122
122
122
122
122
122
122
122
122
122
122
122
122
122
122
122
122
122
122
122
122
122
122
122
122
122
122
122
122
122
122
122
122
122
122
122
122
122
122
122
122
122
122
122
122
122
122
122
122
122
122
122
122
122
122
122
122
122
122
122
122
122
122
122
122
122
122
122
122
122
122
122
122
122
122
122
122
122
122
122
122
122
122
122
122
122
122
122
122
122
122
122
122
122
122
122
122
122
122
122
122
122
122
122
126
255
127
257
122
259
259
259
147
263
157
265
160
267
175
269
175
271
199
273
275
275
275
275
275
275
122
282
282
282
282
282
287
282
289
282
291
122
293
122
295
295
295
295
295
295
295
295
295
295
295
295
295
295
295
295
295
295
295
295
315
316
122
318
320
321
321
321
321
321
321
321
321
321
321
321
321
321
321
321
321
337
337
337
337
337
337
337
337
321
346
346
346
328
328
352
353
354
354
352
357
357
357
357
357
357
357
357
357
357
357
357
357
357
357
372
373
372
366
371
366
372
381
29
383
384
384
385
386
387
388
367
390
391
392
392
392
392
392
392
392
392
392
392
392
392
392
392
392
392
392
392
410
410
410
410
410
410
392
417
417
417
417
417
417
417
417
417
417
417
417
417
417
417
417
417
417
417
417
417
417
417
417
417
417
417
417
417
446
446
446
435
451
451
436
399
436
436
399
436
439
432
436
461
461
462
463
399
465
399
435
468
399
399
471
399
473
474
474
435
476
435
435
399
435
399
435
435
399
435
81
486
486
486
486
486
486
486
486
486
486
486
486
486
486
486
486
486
486
486
505
505
114
291
417
289
410
287
178
239
161
161
161
77
77
244
10
10
251
158
158
158
158
158
158
158
158
92
92
235
498
498
498
493
42
42
42
42
354
354
354
354
354
217
182
167
167
167
79
79
79
431
431
431
431
431
431
431
431
431
431
431
431
225
89
89
241
333
333
333
333
333
333
333
333
333
155
155
155
155
155
155
155
155
155
109
109
109
109
109
108
108
399
194
194
196
206
150
150
310
310
310
310
310
310
310
310
310
310
310
310
310
310
310
414
414
414
414
327
327
327
327
16
16
16
16
202
202
311
41
41
41
199
199
248
17
159
159
159
159
253
247
247
256
256
212
312
312
312
409
232
370
176
176
176
176
176
176
176
176
176
176
176
416
416
43
43
43
344
227
227
205
205
40
40
40
40
71
71
71
71
294
294
90
90
90
317
317
317
368
110
110
280
118
118
440
440
214
214
214
214
214
214
334
334
334
211
211
211
372
372
372
218
187
221
221
402
402
402
402
402
148
148
148
148
148
494
245
345
345
345
345
345
367
367
367
328
328
328
328
328
328
328
328
328
328
328
164
66
66
66
66
93
93
93
93
93
175
175
175
175
175
175
175
175
175
175
175
175
430
230
11
11
11
243
70
70
70
365
365
365
171
343
507
497
228
228
228
228
228
231
437
437
437
437
213
252
371
371
88
88
264
12
12
192
15
15
250
94
94
94
44
44
44
44
193
501
501
501
501
501
503
503
242
433
184
184
219
188
18
18
111
111
408
408
445
445
445
445
445
190
314
314
314
314
314
314
314
314
314
314
314
366
366
400
400
400
105
105
106
106
240
435
435
435
435
435
435
435
495
495
441
441
177
160
160
160
160
160
160
160
160
160
160
201
21
165
404
404
404
200
200
200
200
434
434
189
266
266
113
113
113
113
113
113
113
113
113
113
107
107
107
336
14
14
153
153
319
319
169
169
169
169
169
169
169
369
234
185
203
220
502
502
502
502
502
191
78
78
78
78
236
403
403
403
246
246
87
87
87
166
166
166
224
233
374
415
91
91
91
95
401
401
401
401
179
229
181
204
204
204
204
442
156
65
65
65
65
439
216
216
216
64
64
64
64
64
64
64
64
64
64
64
64
64
151
151
157
157
197
20
20
20
20
20
20
147
147
147
147
154
154
154
154
154
154
154
154
154
154
154
279
279
279
237
436
436
436
436
436
180
19
19
254
152
152
170
170
170
215
499
499
499
195
172
172
168
315
406
443
443
174
174
174
174
174
63
63
63
63
63
63
238
258
360
360
37
492
492
305
488
488
143
143
283
283
123
487
487
324
7
326
284
284
285
285
130
68
304
55
53
54
127
4
4
3
128
325
491
126
377
377
379
389
389
389
452
461
376
378
380
382
382
45
350
350
350
350
350
351
351
351
351
351
464
464
469
469
469
479
481
484
484
356
356
453
456
456
466
470
472
472
477
482
483
