1
2
2
2
2
2
2
2
2
2
2
2
2
2
2
2
2
2
2
2
2
2
2
2
2
2
2
2
2
2
2
2
2
2
2
2
2
2
2
2
2
2
2
2
2
2
2
2
2
2
2
2
2
2
2
2
2
2
2
2
2
2
2
2
2
2
2
2
2
2
2
2
2
2
2
2
2
2
2
2
2
2
2
2
2
2
2
2
2
2
2
2
2
2
2
2
50
98
50
100
50
102
50
104
50
106
50
108
50
110
50
112
74
114
2
117
118
120
117
121
122
123
122
53
93
51
51
51
51
51
51
51
51
51
51
61
61
69
56
56
68
92
113
79
67
47
115
97
76
90
59
64
95
73
73
91
55
85
58
58
58
58
58
71
71
71
71
71
71
71
71
71
71
71
71
71
71
71
86
94
60
54
54
54
54
80
87
87
82
66
65
62
84
46
46
46
46
46
46
46
46
46
46
46
46
46
46
46
46
46
46
46
46
46
46
46
46
46
46
46
46
46
70
74
74
74
74
74
74
74
74
74
74
74
75
75
75
75
75
75
75
75
75
75
72
72
72
48
89
89
96
83
88
63
50
50
50
50
50
50
50
50
50
50
50
50
50
50
50
50
50
50
50
50
50
50
50
50
50
77
52
81
78
78
49
57
57
116
116
116
