2
3
4
5
6
7
8
9
10
11
12
13
14
15
16
17
18
19
20
21
22
23
24
25
26
27
28
29
30
31
32
33
34
35
36
37
38
39
40
41
42
43
44
45
46
47
48
49
50
51
52
53
54
55
56
57
58
59
60
61
62
63
64
65
66
67
68
69
70
71
72
73
74
75
76
77
78
79
80
81
82
83
84
85
86
87
88
89
90
91
92
93
94
95
96
97
98
99
100
101
102
103
104
105
106
107
108
109
110
111
112
113
114
115
116
118
119
119
121
122
123
124
125
42
94
40
33
37
39
31
38
36
34
14
30
3
32
15
55
24
14
33
61
20
34
6
75
45
35
91
32
10
43
6
7
33
32
29
57
56
24
25
5
72
44
28
10
33
37
13
22
38
34
32
36
15
29
21
30
21
32
6
4
18
29
23
3
30
37
12
9
17
28
48
47
96
28
10
18
16
23
17
7
24
25
14
11
8
9
45
26
44
3
35
13
6
19
15
29
12
21
27
18
75
44
28
32
34
15
33
13
29
21
22
47
73
78
76
6
28
32
23
21
41
73
6
21
7
3
31
43
24
31
11
51
10
18
40
33
16
7
24
25
9
41
26
35
37
39
13
22
42
6
38
32
34
36
29
21
35
42
37
6
9
25
55
25
6
3
21
