2
3
4
5
6
7
8
9
10
11
12
14
15
16
17
18
19
20
21
22
23
24
25
26
27
28
29
30
31
32
33
34
35
36
37
38
39
40
41
42
43
44
45
46
47
48
49
50
51
52
53
54
55
56
57
58
59
60
61
62
63
64
65
66
67
68
69
70
71
72
73
74
75
76
77
78
79
80
81
82
83
84
85
86
87
88
89
91
92
93
94
95
96
97
98
99
100
45
52
51
37
62
86
80
79
43
77
38
48
49
40
39
50
47
46
34
44
22
36
34
33
81
79
15
16
17
18
20
41
24
42
34
21
22
24
34
99
100
18
33
33
27
83
99
100
59
34
24
33
34
99
100
24
34
58
53
19
56
99
100
9
5
6
7
3
33
33
33
33
33
80
23
78
78
21
81
99
100
33
99
100
33
24
34
76
36
33
67
21
20
24
30
57
54
53
19
23
22
21
20
33
