1
2
2
2
2
2
2
2
2
2
2
2
7
7
7
7
7
19
20
21
21
21
21
21
21
21
21
21
21
21
21
21
35
36
37
38
38
38
38
38
38
38
38
38
47
47
47
38
51
51
51
51
51
51
51
51
51
37
61
61
61
61
61
61
61
61
61
61
61
61
61
61
61
61
61
78
78
78
61
82
82
82
82
82
82
82
90
90
61
93
93
93
93
93
99
100
100
100
100
100
100
100
100
100
100
100
100
100
100
100
100
100
100
100
100
100
100
100
100
100
100
100
100
100
100
100
100
100
100
100
100
100
100
100
100
100
100
100
100
100
100
100
100
100
100
100
100
100
100
100
100
100
100
100
100
100
100
100
100
100
100
100
100
100
100
100
100
100
100
100
100
100
100
100
100
100
100
100
100
100
100
100
100
100
100
100
100
100
100
100
100
100
100
100
100
100
100
100
100
100
100
100
100
100
100
100
100
100
100
100
100
100
100
100
100
100
100
100
100
100
100
100
100
100
100
100
100
100
100
105
235
106
237
100
239
239
239
239
239
123
245
133
247
100
249
249
249
249
249
249
249
181
257
259
259
259
259
259
259
100
266
266
266
266
266
271
266
273
266
275
100
277
100
279
279
279
279
279
279
279
279
279
279
279
279
279
279
279
279
279
294
297
100
299
299
299
299
299
299
299
299
299
299
299
100
311
311
311
311
311
311
311
311
311
311
318
322
99
326
326
326
326
326
326
326
326
326
326
326
326
326
326
326
326
326
326
326
326
326
336
348
99
350
350
350
350
350
350
350
350
350
350
350
350
350
350
350
350
350
350
350
350
370
370
370
350
374
374
377
378
378
378
378
378
378
378
378
378
378
378
378
378
378
378
378
378
378
378
378
378
378
378
378
378
378
378
378
378
378
378
378
378
378
378
378
378
378
378
378
378
378
378
378
378
378
378
378
378
378
428
428
428
428
378
433
378
435
378
437
378
439
402
441
378
443
443
443
443
443
443
443
378
451
451
451
451
417
456
421
458
424
460
460
460
460
460
466
466
466
378
470
470
470
470
470
470
470
406
406
1
480
480
480
480
480
480
480
480
480
480
480
480
480
480
480
480
480
480
480
480
480
97
99
503
503
503
503
503
503
503
503
503
503
503
503
503
503
517
517
517
517
517
517
517
517
517
517
517
517
517
517
517
517
517
517
517
503
537
537
537
537
537
537
540
544
537
546
20
548
548
548
548
548
548
548
548
548
548
548
548
548
548
548
548
548
548
548
548
548
548
548
571
571
571
571
571
571
571
571
548
580
580
580
580
580
580
580
580
580
580
580
548
592
592
592
592
592
592
592
592
592
592
570
569
567
566
565
565
563
563
562
612
612
99
613
613
613
613
613
613
37
620
620
620
620
620
620
620
620
620
620
620
620
620
620
620
620
620
620
620
620
620
620
620
643
643
627
647
38
273
480
271
275
51
537
613
47
350
450
450
450
450
450
450
44
44
366
615
172
626
513
513
395
395
395
395
395
395
395
395
395
395
76
145
145
145
145
145
145
145
145
145
145
145
145
145
145
362
362
362
493
493
493
578
578
578
357
6
147
147
147
147
147
567
567
567
567
567
567
567
567
567
567
567
567
567
567
321
321
321
321
628
628
228
77
77
229
223
223
236
236
373
212
310
310
310
310
310
144
144
226
588
588
588
633
372
215
160
600
153
153
153
153
238
342
342
342
576
190
190
190
190
190
190
492
492
492
635
635
632
632
182
182
182
182
510
510
150
150
150
150
418
418
418
256
256
256
256
256
256
417
417
561
561
561
561
220
532
532
532
532
532
531
531
230
230
231
231
579
579
579
80
540
149
149
149
59
81
213
7
416
416
416
416
171
141
141
50
50
398
398
398
398
398
398
457
457
306
306
306
306
306
334
334
338
338
564
193
193
193
193
193
193
193
193
196
394
394
394
394
562
562
562
562
562
562
562
562
562
562
562
562
562
187
187
495
495
129
129
541
343
637
637
637
542
95
293
293
577
577
577
577
636
339
339
218
5
178
511
511
511
533
533
497
497
497
497
497
497
497
497
263
263
263
222
545
545
130
130
130
130
130
130
130
130
130
130
130
130
130
130
170
156
156
156
156
156
156
156
426
475
475
74
74
163
634
634
72
307
307
307
307
200
200
625
625
625
625
358
431
224
224
179
43
43
137
137
137
514
514
514
514
514
514
514
514
514
134
134
134
134
296
32
175
432
432
642
642
58
58
58
434
496
496
496
496
496
496
496
496
496
208
209
591
591
591
401
401
96
192
192
202
202
455
455
455
455
455
376
376
376
335
335
335
124
124
124
124
124
124
126
126
409
317
317
317
361
132
132
92
570
570
570
570
570
570
570
570
570
45
45
45
181
181
181
154
154
154
154
154
154
154
154
154
154
154
154
404
404
499
499
509
509
255
255
255
255
255
255
155
155
155
155
155
155
155
155
155
155
318
318
318
318
319
319
319
319
86
86
575
575
575
515
515
515
645
164
164
164
400
400
400
400
400
400
73
73
123
123
123
123
123
123
365
365
365
365
369
369
563
563
563
563
563
563
563
563
563
563
563
563
563
214
185
414
46
46
46
46
278
278
411
340
340
320
641
641
534
534
225
225
436
75
501
152
152
158
158
526
526
527
527
184
184
207
71
341
341
57
57
57
264
359
359
173
60
203
67
67
67
67
438
438
421
421
55
422
420
420
138
138
138
216
415
415
415
166
166
166
405
405
565
565
565
565
565
565
565
565
565
565
565
565
565
565
565
565
565
425
425
425
425
425
425
29
344
232
232
97
97
97
392
392
49
49
536
536
536
536
536
536
536
536
536
536
536
536
127
127
528
528
528
528
528
459
169
217
393
393
68
248
248
248
248
189
189
189
189
189
189
189
189
189
189
189
189
189
189
189
189
189
189
189
189
618
136
136
136
136
136
136
136
136
131
131
131
131
131
131
131
131
131
131
66
66
66
66
233
233
233
233
233
195
195
195
221
616
616
399
399
399
399
399
638
638
367
367
367
367
367
367
84
204
204
143
143
143
423
494
494
494
413
413
413
413
128
128
639
639
617
617
473
473
602
508
508
508
508
85
85
498
498
498
498
498
498
142
70
70
601
512
512
512
148
148
148
148
148
148
148
246
337
337
337
337
516
309
30
368
368
368
391
391
391
391
391
391
194
194
194
165
135
135
135
135
566
566
566
566
566
566
566
566
566
566
566
566
566
566
629
227
258
442
442
442
598
211
87
87
159
174
13
65
65
31
234
234
234
234
69
69
590
590
590
419
42
42
176
176
27
412
412
412
177
292
292
292
292
292
292
292
292
292
292
292
292
292
292
292
292
336
568
568
568
568
568
568
568
568
568
568
568
568
568
589
589
589
133
133
133
345
569
569
569
569
569
569
569
569
627
627
627
167
403
403
403
295
157
157
157
157
157
157
157
157
157
157
308
308
308
308
308
308
146
146
146
146
146
146
146
219
219
454
454
631
162
396
402
402
402
186
186
186
186
161
205
206
599
363
363
363
10
198
151
151
151
151
33
210
408
191
191
294
294
294
56
56
56
410
410
587
188
188
585
250
584
285
288
268
268
290
356
356
390
284
269
269
105
105
109
41
252
39
300
352
352
106
106
107
351
351
267
267
120
120
583
289
505
121
121
110
302
111
312
48
355
586
102
603
604
607
609
609
