2
3
4
5
6
7
8
9
10
11
12
13
14
15
16
17
18
7
21
22
23
24
25
26
27
28
29
30
31
32
33
34
32
25
38
39
40
41
42
43
44
45
46
47
48
49
50
51
52
53
54
55
56
57
58
59
60
61
62
63
64
65
66
67
68
69
70
71
72
73
74
75
76
77
78
79
80
81
82
83
84
85
86
87
88
89
91
92
93
94
95
96
97
98
100
101
102
103
104
105
106
107
108
109
110
111
112
113
114
115
116
117
118
119
120
121
122
123
124
125
126
127
128
129
130
131
132
133
134
135
136
137
138
139
140
141
142
143
144
145
146
147
148
149
150
151
152
153
154
155
156
157
158
159
160
161
162
163
164
165
166
167
168
169
170
171
172
173
174
175
176
177
178
179
180
181
182
183
184
185
186
187
188
189
190
191
192
193
194
195
196
197
198
199
200
201
202
203
204
205
206
207
208
209
210
211
212
213
214
215
216
217
218
219
220
221
222
223
224
225
226
227
228
229
230
231
232
233
234
235
236
237
238
239
240
241
242
243
244
245
246
247
248
249
250
251
252
253
254
255
256
257
258
260
261
262
263
264
265
266
267
268
269
270
271
272
273
274
275
276
277
278
279
280
281
282
283
284
285
286
287
288
289
290
291
292
293
294
295
296
297
298
299
300
301
302
303
304
305
306
307
308
309
310
311
312
313
314
315
316
317
318
319
320
321
322
323
326
327
328
329
330
331
332
333
334
335
336
337
338
339
340
341
342
343
344
345
346
347
348
349
350
351
352
353
354
355
356
357
358
359
360
361
362
363
364
365
366
367
368
369
370
371
372
373
374
375
376
378
379
380
381
382
383
384
385
386
387
388
389
390
391
392
393
394
395
396
397
398
399
400
401
402
403
404
405
406
407
408
409
410
411
412
413
414
415
416
417
418
419
420
421
422
423
424
425
426
427
428
429
430
431
432
433
434
435
436
437
438
439
440
441
442
443
444
445
446
447
448
449
450
451
452
453
454
455
456
457
458
459
460
461
462
463
464
465
467
468
469
470
471
472
473
474
475
476
477
478
479
480
481
482
483
484
485
486
487
488
489
490
491
492
493
494
495
496
497
498
499
500
501
502
503
504
505
506
507
508
509
510
511
512
513
514
515
516
517
518
519
520
521
522
523
524
525
526
527
528
529
530
531
532
533
534
535
536
537
538
539
540
541
542
543
544
545
546
547
548
549
550
551
552
553
554
555
556
557
558
559
560
561
562
563
564
565
566
567
568
569
570
571
572
573
574
575
576
577
578
579
580
581
582
583
584
585
586
587
588
589
590
591
592
593
594
595
596
597
598
599
600
601
602
603
604
605
606
607
608
609
610
611
585
590
613
614
615
616
617
618
619
620
621
622
623
624
625
626
627
628
629
630
631
632
633
634
635
636
637
638
639
640
641
642
643
644
645
646
628
61
266
2
266
266
82
350
326
78
326
449
447
448
445
444
446
38
38
367
613
113
624
514
503
396
402
430
429
381
447
448
444
446
428
93
146
149
74
73
147
85
148
111
112
110
102
82
325
324
366
353
354
484
485
481
572
574
573
350
3
89
112
82
324
325
560
555
554
582
583
553
556
552
586
559
557
558
580
571
312
311
100
311
624
623
119
63
62
122
70
111
218
100
371
117
109
300
299
100
299
113
324
324
587
583
581
624
371
117
112
595
154
112
100
239
100
339
332
328
571
76
166
195
110
325
324
484
485
481
624
621
624
643
187
191
109
269
511
503
88
82
325
324
419
427
390
72
250
254
251
252
253
388
380
560
554
553
552
117
535
521
520
522
517
519
517
121
100
121
100
572
574
573
79
328
150
112
82
52
79
117
3
417
427
387
386
113
111
62
48
90
436
400
449
448
446
435
419
427
321
303
301
302
100
327
328
331
330
571
141
307
290
289
287
316
102
120
116
401
381
448
446
560
555
554
25
22
553
26
556
552
557
23
24
21
188
266
483
490
131
100
538
330
634
624
621
538
94
280
281
572
574
573
571
622
331
330
117
3
112
514
507
503
524
517
483
486
482
488
490
489
481
487
261
260
262
117
362
546
146
233
147
85
113
111
110
102
100
82
100
325
239
324
169
153
111
110
290
120
100
249
427
472
471
75
82
112
624
621
62
301
305
304
100
197
200
624
622
621
623
350
429
69
111
112
41
38
192
100
100
337
344
345
343
505
507
506
503
546
100
61
239
100
283
25
112
430
429
624
622
52
90
90
439
483
482
486
484
485
490
489
481
487
115
115
587
581
586
402
443
94
111
64
71
111
406
453
452
443
443
373
335
370
336
327
328
125
141
102
100
100
324
127
100
415
313
316
100
362
102
324
90
561
560
555
25
22
26
556
24
21
41
90
90
180
112
325
134
151
68
108
117
111
110
113
116
100
239
100
451
451
483
487
517
517
250
254
251
252
253
61
187
166
153
111
110
290
267
120
100
249
313
315
314
325
312
313
315
316
84
61
572
574
573
514
507
503
644
296
112
120
438
440
401
444
437
439
82
51
141
175
109
100
100
324
367
368
356
351
356
375
560
555
554
594
553
596
597
556
595
552
593
557
592
117
185
415
45
62
620
90
192
100
415
339
328
313
624
621
523
517
69
110
439
82
482
287
120
325
324
527
517
518
517
114
102
115
69
339
328
58
61
38
262
356
353
113
52
108
64
63
62
61
439
443
380
389
52
427
421
424
191
100
100
117
416
381
384
167
109
112
451
451
560
564
555
582
585
553
552
584
554
583
556
586
559
557
558
580
571
427
426
382
381
383
378
23
329
121
100
71
94
62
399
381
48
90
521
519
518
520
524
522
523
503
326
613
537
503
128
100
530
535
529
517
503
422
111
117
398
381
61
128
100
325
324
76
184
195
167
270
168
71
185
111
112
110
113
115
268
269
267
102
266
324
325
614
233
111
112
110
113
61
239
100
165
231
233
210
143
102
100
100
239
324
64
63
62
78
292
122
290
120
314
141
116
102
117
335
614
434
400
447
445
433
624
621
363
372
368
352
354
370
61
325
324
145
144
113
427
484
485
481
416
381
383
384
131
100
624
621
618
614
472
471
597
505
506
507
326
84
61
483
484
488
485
490
481
114
63
62
596
514
507
503
76
162
195
112
110
325
324
100
346
347
329
330
505
301
23
369
355
370
400
449
381
447
448
446
290
316
120
231
108
117
109
239
560
555
554
582
583
553
556
552
586
559
557
558
580
571
624
118
325
455
403
451
593
117
84
61
122
113
3
78
61
24
122
290
314
120
63
62
587
585
581
420
41
90
180
112
22
416
381
383
112
310
318
112
113
302
283
290
282
111
285
284
110
291
288
289
100
333
561
560
555
554
22
553
26
556
552
557
23
24
21
587
581
584
100
325
100
329
561
560
555
25
22
26
556
21
626
621
623
168
405
404
451
280
74
154
158
150
73
290
120
100
82
325
303
301
302
305
304
300
83
117
112
113
82
325
324
132
324
453
452
626
112
397
427
388
443
119
118
115
114
112
117
115
594
364
352
354
3
197
290
287
120
100
26
114
415
111
63
281
291
325
54
53
52
416
381
582
189
266
571
61
571
61
299
266
273
311
374
374
470
61
266
275
100
325
239
90
61
38
299
370
370
100
325
100
370
370
266
271
279
279
571
299
326
100
120
61
311
61
311
90
370
571
100
560
560
571
595
592
