1
2
2
2
2
2
2
2
2
2
2
2
2
2
2
2
17
17
17
17
17
17
17
17
17
17
17
17
17
17
17
17
17
17
17
17
2
38
38
38
16
43
43
43
44
45
46
46
46
46
46
46
46
46
46
46
46
46
46
46
46
46
46
46
46
46
46
46
46
46
46
46
46
46
46
46
46
46
46
46
46
46
46
83
83
83
83
83
83
83
83
83
83
83
46
95
95
95
95
95
95
95
95
95
95
95
95
55
1
109
109
109
109
109
109
109
109
109
109
109
109
109
109
109
109
109
109
109
109
109
109
109
109
109
109
109
109
109
109
109
109
121
125
34
34
34
131
131
71
71
82
82
82
82
82
66
66
36
36
36
36
36
36
36
36
36
36
36
121
121
136
136
136
136
136
89
89
89
89
89
89
139
56
56
56
132
132
132
132
132
132
132
132
132
132
132
132
132
132
135
135
135
135
135
135
135
135
135
135
135
135
135
37
37
37
63
138
138
62
126
126
126
41
41
68
68
122
122
122
122
92
92
92
92
92
92
60
60
15
15
15
129
129
129
129
129
129
129
76
76
32
32
101
101
101
101
101
101
101
101
101
101
70
70
140
141
141
29
29
31
31
94
94
94
94
94
119
119
119
30
30
61
97
97
97
97
97
97
72
72
93
93
93
93
93
53
53
53
53
53
53
67
67
33
58
12
12
12
12
12
99
99
99
99
99
99
99
99
99
99
65
65
69
69
130
130
130
130
130
28
28
28
100
100
100
100
100
100
100
125
125
123
123
123
27
27
27
73
73
96
96
96
96
96
74
74
134
134
134
81
81
81
81
81
81
13
13
13
13
13
13
13
13
13
120
120
120
120
120
120
120
120
120
120
120
120
120
120
54
54
54
54
59
104
137
137
55
55
55
55
55
55
55
55
103
80
80
102
124
124
124
124
124
124
124
124
40
40
40
40
133
16
16
16
98
98
98
98
98
14
14
14
14
64
91
91
91
91
91
91
91
39
39
39
39
75
75
7
7
7
7
7
110
110
47
47
8
8
88
51
108
42
42
42
142
44
44
44
44
143
