2
3
4
5
6
7
8
9
10
11
12
13
14
15
16
17
18
19
20
21
22
23
24
25
26
27
28
29
30
31
32
33
35
36
37
38
39
40
41
42
43
44
45
46
47
48
49
50
51
52
53
54
55
56
57
58
59
60
61
62
63
64
65
66
67
68
69
70
71
72
73
74
70
24
12
5
23
12
5
65
53
52
54
49
51
49
5
10
37
38
39
5
11
9
7
5
8
6
30
29
7
5
5
11
46
39
35
46
35
37
46
39
35
26
12
5
56
49
5
11
27
12
5
73
55
49
53
51
50
52
56
54
55
35
67
35
5
65
49
35
5
5
10
4
5
11
5
11
5
25
12
5
5
4
59
49
50
49
49
49
31
43
35
37
39
38
35
73
46
39
35
29
