2
3
4
5
6
7
8
9
10
11
12
13
14
15
16
17
18
19
20
21
22
23
24
25
26
27
28
29
30
31
32
33
34
35
36
37
38
39
41
42
43
44
45
46
47
48
49
50
51
52
54
55
56
57
58
59
60
61
62
63
64
65
66
67
68
69
70
71
72
73
74
75
76
77
78
79
80
81
82
83
84
85
86
87
88
89
90
91
92
93
94
95
96
97
98
99
100
101
102
103
104
105
106
107
108
109
110
111
112
113
114
115
116
117
118
119
120
121
122
123
124
125
126
127
128
129
130
131
132
133
134
135
136
137
138
139
140
141
142
143
144
145
146
147
148
149
150
151
152
153
154
155
156
157
158
159
160
161
162
163
164
165
166
167
168
169
170
171
172
173
174
175
176
177
178
179
180
181
182
183
184
185
186
187
188
189
190
191
192
193
194
195
196
197
198
199
200
201
202
203
204
205
206
207
208
209
210
211
212
213
214
215
216
217
218
219
220
221
222
223
224
225
226
227
228
229
230
231
232
233
234
235
236
237
238
239
240
241
242
243
244
245
246
247
248
249
250
251
252
253
254
255
256
257
258
259
260
261
262
263
264
265
266
267
268
269
270
271
272
273
274
275
276
277
278
279
280
281
282
283
284
285
286
287
288
289
290
291
292
293
294
295
296
297
298
299
300
301
302
303
304
305
306
307
308
309
310
311
312
313
314
315
316
317
319
320
321
322
323
324
325
326
327
328
329
330
331
332
333
334
335
336
337
338
339
340
341
342
343
344
345
346
347
348
349
350
351
352
353
354
355
357
358
359
360
361
362
363
364
365
366
367
368
369
370
371
372
373
374
375
376
369
378
379
380
381
382
383
384
385
386
387
388
389
390
391
392
393
394
395
396
397
398
399
391
401
402
403
404
405
406
407
408
409
410
411
412
413
414
415
416
417
418
413
420
421
422
423
424
425
426
427
428
429
430
431
432
433
434
435
436
437
438
439
440
441
442
443
444
445
446
447
448
449
450
451
452
453
454
455
456
457
458
459
460
461
462
463
464
465
466
467
469
470
471
472
473
474
475
476
477
478
479
480
481
482
483
484
485
486
487
488
489
490
491
492
493
494
495
496
497
498
499
500
501
502
503
504
505
506
507
508
509
510
511
512
513
514
515
516
517
518
519
520
521
522
523
524
525
526
527
528
529
530
531
532
533
534
535
536
537
538
539
540
541
542
543
544
545
546
547
548
549
550
551
552
553
554
555
556
557
558
559
560
561
562
563
564
565
566
567
568
569
570
571
572
573
574
563
576
555
565
579
580
581
582
564
556
557
585
586
587
588
589
590
591
592
593
594
595
596
597
598
599
600
601
602
603
604
605
606
607
608
609
610
611
612
613
614
615
616
617
618
619
620
621
622
623
624
625
626
627
628
629
630
631
632
633
634
635
636
637
638
639
640
641
642
643
644
645
646
647
648
649
650
651
652
653
654
655
656
657
658
659
660
661
662
663
664
665
666
667
668
669
670
671
672
673
674
675
676
677
678
679
680
681
682
683
684
685
686
687
688
689
690
691
692
693
694
695
696
697
698
699
700
698
702
700
704
705
706
707
708
709
710
711
712
713
714
715
716
717
718
719
720
721
722
723
724
725
726
552
435
552
554
681
452
303
393
592
457
28
221
26
29
146
145
132
27
3
4
54
711
712
422
425
221
195
54
195
146
220
121
503
111
54
249
250
68
331
328
640
319
607
593
592
324
201
358
669
82
673
672
647
146
56
77
54
70
442
437
458
82
74
106
352
56
514
220
121
503
185
70
54
412
197
613
571
573
612
558
560
559
14
180
124
129
170
167
250
257
69
56
82
70
186
595
594
597
114
70
54
54
82
652
687
319
78
351
652
319
70
82
124
170
394
105
54
194
184
69
56
68
70
251
54
235
563
554
341
121
531
54
189
190
74
438
437
436
452
122
82
74
681
406
405
80
711
712
28
221
29
30
27
81
3
70
4
54
652
319
4
69
195
171
82
70
120
328
642
319
54
649
642
319
358
512
187
513
220
121
503
189
190
70
54
114
595
594
349
319
319
319
274
271
272
243
79
78
191
195
54
80
126
639
74
28
221
26
29
146
145
132
27
3
4
54
562
381
592
69
68
54
54
146
29
146
54
501
468
69
68
54
54
80
660
77
54
330
328
324
68
323
56
70
423
421
304
129
293
69
56
292
82
711
712
467
460
435
70
74
330
68
323
404
403
195
324
323
669
436
212
257
70
598
68
69
82
323
54
592
592
82
82
330
324
68
323
381
380
81
323
54
457
393
146
304
305
308
688
687
319
28
221
26
29
146
145
132
27
3
82
4
54
82
597
652
687
319
107
73
304
711
712
662
336
319
438
437
436
435
607
593
592
335
642
319
70
349
642
319
82
381
611
630
117
74
81
82
397
435
357
530
529
555
435
435
333
671
319
569
568
555
74
397
435
380
713
458
29
146
54
121
69
56
280
68
74
277
119
89
54
54
258
210
662
200
340
319
54
82
70
670
70
77
171
54
467
460
435
216
221
29
25
146
121
145
27
3
4
54
54
146
145
81
54
437
436
592
70
656
334
329
319
700
358
592
656
654
331
655
496
70
77
54
319
180
168
172
169
257
69
82
70
655
72
82
76
68
79
70
74
78
77
84
69
81
71
56
83
80
637
530
529
625
192
80
43
41
124
127
681
700
381
592
82
453
128
70
76
82
308
346
344
327
321
319
54
319
114
30
81
70
54
54
56
196
598
345
671
328
643
70
319
193
189
23
82
60
82
62
64
67
63
257
69
56
68
146
38
28
221
26
29
146
132
27
3
82
4
37
54
555
559
69
76
68
82
117
89
645
251
79
70
74
78
80
77
54
82
554
357
554
335
661
274
271
273
272
319
505
81
54
595
594
613
573
612
558
560
556
595
594
598
597
118
280
74
277
128
684
681
610
613
630
612
595
594
326
654
655
643
642
70
640
319
58
425
424
558
556
557
81
82
602
593
592
594
612
650
471
82
628
82
188
220
121
503
509
70
54
212
71
68
70
221
121
193
189
54
82
71
82
530
529
81
74
646
647
76
68
70
74
77
69
81
56
71
531
220
121
503
54
82
82
70
390
80
620
610
594
597
531
220
121
503
54
105
54
601
599
594
597
598
662
217
145
337
77
54
319
563
358
592
390
80
221
195
54
70
453
556
28
221
26
145
233
3
4
54
324
177
176
71
70
82
80
357
357
82
531
220
121
503
54
640
319
74
642
319
332
671
319
597
612
596
177
176
71
304
70
305
292
303
82
281
278
280
279
273
405
472
634
453
613
558
82
531
220
121
503
54
28
221
26
29
146
145
132
27
3
4
54
339
642
319
697
597
620
610
594
662
145
337
69
56
77
319
620
610
594
436
70
605
592
117
251
74
54
81
45
380
380
28
221
26
170
29
146
145
132
27
3
4
54
195
185
505
54
603
592
74
303
303
713
656
345
112
121
70
712
77
54
710
332
335
146
328
320
323
139
146
74
198
251
56
304
68
54
195
121
54
472
500
121
503
185
69
70
54
82
381
70
28
221
26
29
146
145
233
132
27
3
4
54
324
70
323
54
82
422
424
358
357
658
675
643
638
74
688
687
82
406
82
625
596
394
237
145
251
54
422
424
251
281
278
280
279
74
54
270
54
130
189
190
14
640
694
652
687
319
452
435
107
146
220
121
503
54
54
243
79
78
322
176
304
305
307
307
303
72
82
613
561
696
696
70
80
70
82
82
82
457
371
531
220
121
503
54
23
697
607
592
82
212
69
68
643
641
642
640
54
625
444
592
667
681
659
77
657
210
98
73
70
74
84
77
346
350
331
342
325
643
641
642
638
640
319
221
146
261
111
54
711
712
14
563
358
592
368
70
119
221
148
195
171
121
54
422
425
145
612
596
633
23
500
502
121
185
70
54
446
442
472
623
599
594
295
324
337
642
54
54
319
330
324
68
323
338
345
330
347
643
642
641
70
640
319
29
146
54
197
121
558
308
74
630
381
79
328
642
319
319
23
648
642
221
26
170
29
145
132
28
146
27
3
71
4
54
70
191
54
565
558
560
561
555
559
71
221
54
54
54
502
171
70
54
467
460
435
82
611
630
605
437
436
592
56
74
221
171
54
337
642
319
319
74
133
69
82
69
68
28
221
170
29
146
121
145
27
3
4
54
612
188
54
82
171
69
324
28
221
26
29
146
145
233
132
27
3
4
54
243
79
78
81
56
71
70
74
358
368
81
639
641
640
681
686
82
82
257
70
54
349
319
319
74
195
185
505
54
637
421
421
681
54
41
41
319
54
319
41
637
319
319
270
403
403
54
563
389
393
565
558
556
557
597
559
367
555
696
412
554
556
555
560
559
558
559
594
569
568
555
700
381
436
555
559
345
562
381
436
121
54
700
358
563
358
656
345
70
77
54
563
358
