2
3
4
5
6
7
8
9
10
11
12
13
14
15
16
5
6
7
19
20
21
22
8
25
26
27
28
29
30
31
32
33
34
35
36
37
38
39
40
41
42
43
44
45
46
47
48
49
50
51
52
53
54
55
56
57
58
59
60
61
62
63
64
65
66
67
68
69
70
71
72
73
74
75
76
77
78
79
80
81
82
84
85
86
87
88
89
90
91
92
93
94
95
96
98
99
100
101
102
103
104
105
106
107
108
109
110
111
112
113
114
115
116
117
118
119
120
121
122
123
124
125
126
127
128
129
130
131
132
133
132
133
27
116
117
115
85
107
122
123
108
74
85
102
79
80
127
108
122
123
107
122
123
78
78
122
123
124
98
85
124
127
108
122
123
6
4
27
31
26
47
32
127
108
122
123
50
27
32
60
85
27
79
80
109
100
116
117
115
114
127
108
122
123
85
108
101
106
107
122
123
121
69
8
27
102
99
101
104
103
114
98
98
8
107
122
123
