1
2
2
2
2
2
2
2
2
2
2
2
2
15
16
16
16
16
16
16
23
24
24
24
24
24
24
24
24
24
24
24
24
24
24
24
24
24
24
24
24
24
24
24
24
24
24
24
24
24
24
24
24
24
24
24
24
24
24
24
24
24
24
24
24
24
24
24
24
24
24
24
24
24
24
24
24
24
24
24
24
24
24
24
24
24
24
24
24
24
24
24
24
24
24
24
24
24
24
24
24
24
24
24
24
24
24
24
24
24
24
24
24
24
24
24
24
24
24
24
24
24
24
24
24
24
24
24
24
24
24
24
24
24
24
24
24
24
24
24
24
24
24
24
24
24
24
24
24
24
24
24
24
24
24
24
24
24
24
24
24
24
24
24
24
24
24
24
24
24
24
24
24
24
24
24
24
24
24
24
24
24
24
24
24
24
24
24
24
24
24
24
24
24
24
24
24
24
24
24
24
24
24
24
24
24
24
24
24
24
24
24
24
24
24
24
24
24
24
24
24
24
24
24
24
24
24
24
24
24
24
24
24
24
24
24
24
24
24
24
24
24
24
24
24
24
24
24
24
24
24
24
24
24
24
24
24
24
24
24
24
24
24
24
24
24
24
24
24
24
24
24
24
24
24
24
24
24
24
24
24
24
24
24
24
24
24
24
24
24
24
24
24
24
24
24
24
24
24
24
24
24
24
24
24
24
24
24
24
24
24
24
24
24
24
24
24
24
24
24
24
24
24
24
24
24
24
24
24
24
24
24
24
24
24
24
24
24
24
24
24
24
24
24
24
24
24
24
24
24
24
24
24
24
24
24
24
24
24
24
24
24
24
24
24
24
24
24
24
24
24
24
24
24
24
24
24
24
24
24
24
24
24
24
24
24
24
24
24
24
24
24
24
24
24
24
24
24
24
24
24
24
24
24
24
24
24
24
24
24
24
24
24
24
24
24
24
24
24
24
24
24
24
24
24
24
24
24
24
24
24
24
24
24
24
24
24
24
24
24
24
24
24
24
24
24
24
24
24
24
24
24
24
24
24
458
458
458
458
458
458
458
458
458
458
201
469
201
471
202
473
203
475
203
477
205
479
206
481
126
126
487
488
488
488
488
488
493
493
493
493
493
493
490
490
490
493
391
391
97
97
355
355
270
270
304
120
21
370
370
429
429
453
311
311
337
337
104
332
332
277
277
277
243
243
431
431
116
116
217
217
361
361
322
322
192
192
192
326
234
289
343
343
343
340
340
221
132
287
287
383
383
383
397
443
443
119
191
191
191
352
293
293
220
286
286
198
98
98
213
213
381
381
106
300
300
350
350
283
283
248
378
378
425
425
345
345
324
324
348
348
181
181
371
371
427
427
264
264
264
188
188
202
202
113
356
356
242
242
365
365
237
237
237
313
313
288
373
124
284
284
414
414
386
386
386
351
351
380
403
403
95
95
95
382
412
412
180
180
180
110
430
208
364
364
249
435
435
216
259
201
201
130
130
490
490
490
401
303
303
303
437
437
207
265
265
275
275
298
298
330
330
376
18
18
18
377
377
379
344
344
449
449
279
279
12
12
12
12
12
359
359
109
305
305
305
333
333
309
309
398
342
342
238
247
247
247
336
336
428
428
422
422
285
285
101
230
230
230
230
434
434
448
448
99
99
349
349
203
400
400
233
392
392
121
325
325
214
393
393
205
205
117
323
323
315
315
321
321
321
375
375
295
295
334
334
197
316
316
338
338
250
250
409
5
5
5
5
404
404
317
317
310
310
258
258
436
436
306
306
339
339
118
186
384
450
314
314
341
341
341
308
308
235
374
374
291
206
206
368
368
200
200
411
411
184
184
184
193
193
193
111
433
433
438
438
245
272
272
179
357
407
13
13
13
13
13
11
11
11
11
11
413
413
22
22
22
226
301
301
103
318
318
498
498
498
498
498
498
498
498
294
294
102
307
307
328
328
387
387
8
8
8
8
8
256
395
395
390
390
268
268
353
254
440
440
9
9
9
9
9
128
211
211
320
320
320
418
418
331
331
246
273
273
108
123
281
281
96
96
96
96
419
419
439
439
105
215
261
261
218
347
347
94
94
282
282
367
367
367
445
445
10
10
10
10
10
107
454
187
187
187
302
302
302
224
388
388
227
389
389
389
441
441
499
222
225
229
417
417
346
346
358
358
424
424
239
442
442
423
423
299
299
280
280
280
416
416
354
354
276
276
369
369
269
269
329
189
296
296
296
190
210
210
7
7
7
7
7
292
292
240
236
112
319
319
362
362
420
420
297
297
335
360
360
363
363
257
257
183
183
183
451
451
451
451
451
451
451
451
451
451
451
451
451
451
451
451
451
451
451
451
451
451
451
451
451
451
451
451
451
451
451
451
451
451
451
451
451
451
451
451
451
451
451
451
451
451
451
451
451
451
451
451
451
451
451
451
451
451
451
451
274
274
405
405
455
327
327
177
267
267
267
312
312
195
182
182
182
194
228
415
415
271
271
115
115
20
20
20
20
394
394
209
209
410
410
408
396
396
452
199
399
399
385
426
426
290
432
266
266
266
406
406
491
491
491
491
491
260
252
252
402
402
127
127
185
185
185
255
278
278
212
212
178
178
366
366
251
251
100
131
131
6
6
6
6
372
372
253
93
503
503
503
