2
3
4
5
6
7
8
9
10
11
12
13
14
16
17
18
19
20
21
22
24
25
26
27
28
29
30
31
32
33
34
35
36
37
38
39
40
41
42
43
44
45
46
47
48
49
50
51
52
53
54
55
56
57
58
59
60
61
62
63
64
65
66
67
68
69
70
71
72
73
74
75
76
77
78
79
80
81
82
83
84
85
86
87
88
89
90
91
92
93
94
95
96
97
98
99
100
101
102
103
104
105
106
107
108
109
110
111
112
113
114
115
116
117
118
119
120
121
122
123
124
125
126
127
128
129
130
131
132
133
134
135
136
137
138
139
140
141
142
143
144
145
146
147
148
149
150
151
152
153
154
155
156
157
158
159
160
161
162
163
164
165
166
167
168
169
170
171
172
173
174
175
176
177
178
179
180
181
182
183
184
185
186
187
188
189
190
191
192
193
194
195
196
197
198
199
200
201
202
203
204
205
206
207
208
209
210
211
212
213
214
215
216
217
218
219
220
221
222
223
224
225
226
227
228
229
230
231
232
233
234
235
236
237
238
239
240
241
242
243
244
245
246
247
248
249
250
251
252
253
254
255
256
257
258
259
260
261
262
263
264
265
266
267
268
269
270
271
272
273
274
275
276
277
278
279
280
281
282
283
284
285
286
287
288
289
290
291
292
293
294
295
296
297
298
299
300
301
302
303
304
305
306
307
308
309
310
311
312
313
314
315
316
317
318
319
320
321
322
323
324
325
326
327
328
329
330
331
332
333
334
335
336
337
338
339
340
341
342
343
344
345
346
347
348
349
350
351
352
353
354
355
356
357
358
359
360
361
362
363
364
365
366
367
368
369
370
371
372
373
374
375
376
377
378
379
380
381
382
383
384
385
386
387
388
389
390
391
392
393
394
395
396
397
398
399
400
401
402
403
404
405
406
407
408
409
410
411
412
413
414
415
416
417
418
419
420
421
422
423
424
425
426
427
428
429
430
431
432
433
434
435
436
437
438
439
440
441
442
443
444
445
446
447
448
449
450
451
452
453
454
455
456
457
458
459
460
461
462
463
464
465
466
467
468
469
470
471
472
473
474
475
476
477
478
479
480
481
482
485
486
488
489
490
491
492
493
494
495
496
497
498
499
500
501
502
503
130
79
96
458
130
79
130
79
303
80
208
130
79
130
79
88
130
79
384
195
79
378
195
130
111
79
242
185
130
79
115
287
130
79
130
79
130
79
196
130
77
325
233
79
130
445
79
130
79
219
79
301
195
130
447
79
79
130
79
77
196
130
77
297
303
195
219
300
195
78
403
423
130
79
130
79
91
130
79
130
79
130
79
315
130
79
130
79
130
79
130
79
130
79
130
77
130
79
130
79
130
111
79
130
77
115
484
81
130
79
241
316
130
79
290
425
395
130
79
79
372
117
130
79
130
79
130
188
79
130
79
374
130
79
98
99
458
381
130
79
196
130
77
65
79
79
130
79
196
130
79
79
257
115
484
108
60
208
287
423
79
130
444
79
130
79
307
130
79
130
79
130
79
377
195
375
337
287
117
130
79
378
130
79
208
286
284
111
397
117
411
118
3
130
79
83
130
447
79
380
195
130
79
79
130
79
237
117
55
24
383
195
130
79
130
79
299
195
101
231
115
337
192
130
79
447
195
403
423
130
79
484
130
79
230
130
79
80
130
79
79
130
79
115
484
82
130
79
130
79
130
444
79
130
79
196
79
381
195
63
130
79
386
195
130
79
428
397
117
411
118
130
79
130
79
130
79
115
339
130
79
130
79
387
195
84
77
387
451
130
79
130
444
79
130
79
243
130
79
79
115
484
130
79
296
130
130
79
196
130
77
196
130
77
85
130
79
130
79
244
130
79
77
335
115
397
117
411
118
3
397
117
411
118
3
130
79
337
423
55
223
130
79
79
130
79
395
415
282
271
496
495
494
497
305
195
79
130
79
130
79
130
79
395
117
411
118
3
79
130
79
392
195
130
79
296
79
130
79
397
117
411
118
3
198
130
79
130
195
79
130
79
378
195
243
130
79
86
125
130
79
98
99
421
458
130
79
130
79
79
79
130
79
79
130
79
95
458
130
79
193
130
79
444
195
397
117
411
118
3
92
89
196
130
77
130
447
79
223
130
79
244
130
447
79
130
79
494
219
223
235
130
79
130
79
130
79
130
79
237
130
79
130
79
130
79
130
111
79
130
79
130
79
130
79
130
79
130
79
328
191
130
286
295
77
130
79
397
117
411
118
3
130
79
239
295
81
130
79
130
79
130
79
130
79
334
130
79
130
79
296
338
196
130
77
117
254
29
64
59
62
51
77
85
65
76
72
81
32
45
39
54
49
44
88
38
90
27
87
33
66
58
82
70
75
69
42
80
35
84
71
36
28
52
30
60
67
73
89
83
68
46
26
34
47
48
79
86
78
53
74
31
63
40
61
130
79
130
79
79
130
79
77
130
111
79
130
79
132
196
130
77
79
244
130
79
130
79
115
285
208
387
287
210
130
79
130
79
130
79
115
130
79
87
78
130
79
387
130
79
79
79
130
264
297
130
79
499
496
495
497
493
257
130
79
130
79
388
128
193
192
188
79
130
79
130
79
184
183
130
79
130
79
62
108
60
397
117
411
118
130
79
252
24
415
496
495
