1
2
2
2
2
2
2
2
2
4
1
12
12
12
16
17
18
18
18
18
18
18
18
18
18
18
18
18
18
18
18
18
18
18
18
18
18
18
18
18
18
18
18
18
18
18
18
18
18
18
18
18
18
18
18
18
18
18
18
18
18
18
18
18
18
18
18
18
18
18
18
18
18
18
18
18
18
18
18
18
18
18
18
18
18
18
18
18
18
18
18
18
18
18
18
18
18
18
18
102
75
104
105
106
106
106
106
106
106
106
112
113
116
117
117
117
117
117
117
117
117
117
117
117
117
117
118
131
133
134
135
135
135
135
135
135
135
135
142
142
143
143
116
148
148
148
148
148
148
148
148
148
148
148
148
148
148
148
148
148
148
148
148
148
148
148
148
148
174
165
165
105
177
177
177
177
177
177
177
112
186
187
187
187
187
187
187
187
187
187
187
187
196
199
197
201
201
198
204
204
197
198
135
177
187
106
78
78
57
57
98
5
5
5
193
70
87
54
54
169
169
191
191
191
9
129
129
129
129
129
129
129
173
132
62
86
128
128
128
128
128
94
166
84
71
82
60
60
60
76
76
196
63
112
112
112
85
113
113
113
72
141
141
141
184
184
184
68
194
171
171
77
77
77
143
143
143
143
111
168
168
99
99
99
99
99
99
99
99
74
74
96
95
91
55
55
55
55
55
55
55
88
142
142
142
142
139
139
139
139
139
130
127
127
127
90
83
83
198
198
198
198
7
170
170
69
69
69
69
69
69
69
69
69
69
69
69
69
53
53
53
53
167
167
167
79
79
4
93
182
182
182
182
182
182
182
73
73
73
73
80
165
165
165
165
165
101
197
197
197
197
110
110
110
110
110
58
58
58
58
58
58
195
66
66
183
75
75
75
100
81
56
56
89
92
97
172
172
172
67
52
52
52
52
52
3
163
125
107
178
11
144
176
176
176
176
176
145
207
146
185
208
114
147
115
103
