1
2
2
2
2
2
2
2
2
2
2
2
2
2
2
2
2
2
2
2
2
2
2
2
2
2
2
2
2
2
2
2
2
2
2
2
2
38
38
38
38
5
43
8
45
9
47
30
49
33
51
36
53
2
55
30
34
59
60
60
60
60
60
60
60
60
60
60
60
60
60
60
60
60
60
60
60
60
60
60
60
60
60
60
60
60
60
60
60
60
60
60
60
60
64
1
98
98
98
98
98
98
101
105
101
107
102
109
103
111
103
113
104
115
117
104
119
104
121
98
123
59
125
125
125
125
59
130
130
130
130
130
130
130
130
130
130
130
130
130
130
130
130
130
130
130
130
130
130
130
130
130
130
130
130
130
130
130
130
130
130
130
130
130
130
130
130
130
130
130
130
130
130
130
130
130
130
130
130
130
130
130
130
130
130
130
130
130
130
130
130
130
130
130
197
197
197
197
50
92
77
77
77
24
35
35
35
35
35
90
25
56
101
101
101
201
200
200
87
91
65
65
65
65
65
65
65
65
65
65
69
69
37
37
37
96
86
63
63
118
26
29
88
82
82
82
68
68
18
18
18
18
18
79
79
79
194
194
194
34
34
84
93
32
110
110
75
75
75
66
66
66
66
66
66
66
66
66
66
153
153
160
74
74
36
36
36
36
36
89
164
167
167
167
167
167
33
33
33
33
33
33
33
95
64
64
106
106
31
31
163
163
163
163
163
83
83
83
70
70
76
104
20
159
54
54
85
85
94
67
67
81
81
81
28
71
71
30
30
30
30
30
30
30
155
155
78
78
78
103
103
73
73
80
80
80
102
102
102
19
72
72
99
10
11
126
126
57
58
97
97
97
