2
3
4
5
6
7
8
9
10
11
12
13
14
15
16
17
18
19
20
21
22
23
24
25
26
27
28
29
30
31
32
33
34
35
36
37
38
39
40
41
42
43
44
45
46
47
48
49
50
51
52
53
54
55
56
57
58
60
61
62
63
64
65
66
67
68
69
70
71
72
73
74
75
76
77
78
79
80
81
82
83
84
85
86
87
88
89
90
91
92
93
94
95
96
97
98
99
100
101
102
103
104
105
106
107
108
109
110
111
112
113
114
115
116
118
119
120
121
122
123
124
125
126
127
128
129
130
131
132
133
134
135
136
137
138
139
140
141
142
143
144
145
146
147
148
149
150
151
152
153
154
155
156
157
158
159
160
161
162
163
164
165
166
167
168
169
170
171
172
173
174
175
176
177
178
179
180
181
182
183
184
185
186
187
188
189
190
191
192
193
194
195
196
197
198
199
200
201
14
60
185
61
60
10
4
5
8
15
7
60
10
31
100
123
2
197
198
199
60
60
67
69
70
68
73
74
84
71
72
127
181
61
15
7
2
61
60
81
61
2
55
13
60
190
61
60
175
61
22
11
12
13
2
188
61
60
164
197
197
24
9
62
60
33
2
123
184
61
60
79
75
81
82
80
83
85
77
78
127
164
154
162
180
61
37
11
10
7
2
60
132
194
168
198
199
197
21
25
11
10
12
16
2
60
64
127
2
123
10
12
194
165
198
199
197
192
61
60
182
61
60
2
6
161
37
7
62
60
60
174
61
189
61
60
12
176
61
21
11
10
13
16
9
2
156
164
186
61
60
100
2
179
61
191
61
60
100
123
2
3
177
61
98
38
2
125
125
11
24
64
127
125
