1
2
2
2
2
2
2
2
2
2
2
2
2
2
2
2
2
2
2
2
2
2
2
2
2
2
2
2
2
2
2
2
2
2
2
2
2
2
2
2
2
2
2
2
2
2
2
2
2
2
51
51
51
51
51
51
51
51
51
51
51
51
51
51
48
67
68
68
68
68
68
68
68
68
68
68
68
68
68
68
68
81
84
86
86
86
86
88
89
89
89
89
89
89
89
89
89
89
89
89
89
89
89
89
89
89
89
89
89
89
89
89
89
89
89
89
89
89
89
89
89
89
89
89
89
89
89
89
89
89
89
89
89
89
89
89
89
103
139
104
141
105
143
89
145
108
148
149
149
149
149
149
149
149
149
149
149
149
149
149
156
163
156
165
157
167
167
149
170
170
170
170
170
170
170
177
177
180
181
181
181
181
1
183
183
183
183
183
183
183
183
183
183
183
183
183
183
183
183
183
183
183
183
183
205
206
207
207
207
207
207
207
207
207
212
1
217
217
217
217
217
1
223
223
223
223
223
223
223
223
223
223
223
223
223
223
223
223
223
223
242
224
1
244
244
244
244
244
244
244
244
244
244
244
244
244
244
244
244
244
244
244
244
244
244
244
244
244
244
244
244
244
244
244
244
244
244
244
244
244
244
244
244
244
244
244
244
244
244
290
290
290
290
290
290
290
290
290
290
290
290
271
1
304
304
304
304
304
304
304
304
304
304
304
304
304
304
304
304
304
304
304
304
304
304
304
304
304
304
304
304
304
304
304
304
304
304
304
304
304
304
304
304
304
304
304
206
348
348
348
348
348
1
354
354
354
354
354
354
354
362
361
286
286
286
286
286
286
286
286
286
114
114
41
334
270
270
270
275
337
344
344
283
283
283
283
283
283
283
283
283
283
200
200
111
111
111
111
111
111
111
111
98
98
98
98
98
98
98
98
98
98
98
98
98
98
98
98
98
98
98
98
98
98
98
98
98
98
98
98
300
300
300
300
300
300
300
300
300
195
195
195
195
195
195
135
39
268
268
268
108
108
271
271
271
255
255
255
125
125
125
312
312
324
324
324
325
325
325
325
325
325
325
325
325
325
325
325
325
123
123
123
123
123
123
315
315
30
30
122
122
122
122
122
122
269
269
269
269
197
197
197
197
197
197
319
319
319
319
124
220
220
352
352
273
273
273
273
273
273
273
273
273
273
273
287
254
102
102
102
102
53
213
18
18
18
18
18
18
83
288
228
310
112
112
112
159
162
253
253
253
339
221
313
261
261
261
76
76
130
130
80
360
360
361
361
251
120
120
120
120
120
120
104
104
104
353
353
316
316
323
256
256
256
14
14
14
14
14
11
265
265
265
302
262
262
262
35
35
161
161
161
239
113
113
276
276
193
193
193
193
193
193
279
127
127
127
311
54
289
289
257
257
257
204
204
204
204
204
317
317
103
103
103
103
156
156
156
156
156
238
238
238
131
131
131
131
131
131
258
258
258
133
133
133
140
202
202
28
28
306
77
77
77
77
77
301
301
301
301
301
301
301
301
301
301
142
341
203
203
203
203
203
158
322
107
107
263
263
263
266
266
266
201
201
330
330
25
25
25
25
78
81
157
332
335
79
175
175
175
175
29
29
32
32
115
23
23
23
23
23
23
281
281
281
281
281
281
281
281
281
281
34
34
34
34
13
10
10
10
137
284
314
314
16
16
16
16
16
326
37
37
37
37
318
318
126
126
126
346
331
194
194
194
259
259
259
282
282
282
282
282
282
282
282
282
282
267
267
267
97
97
97
97
97
97
309
309
241
320
320
320
47
47
110
110
36
36
347
347
359
20
21
21
21
21
21
27
27
264
264
264
160
308
308
308
19
19
19
19
19
19
19
260
260
260
48
48
82
82
82
100
100
100
100
128
128
121
121
121
121
121
121
321
340
116
191
329
329
252
252
46
46
328
328
357
357
118
118
118
118
327
327
358
106
106
17
17
17
17
17
40
215
215
215
42
42
42
42
15
15
15
15
15
15
15
38
38
38
198
198
198
198
198
198
198
336
336
342
26
26
26
278
278
278
176
176
176
176
176
176
240
33
105
105
105
24
24
24
24
24
196
22
22
22
280
280
280
280
280
280
280
280
280
280
99
99
99
99
129
285
272
224
338
338
307
44
44
214
31
333
333
343
343
277
351
152
70
188
72
246
150
151
73
153
212
212
178
71
249
189
66
147
303
303
362
362
363
