1
2
2
2
2
2
2
2
2
2
2
2
2
2
2
2
2
2
2
20
20
20
20
20
20
2
27
27
27
2
31
31
31
2
35
35
35
35
35
2
41
41
41
41
41
41
41
41
41
41
41
41
41
41
41
41
41
41
41
41
41
41
41
41
2
66
66
66
2
70
2
72
72
2
75
75
75
75
75
75
75
2
83
83
2
86
86
2
89
89
89
2
93
93
93
93
93
93
93
2
101
2
103
103
103
2
107
107
107
107
107
2
113
113
2
116
116
2
119
119
122
123
124
124
124
124
124
124
124
124
124
124
124
124
124
124
124
140
141
142
124
124
136
137
147
148
148
148
148
148
148
148
148
148
148
148
159
159
149
162
150
164
164
151
167
152
169
153
171
154
173
173
155
176
176
148
179
157
160
183
184
184
184
184
184
184
184
184
184
184
184
184
184
184
184
184
184
184
184
184
184
184
184
184
184
184
184
184
184
184
184
184
184
184
184
184
184
184
184
184
184
184
184
184
184
184
184
184
184
184
184
184
184
184
184
184
184
184
184
184
184
184
184
184
184
184
184
184
184
184
184
184
184
184
184
184
184
184
184
184
184
184
184
184
184
184
184
184
272
272
272
272
272
272
272
272
272
272
184
283
283
283
283
184
288
288
288
288
288
288
294
184
296
296
296
296
296
296
296
296
296
296
296
296
296
296
296
296
296
296
296
296
296
296
296
296
296
296
296
296
296
296
296
296
329
330
331
331
331
331
331
331
331
331
331
331
331
331
331
331
331
331
331
331
331
331
331
331
331
331
331
331
331
331
331
331
331
331
331
331
331
218
123
368
368
368
368
368
368
368
368
368
368
368
368
368
368
368
368
368
368
368
368
368
370
371
380
380
381
381
381
382
381
383
381
383
382
383
384
384
384
384
382
384
382
385
382
1
413
413
413
413
413
413
413
413
413
413
413
413
413
413
413
413
413
413
413
413
413
413
413
413
413
413
413
413
413
413
413
445
413
447
447
447
447
447
447
447
447
447
447
447
447
447
447
447
447
447
447
447
447
447
447
447
447
447
447
447
447
447
447
447
447
447
447
447
447
447
447
447
447
447
447
447
447
447
447
447
447
447
447
447
447
447
447
447
447
447
447
447
447
447
447
447
447
447
447
447
447
447
447
447
447
447
447
447
447
447
447
447
447
447
447
447
447
447
447
447
447
447
447
447
447
447
447
447
447
447
447
447
447
447
447
447
447
447
447
553
553
556
557
558
558
558
558
558
558
558
558
558
558
558
558
558
558
558
558
558
558
558
558
558
558
558
558
558
558
558
558
558
558
558
558
558
558
558
558
558
558
558
558
558
558
558
558
558
558
558
558
558
558
558
558
558
558
558
183
614
614
614
614
614
614
614
614
614
614
614
614
614
614
614
614
614
614
614
614
614
614
614
614
614
614
614
614
614
614
614
614
614
614
614
614
614
614
614
614
614
614
614
614
614
614
614
614
614
614
614
666
667
667
667
667
672
667
674
667
676
667
678
667
680
667
682
667
684
667
686
686
667
689
667
691
667
693
667
695
667
697
667
699
667
701
667
703
667
705
667
707
667
709
667
711
667
713
667
715
684
674
695
713
701
709
699
691
689
705
179
697
676
680
686
707
711
693
715
703
682
678
605
605
328
366
366
366
366
366
366
366
366
366
366
366
366
366
366
366
366
366
366
366
366
366
366
366
366
366
366
366
366
366
366
366
366
366
366
366
366
366
366
366
366
366
366
366
366
366
366
366
366
366
366
366
366
366
366
366
366
366
366
366
366
366
366
366
529
529
529
429
526
526
526
315
550
550
550
310
310
245
519
519
519
576
576
576
483
483
483
483
229
515
515
515
175
422
573
573
573
478
478
478
583
484
484
484
606
606
300
479
479
479
301
363
568
568
435
435
584
596
596
596
540
540
540
522
522
522
247
439
457
457
457
457
178
384
384
384
384
542
593
593
323
225
670
270
270
530
530
530
256
256
460
587
587
587
587
587
608
588
588
588
594
594
251
316
627
627
627
627
627
627
233
525
525
525
591
591
631
631
631
631
631
441
303
618
618
618
243
572
293
293
309
309
500
500
500
234
234
312
453
453
453
136
136
136
136
136
424
539
539
539
539
425
579
579
579
482
482
482
549
549
549
260
260
260
260
260
260
260
260
260
260
260
260
260
260
260
260
260
260
260
260
260
260
260
260
260
260
260
260
595
595
595
566
566
602
602
246
138
138
138
304
326
386
386
386
386
386
265
265
619
650
650
650
228
495
495
495
250
383
383
383
383
383
383
383
383
383
541
541
541
230
253
531
531
531
249
249
474
474
474
633
633
633
633
633
133
133
133
133
133
133
514
514
514
514
240
600
430
508
508
508
432
434
592
592
438
480
480
480
480
634
634
634
634
634
226
305
305
499
499
499
547
547
547
575
575
575
420
307
564
261
242
452
452
452
604
604
604
543
543
543
534
534
534
440
546
546
546
238
238
238
238
433
168
137
137
137
137
264
545
545
545
313
628
628
628
628
628
628
567
567
456
456
456
586
586
586
586
586
292
292
428
139
139
139
139
298
269
269
327
527
527
527
513
513
513
513
236
385
385
385
385
385
418
516
516
516
574
574
574
544
544
544
318
318
281
314
170
450
450
450
669
134
134
134
134
252
267
267
569
569
536
536
536
322
451
451
451
635
635
494
494
494
598
617
617
617
617
617
617
617
617
481
481
481
263
263
455
455
455
308
380
380
380
380
380
380
380
380
380
380
472
472
472
601
601
533
533
533
533
299
609
609
419
302
448
448
448
306
306
630
630
630
630
630
630
626
626
626
626
626
626
449
449
449
473
473
473
382
382
382
382
382
382
382
431
578
578
578
603
603
629
629
629
629
629
629
257
257
548
548
548
489
489
489
232
599
509
509
509
607
607
436
570
570
255
612
324
324
417
417
417
417
417
295
295
610
610
577
577
577
580
580
580
551
551
551
671
227
271
271
271
160
321
661
661
490
490
490
623
623
623
623
623
524
524
524
590
590
590
477
477
477
476
476
476
231
244
320
571
571
239
504
504
504
364
325
268
268
157
157
157
157
157
157
535
535
535
166
241
248
262
254
532
532
532
532
237
237
426
523
523
523
258
581
581
581
552
552
552
319
319
317
317
427
597
597
597
611
611
565
589
589
589
235
235
538
538
538
538
282
660
660
660
660
454
454
454
437
512
512
512
636
636
636
381
381
381
381
381
381
381
537
537
537
613
423
582
632
632
632
632
632
651
651
651
9
190
13
115
19
11
3
12
5
151
6
16
156
100
17
152
153
14
188
155
10
215
154
334
8
150
615
415
7
149
187
194
333
195
15
18
4
416
374
182
556
556
556
556
556
143
144
145
145
145
145
146
