2
3
4
5
6
7
8
9
10
11
12
13
14
15
16
17
18
19
20
21
22
23
24
25
26
27
28
29
30
31
32
33
34
35
36
37
38
39
40
41
42
43
44
45
46
47
48
49
50
51
52
53
54
55
56
57
58
59
60
61
62
63
64
65
66
67
68
69
70
71
72
73
74
75
76
77
78
79
80
81
82
83
84
85
86
87
88
89
90
91
92
93
94
95
96
97
98
99
100
101
102
103
104
105
106
107
108
109
110
111
112
113
114
115
116
117
118
119
120
121
110
124
125
126
127
128
129
130
131
132
133
134
135
136
137
138
139
130
133
133
143
144
145
146
148
149
150
151
152
153
154
155
156
157
158
159
160
161
162
163
164
165
166
167
168
169
170
171
172
173
174
175
176
177
178
179
180
181
182
184
185
186
187
188
189
190
191
192
193
194
195
196
197
198
199
200
201
202
203
204
205
206
207
208
209
210
211
212
213
214
215
216
217
218
219
220
221
222
223
224
225
226
227
228
229
230
231
232
233
234
235
236
237
238
239
240
241
242
243
244
245
246
247
248
249
250
251
252
253
254
255
256
257
258
259
260
261
262
263
264
265
266
267
268
269
270
271
272
273
274
275
276
277
278
279
280
281
282
283
284
285
286
287
288
289
290
291
292
293
294
295
296
297
298
299
300
301
302
303
304
305
306
307
308
309
310
311
312
313
314
315
316
317
318
319
320
321
322
323
324
325
326
327
328
325
331
332
333
334
335
336
337
338
339
340
341
342
343
344
345
346
347
348
349
350
351
352
353
354
355
356
357
358
359
360
361
362
363
364
365
366
367
368
369
370
371
372
373
374
375
376
377
378
379
380
381
382
383
384
385
386
387
388
389
390
391
392
393
394
395
396
397
398
399
400
401
402
403
404
405
406
407
408
409
410
411
412
413
414
415
416
417
418
419
420
421
422
423
424
425
426
427
428
429
430
431
432
433
434
435
436
437
438
439
440
441
442
443
444
446
447
448
449
450
451
452
453
454
455
456
457
458
459
460
461
462
463
464
465
466
467
468
469
470
471
472
473
474
475
476
477
478
479
480
481
482
483
484
485
486
487
488
489
490
491
492
493
494
495
496
497
498
499
500
501
502
503
504
505
506
507
508
509
510
511
512
513
514
515
516
517
518
519
520
521
522
523
524
525
526
527
528
529
530
531
532
533
534
535
536
537
538
539
540
541
542
543
544
545
546
547
548
549
550
551
552
553
554
555
514
558
559
560
561
562
563
564
565
566
567
568
569
570
571
572
573
574
575
576
577
578
579
580
581
582
583
584
585
586
587
588
589
590
591
592
593
594
595
596
597
598
599
600
601
602
603
604
605
606
607
608
609
610
611
612
613
614
615
616
617
618
619
620
621
622
623
624
625
626
627
628
629
630
631
632
633
634
635
636
637
638
639
640
641
642
643
644
645
646
647
648
649
650
651
652
653
654
655
656
657
658
659
660
661
662
663
664
665
667
668
669
670
671
673
674
675
676
677
678
679
680
681
682
683
684
685
686
687
688
689
690
691
692
693
694
695
696
697
698
699
700
701
702
703
704
705
706
707
708
709
710
711
712
713
714
715
716
667
667
667
667
667
667
667
667
667
667
705
667
667
667
667
667
667
667
667
667
667
667
563
667
184
317
315
365
306
307
267
323
321
309
310
303
318
305
299
328
300
265
233
363
236
364
304
314
312
230
326
301
319
264
325
347
345
340
337
338
346
343
361
355
359
348
344
336
333
360
332
350
356
362
342
334
357
351
358
352
341
354
349
353
339
335
296
184
111
16
2
416
106
15
2
296
121
19
2
311
296
208
16
112
2
563
559
667
443
37
4
2
214
7
63
2
174
416
563
559
667
50
7
2
563
4
38
2
563
667
296
36
4
2
296
184
563
561
443
416
563
563
560
667
55
7
2
59
7
2
210
416
102
100
14
2
177
388
376
371
373
2
591
560
296
192
667
190
184
7
49
2
259
189
421
265
269
328
306
667
563
563
559
667
591
561
199
296
265
309
232
240
239
615
193
15
105
2
563
667
265
230
328
303
615
416
296
225
615
184
204
667
290
289
311
296
88
12
2
194
272
296
96
14
2
137
139
128
127
130
416
442
7
58
2
416
563
559
667
54
7
2
120
19
2
236
250
249
256
254
220
202
219
203
195
211
204
222
194
199
192
208
200
209
210
213
201
221
216
207
218
193
212
563
559
667
563
559
563
667
209
128
129
127
296
296
134
376
373
374
377
296
296
615
307
265
615
213
85
11
2
198
388
134
376
371
379
373
374
378
377
7
56
2
215
216
18
114
2
437
197
9
74
2
300
265
305
328
615
132
128
131
129
127
130
443
16
110
2
201
667
416
92
13
2
416
416
591
559
416
52
7
553
2
300
265
305
328
615
219
296
272
87
12
2
6
33
2
563
561
667
416
296
563
206
203
98
14
2
563
667
711
28
5
2
7
44
2
416
6
32
2
188
195
187
194
416
158
126
132
131
130
222
5
30
2
296
265
310
232
241
242
615
563
560
99
14
2
265
269
328
306
667
290
289
416
270
258
248
184
184
184
184
296
48
7
2
443
16
109
2
196
138
388
376
373
374
416
7
64
2
563
560
667
5
29
2
262
296
280
296
158
7
43
2
668
138
136
135
125
223
184
184
563
559
7
46
2
296
7
42
2
256
615
84
11
2
667
307
304
305
299
306
616
615
296
7
53
2
261
205
95
14
2
296
389
376
375
379
373
374
369
378
377
124
68
8
2
563
667
115
118
18
2
296
563
667
418
296
21
3
2
296
283
300
265
301
305
328
615
265
309
232
240
239
615
94
14
2
73
9
2
388
134
376
370
373
374
377
416
563
561
667
563
667
265
310
232
242
241
615
259
189
34
6
2
7
65
2
221
667
91
13
2
563
667
416
563
560
218
563
266
296
414
415
2
413
2
289
288
563
667
563
560
667
563
560
667
7
61
2
668
212
270
184
184
161
296
270
615
71
17
2
265
225
299
328
615
104
15
2
563
561
667
40
4
2
39
4
2
220
207
296
563
561
200
90
13
2
184
296
190
184
160
156
158
159
707
179
7
45
2
165
202
211
185
217
115
117
18
2
195
187
416
60
7
2
256
563
561
667
7
62
2
266
296
262
296
416
563
561
667
563
667
563
563
560
667
195
283
442
57
7
2
280
308
265
615
416
97
14
2
416
16
108
2
257
616
615
388
134
376
371
373
374
377
7
47
2
563
416
563
300
265
305
328
615
308
265
615
72
184
89
116
119
83
20
86
27
159
31
107
159
101
70
159
159
93
272
159
75
288
159
283
66
159
184
413
41
159
283
272
272
283
103
113
35
2
124
158
443
16
110
107
2
128
130
137
139
128
130
130
