1
2
2
2
6
7
8
8
8
8
8
8
8
15
16
7
18
18
18
18
18
18
18
18
18
18
18
18
18
18
18
18
18
18
18
18
18
18
18
18
18
18
18
18
18
18
18
18
18
18
18
18
18
18
18
18
58
18
60
18
62
18
64
18
66
18
68
68
18
71
71
71
18
75
18
77
18
79
79
79
79
79
79
79
79
79
79
79
18
91
34
93
95
96
96
96
96
101
7
102
102
102
102
102
102
102
102
102
102
102
102
102
102
116
102
118
102
120
102
122
102
124
102
126
126
102
129
129
102
132
102
134
102
136
136
139
140
141
142
143
144
145
146
147
147
147
147
152
77
75
5
5
50
50
50
50
50
50
112
112
112
44
44
44
43
43
43
45
45
45
47
47
47
137
110
110
110
89
89
89
89
38
38
38
38
107
107
107
57
57
57
57
57
57
113
113
113
42
42
42
81
119
92
92
13
13
130
108
108
108
87
87
37
37
37
37
56
56
56
56
56
56
39
39
39
39
39
82
128
151
151
36
36
36
36
46
46
46
88
88
127
84
41
41
41
83
51
51
51
51
74
11
11
54
54
54
54
35
35
35
35
55
55
55
55
114
114
114
34
34
34
34
34
34
34
52
52
52
123
49
49
49
49
49
49
49
138
109
109
109
12
94
111
111
111
73
100
100
85
10
10
86
48
48
48
104
104
104
90
90
90
90
105
105
105
106
106
106
40
40
40
53
53
53
53
53
53
28
23
24
25
22
26
26
139
139
139
143
143
143
