2
3
4
5
5
8
9
10
11
12
13
14
15
16
17
18
19
20
21
22
23
24
25
26
27
28
29
30
31
32
33
34
35
36
37
38
39
40
41
42
43
44
45
46
47
48
49
50
51
52
53
54
55
56
57
58
59
60
61
62
63
64
65
66
67
68
69
70
71
72
73
74
75
76
77
78
79
80
81
82
83
84
85
86
87
88
89
90
91
92
93
94
96
97
98
99
100
100
102
103
104
105
106
107
108
109
110
111
112
113
114
115
116
117
118
119
120
121
122
123
124
125
126
127
128
129
130
131
132
133
134
135
136
137
138
104
116
120
124
113
132
134
147
148
149
150
151
151
71
71
3
4
28
20
21
30
33
32
12
10
126
28
20
21
28
20
21
28
20
21
28
31
32
132
12
10
126
81
26
75
75
28
20
21
22
12
10
118
28
29
20
21
30
33
12
10
129
28
20
21
80
116
82
91
14
15
116
12
10
122
66
66
28
20
21
22
28
29
20
21
30
33
28
20
21
23
27
80
124
150
149
28
20
21
22
28
20
21
68
68
120
60
28
20
21
58
28
20
21
25
72
13
9
28
29
20
21
21
23
25
22
28
29
20
21
10
103
136
28
21
31
27
33
32
79
28
20
21
120
28
20
21
30
25
33
32
134
12
10
122
9
79
12
10
126
72
99
98
62
8
8
64
28
20
21
12
10
115
81
26
77
77
12
10
118
12
10
118
28
20
21
28
20
21
30
33
24
79
60
64
62
58
79
79
12
10
115
12
10
129
