1
2
2
2
2
2
2
2
2
2
2
2
2
2
2
2
2
2
2
2
2
2
2
2
2
2
2
2
29
29
31
32
10
34
11
36
36
36
14
40
15
42
2
44
44
44
44
44
44
44
44
50
53
51
55
52
57
2
59
59
21
37
49
48
48
48
48
52
52
52
15
15
15
15
12
12
13
13
13
13
13
8
8
51
51
23
14
14
14
14
58
5
9
9
17
21
20
41
41
43
43
25
25
28
54
54
54
6
6
6
18
18
33
33
27
27
27
50
19
10
10
10
10
31
31
31
56
26
22
22
22
60
7
7
7
7
35
35
3
3
45
62
