2
3
4
5
6
7
8
9
10
11
12
13
14
15
16
17
18
19
20
21
22
23
24
25
26
27
28
29
30
31
32
33
34
35
36
37
38
39
40
41
42
43
44
45
46
47
48
49
50
51
52
53
54
55
56
57
58
8
60
61
62
63
64
65
66
67
68
69
70
71
72
73
74
75
76
77
78
79
80
81
82
83
84
85
86
87
88
89
90
91
92
93
94
95
96
97
98
99
100
101
102
103
104
105
106
107
108
109
110
111
112
113
114
115
116
117
118
119
120
121
122
123
124
125
126
127
128
129
130
131
132
133
134
135
136
137
138
139
140
141
142
143
144
145
146
147
148
149
150
151
152
153
154
155
156
157
158
159
160
161
162
163
164
165
166
167
168
169
170
171
172
173
174
175
176
177
178
179
180
181
182
183
184
185
186
187
188
189
190
191
192
193
194
195
196
197
198
199
200
201
202
203
204
205
206
207
208
209
210
211
212
213
214
215
216
217
218
219
220
221
222
223
224
225
226
227
228
229
230
231
232
233
234
235
236
237
238
239
240
241
242
243
244
245
246
247
248
249
250
251
252
253
254
255
256
257
258
259
260
261
262
263
264
265
266
267
268
269
270
271
272
273
274
275
276
277
278
279
280
281
282
283
284
285
286
287
288
289
290
291
292
293
294
295
296
297
298
299
300
301
302
303
304
305
306
307
308
309
310
311
312
313
314
315
316
317
318
319
320
321
322
323
324
325
326
327
328
329
330
331
332
333
334
335
336
337
338
339
340
341
342
343
344
345
346
347
348
349
209
351
352
353
354
355
356
357
358
359
360
361
362
363
364
365
366
367
368
369
370
371
372
373
374
375
376
377
378
379
380
381
382
383
384
385
386
387
388
389
390
391
392
393
394
395
396
397
398
399
400
401
402
403
404
405
406
407
408
409
410
411
412
413
414
415
416
417
418
419
420
421
422
423
424
425
426
427
428
429
430
431
432
433
434
435
436
437
438
439
440
441
442
443
444
445
446
447
448
449
450
451
452
453
454
455
456
457
458
459
460
461
462
463
464
465
466
467
468
469
470
471
472
473
474
475
476
477
478
479
480
481
482
483
484
485
486
487
488
489
490
491
492
493
494
495
496
497
498
499
500
501
502
503
504
505
506
507
508
509
510
511
512
513
514
515
516
517
518
519
520
521
522
523
524
525
526
527
528
529
530
531
532
533
534
535
536
537
538
539
540
541
542
543
544
545
546
547
548
549
550
551
552
553
554
555
556
557
558
559
560
561
351
563
564
565
566
567
568
569
570
571
572
573
574
575
576
577
578
579
580
581
582
583
584
585
586
587
588
589
590
591
592
593
594
595
596
597
563
599
600
601
602
603
604
605
606
607
608
609
610
611
612
613
614
615
616
617
618
619
620
621
622
623
624
625
626
8
371
354
351
150
62
66
68
60
433
439
435
429
443
431
437
425
405
427
351
73
183
353
62
550
456
354
355
411
435
407
232
242
375
431
410
425
238
209
351
165
73
218
353
62
64
63
65
209
209
446
366
354
357
355
351
351
245
211
204
73
353
62
108
62
66
60
565
150
62
66
68
60
308
211
322
211
404
601
370
600
351
342
219
220
277
211
212
61
62
64
63
65
351
363
354
356
357
359
358
360
355
171
73
353
62
318
211
423
550
409
223
211
397
354
496
354
547
353
354
535
354
442
354
96
62
66
60
92
62
66
60
404
377
407
379
405
351
375
405
351
316
211
550
396
383
408
388
398
355
218
522
354
357
355
209
209
132
67
62
66
60
342
273
211
212
383
23
13
10
12
11
71
65
583
565
550
399
354
355
165
73
218
62
64
63
65
209
209
288
211
243
211
186
73
353
62
550
422
538
396
354
351
351
407
375
351
351
573
3
550
542
354
355
508
354
342
271
211
212
376
372
354
211
212
214
213
351
550
403
354
355
506
71
354
357
355
60
60
171
73
62
100
62
66
60
180
73
62
550
417
118
62
66
60
112
62
66
60
621
370
351
300
218
211
212
214
213
209
209
474
354
51
10
8
590
589
565
596
567
592
53
8
448
354
282
211
342
269
211
212
251
366
211
212
214
213
351
351
518
354
389
354
550
418
229
211
88
62
66
60
328
211
306
211
441
354
337
211
249
211
147
62
66
68
60
134
67
62
66
60
585
578
565
566
174
73
353
62
156
62
66
68
60
486
354
550
424
331
211
290
211
78
62
60
375
398
351
186
73
62
438
354
235
211
15
13
10
12
11
10
472
354
73
207
208
353
62
63
567
73
207
208
353
62
63
12
396
532
354
504
354
550
415
48
28
10
312
211
26
12
84
62
66
60
10
12
11
73
177
353
62
430
354
366
357
407
465
375
351
10
153
62
66
68
60
342
257
211
212
74
62
66
28
29
35
10
90
62
66
60
550
460
354
355
375
351
444
366
354
357
355
351
351
218
296
211
212
214
213
209
209
407
375
413
351
550
419
407
375
413
351
407
375
351
354
356
357
359
358
360
355
393
354
520
218
354
357
355
209
209
144
62
66
60
550
382
354
355
547
354
391
354
550
406
354
355
550
468
354
355
221
211
46
10
426
354
28
43
10
500
354
383
408
459
407
375
461
351
378
354
130
62
66
60
218
540
354
357
355
209
209
369
354
73
189
62
302
218
211
212
214
213
209
209
3
563
550
416
218
304
211
212
214
213
209
209
407
375
351
414
561
375
437
463
559
351
516
354
549
354
120
62
66
60
384
354
162
73
62
590
589
565
596
567
407
375
413
351
342
259
211
212
153
62
66
68
60
73
183
62
550
454
354
355
280
211
337
211
591
566
567
326
211
49
10
432
354
528
218
354
357
355
209
209
73
198
62
122
62
66
60
168
73
353
62
339
211
104
62
66
60
218
214
80
62
66
60
324
211
98
62
66
60
331
211
347
82
62
66
60
126
62
66
60
220
480
354
29
342
263
211
212
536
354
510
354
342
265
211
212
573
3
587
578
565
566
512
354
478
354
395
354
174
73
62
233
211
28
39
10
394
375
351
550
452
354
355
490
354
471
396
469
388
600
434
354
502
354
142
67
62
66
60
412
218
354
357
355
209
347
209
218
526
354
357
355
209
209
57
76
211
62
60
209
550
420
342
277
211
212
428
354
26
584
565
566
567
2
2
471
407
469
531
375
351
310
211
511
517
509
515
407
507
513
351
32
28
37
366
52
10
12
11
351
351
73
201
353
62
351
73
177
62
26
586
565
566
567
156
62
66
68
60
159
62
66
68
60
102
62
66
60
550
458
354
355
28
40
284
211
342
261
211
212
436
354
342
275
211
212
488
354
73
201
62
550
466
354
355
192
73
353
62
180
73
353
62
192
73
62
550
396
470
354
355
110
62
66
60
484
354
71
341
211
212
214
213
60
60
596
230
346
211
354
351
351
342
255
211
212
582
565
314
211
298
218
211
212
214
213
209
209
86
62
66
60
588
578
565
566
159
62
66
68
60
73
195
62
530
218
354
357
355
209
209
511
455
429
497
457
431
220
503
525
523
501
407
375
499
513
351
239
211
162
73
62
550
401
354
355
116
62
66
60
73
195
353
62
374
354
94
62
66
60
53
8
231
211
357
359
358
28
33
10
361
551
124
62
66
60
128
62
66
60
13
17
10
12
57
11
53
550
462
354
355
21
13
10
12
11
247
211
204
73
62
334
211
550
421
73
189
353
62
514
354
372
380
354
73
198
353
62
218
524
354
357
355
209
209
168
73
62
550
406
354
355
407
545
375
351
138
67
62
66
60
445
408
351
114
62
66
60
544
354
65
286
211
237
211
375
351
351
601
600
590
589
565
596
567
592
482
354
214
253
211
492
354
28
30
10
147
62
66
68
60
498
354
225
211
422
420
409
421
423
550
415
396
419
417
383
388
418
416
424
354
355
227
211
565
241
211
140
67
62
66
60
571
407
572
408
375
36
563
351
2
136
67
62
66
60
342
267
211
212
550
464
354
355
476
354
494
354
412
218
354
357
355
209
209
320
211
106
62
66
60
294
218
211
212
214
213
209
209
550
387
354
355
550
450
354
355
351
351
351
351
563
551
551
