1
2
2
2
2
2
2
2
2
2
2
2
2
2
2
2
2
16
16
16
16
16
16
16
16
16
28
16
30
31
31
31
31
31
31
31
31
31
31
31
31
31
31
31
31
31
31
31
31
31
31
31
31
31
31
31
31
31
31
31
31
31
31
31
31
31
31
31
31
31
31
31
31
31
31
31
31
31
31
31
31
31
31
31
31
31
31
31
31
31
31
31
31
31
31
31
31
31
31
31
31
31
31
31
31
31
31
31
31
31
31
31
31
31
31
31
31
31
31
31
31
31
31
31
31
31
31
31
31
31
31
31
31
31
31
31
31
31
31
31
31
31
31
31
31
31
31
31
31
31
31
31
31
31
31
31
31
31
31
31
31
31
31
31
31
31
31
31
31
31
31
31
31
31
31
31
31
31
31
31
31
31
31
31
31
31
31
31
31
31
31
31
31
31
31
31
31
31
31
31
31
31
31
31
31
31
31
31
31
31
31
31
31
31
31
31
31
31
31
31
31
31
31
31
31
31
31
31
31
31
31
31
31
34
237
39
59
60
185
185
180
186
186
187
188
189
190
180
196
185
196
1
254
254
254
254
254
254
254
254
254
254
254
254
254
254
254
254
254
254
254
254
254
254
254
254
254
254
254
254
30
283
283
283
283
283
283
283
283
283
283
283
283
283
283
283
283
283
283
283
283
283
283
283
283
283
283
283
283
283
283
283
283
283
283
283
283
283
283
283
283
283
283
283
283
283
283
283
283
283
283
283
283
283
283
283
283
283
340
283
342
283
344
283
346
283
348
283
350
283
352
283
354
283
356
283
358
283
360
283
362
283
364
283
366
283
368
283
370
283
372
283
374
283
376
283
378
283
380
283
382
283
384
283
386
283
388
283
390
283
392
283
394
283
396
283
398
283
400
283
402
283
404
283
406
283
408
283
410
283
412
412
412
412
283
417
283
419
283
421
283
423
283
425
283
427
283
429
283
431
283
433
283
435
283
437
283
439
283
441
283
443
283
445
283
447
283
449
283
451
283
453
283
455
283
457
283
459
283
461
283
463
283
465
283
467
283
469
30
471
471
471
471
471
471
471
471
471
471
471
471
471
471
471
471
471
471
471
471
471
471
471
471
471
471
471
471
471
471
501
471
503
471
505
507
30
508
508
508
508
508
508
508
508
508
508
508
508
508
508
508
508
508
508
508
508
508
508
508
508
508
508
508
508
508
508
508
508
508
541
508
543
508
545
508
547
508
549
551
485
554
112
112
112
292
292
292
292
292
292
47
47
305
305
299
165
165
143
143
75
75
87
87
179
179
179
147
147
199
199
125
125
41
41
62
62
46
46
54
54
319
319
319
319
319
319
319
500
500
500
500
206
206
322
229
229
74
74
177
177
127
127
133
133
227
227
173
173
189
312
131
131
221
221
126
126
159
159
51
51
187
187
111
111
142
142
86
86
197
197
197
313
163
132
132
295
295
329
336
117
145
145
164
164
99
99
139
139
310
310
204
204
208
208
300
300
300
300
153
153
174
174
91
91
167
167
45
298
190
55
55
55
166
166
123
60
92
92
92
327
135
135
321
52
52
52
136
499
306
306
222
222
119
119
149
149
212
212
534
534
540
303
532
532
330
330
330
330
330
330
330
330
188
172
172
487
487
200
200
200
36
182
182
308
308
231
231
82
104
104
64
64
485
485
485
485
485
485
485
485
485
485
485
485
485
485
485
485
485
485
485
485
485
485
485
485
485
148
148
223
223
98
98
113
113
113
53
53
219
219
58
58
220
220
156
226
226
318
318
103
103
72
72
230
230
215
215
214
214
228
228
122
73
73
491
491
144
144
144
235
489
528
528
93
93
93
539
527
527
328
328
71
71
102
102
67
67
150
150
492
492
83
83
140
140
154
154
158
183
183
304
116
116
218
218
202
202
202
293
138
138
191
191
34
97
97
65
65
43
529
529
141
141
157
186
186
186
224
224
488
488
176
176
234
311
211
211
128
128
151
151
129
129
100
297
205
205
66
66
114
114
114
134
134
69
69
118
531
531
301
210
210
61
61
44
59
59
90
184
184
184
526
526
526
526
526
526
526
526
526
526
526
526
526
526
526
526
526
526
526
526
526
526
526
526
526
526
526
526
526
526
526
526
526
526
526
526
526
526
526
526
526
526
526
526
57
57
57
85
85
81
81
95
95
333
109
109
316
106
106
296
317
317
317
317
317
317
317
76
76
192
192
294
178
178
533
78
78
107
115
115
115
225
225
332
332
332
332
332
70
70
194
194
217
217
530
530
334
334
490
490
490
490
490
105
105
213
213
233
160
160
121
121
77
146
146
96
96
96
16
16
16
16
16
16
16
16
16
16
16
16
16
16
16
493
493
169
169
335
68
68
88
88
291
291
291
291
291
291
291
101
101
137
137
195
195
195
181
181
181
161
161
180
180
180
120
120
325
325
325
325
152
152
80
80
201
201
535
535
203
203
323
110
110
536
536
497
497
155
155
232
79
79
94
94
94
89
50
198
198
48
48
168
168
207
207
216
216
209
209
171
171
302
302
302
175
175
185
185
185
130
130
196
196
196
307
307
108
108
170
170
42
63
63
124
124
320
320
162
162
49
56
56
56
331
331
331
84
84
193
193
242
245
250
20
20
20
553
553
553
21
21
22
22
22
23
23
23
24
24
24
24
25
25
25
25
26
26
26
26
27
27
27
27
27
27
27
27
27
27
27
29
29
29
29
29
29
29
29
29
29
29
253
