2
3
4
5
6
7
8
9
10
11
12
13
14
15
16
17
18
19
20
21
22
23
24
25
26
27
28
29
30
31
32
33
34
35
36
37
38
39
40
41
42
43
44
45
46
47
48
49
50
51
52
53
54
55
56
57
58
59
60
61
62
63
64
65
66
67
68
69
70
71
72
73
74
75
76
77
78
79
80
81
82
83
84
85
86
87
88
89
90
91
92
93
94
95
96
97
98
99
100
101
102
103
104
105
106
107
108
109
110
111
112
113
114
115
116
117
118
119
120
121
122
123
124
125
126
127
128
129
130
131
132
133
134
135
136
137
138
139
140
141
142
143
144
145
8
147
148
149
150
151
152
153
154
155
156
157
158
159
160
161
162
163
164
165
166
167
168
169
170
171
172
173
174
175
176
177
178
179
180
181
182
183
184
185
186
187
188
189
190
191
192
193
194
195
196
197
198
199
200
201
202
203
204
205
206
207
208
209
210
156
212
213
214
215
216
217
218
219
220
221
222
223
224
225
226
227
228
229
215
231
232
233
234
235
236
237
238
239
240
241
242
243
244
245
246
247
248
249
250
251
252
253
254
255
256
257
258
259
260
261
262
263
264
265
266
267
268
269
270
271
272
273
274
275
276
277
278
279
280
281
282
283
284
285
286
287
288
289
290
291
292
293
294
295
296
297
298
299
300
301
302
303
304
305
306
307
308
309
310
311
312
313
314
315
316
317
318
319
320
321
322
323
324
325
326
327
328
329
330
331
332
333
334
335
336
337
338
339
340
341
342
343
344
345
346
347
348
349
350
351
352
353
354
355
356
357
358
359
360
361
362
363
364
365
366
367
368
369
370
371
372
373
374
375
376
377
378
379
380
381
382
383
384
385
386
387
388
389
390
391
392
393
394
395
396
397
398
399
400
401
402
403
404
405
406
407
408
409
410
411
412
413
414
415
416
417
418
419
420
421
422
423
424
425
426
427
428
429
430
431
432
433
434
435
436
437
438
439
440
441
442
443
444
445
446
447
448
449
450
451
452
453
454
455
456
457
458
459
460
461
462
463
464
465
466
467
468
469
470
471
472
473
474
475
476
477
478
479
480
481
354
483
484
485
486
487
488
489
490
491
492
493
494
495
496
497
498
499
500
501
502
503
504
505
506
507
508
509
510
511
512
513
514
515
516
517
518
519
520
521
522
523
524
525
526
527
528
529
530
531
532
533
534
535
536
537
538
539
540
541
542
543
544
545
546
547
548
549
550
551
552
553
554
555
556
557
558
524
560
561
562
563
564
565
566
567
568
569
570
571
572
573
574
575
576
577
564
560
560
231
560
231
78
248
79
237
246
238
236
235
7
55
291
561
231
231
183
512
352
353
354
350
183
512
352
353
354
350
183
512
352
353
354
350
156
352
353
354
357
351
355
306
533
292
297
291
231
196
147
492
486
494
145
144
312
235
243
4
7
512
494
492
486
487
494
483
561
573
493
495
183
512
352
353
354
350
312
500
488
512
352
350
231
183
512
352
353
354
350
310
524
156
352
353
354
357
351
355
483
197
193
190
515
165
154
152
147
183
512
352
353
354
350
350
277
266
231
312
493
266
183
512
352
353
354
350
242
94
238
235
7
80
282
312
561
344
348
313
231
259
512
352
350
250
240
238
235
251
7
302
303
215
577
561
253
5
194
177
515
154
152
494
147
512
494
512
352
350
353
350
231
494
78
237
12
236
235
5
7
55
193
154
350
183
512
352
353
354
350
239
252
250
240
235
251
7
231
547
303
305
215
183
512
352
353
354
350
93
345
313
131
512
352
353
299
495
494
183
512
352
353
354
350
183
512
352
353
354
350
183
512
352
353
354
350
492
493
495
494
290
239
240
235
7
249
7
524
311
156
352
353
354
351
356
483
512
352
350
105
235
7
96
183
512
352
353
354
350
512
494
533
517
575
294
297
231
350
573
308
493
495
512
352
353
262
263
521
352
357
351
512
185
352
353
354
351
512
352
350
356
533
297
293
235
132
7
120
515
158
154
152
147
183
512
352
353
354
350
231
547
549
548
545
546
483
512
494
300
215
353
312
214
546
183
512
352
353
354
350
183
512
352
353
354
350
183
353
354
350
350
302
300
6
5
8
7
3
183
512
352
353
354
350
512
489
494
238
4
7
153
154
152
483
232
279
272
267
231
312
183
512
352
353
354
350
250
7
561
242
245
250
238
118
235
244
251
7
107
282
533
233
154
152
291
147
231
494
512
352
353
360
494
304
303
215
533
297
231
231
196
147
512
352
350
183
512
352
353
354
350
312
231
234
233
303
5
8
312
542
75
158
154
512
494
277
287
282
231
131
154
147
350
183
512
352
353
354
350
494
254
233
6
5
183
353
354
350
350
93
267
573
308
493
495
75
76
193
190
192
154
147
215
214
213
493
494
549
493
183
512
352
353
354
350
252
250
238
118
235
251
249
7
107
512
352
353
350
183
512
352
353
354
350
240
238
7
252
7
493
350
350
304
300
238
303
215
231
297
483
512
352
350
494
158
154
254
233
6
5
310
524
352
353
354
357
351
355
512
352
350
14
51
183
353
354
350
190
233
191
154
152
494
147
231
153
353
350
231
312
231
306
307
533
515
308
297
291
231
196
147
183
512
352
353
354
350
183
512
352
353
354
350
533
297
285
343
278
267
281
312
312
259
512
185
352
353
354
512
494
512
527
352
355
356
190
191
183
512
352
353
354
350
154
105
237
241
238
236
235
5
7
96
305
215
524
311
156
352
353
354
357
351
356
483
312
183
512
352
353
354
350
512
185
352
353
354
183
512
352
353
354
350
533
297
291
78
247
79
237
238
236
235
249
7
55
153
237
512
352
350
237
238
236
235
244
132
5
7
120
183
512
352
353
354
350
104
280
267
312
312
193
154
306
307
533
515
308
292
297
291
183
512
352
353
354
350
346
313
312
240
238
235
7
183
512
352
353
354
350
104
78
248
238
235
7
55
487
483
6
512
352
353
350
350
304
215
350
183
512
352
353
354
350
512
352
353
360
494
183
512
352
353
354
350
545
483
577
561
255
7
512
352
353
183
512
352
353
354
350
350
350
183
512
352
353
354
350
512
352
350
183
353
354
350
183
353
354
350
302
311
252
303
305
235
244
215
231
183
512
352
353
354
350
242
7
154
231
500
573
512
524
517
352
360
355
494
483
512
352
350
231
183
353
354
350
76
183
512
352
353
354
350
183
512
352
353
354
350
231
306
533
292
297
291
231
196
147
184
160
163
3
147
512
494
301
233
512
308
495
231
512
185
352
353
354
351
197
233
238
118
235
244
6
7
107
533
297
296
147
196
147
512
352
350
506
193
154
500
512
494
241
94
238
235
7
80
573
308
575
295
297
147
147
313
512
352
350
245
235
4
7
183
512
352
353
354
350
346
313
312
231
193
154
158
154
193
190
515
192
154
152
147
231
312
183
353
354
350
237
236
235
5
7
51
260
154
152
147
259
183
512
352
353
354
350
183
353
354
350
154
577
561
311
255
7
8
190
233
191
154
152
494
147
231
277
282
231
312
183
512
352
353
354
350
512
185
352
353
354
351
231
231
245
238
118
235
244
7
107
544
544
494
312
548
231
512
352
353
351
349
313
347
313
495
290
231
301
233
215
231
313
512
352
350
154
512
352
350
512
352
350
171
147
117
183
353
354
350
193
190
515
192
191
154
152
147
239
4
7
158
154
231
231
231
512
352
353
360
494
312
350
350
231
512
352
353
360
494
183
512
352
353
354
350
312
524
311
156
352
353
354
351
356
231
512
352
350
494
483
512
352
350
183
512
352
353
354
350
304
302
252
303
235
244
215
231
277
276
266
231
512
352
350
512
352
350
512
494
193
188
166
169
248
7
183
512
352
353
354
350
187
188
189
151
154
150
262
263
147
261
312
512
352
353
195
186
154
512
489
494
547
549
548
545
546
302
303
215
173
154
147
353
350
242
94
238
235
243
7
80
154
117
193
190
192
154
147
190
192
154
512
352
350
233
300
215
231
231
492
485
239
235
4
7
512
185
352
353
354
351
183
512
352
353
354
350
231
483
147
483
290
557
557
261
231
261
290
231
290
483
312
231
147
147
483
