2
3
4
5
6
7
8
9
10
11
12
13
14
15
16
17
18
19
20
21
22
23
24
25
26
27
28
29
30
31
32
33
34
35
36
37
38
39
40
41
42
43
44
45
46
47
49
50
51
52
53
54
55
56
57
58
59
60
61
62
63
64
65
66
67
68
69
70
71
72
73
75
76
77
78
79
80
81
82
83
84
85
86
87
88
89
90
91
92
93
94
95
96
97
98
99
100
101
102
103
104
105
106
107
108
109
110
111
112
113
114
115
116
117
118
119
120
121
122
123
124
125
126
127
128
129
130
131
132
133
134
135
136
137
138
139
140
141
142
143
144
145
146
147
148
149
150
151
152
153
154
155
156
157
158
160
162
163
164
165
166
167
168
169
170
171
172
173
174
175
176
177
171
179
180
181
182
183
184
185
186
187
188
189
190
191
192
193
194
195
196
197
198
199
200
194
202
203
204
205
206
207
208
209
210
211
213
214
215
216
217
213
215
220
221
216
223
225
226
227
228
229
230
231
232
233
234
235
236
237
238
239
240
241
242
243
235
236
246
247
248
249
250
251
252
253
254
255
256
257
258
259
260
261
262
263
264
265
266
267
268
269
270
271
272
273
274
275
276
277
278
279
280
281
282
283
284
285
286
287
288
289
290
291
292
293
294
295
296
297
298
299
300
301
302
303
304
305
253
309
310
311
312
313
314
315
316
317
318
319
320
321
322
323
324
325
326
327
328
329
330
331
332
333
334
335
336
337
338
339
340
341
342
343
344
345
346
347
348
349
350
351
352
353
354
355
356
357
358
359
360
361
362
363
364
365
366
367
368
369
370
371
372
373
374
375
376
377
378
379
380
381
382
383
384
385
386
387
388
389
390
391
392
393
394
395
396
397
398
399
400
401
402
403
404
405
406
407
408
409
410
411
412
413
414
415
416
417
418
419
420
421
422
423
424
425
426
427
428
429
430
431
432
433
434
435
436
437
438
439
440
441
442
443
444
445
446
447
448
449
450
451
452
453
454
455
456
457
458
459
460
461
462
463
464
465
466
467
468
469
470
471
472
473
474
475
476
477
478
479
480
481
482
483
484
485
486
487
488
489
490
491
492
493
494
495
496
497
498
499
500
501
502
503
504
505
506
507
508
509
510
511
512
513
514
515
516
517
518
519
520
521
522
523
524
525
526
527
528
529
530
531
532
533
534
535
536
537
538
539
540
541
542
543
544
545
546
547
548
549
550
551
552
553
554
555
556
557
558
559
560
561
562
563
564
565
566
567
568
569
570
571
572
573
574
575
576
577
578
579
580
581
582
583
584
585
586
587
588
589
590
591
592
593
594
595
596
597
598
599
600
601
602
603
604
605
606
252
224
267
267
252
407
367
465
404
364
363
348
407
463
367
468
400
214
252
217
252
361
287
287
429
371
367
300
300
295
262
382
367
173
177
367
377
395
393
394
367
309
369
367
309
429
354
407
369
367
453
606
182
180
287
26
312
350
429
429
367
404
604
396
393
394
398
312
333
360
355
359
335
334
311
338
309
309
429
333
358
309
267
429
172
479
476
478
472
396
367
182
181
604
54
53
429
367
403
184
185
180
53
309
309
456
429
429
407
367
453
367
385
52
382
367
509
407
367
434
509
429
374
367
165
469
309
411
476
54
53
184
180
371
367
429
419
407
369
367
453
509
367
385
497
490
429
86
509
605
337
408
92
256
429
423
349
351
389
367
424
407
395
393
394
367
451
88
236
233
217
454
429
362
429
408
382
367
147
407
405
367
466
407
439
367
468
380
146
509
234
235
236
287
277
367
391
53
356
429
407
367
466
394
367
352
424
148
489
496
407
367
465
404
341
339
429
498
491
374
367
54
53
313
312
407
367
453
407
438
367
468
379
407
405
367
466
367
377
265
264
263
262
154
253
153
150
152
151
157
252
159
359
367
404
53
407
463
367
468
400
407
367
434
509
254
489
496
407
374
367
434
509
309
497
490
605
257
395
367
509
309
165
166
164
167
429
54
53
367
381
234
235
236
287
277
334
312
332
374
367
509
309
480
479
478
162
367
391
54
53
429
605
309
146
393
367
359
261
262
296
299
77
76
253
79
78
217
88
252
84
82
86
292
86
429
181
180
287
84
185
407
367
465
404
407
367
465
180
84
407
405
367
466
430
429
283
429
256
255
257
294
476
473
478
367
391
338
411
411
474
476
478
429
353
366
371
367
255
604
294
292
292
433
34
467
437
36
468
465
35
442
450
434
457
407
397
435
438
464
41
441
459
458
461
440
436
33
446
32
38
439
462
37
460
463
452
443
453
31
449
466
27
8
21
5
17
14
15
19
12
29
4
3
28
16
11
22
9
6
10
13
7
30
20
18
429
309
411
53
367
391
367
379
606
181
180
300
365
367
377
181
180
287
82
146
235
234
232
258
367
380
374
389
367
382
381
376
385
403
320
317
324
309
300
347
292
355
407
369
367
453
360
429
367
400
407
440
367
468
381
407
367
434
509
181
287
420
411
394
367
367
403
429
287
389
367
336
475
476
478
393
367
148
303
292
300
406
367
338
411
168
509
388
367
405
367
369
367
429
184
180
357
147
407
369
367
453
429
54
53
429
429
423
342
86
395
367
367
377
411
367
380
429
509
287
170
163
164
332
309
309
469
407
440
367
468
381
606
234
235
236
287
277
344
429
454
429
147
185
480
407
367
466
236
233
217
367
399
92
309
367
379
214
346
367
379
429
407
405
367
466
280
278
279
281
282
407
367
465
404
429
420
411
407
440
367
468
381
367
379
238
236
233
217
340
184
180
407
367
465
407
467
367
406
52
338
429
300
309
367
391
406
367
498
491
429
148
293
345
405
367
148
429
277
374
389
367
382
385
320
317
324
309
343
509
408
213
213
411
162
423
423
411
411
309
423
423
408
419
411
419
252
213
86
180
84
236
233
217
236
233
217
234
235
236
287
277
234
235
236
287
277
234
235
236
287
277
433
440
446
450
439
438
462
464
463
452
443
458
461
449
27
8
10
13
17
7
14
15
12
28
18
16
11
9
467
30
263
262
253
151
252
159
214
86
88
86
82
180
84
236
233
217
253
78
252
