1
2
2
2
2
2
2
2
2
2
2
2
2
15
16
16
16
16
16
16
16
16
16
16
16
16
16
16
16
24
33
34
34
34
34
34
34
34
34
43
44
44
47
48
48
48
48
48
48
48
33
56
56
56
56
56
56
63
64
64
64
64
64
64
64
64
64
64
64
64
64
64
64
64
64
64
64
64
64
64
64
64
64
64
64
64
64
64
64
64
64
64
64
64
64
64
64
64
64
64
64
64
64
64
64
64
87
114
115
115
115
115
115
115
115
123
124
124
124
124
124
124
124
124
133
134
135
47
137
137
137
137
137
143
144
144
147
148
148
148
152
153
153
153
153
153
153
153
153
153
153
153
153
153
153
153
153
153
153
153
153
153
153
153
153
153
153
153
153
153
153
153
153
153
153
153
153
153
153
153
153
153
153
153
153
153
153
153
153
153
153
153
153
153
153
153
153
153
153
153
153
153
153
153
153
153
153
153
153
153
153
153
153
153
153
153
153
153
153
153
153
153
153
153
153
153
153
153
153
153
153
153
153
153
153
153
153
153
153
153
153
153
153
153
153
153
153
153
153
153
153
153
153
153
153
153
153
153
153
153
153
153
153
153
153
153
153
153
153
153
153
153
153
153
153
153
153
153
153
153
153
153
153
153
153
153
153
153
153
153
153
153
153
153
153
153
153
153
153
153
153
153
153
153
153
153
153
153
153
153
153
153
221
326
327
329
330
331
1
333
333
333
333
333
333
333
333
333
333
333
33
345
345
345
345
345
345
345
345
345
345
345
345
345
345
345
351
361
351
363
354
365
354
367
354
369
354
371
373
374
374
377
378
378
378
378
378
378
378
378
47
387
387
387
387
387
387
387
387
387
387
387
387
387
387
387
387
387
387
387
387
387
387
387
387
387
413
414
414
417
418
418
418
418
418
418
418
418
418
418
418
418
418
418
418
418
418
436
437
437
440
441
441
441
441
441
441
441
441
450
451
451
451
451
451
451
451
451
451
451
451
462
453
464
455
466
461
468
461
470
472
473
473
473
473
473
473
473
473
473
473
473
473
473
473
473
473
473
485
492
493
494
494
494
494
494
494
494
494
494
494
494
494
494
494
494
494
494
494
494
494
494
494
494
517
517
517
517
517
517
517
517
517
517
517
517
501
501
501
501
534
535
535
535
535
540
541
541
541
541
541
541
541
541
541
541
541
541
541
541
541
541
541
541
541
541
541
541
541
541
541
541
541
559
569
568
571
566
566
1
575
575
578
579
1
581
581
581
581
584
586
585
588
114
590
590
590
590
590
590
597
598
598
1
601
601
601
601
601
601
601
601
601
601
601
601
601
601
601
601
601
601
601
601
601
601
601
601
601
601
601
601
601
601
601
601
601
601
601
601
601
601
601
601
601
642
642
642
642
642
642
642
642
642
642
642
654
655
655
655
655
655
1
661
663
664
664
664
664
664
664
664
664
664
664
664
664
664
664
664
664
664
664
664
664
664
664
664
664
664
664
664
664
664
664
664
664
664
664
664
664
664
664
664
664
664
664
664
664
664
710
33
711
711
714
715
1
717
717
717
717
717
377
723
723
726
727
729
730
730
730
730
730
730
730
730
730
730
730
730
730
730
730
730
730
730
730
730
730
730
730
730
730
730
730
730
730
758
761
762
762
762
762
762
762
762
762
762
762
762
773
770
775
762
777
436
779
779
779
779
779
779
779
779
779
779
785
790
779
792
792
792
792
797
798
798
798
798
798
798
798
798
798
798
798
798
798
798
798
798
798
798
798
798
798
798
798
798
798
798
798
798
798
798
798
798
798
798
798
798
798
798
798
798
798
798
798
798
798
798
798
798
798
798
798
798
798
798
852
852
852
852
857
858
858
861
862
863
863
863
863
863
863
863
863
871
1
873
873
876
877
878
880
881
881
881
881
881
881
881
881
881
881
881
881
881
881
881
881
881
881
881
881
903
904
904
904
904
904
904
904
904
904
904
904
904
904
904
904
904
904
904
920
923
377
925
925
925
925
926
930
930
927
933
933
936
937
937
940
941
941
941
941
941
941
941
941
941
941
941
941
941
941
941
941
941
941
941
941
941
941
941
941
941
941
956
632
632
632
958
871
871
871
871
959
85
85
85
85
85
85
85
86
86
86
86
86
86
86
86
86
86
86
86
310
175
175
175
617
195
195
195
195
195
758
758
758
758
758
758
758
758
788
830
488
318
318
318
318
358
754
283
506
87
87
87
87
87
808
808
808
344
344
756
807
524
594
409
897
897
897
897
897
897
146
900
900
900
900
240
221
221
324
324
91
91
503
503
503
107
698
432
966
268
190
235
235
235
235
235
235
235
235
235
235
235
235
823
789
789
335
297
287
838
838
459
458
745
745
888
888
92
92
92
92
92
92
824
236
236
562
870
870
870
101
101
836
836
269
269
269
269
269
269
269
269
269
269
269
269
298
112
273
273
273
273
567
567
567
688
423
203
203
490
490
818
279
279
279
279
172
172
633
768
768
427
109
525
242
382
199
660
660
660
660
62
95
95
181
317
317
317
106
408
408
408
408
410
410
410
93
99
99
39
500
500
284
336
336
336
869
869
55
55
55
55
55
504
504
504
681
11
11
102
102
809
359
713
805
805
805
105
252
252
252
253
507
507
507
662
662
254
254
202
538
538
538
244
244
399
556
653
954
954
954
150
624
848
901
901
901
901
625
625
625
489
255
558
558
558
747
747
316
316
555
555
555
555
555
555
555
555
555
555
555
794
794
794
151
311
709
835
835
239
239
239
239
529
529
527
631
893
893
893
893
121
121
121
121
97
97
141
141
962
513
380
478
461
53
53
53
53
508
384
434
434
434
515
687
690
953
953
953
953
953
953
953
357
557
557
557
960
783
651
651
194
765
223
223
223
618
282
887
887
887
887
887
887
829
395
108
219
219
219
259
259
259
512
26
614
191
191
191
191
623
288
289
218
218
218
218
233
233
233
233
233
83
83
431
685
54
54
54
54
652
652
652
204
204
600
867
867
867
837
837
827
827
879
149
232
232
232
232
232
232
232
232
232
232
232
232
850
281
81
81
81
81
258
258
258
258
258
258
258
258
258
274
274
274
274
274
455
383
753
407
407
407
192
749
340
340
341
355
238
439
217
217
280
689
88
88
88
88
88
88
88
88
88
267
483
483
746
746
746
746
746
746
746
746
746
746
746
128
128
215
816
820
140
559
285
629
480
480
480
265
265
265
891
891
891
891
595
595
460
812
127
127
127
46
323
323
323
755
104
104
430
847
847
231
845
845
894
894
894
813
565
565
405
516
566
566
566
566
566
566
593
356
296
296
296
684
126
126
757
403
403
403
411
411
411
411
368
334
743
743
301
263
245
245
245
245
245
245
245
245
245
245
319
319
319
956
956
956
956
322
226
211
211
961
963
23
321
889
748
89
89
89
89
89
89
89
886
886
886
886
744
744
744
744
30
209
784
784
291
426
103
103
84
84
290
412
412
412
412
90
90
90
90
90
90
90
90
90
90
90
90
90
197
37
764
25
25
25
25
868
868
82
98
98
201
201
201
201
201
596
596
596
683
795
795
243
769
769
769
769
769
100
100
277
899
899
899
899
193
193
193
193
193
193
193
193
193
193
193
248
248
248
248
248
212
859
750
214
214
214
425
522
80
80
352
222
220
220
220
220
220
220
264
264
264
264
264
264
264
364
428
521
521
205
205
205
564
564
564
564
435
701
448
448
176
176
176
176
176
176
176
176
176
176
176
179
964
561
303
257
257
261
314
173
173
173
453
691
481
481
481
610
120
120
120
120
447
397
397
570
570
570
892
892
892
892
892
477
122
122
122
122
122
339
339
339
339
501
501
501
302
35
639
228
29
29
375
22
237
237
237
237
237
237
237
237
237
237
237
237
241
241
241
241
241
241
247
400
400
572
14
24
24
24
398
398
398
682
815
822
207
207
305
806
806
806
401
401
13
781
781
781
781
486
28
213
213
213
955
955
955
955
955
955
955
955
955
955
955
250
111
402
402
402
446
804
804
520
520
967
834
834
921
189
178
275
275
338
338
338
338
511
896
896
896
896
31
31
484
484
260
379
394
394
394
394
320
320
759
304
752
752
752
752
208
208
938
828
271
271
271
271
767
262
262
262
262
262
262
262
262
262
262
262
262
262
27
634
433
866
866
866
206
206
206
206
528
421
421
96
96
61
485
485
210
210
457
251
890
890
227
965
246
246
246
299
230
526
621
142
142
142
256
429
751
796
796
796
110
554
898
249
249
94
234
234
234
234
234
234
234
234
234
234
234
686
523
560
814
445
445
856
856
315
626
821
831
831
174
174
174
186
393
393
393
393
381
628
628
628
9
278
482
482
638
386
817
874
177
177
177
177
177
770
770
392
392
392
125
125
125
125
8
8
819
505
620
313
313
313
313
313
216
514
552
582
69
66
452
803
67
883
883
738
68
65
884
884
58
154
390
389
573
574
113
113
872
872
760
760
760
968
968
32
32
