2
3
4
5
6
7
8
9
10
11
12
13
14
16
17
18
19
20
21
22
23
24
25
26
27
28
29
30
31
32
34
35
36
37
38
39
40
41
42
44
45
46
48
49
50
51
52
53
54
55
56
57
58
59
60
61
62
64
65
66
67
68
69
70
71
72
73
74
75
76
77
78
79
80
81
82
83
84
85
86
87
88
89
90
91
92
93
94
95
96
97
98
99
100
101
102
103
104
105
106
107
108
109
110
111
112
113
115
116
117
118
119
120
121
122
124
125
126
127
128
129
130
131
132
134
135
136
137
138
139
140
141
142
144
145
146
148
149
150
151
153
154
155
156
157
158
159
160
161
162
163
164
165
166
167
168
169
170
171
172
173
174
175
176
177
178
179
180
181
182
183
184
185
186
187
188
189
190
191
192
193
194
195
196
197
198
199
200
201
202
203
204
205
206
207
208
209
210
211
212
213
214
215
216
217
218
219
220
221
222
223
224
225
226
227
228
229
230
231
232
233
234
235
236
237
238
239
240
241
242
243
244
245
246
247
248
249
250
251
252
253
254
255
256
257
258
259
260
261
262
263
264
265
266
267
268
269
270
271
272
273
274
275
276
277
278
279
280
281
282
283
284
285
286
287
288
289
290
291
292
293
294
295
296
297
298
299
300
301
302
303
304
305
306
307
308
309
310
311
312
313
314
315
316
317
318
319
320
321
322
323
324
325
327
328
328
331
332
333
334
335
336
337
338
339
340
341
342
343
344
345
346
347
348
349
350
351
352
353
354
355
356
357
358
359
360
361
362
363
364
365
366
367
368
369
370
371
372
374
375
376
378
379
380
381
382
383
384
385
386
387
388
389
390
391
392
393
394
395
396
397
398
399
400
401
402
403
404
405
406
407
408
409
410
411
412
414
415
416
418
419
420
421
422
423
424
425
426
427
428
429
430
431
432
433
434
435
437
438
439
441
442
443
444
445
446
447
448
449
451
452
453
454
455
456
457
458
459
460
461
462
463
464
465
466
467
468
469
470
471
473
474
475
476
477
478
479
480
481
482
483
484
485
486
487
488
489
490
491
485
494
495
496
497
498
499
500
501
502
503
504
505
506
507
508
509
510
511
512
513
514
515
516
517
518
519
520
521
522
523
524
525
526
527
528
529
530
531
532
533
535
536
537
538
539
541
542
543
544
545
546
547
548
549
550
551
552
553
554
555
556
557
558
559
560
561
562
563
564
565
566
567
568
569
570
571
572
573
574
575
576
577
579
580
581
582
583
584
585
586
587
588
589
590
591
592
593
594
595
596
598
599
600
601
602
603
604
605
606
607
608
609
610
611
612
613
614
615
616
617
618
619
620
621
622
623
624
625
626
627
628
629
630
631
632
633
634
635
636
637
638
639
640
641
642
643
644
645
646
647
648
649
650
651
652
653
655
656
657
658
659
660
661
662
664
665
666
667
668
669
670
671
672
673
674
675
676
677
678
679
680
681
682
683
684
685
686
687
688
689
690
691
692
693
694
695
696
697
698
699
700
701
702
703
704
705
706
707
708
709
667
711
712
713
715
716
717
718
719
720
721
722
723
724
725
727
728
730
731
732
733
734
735
736
737
738
739
740
741
742
743
744
745
746
747
748
749
750
751
752
753
754
755
756
757
758
759
760
762
763
764
765
766
767
768
769
770
771
772
773
774
775
776
777
778
779
780
781
782
783
784
785
786
787
788
789
790
791
792
793
794
795
796
798
799
800
801
802
803
804
805
806
807
808
809
810
811
812
813
814
815
816
817
818
819
820
821
822
823
824
825
826
827
828
829
830
831
832
833
834
835
836
837
838
839
840
841
842
843
844
845
846
847
848
849
850
851
852
853
854
855
856
858
859
860
859
863
864
865
866
867
868
869
870
871
872
873
874
875
874
878
879
881
882
883
884
885
886
887
888
889
890
891
892
893
894
895
896
897
898
899
900
901
904
905
906
907
908
909
910
911
912
913
914
915
916
917
918
919
920
921
922
923
924
925
926
927
928
929
930
931
932
933
934
935
937
938
939
941
942
943
944
945
946
947
948
949
950
951
952
953
954
955
956
957
958
959
960
961
962
963
964
965
966
967
968
633
606
607
942
328
864
865
327
942
101
97
103
99
73
64
64
86
105
89
85
87
77
72
71
73
75
78
64
155
162
155
161
608
938
192
162
155
168
735
740
738
737
733
732
734
731
780
831
485
179
438
238
171
348
735
158
496
86
69
67
66
68
811
809
803
285
153
739
802
517
592
48
884
902
590
902
115
590
145
884
883
115
590
239
285
222
344
166
77
76
498
497
499
71
696
420
950
165
162
179
274
321
316
283
238
258
320
236
162
171
154
802
780
779
336
297
156
803
802
462
456
736
732
902
590
105
92
69
67
66
68
802
236
155
543
938
864
865
68
64
833
802
304
237
317
276
233
305
211
282
311
165
162
155
198
73
284
276
155
153
549
546
550
666
418
189
311
479
475
819
231
662
157
155
162
161
634
769
763
420
72
517
250
386
286
658
656
657
659
60
65
64
157
317
189
155
70
390
137
137
48
388
48
48
78
67
64
39
498
499
162
337
318
189
938
864
49
51
50
52
48
495
496
497
666
10
5
68
64
810
359
712
808
833
835
70
321
320
251
250
494
517
494
285
153
252
251
189
539
536
537
276
213
390
541
652
949
950
947
148
605
849
884
883
882
881
626
606
607
475
251
551
550
543
740
731
316
155
559
563
562
567
552
545
546
547
553
550
543
780
793
779
149
157
685
803
802
192
160
171
155
494
494
517
630
884
115
902
115
119
118
116
117
66
64
139
138
944
499
386
474
462
49
51
50
52
494
386
419
420
418
497
666
666
957
955
951
946
944
943
942
357
552
550
543
943
780
649
650
159
35
285
286
167
619
157
884
883
882
902
590
902
831
137
71
285
212
158
283
213
244
498
18
613
310
192
157
159
624
156
155
279
285
212
157
195
234
163
164
168
77
73
419
665
49
51
50
52
650
642
642
203
155
16
864
865
863
803
802
839
803
722
149
176
235
179
274
241
321
283
238
258
320
162
171
851
158
65
77
73
64
274
318
319
157
158
171
155
161
153
191
310
282
157
155
456
386
735
390
137
48
193
735
338
153
343
359
160
438
267
215
161
665
105
88
69
77
71
73
67
66
68
165
482
484
747
742
741
739
736
735
737
733
732
734
731
129
131
163
822
822
138
551
155
631
482
483
16
245
157
158
902
590
902
590
592
591
462
822
127
128
130
45
252
251
155
735
69
64
419
856
852
155
855
852
902
115
902
822
544
552
48
497
561
560
552
547
548
543
591
357
189
311
155
685
129
131
735
390
48
48
390
389
137
48
359
336
735
732
234
263
176
235
179
274
241
283
238
258
162
171
179
238
171
328
943
942
327
323
227
203
157
943
944
18
155
884
746
69
77
73
67
66
68
64
884
883
882
902
741
742
735
732
19
210
783
780
169
418
69
64
86
77
169
388
390
389
387
105
90
70
69
77
72
71
76
73
67
66
78
68
286
37
765
19
18
20
17
864
865
73
66
64
274
276
213
282
158
592
591
590
665
793
792
242
35
772
770
149
773
67
64
223
882
902
115
115
284
275
938
175
160
162
167
155
159
156
161
235
321
245
320
162
208
860
735
321
213
320
419
517
84
83
351
167
222
189
258
277
153
153
304
321
283
207
276
305
320
353
419
518
517
202
157
155
544
552
547
543
418
703
449
442
284
274
191
285
189
181
203
286
282
162
154
161
949
542
170
189
154
262
155
192
277
153
454
666
476
475
473
604
119
118
116
117
445
137
48
566
561
560
884
902
590
902
590
474
119
118
116
117
115
193
319
153
153
495
496
497
170
35
603
222
28
19
376
20
284
276
195
189
286
311
162
158
163
154
168
16
276
195
212
158
154
168
176
390
137
543
4
19
18
17
137
48
48
665
822
822
274
208
155
808
833
835
137
137
4
785
784
787
782
485
18
274
212
189
954
956
951
946
945
944
952
948
943
947
942
250
73
390
137
137
443
805
799
519
517
950
833
835
920
162
157
291
228
193
319
153
153
498
884
590
902
115
19
18
487
474
158
386
388
390
389
137
577
155
735
155
735
733
734
731
211
155
938
831
157
158
171
155
767
304
321
210
283
267
276
189
305
320
157
165
155
154
18
630
420
864
865
863
274
205
189
311
517
419
420
65
64
59
474
475
274
211
455
207
884
590
155
949
176
274
258
299
259
517
622
139
138
137
213
420
735
780
793
779
72
541
115
276
245
78
284
276
195
189
286
311
162
158
154
168
16
665
517
542
802
446
442
852
852
155
627
822
803
802
192
277
153
155
388
390
389
137
386
629
606
607
5
155
486
474
639
385
819
875
284
189
203
162
154
771
777
388
390
389
127
132
128
130
3
4
802
495
618
310
189
311
313
155
164
499
541
581
64
64
451
798
64
902
115
730
64
64
902
590
56
153
137
48
548
561
86
66
328
327
740
732
731
328
327
19
17
