1
2
2
2
2
2
2
2
10
11
9
13
14
14
16
18
19
19
19
19
19
19
19
19
19
19
19
19
31
31
31
31
31
27
1
39
39
39
39
39
39
39
48
9
1
50
50
50
50
50
50
50
50
50
50
50
50
50
50
50
50
50
50
50
1
70
70
70
70
70
70
70
70
70
70
70
70
70
83
83
83
82
82
90
75
75
93
78
81
78
97
78
82
78
82
1
102
102
102
102
102
102
102
110
109
77
77
77
77
79
79
79
44
44
26
26
8
8
8
45
45
45
81
81
7
7
46
46
46
46
46
75
75
75
75
75
23
23
22
22
9
9
9
9
9
27
27
76
76
76
76
76
109
109
109
109
109
109
30
108
107
82
82
78
78
78
78
78
20
104
105
43
6
88
111
111
111
111
12
12
12
12
12
49
49
49
49
49
94
94
95
100
100
