1
2
3
4
6
7
7
7
7
7
7
7
7
7
7
7
7
7
7
7
7
7
8
25
27
28
28
28
28
28
28
34
35
34
37
39
40
40
43
44
44
44
44
44
44
44
44
44
44
44
44
44
44
44
44
44
44
44
44
44
44
44
44
44
44
44
44
44
44
44
44
44
44
44
44
44
44
44
44
44
44
44
44
44
44
44
44
44
44
44
44
44
44
44
44
44
44
44
44
44
44
44
44
44
44
44
44
44
44
44
44
44
44
44
44
44
44
44
44
44
44
44
44
44
44
44
44
44
44
44
44
44
44
44
44
44
93
142
93
144
93
146
93
148
93
150
93
152
93
154
93
156
93
158
118
160
94
163
164
164
164
164
164
164
171
172
173
173
173
173
173
173
173
173
173
173
173
173
173
96
137
94
94
94
94
94
94
94
94
94
94
104
104
113
99
99
112
136
22
22
22
22
22
22
22
22
22
22
22
22
22
22
159
123
41
168
168
168
111
26
26
26
26
90
161
141
120
134
102
24
108
139
179
20
20
20
21
21
21
21
21
117
117
135
98
129
101
101
101
101
101
115
115
115
115
115
115
115
115
115
115
115
115
115
115
115
115
23
130
138
103
97
97
97
97
124
131
131
170
170
186
186
126
110
109
105
128
181
89
89
89
89
89
89
89
89
89
89
89
89
89
89
89
89
89
89
89
89
89
89
89
89
89
89
89
89
89
89
107
114
118
118
118
118
118
118
118
118
118
118
118
34
34
119
119
119
119
119
119
119
119
119
119
116
116
116
185
185
185
91
133
133
182
140
127
132
106
42
93
93
93
93
93
93
93
93
93
93
93
93
93
93
93
93
93
93
93
93
93
93
93
93
93
93
93
121
95
32
32
32
125
122
122
92
100
100
174
14
9
162
162
