1
2
2
2
2
2
2
2
2
2
2
2
9
15
16
16
16
16
16
16
16
16
16
16
16
16
16
16
16
16
16
16
16
16
16
16
16
16
16
16
16
16
16
16
16
16
16
16
16
16
16
16
16
16
16
16
16
16
16
16
16
16
16
16
16
16
16
16
16
16
16
16
16
16
16
16
16
16
16
16
16
83
83
83
83
83
83
83
83
83
83
83
83
83
83
83
83
83
83
83
83
83
83
83
83
67
15
109
109
109
109
109
109
109
109
109
109
109
109
109
109
109
109
109
109
109
109
109
109
109
109
109
109
135
135
135
135
135
67
15
142
142
142
142
142
142
142
142
142
142
142
142
142
142
142
142
142
142
142
142
142
142
142
142
142
142
142
142
142
142
142
142
142
142
142
142
142
142
142
142
142
142
142
142
142
187
187
187
187
187
187
187
187
187
187
187
187
67
201
202
202
202
202
202
202
202
202
202
202
202
202
202
202
202
202
202
202
202
202
202
202
202
202
202
202
202
202
202
202
202
202
202
202
202
202
202
202
202
202
202
214
244
214
246
214
248
202
250
221
15
253
253
253
253
253
253
253
253
253
253
253
253
253
253
253
253
253
253
253
253
253
253
253
253
253
253
253
253
253
253
253
253
253
286
286
286
286
286
286
286
67
183
183
183
183
183
183
183
183
183
279
279
279
279
279
10
10
10
10
267
267
267
267
167
167
167
167
130
130
130
172
277
277
277
277
277
180
180
180
180
180
180
180
180
180
180
65
74
74
74
74
74
74
74
74
74
74
74
74
74
74
74
74
74
74
74
74
74
74
74
221
221
221
221
47
47
47
47
197
197
197
197
197
197
197
197
197
210
210
210
210
210
210
210
210
210
210
210
210
210
210
210
210
210
210
210
210
210
210
210
210
210
210
210
210
21
21
129
129
129
240
165
165
165
165
220
220
63
63
63
63
116
116
116
116
263
263
263
263
152
152
152
152
282
282
282
282
231
231
231
49
49
49
49
229
229
229
229
229
229
228
228
228
228
228
228
292
292
292
292
292
166
166
166
166
166
58
58
58
58
132
132
132
230
275
43
43
43
43
170
170
170
170
170
170
170
170
170
170
170
184
151
151
284
59
59
59
59
37
37
37
37
185
150
150
150
150
26
26
26
26
158
158
158
158
131
131
131
236
236
44
44
44
44
148
148
105
105
105
105
105
105
105
105
105
105
105
105
105
105
105
105
105
105
105
105
105
226
226
226
226
226
226
72
22
22
54
54
54
54
38
38
38
38
107
42
42
42
42
291
291
291
291
285
285
55
55
55
55
61
61
61
61
75
75
75
75
75
75
75
75
75
75
75
75
75
75
75
75
75
75
75
75
75
75
75
153
153
153
153
162
162
162
162
199
30
30
30
30
159
159
159
159
46
46
46
46
114
114
293
25
25
25
25
39
39
39
39
278
278
278
278
278
173
173
176
233
233
233
124
140
56
56
56
56
186
186
154
154
154
154
28
28
28
28
117
117
117
117
134
155
155
155
155
237
237
237
237
237
237
239
239
239
198
198
198
198
198
198
198
198
198
198
35
35
35
35
32
32
32
32
27
27
27
27
53
53
53
53
160
160
160
160
217
217
163
163
163
163
139
139
139
259
259
178
178
178
178
178
178
178
178
178
178
64
64
64
64
262
262
262
262
69
181
242
169
272
29
29
29
29
265
265
265
265
50
50
50
50
31
31
31
31
78
232
232
232
66
77
77
77
77
77
77
77
77
77
77
77
77
77
77
77
77
77
77
77
77
77
77
77
156
156
156
156
283
179
179
179
179
179
179
179
179
179
179
261
261
261
261
48
48
48
48
34
34
34
34
164
164
164
164
60
60
60
60
209
209
209
209
209
209
82
82
41
41
41
41
106
106
106
106
106
106
106
106
106
106
106
106
106
106
106
106
106
106
106
106
106
106
12
12
219
219
149
149
122
122
122
122
23
23
23
23
258
258
264
264
264
264
62
62
62
62
161
161
161
161
76
76
76
76
76
76
76
76
76
76
76
76
76
76
76
76
76
76
76
76
76
76
76
118
118
118
118
157
157
157
157
212
212
234
234
24
24
24
24
266
266
266
266
57
57
57
57
227
227
227
227
227
227
214
214
214
214
214
79
79
79
79
79
79
79
79
79
79
79
79
79
79
79
79
79
79
79
79
79
270
270
270
270
270
270
70
222
36
36
36
36
45
45
45
45
40
40
40
40
224
224
224
224
216
216
280
280
280
280
280
81
80
9
138
138
175
175
175
67
67
67
67
67
67
67
67
67
67
67
67
67
67
67
67
67
67
67
67
67
67
67
119
119
119
119
177
177
177
177
177
177
177
177
177
177
211
211
211
211
115
115
235
260
260
260
260
182
52
52
52
52
71
168
33
33
33
33
73
127
51
51
51
51
174
111
255
18
144
252
