1
2
2
2
2
2
2
2
2
2
2
4
8
15
16
16
16
16
16
16
16
16
16
16
16
16
16
16
16
16
16
16
16
16
16
16
16
16
16
16
16
16
16
16
16
16
16
16
16
16
16
16
16
16
16
16
16
16
16
16
16
16
16
16
16
16
16
16
16
16
16
16
16
16
16
16
16
16
16
16
16
16
16
16
16
16
16
16
16
16
16
16
16
16
16
16
16
16
16
16
16
16
16
16
16
16
16
16
16
16
16
16
16
16
16
16
16
16
16
16
16
16
16
16
16
16
16
16
16
16
16
16
16
16
16
16
16
16
16
16
16
16
16
16
16
16
16
16
16
16
16
16
16
16
16
16
16
16
16
16
16
16
16
16
16
16
16
16
16
16
16
16
16
16
16
16
16
16
16
16
16
16
16
16
16
16
16
16
16
16
16
16
16
16
16
16
16
16
16
16
16
16
16
16
16
16
16
16
16
16
16
16
16
16
16
16
16
16
16
16
16
16
16
16
16
16
16
16
16
16
16
16
16
16
16
16
16
16
16
16
16
16
16
16
16
16
16
16
16
16
16
16
16
16
16
16
16
16
16
16
16
16
16
16
16
16
16
16
16
16
16
16
16
16
16
16
16
16
16
16
16
16
16
16
16
16
16
16
16
16
16
16
16
16
16
16
16
16
16
16
16
16
16
16
16
16
16
16
16
16
16
16
16
16
16
16
16
16
16
16
16
16
16
16
16
16
16
16
16
16
16
16
16
16
16
16
16
16
16
16
16
16
16
16
16
16
16
16
16
16
16
16
16
16
16
16
16
16
16
16
16
16
16
16
16
16
16
16
16
16
16
16
16
16
16
16
16
16
16
16
16
16
16
16
16
16
16
16
16
16
16
16
16
16
16
16
16
16
16
16
16
16
16
16
16
16
16
16
16
16
16
16
16
16
16
16
16
16
16
421
421
421
421
421
421
421
421
421
421
188
432
188
434
189
436
190
438
190
440
192
442
193
444
206
221
221
221
221
206
453
454
454
454
454
454
454
454
454
454
454
454
454
467
468
468
468
468
468
468
468
468
468
468
468
468
468
468
468
468
483
467
486
486
486
486
486
486
486
486
494
494
494
494
494
494
492
489
467
506
506
506
506
506
506
506
506
506
506
506
506
506
506
506
506
506
506
506
506
506
506
506
506
506
506
506
506
506
506
506
506
506
506
506
506
506
506
506
506
506
506
506
506
506
506
506
506
506
506
506
506
506
506
506
506
506
506
506
506
506
506
506
506
506
506
506
506
506
506
506
506
506
506
506
506
506
506
506
506
506
506
506
506
506
506
506
506
506
506
506
506
563
563
563
362
362
543
89
89
89
491
491
491
491
491
332
332
252
252
108
346
346
5
5
5
395
395
419
292
292
314
314
546
259
259
259
225
225
225
397
397
105
105
105
204
204
337
337
303
303
517
517
517
517
179
179
179
179
217
271
320
320
320
317
317
208
525
525
525
525
525
525
120
269
269
551
551
574
355
355
355
368
409
409
478
478
478
478
178
178
178
329
275
275
413
568
207
268
268
185
470
470
90
90
90
580
580
580
580
580
580
580
580
580
541
541
200
200
354
354
95
578
578
569
489
489
489
489
489
489
582
282
282
327
327
465
265
265
593
230
230
460
352
352
391
391
322
322
305
305
325
325
169
169
566
347
347
393
393
246
246
246
176
176
189
189
102
333
333
532
516
224
224
584
584
584
584
584
584
584
584
584
341
341
294
294
270
112
480
480
480
266
266
385
385
598
598
8
8
8
357
357
357
357
328
328
353
571
571
571
571
571
571
571
374
374
87
87
87
383
383
523
523
523
168
168
168
99
524
524
524
464
464
464
396
538
538
536
536
536
536
536
536
536
536
195
565
535
340
340
231
231
401
401
499
499
499
499
499
499
499
499
203
241
188
188
118
118
372
285
285
285
403
403
194
247
247
257
257
280
280
492
492
492
474
474
474
474
474
474
474
474
474
474
474
309
309
351
351
321
321
415
415
526
526
526
592
261
261
335
335
98
286
286
286
554
554
554
311
311
290
290
463
369
319
319
9
9
9
113
229
229
313
313
394
394
267
267
93
213
213
213
213
400
400
414
414
91
91
91
326
326
190
371
371
579
579
579
216
363
363
109
597
597
597
472
472
472
472
306
306
547
201
364
364
192
192
106
304
304
296
296
302
302
302
350
350
552
552
277
277
312
312
184
297
297
315
315
519
519
519
519
519
519
519
519
519
519
519
475
475
475
475
475
475
475
475
475
475
475
475
232
232
380
375
375
298
298
481
481
481
481
537
537
537
537
558
558
558
558
558
291
291
240
240
402
402
479
479
479
479
479
287
287
316
316
107
174
555
555
555
555
555
555
563
563
563
563
563
563
563
518
518
518
356
416
482
482
482
482
482
11
11
11
6
6
6
295
295
318
318
318
289
289
218
349
349
476
476
476
476
476
273
560
560
560
560
193
193
344
344
557
557
557
557
575
187
187
545
576
382
382
172
172
172
172
180
180
180
180
100
399
399
404
404
542
595
227
254
254
167
461
378
477
477
477
477
477
477
477
477
384
384
10
10
10
520
283
283
594
299
299
276
276
94
288
288
308
308
358
358
588
238
366
366
361
361
561
561
561
250
250
330
236
406
406
116
198
198
301
301
301
528
528
528
310
310
596
596
228
255
255
97
111
4
4
4
263
263
515
515
88
88
88
88
405
405
202
243
243
205
534
534
324
324
7
7
7
86
86
86
264
264
343
343
343
410
411
411
96
420
572
572
572
572
175
175
175
573
573
284
284
284
587
359
359
360
360
360
553
553
553
407
407
209
212
483
483
483
483
483
483
483
483
527
527
527
323
323
334
334
390
390
221
221
221
540
540
540
540
540
540
548
548
408
408
570
389
389
281
281
262
262
262
387
387
331
331
258
258
345
345
544
544
544
462
462
462
462
251
251
490
490
490
490
490
490
177
278
278
278
197
197
589
274
274
222
577
577
577
219
101
300
300
338
338
522
522
279
279
559
559
559
559
559
559
559
559
559
336
336
339
339
239
239
171
171
171
171
417
417
417
417
417
417
417
417
417
417
417
417
417
417
417
417
417
417
417
417
417
417
417
417
417
417
417
417
417
417
417
417
417
417
417
417
417
417
417
417
417
417
417
417
417
417
417
417
417
417
417
417
417
417
417
417
417
417
417
417
562
562
562
586
256
256
376
376
590
590
471
471
471
471
471
471
307
307
165
249
249
249
488
488
488
488
488
488
293
293
182
564
564
564
564
170
170
170
181
591
591
533
211
386
386
253
253
466
466
466
466
104
104
104
365
365
550
196
196
381
381
583
379
556
556
556
556
367
367
581
581
418
500
500
521
186
539
539
370
370
473
473
473
473
473
473
473
473
392
392
272
398
248
248
248
377
377
242
234
234
529
529
529
567
373
373
412
115
115
173
173
173
173
237
260
260
199
199
206
206
166
166
166
342
342
233
233
92
549
549
549
549
549
585
119
119
348
348
235
495
85
508
459
459
599
599
599
599
485
485
485
485
600
600
600
600
601
601
601
601
13
14
14
14
452
452
446
