2
3
4
5
6
7
8
9
10
11
12
13
14
16
17
18
19
20
21
22
23
24
25
26
27
28
29
30
31
32
33
34
35
36
37
38
39
40
41
42
43
44
45
46
47
48
49
50
51
52
53
54
55
56
57
58
59
60
61
62
63
64
65
66
67
68
69
70
71
72
73
74
75
76
77
78
79
80
81
82
83
84
85
86
87
88
89
90
91
92
93
94
95
96
97
98
99
100
101
102
103
104
105
106
107
108
109
110
111
112
113
114
115
116
117
118
119
120
121
122
123
124
125
126
127
128
129
130
131
132
133
134
135
136
137
138
139
140
141
142
143
144
145
146
147
148
149
150
151
152
153
154
155
156
157
158
159
160
161
162
163
164
165
166
167
168
169
170
171
172
173
174
175
176
177
178
179
180
181
182
183
184
185
186
187
188
189
190
191
192
193
194
195
196
197
198
199
200
201
202
203
204
205
206
207
208
209
210
211
212
213
214
215
216
217
218
219
220
221
222
223
224
225
226
227
228
229
230
231
232
233
234
235
236
237
238
239
240
241
242
243
244
245
246
247
248
249
250
251
252
253
254
255
256
257
258
259
260
261
262
263
264
265
266
267
268
269
270
271
272
273
274
275
276
277
278
279
280
281
282
283
284
285
286
287
288
289
290
291
292
293
294
295
296
297
298
299
300
301
302
303
304
305
306
307
308
309
310
311
312
313
314
315
316
317
318
319
320
321
322
323
324
325
326
327
328
329
330
331
332
333
334
335
336
337
338
339
340
341
342
343
344
345
346
347
348
349
350
351
352
353
354
355
356
357
358
359
360
361
362
363
364
365
366
367
368
369
370
371
372
373
374
375
376
377
378
379
380
381
382
383
384
385
386
387
388
389
390
391
392
393
394
395
396
397
398
399
400
401
402
403
404
405
406
407
408
409
410
411
412
413
414
415
416
417
418
419
420
421
422
423
424
425
426
427
428
429
430
431
432
433
434
435
436
437
438
439
440
441
442
443
444
445
446
447
448
449
451
452
454
455
456
457
458
459
460
461
462
463
464
465
466
468
469
470
471
472
473
474
475
476
477
478
479
480
481
482
483
484
485
486
487
488
489
490
491
492
493
494
495
496
497
498
499
500
501
505
506
507
508
509
510
511
512
513
514
515
516
517
518
519
520
521
522
523
524
525
526
527
528
529
530
531
532
533
534
535
536
537
538
539
540
541
542
543
544
545
546
547
548
549
550
551
552
553
554
555
556
557
558
559
560
561
562
563
564
565
566
567
568
569
570
571
572
573
574
575
576
577
578
579
580
581
582
583
584
585
586
587
588
589
590
591
592
593
594
595
596
597
598
599
600
601
118
71
532
88
421
450
532
262
536
366
506
118
71
118
71
72
118
71
249
222
209
118
71
80
118
71
182
356
532
100
118
71
173
224
177
118
71
269
104
450
118
71
118
71
118
71
513
511
512
514
183
118
69
450
216
71
411
118
71
118
71
206
596
513
511
512
514
506
71
182
283
532
566
532
413
118
71
71
118
71
540
532
195
506
183
118
69
279
182
285
450
567
206
182
282
70
570
506
389
374
450
532
314
583
566
555
582
285
506
506
532
402
118
71
118
71
83
580
506
512
500
497
496
498
494
503
566
118
71
118
71
466
118
71
513
296
450
454
118
71
118
71
118
71
118
71
118
71
118
69
512
118
71
118
71
100
118
71
118
69
104
450
73
118
71
511
506
297
223
566
532
594
592
513
511
512
508
514
118
71
118
71
71
106
195
382
506
118
71
118
71
532
566
206
250
221
176
118
71
450
118
71
349
583
563
552
572
582
508
506
118
71
90
91
421
118
71
519
506
506
183
118
69
57
583
506
506
465
456
459
71
402
532
532
566
585
589
588
587
506
506
71
564
570
118
71
183
450
118
71
264
253
366
497
496
495
498
506
71
239
104
450
97
52
71
118
410
71
118
71
288
118
71
118
71
118
71
532
366
506
583
532
523
594
100
596
592
566
570
246
506
182
351
118
71
118
71
195
268
225
511
512
513
100
266
118
71
75
413
118
71
583
566
582
182
353
118
71
454
71
118
71
206
249
221
450
47
16
182
355
118
71
281
182
450
314
214
179
104
118
71
413
182
389
374
450
118
71
450
118
71
100
580
506
213
118
71
72
532
566
506
552
555
534
506
118
71
548
71
118
71
104
450
74
118
71
118
71
118
410
71
118
71
566
185
183
71
182
354
55
118
71
182
357
532
566
570
594
520
592
521
522
506
506
506
314
583
532
523
594
100
596
592
566
570
246
506
118
71
394
118
71
118
71
523
100
246
506
532
566
506
506
552
523
563
506
506
118
71
104
316
118
71
540
532
566
195
506
118
71
358
182
76
69
583
570
566
532
506
506
583
532
566
513
514
506
506
392
506
506
358
417
523
100
195
246
506
206
222
252
222
252
209
118
71
118
410
71
118
71
225
118
71
570
566
523
195
506
71
523
563
506
506
104
450
118
71
523
563
506
506
532
118
278
532
532
118
71
183
118
69
450
183
118
69
450
77
118
71
118
71
570
514
226
118
71
69
454
104
583
532
566
570
523
100
246
506
118
71
206
252
221
285
118
71
514
118
71
182
286
93
118
71
118
71
118
71
509
71
118
71
182
363
562
571
506
118
71
278
71
118
71
185
118
71
182
118
71
570
566
226
182
352
513
514
225
118
71
78
113
222
250
209
118
71
392
506
90
91
388
421
118
71
71
118
71
71
185
512
118
71
222
252
209
87
421
450
118
71
118
180
71
450
182
410
84
81
583
532
566
506
183
118
69
566
506
413
118
71
510
118
71
413
118
71
583
314
569
118
71
206
218
532
566
523
594
100
592
246
506
225
511
512
118
71
118
71
118
71
272
391
366
532
566
93
570
594
592
570
532
118
71
532
118
71
118
71
100
118
71
118
71
118
71
118
71
118
71
570
384
533
458
457
455
459
118
71
249
269
389
366
503
506
178
277
118
268
118
71
509
118
71
221
100
578
506
277
73
118
71
118
71
358
314
118
71
583
314
532
558
555
569
533
552
506
118
71
118
71
278
315
183
118
69
450
236
106
21
56
51
54
43
69
77
57
68
64
73
24
37
31
46
41
36
80
30
82
19
79
25
58
50
74
62
67
61
34
72
27
76
63
28
20
44
22
52
59
65
81
75
60
38
18
26
39
40
71
78
70
45
66
23
55
32
53
582
557
506
510
118
71
118
71
583
565
570
566
249
565
564
506
118
71
69
100
118
71
269
389
195
366
503
506
118
71
120
583
570
566
506
183
118
69
71
563
506
511
226
118
71
118
71
466
456
459
455
267
104
450
118
71
532
118
71
118
71
566
104
532
566
506
506
118
71
532
401
79
495
503
316
70
532
403
118
71
583
532
566
570
523
100
246
506
118
71
71
71
279
118
246
118
71
239
118
71
570
566
226
510
118
71
450
116
359
176
179
180
450
71
118
71
118
71
464
454
172
171
450
118
71
118
71
54
532
570
402
533
47
510
97
52
118
71
234
506
16
506
458
457
532
566
513
514
532
566
594
592
532
566
513
514
532
566
513
514
250
206
250
221
464
454
206
