1
2
4
5
5
5
5
5
5
5
5
5
5
5
5
5
5
5
5
5
5
5
24
26
26
26
27
28
28
28
28
28
28
28
28
28
28
28
28
28
28
28
28
28
28
28
28
28
28
51
52
52
52
52
52
52
52
59
58
58
57
57
57
56
56
56
59
54
54
1
72
72
72
72
72
72
72
72
72
72
72
72
72
72
72
72
72
72
72
72
72
72
72
72
72
72
72
1
100
51
102
102
102
102
102
102
102
102
102
102
102
102
102
102
102
102
102
102
102
102
102
102
102
102
102
102
102
102
102
102
102
102
102
102
102
102
102
102
102
102
102
102
102
102
102
102
102
102
102
102
102
102
102
102
102
102
102
102
102
102
102
102
102
102
102
102
102
102
102
102
102
102
102
102
102
102
102
102
102
102
102
102
102
102
102
102
102
102
102
102
102
102
102
102
102
149
152
152
151
151
150
150
149
51
206
206
206
206
206
206
206
206
206
206
206
206
206
206
206
206
206
206
206
206
206
206
206
206
206
206
206
206
206
206
206
206
236
236
100
20
94
94
12
12
38
38
98
47
47
47
37
37
99
99
14
14
45
41
92
92
92
92
92
92
92
92
92
92
92
92
13
13
13
19
93
93
93
39
39
39
39
95
95
46
43
43
43
40
40
40
40
40
40
40
44
44
44
44
44
44
42
42
8
8
