1
2
2
2
2
2
2
2
2
2
2
2
2
2
2
2
2
2
2
2
2
2
2
2
2
2
2
2
2
2
2
2
2
2
2
2
2
2
2
2
2
2
2
2
2
2
2
2
49
49
49
49
49
49
49
49
49
49
49
49
1
62
62
62
62
62
62
62
62
62
62
62
62
62
62
62
62
62
62
62
62
62
62
62
62
62
62
62
62
62
62
62
62
62
62
62
62
62
62
62
62
62
62
62
62
62
62
62
62
62
62
62
62
62
62
62
62
62
62
62
62
62
62
62
62
62
62
62
129
129
129
129
129
129
129
62
137
137
137
137
137
137
137
145
146
146
146
146
146
146
146
146
146
146
146
146
146
146
146
146
146
146
146
146
146
146
146
146
146
146
146
146
146
146
146
146
146
146
146
146
146
146
146
146
146
146
146
146
146
146
146
146
146
146
160
197
161
199
162
201
146
203
137
45
45
45
45
45
45
45
45
45
172
172
24
24
24
74
74
74
74
28
28
28
28
28
87
119
119
82
82
34
42
42
42
42
42
42
42
42
42
42
42
173
169
169
169
169
169
169
169
169
40
40
40
40
40
40
40
40
40
40
40
59
59
59
59
59
59
59
59
59
155
155
155
155
155
155
155
155
155
155
155
155
155
155
155
155
155
155
155
155
155
155
155
155
155
155
155
155
155
193
26
26
26
165
165
43
43
195
168
168
31
29
29
122
122
122
134
134
13
13
13
126
183
183
183
128
181
181
181
181
181
181
184
184
184
180
180
180
180
180
180
27
27
27
27
27
17
17
17
41
41
41
41
41
41
41
41
41
41
41
135
135
135
96
96
136
182
25
25
25
154
154
154
154
154
154
86
32
32
32
32
32
32
32
32
32
32
32
46
12
159
159
159
159
47
77
167
167
93
93
170
170
170
11
11
11
19
19
19
120
188
188
22
22
22
9
18
18
18
157
157
157
157
186
186
178
178
178
178
178
178
161
161
161
179
179
179
179
179
179
113
113
90
90
90
90
90
127
84
84
72
72
72
14
14
14
174
23
23
23
61
20
20
20
10
10
176
176
176
176
171
171
163
163
35
35
83
83
38
38
121
185
185
185
37
37
37
78
124
162
162
162
48
48
73
73
73
15
15
15
101
39
39
39
39
39
39
39
39
39
39
39
80
80
156
156
156
156
160
160
160
160
187
44
44
75
75
75
75
81
81
30
102
102
16
16
16
189
189
189
189
189
189
191
191
191
198
123
79
79
60
60
60
60
60
60
60
60
60
60
76
200
133
85
85
110
125
21
21
21
36
164
164
6
4
