1
2
2
2
2
2
2
2
2
2
2
2
2
2
2
2
2
2
2
2
2
2
2
2
2
2
2
26
26
31
32
32
32
32
32
32
32
32
32
32
32
32
32
32
32
32
32
32
32
32
32
32
32
32
32
32
26
26
61
62
62
62
62
62
62
62
62
62
62
62
62
62
62
62
62
62
62
62
62
62
62
62
62
62
62
5
5
5
4
4
3
3
11
9
9
28
8
28
13
12
12
11
25
25
8
27
8
27
26
26
15
15
15
14
6
16
6
16
6
16
14
14
13
19
19
18
18
20
19
18
17
17
17
24
23
23
22
24
20
22
21
21
20
61
147
147
147
147
147
147
147
147
147
151
151
150
150
149
149
148
148
154
155
153
154
156
152
155
152
156
153
175
176
176
176
176
176
176
176
176
176
176
176
176
176
176
176
176
176
176
176
176
176
176
176
176
176
176
26
26
205
206
206
206
206
206
206
206
206
206
206
206
206
218
219
219
219
219
219
225
225
225
225
225
225
225
225
225
225
225
225
225
226
227
227
227
227
227
227
227
227
227
227
227
227
227
227
227
227
227
227
227
227
227
227
227
227
227
227
26
26
61
256
256
256
256
256
256
256
256
256
256
256
256
256
256
256
256
256
256
256
256
256
256
256
260
260
259
259
257
257
271
271
270
270
272
272
278
278
269
269
268
279
268
279
266
277
265
276
265
276
264
275
262
262
267
261
267
261
266
277
273
264
275
263
274
263
274
273
324
325
325
325
325
325
325
325
325
325
325
325
325
325
325
325
325
325
325
325
325
325
325
325
325
325
325
26
26
222
221
220
212
212
213
213
223
217
