2
3
4
5
6
7
8
9
10
11
12
13
14
15
16
17
18
19
20
21
22
23
24
25
26
27
28
29
30
31
32
33
34
35
36
37
38
39
40
41
42
43
44
45
46
47
48
49
50
51
52
53
54
55
56
57
58
59
60
61
62
63
64
65
66
67
68
69
70
71
72
73
74
75
76
77
78
79
80
81
82
83
84
85
86
87
88
89
90
91
92
93
94
95
96
97
98
99
100
101
102
103
104
105
106
107
108
109
110
111
112
113
114
115
116
117
118
119
120
121
122
123
124
116
3
82
24
26
89
106
116
58
40
57
41
59
56
56
30
68
68
19
115
77
14
16
40
41
41
109
116
119
10
29
44
50
42
58
40
57
59
41
56
120
122
10
30
49
44
58
57
59
56
13
110
112
89
51
50
33
62
61
39
39
88
106
47
45
46
61
60
13
85
83
89
42
41
40
20
40
41
6
4
9
109
36
34
3
20
20
100
102
20
99
75
71
69
99
30
62
60
93
95
106
92
75
23
60
60
10
82
101
106
23
30
119
40
105
33
116
76
78
89
10
92
