2
3
4
5
6
7
8
9
10
11
12
13
14
15
16
17
18
19
20
21
22
23
24
25
26
27
28
29
30
31
32
33
34
35
37
38
39
40
41
42
43
44
45
46
47
48
49
50
51
52
53
54
55
56
57
58
59
60
61
62
63
64
65
66
67
68
69
70
71
72
73
74
75
76
77
78
79
80
81
82
83
84
85
86
87
88
89
90
91
92
93
94
95
96
97
98
99
100
101
102
103
104
105
106
107
108
109
110
111
112
113
114
115
116
117
118
119
120
121
122
115
125
126
127
128
129
130
131
132
133
134
135
136
137
138
139
140
141
142
143
144
145
146
130
152
153
154
155
156
157
158
159
160
161
162
163
164
165
166
167
168
169
170
171
172
173
174
175
176
177
178
179
180
181
182
183
184
185
186
187
188
189
190
191
192
193
194
195
196
197
198
199
200
201
202
203
204
205
206
207
208
209
210
211
212
213
214
215
216
217
218
219
220
221
222
223
224
225
226
227
228
229
230
231
232
233
234
235
236
237
238
239
240
241
242
243
244
245
246
247
248
249
250
251
252
253
254
255
256
257
258
259
260
261
262
263
264
265
266
267
268
269
270
271
272
273
274
275
276
277
278
279
280
281
282
283
284
285
286
287
288
289
290
291
292
293
294
295
173
298
299
300
301
302
303
304
305
306
307
308
309
310
311
312
313
314
315
316
317
318
319
320
321
322
323
324
325
326
327
328
329
330
331
332
333
334
335
336
337
338
339
340
341
342
343
344
345
346
347
348
349
350
351
352
353
354
355
356
357
358
359
360
361
362
363
364
365
366
367
368
369
370
371
372
373
374
375
376
377
378
379
380
381
382
383
384
385
386
387
388
389
390
391
392
393
394
395
396
397
398
399
400
401
402
403
404
405
406
407
408
409
410
411
412
413
414
415
416
417
418
419
420
421
422
423
424
425
426
427
428
429
430
431
432
433
434
435
436
437
438
439
440
441
442
443
444
445
446
447
448
449
450
451
452
453
454
455
456
457
458
460
461
462
463
464
465
466
467
468
469
470
471
472
473
474
475
476
477
478
479
480
481
482
483
484
485
486
487
488
489
490
491
492
493
494
495
496
497
498
499
500
501
502
503
504
505
506
507
501
510
511
512
513
514
515
516
517
518
519
520
521
522
523
524
510
511
512
513
530
515
518
533
534
535
519
520
521
522
540
523
542
524
115
187
187
187
187
237
238
241
116
58
94
59
48
47
52
240
282
284
283
209
211
210
111
397
512
58
94
59
47
52
237
238
241
444
445
44
43
265
264
267
266
212
339
397
471
471
183
94
57
184
59
224
178
207
187
58
94
59
47
52
58
94
59
47
52
127
126
178
209
428
43
152
45
132
142
431
472
469
495
497
496
494
471
210
38
191
300
282
284
283
513
511
115
191
513
115
413
191
521
523
522
398
121
383
119
347
115
354
58
94
59
48
47
52
173
435
446
265
267
266
301
265
400
398
121
120
119
164
520
518
128
321
37
115
173
263
209
212
211
214
208
210
216
215
217
213
425
167
392
435
426
166
327
335
346
339
326
178
501
507
502
506
200
216
352
336
414
116
117
173
183
184
224
178
207
217
130
131
178
412
267
266
263
401
513
511
512
115
241
209
211
210
58
202
204
205
203
201
43
191
431
127
126
444
443
446
442
445
441
437
432
430
501
94
58
57
59
47
52
53
238
513
511
514
512
284
359
325
332
321
348
361
317
316
347
331
360
358
329
315
350
328
322
327
324
319
330
320
351
314
323
326
152
406
510
314
58
94
59
47
52
139
379
26
384
359
361
397
381
385
349
336
438
352
354
334
353
58
94
59
48
47
52
58
94
59
48
47
52
58
94
59
126
47
52
125
282
397
338
340
209
212
211
214
210
216
215
217
213
121
120
138
122
165
379
518
347
327
144
142
200
115
127
126
265
17
48
44
46
45
47
245
58
94
59
47
52
266
431
94
57
59
359
51
47
49
54
52
53
239
283
328
325
332
319
330
316
314
331
326
329
315
513
511
512
115
115
173
187
402
403
160
366
515
327
347
325
154
357
355
339
338
336
329
439
94
57
59
47
52
53
431
432
178
501
507
502
506
94
57
59
47
52
58
94
59
126
47
52
125
425
43
176
174
175
490
513
444
443
446
442
445
440
341
336
237
239
245
238
240
243
241
242
244
519
400
398
121
120
119
164
518
128
115
173
235
145
143
144
211
387
372
164
341
327
343
336
340
280
261
245
243
241
242
244
200
200
22
14
23
26
214
196
117
173
282
281
284
283
372
377
341
352
343
336
340
183
184
224
178
207
384
314
336
62
58
94
59
69
44
45
43
49
52
372
375
341
352
343
336
340
511
512
94
57
59
47
52
53
237
239
245
238
240
243
241
242
244
236
178
62
68
61
63
60
48
51
359
44
45
46
43
47
49
360
50
64
58
94
59
47
52
402
403
386
161
157
366
162
385
515
387
160
372
163
427
327
343
154
346
355
321
347
344
357
338
345
336
329
340
439
237
239
245
238
240
243
241
242
244
178
178
513
115
196
58
94
59
48
47
52
384
386
372
341
342
128
436
432
94
57
59
47
52
385
379
393
329
356
209
212
211
214
210
215
216
217
213
237
337
213
58
94
59
47
52
325
356
282
519
400
398
121
120
119
164
518
128
115
173
207
401
379
94
57
59
111
47
52
110
43
152
67
69
152
233
212
211
214
215
213
200
200
280
385
379
393
414
413
415
43
58
94
59
47
52
242
265
267
266
267
65
66
51
44
43
152
313
58
94
59
48
47
52
425
514
524
347
354
323
339
338
336
350
386
382
372
341
352
336
414
21
22
14
19
7
20
6
16
4
5
15
18
23
13
3
17
152
29
380
385
325
338
398
244
127
126
32
158
159
33
30
138
128
144
142
414
416
415
384
385
326
200
215
318
372
373
341
352
343
336
340
38
173
243
200
191
265
191
152
126
152
126
430
430
451
506
115
173
430
333
430
430
430
27
27
410
410
126
510
506
115
151
430
115
424
424
422
430
333
430
439
301
512
511
115
512
513
513
511
513
511
512
513
511
512
511
513
513
513
511
512
