1
2
2
2
2
2
2
2
2
2
2
2
2
2
2
2
2
2
2
2
2
2
2
2
2
2
2
2
2
2
2
2
2
2
2
2
2
2
2
2
2
2
2
2
2
2
2
2
2
2
2
2
2
2
2
2
2
2
2
2
2
2
2
2
2
2
2
51
69
71
73
75
77
60
79
61
81
67
83
2
85
85
87
87
85
90
85
92
31
27
27
34
34
34
13
13
13
13
59
23
48
48
33
33
70
70
70
40
8
8
8
15
15
15
11
12
12
12
12
49
49
49
26
44
44
41
10
21
21
25
51
51
51
35
50
50
50
43
6
17
42
42
47
47
19
86
7
9
9
29
14
14
14
14
