2
3
4
5
6
7
8
9
10
11
12
13
14
15
16
17
18
19
20
21
22
23
24
25
26
27
28
29
30
31
32
33
34
35
36
37
38
39
40
41
42
43
44
45
46
47
48
49
50
51
52
53
54
55
56
57
58
59
60
61
62
63
64
65
66
67
68
69
70
72
74
76
78
79
80
81
82
83
84
85
86
87
88
89
90
91
92
93
32
56
28
56
55
53
14
15
2
2
60
56
51
85
55
53
86
9
2
55
4
2
2
86
2
85
4
62
60
13
2
51
85
90
28
58
57
42
4
56
28
56
92
85
90
55
51
92
85
42
2
56
58
57
86
85
56
2
4
2
2
30
86
2
2
85
