2
3
4
5
6
7
8
9
10
11
12
14
15
16
17
18
19
20
21
22
23
24
25
26
27
28
29
30
31
32
33
34
35
36
37
38
39
40
41
42
43
44
45
46
47
48
49
50
51
52
53
54
55
56
57
58
59
60
61
62
63
64
65
66
67
68
69
70
71
72
73
74
75
76
77
78
79
80
81
82
83
84
85
32
87
88
89
90
91
92
93
94
95
96
22
23
100
101
102
103
64
105
52
53
107
108
109
110
111
112
113
114
115
116
117
118
119
120
121
122
123
124
125
126
127
128
129
130
131
132
133
134
135
136
137
138
139
140
141
142
143
145
146
147
148
149
150
151
152
153
154
155
156
157
158
159
160
161
162
163
164
165
166
167
168
169
170
171
172
173
174
175
176
177
178
179
180
181
182
183
184
185
186
187
187
51
45
66
55
56
188
45
186
55
45
24
48
45
65
58
55
61
188
45
56
188
45
17
18
55
188
45
157
50
67
49
51
46
48
14
14
66
38
39
55
26
14
188
45
157
50
45
66
32
30
22
20
21
67
24
19
23
16
66
17
20
19
23
49
52
47
22
18
53
15
50
51
46
16
48
45
45
38
56
26
188
14
45
28
15
50
45
66
38
39
56
26
188
14
45
46
161
161
51
45
66
160
50
45
66
24
38
39
56
26
188
14
45
161
31
71
72
69
68
70
66
97
154
161
147
146
47
45
41
38
39
55
26
14
188
45
161
147
146
186
55
45
53
52
45
161
39
29
17
18
21
49
45
161
147
146
17
18
22
71
72
69
68
16
66
97
38
29
17
18
21
51
45
66
154
56
26
188
14
190
189
45
41
66
66
41
66
66
32
30
71
72
66
24
21
32
30
20
67
66
56
26
188
14
190
189
45
31
16
41
69
66
22
22
71
72
66
97
71
66
71
66
32
30
67
19
66
22
53
23
52
45
21
22
16
41
22
16
41
22
23
22
16
41
29
29
