2
3
4
5
6
7
8
9
10
11
5
13
15
16
17
18
19
20
21
22
23
24
25
26
27
28
29
30
31
32
33
34
35
36
37
38
39
40
41
42
43
44
45
46
47
48
49
50
51
52
53
54
55
56
57
58
48
60
61
62
63
64
65
66
67
68
69
70
71
72
73
74
75
76
77
78
79
80
81
82
83
84
85
86
87
88
89
90
91
92
93
94
95
96
97
98
99
100
101
102
103
104
105
106
107
108
109
110
111
112
113
114
115
116
117
118
119
120
121
122
123
64
67
70
127
101
129
130
131
132
133
134
91
136
137
138
139
140
141
142
143
144
145
146
147
148
149
150
151
152
153
154
155
156
157
158
159
160
161
162
163
164
165
166
167
168
169
170
171
172
173
174
175
176
177
178
179
144
181
182
183
184
185
186
187
188
189
190
191
192
193
194
195
196
197
198
199
200
201
202
203
204
205
206
207
208
209
210
211
212
213
214
215
216
217
218
219
220
221
222
223
224
225
226
227
228
229
230
231
232
233
234
235
236
237
238
239
240
241
242
243
244
245
246
247
248
249
250
251
252
253
254
255
256
257
258
259
260
210
262
263
264
265
266
267
268
269
270
271
272
63
63
107
2
2
63
107
18
17
103
81
96
107
15
199
68
107
84
120
50
42
16
199
199
15
96
158
161
168
162
159
160
136
18
17
168
160
159
166
213
199
199
96
86
3
96
171
176
167
161
165
162
169
166
96
96
78
236
202
205
98
100
97
99
96
171
161
165
169
166
16
199
199
15
96
75
18
17
203
205
208
207
15
96
240
72
203
18
17
15
15
68
66
75
93
199
18
17
203
204
240
75
204
249
249
90
2
2
69
100
97
65
66
96
96
138
139
251
244
201
199
47
93
207
252
250
251
81
86
97
65
66
96
113
65
66
67
15
68
68
144
148
149
18
17
15
147
139
44
243
201
199
85
68
156
145
143
147
138
140
139
141
142
93
47
44
45
43
46
42
96
96
158
163
149
71
72
155
173
228
179
178
174
154
172
75
93
98
100
97
148
99
163
146
166
149
199
96
157
214
199
7
2
68
68
164
160
159
65
15
90
42
96
183
183
90
97
199
199
96
45
46
3
15
96
18
17
15
15
15
205
208
207
15
96
68
47
44
45
43
46
15
96
87
98
97
65
96
227
205
98
99
207
96
98
100
97
99
252
250
251
94
68
18
17
15
199
84
75
236
207
68
98
96
93
47
44
45
43
46
42
97
99
65
96
18
17
15
175
168
165
169
166
168
88
65
240
168
114
96
119
3
15
96
250
199
199
15
96
96
241
203
108
109
96
78
82
227
68
96
236
207
217
199
199
240
205
96
75
93
199
81
103
97
104
149
96
65
15
15
18
17
15
15
247
246
199
90
98
42
42
96
217
199
72
76
65
67
247
246
199
18
17
74
192
35
35
18
17
35
15
68
98
97
99
96
86
115
116
114
252
38
35
91
199
199
96
203
205
98
97
99
207
96
252
251
250
166
18
17
240
207
18
17
18
17
35
208
215
199
136
96
96
96
136
136
136
96
136
96
15
15
242
242
15
97
199
96
136
96
96
96
98
65
96
96
96
96
76
65
67
96
67
91
3
96
146
96
67
205
96
90
2
65
67
16
199
15
96
16
199
15
96
199
15
96
199
15
96
199
199
205
98
100
97
96
205
207
96
205
97
99
96
96
