2
3
4
5
6
7
8
9
10
11
12
13
14
15
16
17
18
19
20
21
22
23
24
25
26
27
28
29
30
31
32
33
34
35
36
37
38
39
40
41
42
43
44
45
46
47
48
49
50
51
52
53
54
55
56
57
58
59
60
61
62
63
64
65
66
67
68
69
70
71
72
73
74
75
76
77
78
79
81
82
83
84
85
86
87
88
89
91
92
93
94
95
96
97
98
99
100
101
102
103
104
105
106
107
108
109
110
111
113
114
115
116
117
118
119
120
121
122
123
124
125
126
127
128
129
130
131
132
133
134
135
136
137
138
139
140
141
142
143
144
145
146
147
148
149
150
151
152
153
154
155
156
157
158
159
160
161
162
163
164
165
166
167
168
169
170
171
172
173
174
175
176
177
178
179
180
181
182
176
184
186
187
188
189
190
191
192
193
194
195
196
197
198
199
200
201
202
203
204
205
206
207
208
209
210
211
212
213
214
215
216
217
218
219
220
221
222
223
224
225
226
227
228
229
230
231
232
233
234
235
236
237
238
239
240
241
242
243
244
245
246
247
248
249
250
251
252
253
254
255
256
257
258
259
260
261
262
263
264
265
266
267
268
269
270
271
272
273
274
275
276
277
278
279
280
281
282
283
284
285
286
287
288
289
290
291
292
293
294
296
297
298
299
300
301
302
266
261
203
134
6
6
5
266
3
108
84
85
88
82
86
87
83
90
3
108
3
6
8
261
3
6
8
3
6
8
208
6
134
263
260
94
93
95
158
165
160
159
164
162
161
163
170
168
223
102
261
6
3
249
6
8
3
6
253
6
3
6
257
203
3
110
68
100
203
168
223
102
68
102
114
68
108
181
182
176
175
177
179
6
3
204
207
241
240
234
6
204
170
223
104
3
6
8
3
6
8
3
6
5
98
257
253
251
203
68
104
140
81
6
8
207
203
106
261
3
6
9
3
6
255
6
95
238
236
233
255
6
207
68
102
266
261
3
6
8
98
266
261
261
6
3
10
3
6
208
203
110
5
3
6
8
6
68
102
94
200
188
191
192
190
189
96
3
6
8
6
5
261
179
6
96
3
106
3
6
6
223
102
3
6
8
223
102
3
6
8
191
188
192
190
189
195
248
94
247
93
246
245
242
235
239
236
237
234
249
68
102
3
6
98
114
204
100
204
102
68
102
223
102
32
3
6
251
3
6
8
203
108
204
10
6
249
32
102
108
100
106
110
104
3
5
3
6
9
32
203
3
6
8
3
6
9
3
106
6
68
102
261
203
96
3
6
255
6
3
110
82
83
90
176
176
176
176
176
176
176
176
