2
3
4
5
6
7
8
9
10
11
12
14
15
16
17
18
19
20
21
22
23
24
25
26
27
28
29
30
31
32
33
34
35
36
37
38
39
40
41
42
43
44
45
46
47
49
50
51
52
53
54
55
56
57
58
59
60
61
62
63
64
65
66
67
68
69
70
71
72
73
75
76
77
78
79
80
81
83
84
85
86
87
88
89
90
91
92
93
94
95
96
97
98
99
100
101
102
103
104
105
106
107
108
109
110
111
112
113
114
115
116
117
118
119
120
121
122
123
124
125
126
127
128
129
130
131
132
133
134
135
136
137
138
139
140
141
142
143
144
145
146
147
148
149
150
151
152
153
154
155
156
157
158
159
160
161
162
163
164
165
166
167
168
169
170
171
172
173
175
176
177
178
179
180
181
182
183
184
185
186
187
188
189
190
191
192
193
194
195
196
197
198
199
200
201
202
203
204
205
206
207
208
209
210
211
212
213
214
215
216
217
218
219
220
221
222
223
224
225
226
227
228
229
230
231
232
233
234
235
236
237
238
239
240
241
242
243
244
245
246
247
248
249
250
251
252
253
254
255
256
257
258
259
260
261
262
263
264
265
266
267
268
269
270
271
272
273
274
275
276
277
278
279
280
281
282
283
284
285
286
287
288
289
290
291
292
293
294
295
296
297
298
299
300
301
302
303
304
305
306
307
308
309
310
311
312
313
314
315
316
317
318
319
320
321
322
323
324
325
326
327
328
329
330
331
332
333
334
335
336
337
338
339
340
341
342
343
344
348
350
351
352
354
355
356
357
358
359
360
361
362
363
364
365
366
367
368
369
370
371
372
373
374
375
376
377
378
379
380
381
382
383
384
385
386
387
388
389
390
391
392
393
394
395
396
397
398
399
400
401
402
403
404
405
406
407
408
409
410
411
412
413
414
415
416
417
418
419
420
421
422
423
424
425
426
427
428
429
430
431
432
433
434
435
436
437
438
439
440
441
442
443
444
445
446
447
448
449
450
451
452
453
454
455
456
457
458
459
460
461
462
463
464
465
466
467
468
469
470
471
472
473
474
475
476
477
478
479
480
481
482
483
484
485
486
487
488
489
490
491
492
493
494
495
496
497
498
499
500
501
502
503
504
505
506
507
508
509
510
511
512
513
514
516
517
518
519
520
521
522
523
524
525
526
527
528
529
530
531
532
533
534
535
536
537
538
539
540
541
542
543
544
545
546
547
548
549
550
551
552
553
554
555
556
557
558
559
560
561
562
563
564
565
566
567
568
569
570
571
572
573
574
575
576
577
578
579
580
581
582
583
584
585
586
587
588
589
590
591
592
593
594
595
596
597
598
599
600
601
602
603
604
605
606
607
608
609
610
611
612
613
614
615
616
617
618
619
620
621
622
623
624
625
626
627
628
629
630
631
632
633
634
635
636
637
638
639
640
641
642
643
644
645
646
647
648
649
650
651
652
653
654
655
656
657
658
659
660
661
662
663
664
665
666
667
668
669
670
671
672
673
674
675
676
677
678
679
680
681
682
683
684
685
686
687
688
689
690
691
692
693
694
695
696
697
698
699
700
701
702
703
704
705
706
707
708
709
710
711
712
713
714
715
716
717
519
596
720
595
594
593
520
725
726
727
728
729
730
731
732
733
734
735
736
737
738
739
740
741
742
743
744
745
746
747
748
749
750
751
752
753
754
755
756
757
758
759
760
761
762
763
764
765
766
767
768
769
770
771
772
773
774
775
776
777
778
779
780
781
782
783
784
785
786
787
788
789
790
791
792
793
794
795
796
797
798
799
800
801
802
803
804
805
806
807
808
809
811
812
813
814
815
816
817
818
819
820
821
822
823
824
825
826
827
828
829
830
831
832
833
834
835
836
837
838
839
840
841
842
843
844
845
846
847
848
849
850
851
852
853
854
855
856
857
858
859
860
861
862
863
864
865
866
867
868
869
870
871
872
873
874
875
876
877
878
879
880
881
882
883
884
885
886
887
888
889
890
891
892
894
895
896
897
898
899
900
901
902
903
904
905
906
907
908
909
910
911
912
913
914
915
916
917
918
919
920
921
922
923
924
925
926
927
928
929
930
931
932
933
934
935
936
937
938
939
940
941
942
943
944
945
946
947
948
949
950
951
952
953
954
955
956
957
958
959
960
961
962
963
964
965
966
967
968
969
970
971
972
973
974
975
976
977
978
979
980
981
982
983
984
985
986
987
988
989
990
991
992
993
994
995
996
997
999
1000
1001
1002
1003
2
256
256
516
201
75
256
270
768
734
742
737
748
747
740
225
2
366
543
908
909
598
617
596
689
594
600
651
20
516
516
744
562
984
493
988
987
483
990
985
986
989
968
967
973
974
744
688
858
516
120
395
191
185
190
696
315
316
539
62
61
107
746
230
228
452
203
206
812
814
557
749
987
974
557
369
442
919
913
593
690
915
591
787
696
763
441
760
920
671
903
895
899
900
897
898
732
907
229
538
617
596
688
689
594
672
385
653
655
384
354
354
516
966
475
475
358
452
447
393
166
110
109
153
152
154
104
105
151
534
689
672
385
653
655
617
596
688
394
594
713
715
148
711
717
384
354
354
516
408
429
2
482
360
560
558
79
423
397
593
78
396
394
76
150
441
386
220
148
120
77
354
103
301
302
247
243
357
358
882
11
2
732
378
894
603
634
450
266
441
638
686
267
203
263
264
521
688
507
423
319
218
904
433
359
379
362
357
355
366
367
363
380
375
356
365
369
368
364
376
371
381
535
688
356
450
441
640
636
497
498
885
884
858
857
853
852
537
908
909
907
496
573
879
493
483
361
360
609
356
371
79
423
397
593
78
396
76
441
386
77
405
354
734
104
204
202
112
475
105
131
778
737
733
738
536
527
530
291
289
290
288
565
522
563
563
856
853
854
855
5
566
205
8
428
244
357
2
8
954
9
460
953
449
943
947
944
354
2
383
613
768
790
441
227
788
388
205
203
206
732
299
230
418
291
203
288
289
290
294
204
202
206
292
315
314
788
794
734
733
747
740
558
562
517
596
594
672
653
655
354
354
516
778
785
733
739
908
909
907
19
24
17
18
25
741
389
969
975
970
972
971
966
107
525
107
524
548
372
55
52
51
830
828
829
831
555
877
881
878
428
858
852
753
741
736
746
735
745
744
747
740
128
127
104
111
106
107
2
106
107
688
616
441
406
405
356
366
367
504
778
441
766
239
462
591
447
393
240
305
205
203
214
209
206
210
213
300
732
571
754
734
736
735
744
747
740
518
271
272
569
877
400
880
878
106
107
205
646
441
250
642
479
736
682
441
618
644
105
749
106
570
541
408
429
2
418
110
523
547
445
233
444
226
357
596
594
653
655
857
853
852
354
889
516
211
696
441
207
208
206
189
184
183
190
530
928
927
358
782
788
911
895
897
907
932
926
682
441
223
644
642
487
622
488
480
481
485
486
484
355
756
212
205
778
765
441
239
462
452
591
447
393
240
205
203
214
209
206
213
732
956
572
531
365
107
104
554
358
371
732
278
269
332
331
336
543
785
734
745
747
2
2
219
357
911
732
521
696
441
207
208
206
358
741
737
740
688
386
441
387
966
516
529
576
370
740
567
877
881
878
428
852
370
956
205
220
357
278
279
269
63
64
57
52
51
104
539
205
574
877
2
2
169
446
611
616
441
593
671
704
207
205
208
209
214
206
210
354
262
277
287
258
108
418
206
213
952
385
384
946
948
947
354
354
516
769
205
203
214
732
358
131
315
314
582
747
299
418
291
293
289
203
290
288
294
204
206
292
441
593
568
305
97
96
519
525
441
595
966
107
734
744
747
740
35
395
36
19
26
27
29
28
480
355
476
573
561
579
365
528
545
884
858
495
494
355
780
441
593
205
206
2
2
732
556
795
688
248
388
433
356
357
362
34
26
27
29
28
776
783
734
741
746
744
281
570
544
951
389
354
757
755
823
849
816
817
532
305
97
96
356
516
617
596
689
594
672
606
653
655
354
936
516
552
645
689
672
385
982
606
610
653
655
983
617
596
621
594
619
384
975
968
967
976
966
354
992
516
994
598
617
596
689
594
600
651
945
516
516
526
243
251
357
355
358
262
541
559
322
368
33
460
385
384
23
21
22
354
354
516
617
596
689
594
653
655
96
354
287
516
201
236
357
35
395
36
19
26
27
18
29
28
251
357
355
358
539
879
858
378
178
188
243
716
12
664
426
8
454
245
441
9
585
224
229
509
504
2
910
275
274
450
279
269
580
966
491
491
559
501
441
499
605
355
497
549
8
394
954
224
229
953
449
943
944
354
2
741
742
737
738
688
441
443
595
356
355
575
535
909
441
593
206
565
480
564
344
343
332
325
331
326
330
518
169
79
423
682
397
593
223
78
396
394
76
150
441
386
220
148
406
683
77
405
354
103
441
664
692
909
4
6
5
3
732
554
774
776
785
734
741
742
747
739
327
329
328
326
330
285
282
281
203
757
755
568
527
90
205
203
195
197
389
189
178
185
188
8
429
2
648
356
882
85
688
441
387
726
211
203
512
510
355
321
761
743
742
311
617
689
594
67
64
655
653
60
53
59
52
54
516
908
911
732
624
441
243
492
86
785
745
747
2
2
8
9
431
220
429
357
2
455
526
244
357
2
232
357
984
493
988
987
483
990
985
986
968
967
973
974
572
88
243
357
906
903
895
836
688
386
387
186
185
581
542
566
910
313
315
312
540
203
768
245
205
732
575
366
237
441
583
542
429
355
363
894
877
429
879
858
555
737
740
158
160
157
159
540
270
935
934
929
926
862
858
856
855
879
858
230
167
160
163
159
161
151
151
230
306
203
303
202
301
302
564
688
884
441
862
753
888
858
857
852
130
111
2
394
611
242
406
356
110
441
451
674
664
276
203
206
269
679
598
617
596
689
594
600
651
385
452
384
186
181
185
180
179
177
187
182
188
354
516
198
671
664
576
747
85
556
231
357
579
8
877
429
879
11
858
2
900
354
814
825
571
63
67
1001
664
68
1000
516
577
8
877
429
879
11
858
2
688
712
682
611
441
618
593
644
710
714
104
105
109
106
108
107
354
156
617
689
341
665
342
659
332
329
337
328
334
331
333
516
63
659
56
51
516
551
650
450
790
441
684
203
202
206
732
280
696
441
674
671
276
207
203
208
206
269
277
220
504
969
970
205
154
152
153
523
834
835
827
812
828
831
524
549
574
767
508
364
580
827
828
159
582
258
578
988
483
985
984
493
987
990
986
989
968
967
973
974
231
435
423
506
243
716
457
434
664
217
505
445
220
405
359
375
379
356
365
357
355
364
367
358
380
545
429
534
738
569
367
8
243
244
2
389
32
18
354
544
741
737
740
688
696
716
753
318
359
379
357
362
372
366
360
363
367
358
356
361
365
378
368
364
374
373
516
894
103
471
311
491
496
503
473
475
201
368
311
577
546
552
394
966
201
386
387
26
20
589
648
431
432
429
430
11
8
245
9
220
393
244
357
355
372
367
375
356
369
2
429
252
357
358
739
563
768
790
788
227
426
383
613
454
441
585
234
388
205
203
206
732
238
664
391
393
375
356
377
357
369
355
367
848
11
8
9
847
812
837
844
843
840
841
839
838
842
2
760
311
533
883
857
746
313
315
314
458
253
357
491
581
734
744
747
740
205
837
838
6
538
547
429
630
632
626
628
356
520
220
504
884
858
908
909
984
493
988
987
483
990
985
986
989
414
968
967
973
974
966
4
423
730
385
384
726
748
564
548
596
594
672
606
653
655
516
357
201
688
753
356
355
620
688
616
441
477
481
478
355
290
528
942
943
944
950
949
224
375
357
355
2
688
441
595
356
358
611
441
300
300
8
394
242
2
532
8
877
429
879
11
858
2
926
504
881
883
858
852
354
503
567
737
111
205
782
116
788
115
762
732
611
664
241
391
393
375
356
377
357
369
355
367
8
9
429
375
2
550
553
277
442
919
917
322
913
664
915
702
696
441
903
895
896
899
900
897
898
732
907
773
320
775
734
743
742
737
738
740
536
578
135
529
796
976
732
220
509
504
58
213
533
816
817
88
91
86
429
2
168
449
972
971
966
816
813
817
815
814
836
825
531
560
767
735
127
104
111
107
2
480
220
365
357
520
616
516
441
700
706
260
708
203
259
8
10
400
225
362
357
355
2
441
593
779
205
206
2
732
688
386
441
726
381
4
5
205
882
879
11
858
2
858
354
650
335
516
354
551
688
440
438
216
439
405
904
356
357
362
355
366
363
376
617
63
689
594
713
715
64
711
717
659
516
516
8
244
357
2
2
68
369
394
237
587
356
370
8
244
357
2
742
737
738
546
376
879
858
249
375
357
355
364
522
698
593
313
315
314
316
516
358
503
553
537
561
908
739
519
517
761
8
11
844
838
840
842
212
550
271
272
737
441
618
355
367
777
768
790
116
788
383
786
763
784
771
783
111
105
204
106
107
112
732
3
745
35
395
19
26
18
29
28
596
594
672
606
653
655
354
889
516
962
2
354
907
354
491
156
825
300
300
496
269
354
503
354
354
269
836
475
256
256
354
516
311
516
516
475
732
201
49
300
732
516
491
894
311
516
907
593
314
596
594
596
594
975
520
441
595
966
520
596
594
596
594
596
594
519
441
593
206
519
813
441
593
105
596
594
441
593
405
596
594
596
594
596
594
596
594
441
593
900
594
446
441
593
594
59
441
593
206
441
595
441
593
596
594
186
181
180
441
593
206
596
594
441
595
441
593
441
593
206
734
744
734
744
