1
2
2
2
2
2
2
2
2
2
2
2
2
2
2
2
2
2
2
2
2
2
2
2
2
2
2
2
2
2
2
2
2
2
2
2
2
2
2
2
2
2
2
2
2
2
2
2
2
2
2
2
2
2
2
2
2
2
2
2
2
2
2
2
2
2
2
2
2
2
2
2
2
2
2
2
2
2
2
2
2
2
2
2
2
2
2
2
2
2
2
2
2
2
2
2
2
2
2
2
2
2
2
2
2
2
2
2
2
2
2
2
2
2
2
20
117
30
119
54
121
54
123
96
125
100
127
2
129
129
129
129
129
132
135
137
137
140
2
142
142
142
142
142
142
142
142
142
142
142
142
142
142
142
142
132
124
132
134
163
164
164
164
164
164
164
164
164
164
164
164
164
164
164
164
164
164
164
164
164
164
164
164
164
164
164
164
164
164
164
164
164
164
164
164
164
164
164
164
164
164
164
164
164
164
164
164
164
164
164
164
164
164
164
164
164
164
164
164
223
223
223
223
223
164
229
229
229
229
229
229
229
229
229
229
229
229
164
242
197
244
206
246
213
248
215
250
216
252
164
254
254
254
254
254
254
254
259
262
242
229
258
258
258
158
158
158
260
260
181
71
80
80
131
178
237
52
205
84
84
84
103
103
75
213
213
66
217
217
236
243
116
132
216
216
216
79
79
79
79
215
215
215
126
94
155
253
203
70
249
114
97
97
97
76
93
93
241
241
110
110
110
182
182
68
118
201
67
207
207
69
106
177
185
185
88
88
247
108
108
108
212
232
232
232
60
85
85
85
86
86
87
87
152
190
190
105
105
146
146
146
179
109
109
109
186
186
186
186
89
89
96
96
61
65
64
153
101
101
101
263
54
54
54
54
54
54
54
54
54
54
54
54
54
54
54
54
54
54
54
54
54
54
54
54
54
54
54
54
54
54
54
54
54
54
54
54
54
54
54
54
81
81
81
99
261
261
220
218
218
209
209
209
98
98
98
98
98
98
98
196
196
82
82
77
62
195
195
195
195
233
239
259
259
259
91
95
104
104
74
157
157
157
53
191
191
235
180
222
175
197
197
197
211
211
214
214
214
206
73
92
92
92
92
92
151
234
234
234
234
234
187
187
156
188
188
188
57
100
100
128
227
227
227
251
136
113
83
83
83
72
154
189
189
204
184
184
184
184
150
176
176
176
176
133
63
183
183
183
219
219
107
107
107
210
210
210
210
210
210
148
149
59
138
208
58
58
147
238
165
173
5
159
159
160
161
162
