1
2
2
2
2
2
2
2
2
2
2
2
13
13
13
13
7
18
17
17
22
23
23
23
23
23
23
28
28
32
33
33
33
33
33
33
33
33
33
33
33
33
40
47
48
48
49
51
49
53
50
55
50
57
48
47
60
60
60
60
60
60
60
60
60
60
60
60
60
60
60
60
60
60
60
60
60
60
60
60
60
60
60
60
60
60
60
60
60
60
60
60
60
86
98
89
100
60
102
102
102
102
86
108
109
109
109
109
109
109
109
109
109
109
109
109
109
109
109
109
109
109
109
109
109
109
109
109
109
109
133
136
109
138
138
138
138
138
138
138
138
138
138
138
138
138
142
152
142
154
151
156
151
151
157
40
40
40
90
129
151
151
151
151
151
140
96
132
130
16
50
25
25
133
128
128
128
128
97
97
97
97
97
97
17
17
17
17
49
94
69
91
93
77
122
78
78
150
150
71
105
37
131
92
137
39
104
121
72
123
81
145
145
145
145
146
7
7
5
68
68
68
68
68
6
6
6
6
119
27
142
142
142
141
106
41
41
38
118
118
118
120
26
76
95
