1
2
2
2
2
2
2
2
2
2
2
2
2
2
2
2
2
2
2
2
2
2
2
2
2
2
2
2
2
2
2
2
2
2
2
2
2
2
2
2
2
2
2
2
2
2
2
2
2
2
2
2
2
2
2
2
2
2
2
2
2
2
2
2
2
2
2
2
2
2
2
2
2
2
2
2
2
2
2
2
2
2
2
2
30
86
86
86
86
86
86
44
44
95
50
50
98
99
100
44
48
44
44
105
66
107
108
108
108
108
108
108
108
108
108
108
108
108
108
108
108
108
108
108
108
108
108
108
108
108
108
108
108
108
108
108
108
108
108
108
108
108
108
108
108
108
108
108
108
108
108
108
108
108
108
108
108
108
108
108
108
108
108
108
108
108
108
108
108
108
108
108
108
108
108
108
108
108
108
108
108
108
108
108
108
108
108
108
108
108
108
108
108
108
108
108
108
108
129
201
133
203
126
126
207
208
208
208
208
208
208
208
208
208
208
208
208
208
208
208
208
208
208
208
208
208
208
208
208
208
208
208
208
208
208
208
208
208
208
208
208
208
208
208
227
248
248
227
251
251
229
254
254
229
257
229
259
208
261
261
261
261
261
261
208
268
208
270
270
270
270
270
237
239
235
236
280
281
281
281
281
281
281
281
281
281
281
281
281
281
281
281
281
281
290
299
290
301
293
303
294
305
296
307
309
310
310
310
310
310
310
310
310
310
310
310
319
322
320
324
324
321
327
327
319
317
318
333
334
334
334
334
334
334
334
341
341
341
341
341
341
341
341
341
341
341
334
353
353
353
353
353
353
353
353
353
353
353
353
353
353
353
353
353
353
353
353
353
353
375
375
375
375
375
353
381
381
381
381
381
381
334
388
388
388
388
334
393
393
393
393
393
393
393
393
393
393
393
393
393
393
393
393
393
393
393
393
334
414
414
414
414
414
414
414
414
414
414
414
414
414
414
414
414
414
414
414
334
434
434
434
434
434
434
434
434
434
434
434
434
434
447
447
447
447
447
334
453
453
453
453
453
453
453
453
453
453
453
453
453
453
453
453
453
453
453
453
453
334
475
475
475
475
475
475
475
334
483
483
483
483
483
483
483
334
491
491
491
491
334
496
496
334
499
499
472
503
504
504
504
504
504
504
504
504
504
504
504
504
504
504
504
504
504
504
504
504
504
504
520
527
527
521
530
530
522
533
533
533
537
539
526
541
520
523
521
546
547
547
547
547
547
547
547
547
207
556
556
559
207
560
560
560
560
560
560
560
560
560
560
560
560
560
560
560
560
560
560
560
560
560
560
560
560
574
585
576
587
580
589
581
591
584
593
560
595
595
595
595
595
581
483
453
434
447
414
208
208
428
153
153
153
429
370
147
147
316
50
50
50
50
50
50
50
50
50
50
63
63
63
186
186
186
195
195
195
431
431
431
431
431
431
431
431
431
445
173
173
302
19
19
19
67
67
144
144
144
34
34
69
69
174
536
200
200
200
47
513
513
513
513
513
513
513
513
513
513
513
513
125
125
125
199
199
199
76
374
404
40
40
446
446
446
446
413
468
180
180
240
240
240
240
23
23
23
23
23
23
23
68
30
582
582
405
592
167
167
167
179
179
296
480
155
155
155
234
234
274
274
129
129
129
493
493
493
399
41
41
426
474
474
474
474
474
168
168
407
489
489
489
410
410
267
258
258
258
166
166
156
156
156
196
196
196
260
386
386
386
386
386
386
439
91
91
91
91
162
145
145
145
292
71
71
317
452
46
139
139
139
271
177
177
177
362
198
198
198
73
229
229
229
229
229
229
347
347
347
347
347
482
535
36
36
127
127
127
127
127
127
45
82
265
52
52
558
558
558
558
37
37
245
514
361
361
361
361
361
190
190
126
126
237
237
237
237
237
237
237
237
237
237
237
586
403
403
451
583
583
246
246
56
295
17
17
165
165
321
321
443
77
191
191
191
346
346
142
142
142
143
143
143
189
189
440
402
171
171
171
184
184
184
74
575
575
575
473
473
473
473
473
473
473
202
202
202
194
194
194
18
18
84
48
48
48
48
48
48
48
48
427
470
470
470
470
470
470
470
470
470
472
472
472
472
472
472
472
75
401
401
318
119
119
231
231
231
231
231
231
372
35
61
61
178
178
178
235
235
235
235
43
43
495
495
369
348
348
348
348
348
348
348
348
348
163
175
175
175
272
272
238
238
238
238
238
238
238
238
238
238
21
21
518
518
518
518
518
22
294
294
294
294
16
350
350
350
350
350
350
350
350
350
350
387
387
387
387
78
345
345
486
486
49
49
49
314
314
366
65
230
230
230
230
230
230
230
230
62
62
62
122
59
59
444
150
150
150
38
38
25
80
409
409
409
409
57
181
181
181
422
31
31
367
411
411
411
24
141
141
141
469
72
72
365
192
192
192
442
58
58
42
42
517
517
517
517
120
120
120
120
128
128
128
263
364
364
364
39
39
379
379
420
420
188
188
433
433
130
130
130
130
130
130
140
140
140
373
123
54
54
423
522
522
522
522
522
236
236
236
236
236
236
523
523
523
523
157
157
157
319
576
53
92
92
92
66
66
66
66
26
26
26
26
118
118
117
117
117
117
117
117
233
233
233
233
233
233
598
598
81
51
570
570
148
148
148
441
441
441
441
441
441
441
138
138
138
64
64
161
161
154
430
28
137
137
137
204
241
481
244
581
581
581
27
146
146
520
520
520
520
520
172
172
172
29
247
293
293
293
293
273
273
273
275
275
291
487
412
412
79
398
339
339
226
450
368
242
242
242
242
227
227
227
227
227
580
264
380
380
85
183
183
183
600
297
297
297
44
44
159
159
159
149
149
408
408
408
408
170
170
70
70
70
70
432
579
579
579
378
378
160
160
371
352
352
352
519
519
519
519
519
421
176
176
176
599
599
599
340
340
169
169
169
515
515
269
124
124
124
351
351
351
351
351
60
60
60
390
363
363
363
363
363
363
572
572
151
151
151
320
320
584
584
349
349
349
349
349
349
349
349
349
349
349
20
20
32
516
516
516
516
134
134
134
33
521
521
521
521
521
424
424
424
424
424
574
574
574
133
133
573
573
136
136
136
232
406
132
132
239
239
239
239
83
290
290
290
290
290
290
290
290
158
158
158
164
164
164
185
185
185
243
187
187
187
152
152
152
152
197
197
197
121
121
266
182
182
182
494
494
494
55
215
342
506
557
557
384
356
382
396
477
219
466
466
567
567
286
112
94
94
544
96
97
97
205
206
101
543
543
543
278
559
559
559
102
103
545
545
545
277
104
106
